Derivatives of the galaxy P(k) at mu=0.0,0.5,1.0 and at z=0.75, with bias b=1.0 
omega_c = 0.11923, omega_b =  0.02247, h = 0.677, m_nu = 0.06 eV. Other parameters: A_s = 2.10732*10^-9, n_s = 0.96824,
k | dP_gg / d theta, mu=0 |  dP_gg / d theta, mu = 0.5 | dP_gg / d theta, mu = 1.0 | x4 
0.001     	-22645.5	-31489. 	-66575.8	-22684.6	-31539. 	-66664.2	9515.  	13241.1	28035.5   	-1.92517e6	-2.5932e6 	-5.15242e6
0.00111338	-24948.2	-34688. 	-73327.7	-24998.7	-34773.7	-73569.9	10501.7	14611.7	30928.    	-2.10364e6	-2.8394e6 	-5.66522e6
0.00137034	-29969.6	-41658.9	-88021.8	-30004.5	-41756.3	-88420.1	12668.8	17620.3	37270.2   	-2.45199e6	-3.32232e6	-6.68052e6
0.00174995	-36913.5	-51279.1	-108222.	-36989.6	-51438. 	-108767.	15703.6	21831.2	46137.8   	-2.96313e6	-3.99776e6	-7.96951e6
0.00224113	-45059.1	-62532.2	-131726.	-45115.4	-62662.7	-132207.	19346.3	26881.5	56757.    	-3.62172e6	-4.90366e6	-9.84607e6
0.00285758	-54045.4	-74910. 	-157433.	-54111.5	-75096.3	-158199.	23491.5	32621.4	68798.3   	-4.60872e6	-6.32262e6	-1.30296e7
0.00360874	-63276.9	-87573. 	-183525.	-63409.6	-87892.1	-184730.	27944.2	38777.9	81677.4   	-6.22554e6	-8.67076e6	-1.83881e7
0.00448302	-71943.8	-99373.5	-207487.	-72172.7	-99826.4	-208975.	32379.4	44896.3	94422.5   	-8.25146e6	-1.16521e7	-2.53387e7
0.00547168	-79400. 	-109414.	-227430.	-79820.6	-110146.	-229555.	36534.5	50606.8	106232.   	-1.06012e7	-1.51984e7	-3.3936e7 
0.0065842 	-85284.4	-117185.	-242243.	-86041.6	-118289.	-244777.	40254.1	55695.3	116662.   	-1.32863e7	-1.90969e7	-4.28282e7
0.00782808	-89248.4	-122228.	-251059.	-90664.7	-124149.	-254927.	43372.9	59932.1	125228.   	-1.61329e7	-2.32762e7	-5.25354e7
0.00919437	-90999.7	-124158.	-253147.	-93605. 	-127628.	-259888.	45722.3	63088.7	131468.   	-1.89883e7	-2.72903e7	-6.11948e7
0.0106756 	-90387.2	-122776.	-248142.	-94689.2	-128473.	-259063.	47183.5	64998.1	135024.   	-2.1584e7 	-3.09526e7	-6.91467e7
0.0122792 	-87507.9	-118231.	-236403.	-94728.3	-127969.	-255800.	47712.7	65605.3	135802.   	-2.41812e7	-3.46299e7	-7.71811e7
0.0140114 	-82301.3	-110436.	-217735.	-93202.4	-125369.	-248421.	47283.2	64874.3	133730.   	-2.58868e7	-3.71058e7	-8.28271e7
0.0158646 	-74971.5	-99681.7	-192783.	-91184.1	-122273.	-240739.	45904.8	62820.4	128847.   	-2.71566e7	-3.91079e7	-8.79913e7
0.0178321 	-65925. 	-86552.5	-162858.	-88695.6	-118702.	-232749.	43696.4	59616.8	121552.   	-2.83785e7	-4.11533e7	-9.36798e7
0.0199202 	-55569.2	-71638.1	-129298.	-86401.8	-115599.	-226535.	40785.7	55446.2	112248.   	-2.84281e7	-4.15394e7	-9.57444e7
0.022134  	-44283.5	-55483.2	-93321.9	-84572.6	-113361.	-223004.	37331.8	50535.6	101441.   	-2.86652e7	-4.2145e7 	-9.81118e7
0.0244668 	-32725.4	-39025.1	-57001.7	-84055.6	-113088.	-224186.	33585.8	45244.4	89928.5   	-2.7577e7 	-4.07008e7	-9.53296e7
0.0269127 	-21525.4	-23157.7	-22296.1	-84306.1	-114032.	-228527.	29809.3	39939.1	78498.6   	-2.70173e7	-4.00856e7	-9.46711e7
0.0294767 	-11206.4	-8629.3 	9130.03 	-86081.1	-117228.	-238151.	26238.4	34955.4	67889.    	-2.56335e7	-3.81958e7	-9.08103e7
0.0321635 	-2224.06	3924.54 	35925.2 	-88974.3	-122071.	-251616.	23062.6	30555.8	58651.4   	-2.42079e7	-3.61678e7	-8.63421e7
0.0349668 	5056.72 	14007.2 	57081.2 	-92736.1	-128131.	-267695.	20450.8	26975.7	51284.6   	-2.27638e7	-3.40479e7	-8.14192e7
0.0378811 	10490.3 	21422.9 	72210.7 	-96964. 	-134813.	-284988.	18480.1	24316.7	45982.2   	-2.12198e7	-3.17105e7	-7.57273e7
0.0409108 	14089.2 	26216.  	81513.5 	-101202.	-141466.	-302046.	17141.8	22559.4	42674.7   	-1.98614e7	-2.96812e7	-7.08839e7
0.0440599 	16074.9 	28713.9 	85758.3 	-104766.	-147059.	-316379.	16357.3	21583.1	41061.7   	-1.8598e7 	-2.77993e7	-6.64115e7
0.0473226 	16734.2 	29338.9 	85930.9 	-107126.	-150833.	-326303.	15988.4	21185.9	40677.9   	-1.75439e7	-2.62183e7	-6.26153e7
0.0506937 	16473.3 	28685.9 	83408.2 	-107587.	-151789.	-329563.	15841.9	21088.5	40890.3   	-1.66915e7	-2.49159e7	-5.94003e7
0.054177  	15716.7 	27359.  	79520.4 	-105712.	-149288.	-324691.	15705.9	20985.6	41011.7   	-1.59727e7	-2.38305e7	-5.67665e7
0.0577758 	14925.  	26016.3 	75728.6 	-101160.	-142845.	-310623.	15361. 	20563.8	40347.5   	-1.53487e7	-2.28994e7	-5.45484e7
0.061485  	14467.6 	25176.6 	73151.5 	-93838. 	-132360.	-287255.	14632. 	19575.3	38356.7   	-1.47577e7	-2.2009e7 	-5.23959e7
0.0652993 	14618.7 	25224.3 	72613.  	-84180.5	-118472.	-256083.	13416.8	17879.4	34746.7   	-1.41758e7	-2.11469e7	-5.03638e7
0.0692222 	15488.4 	26302.7 	74377.9 	-73098.2	-102538.	-220331.	11726. 	15497.6	29589.5   	-1.35604e7	-2.02364e7	-4.82233e7
0.0732566 	16964.6 	28239.6 	78017.2 	-61839. 	-86368.6	-184121.	9698.97	12636.4	23372.2   	-1.28177e7	-1.91341e7	-4.56189e7
0.0773974 	18762.2 	30617.7 	82567.3 	-51931.5	-72183.9	-152520.	7582.97	9656.67	16924.4   	-1.19913e7	-1.79135e7	-4.27569e7
0.0816398 	20450.7 	32818.8 	86643.9 	-44614.5	-61786. 	-129655.	5673.69	6985.45	11212.    	-1.10935e7	-1.65839e7	-3.96257e7
0.0859867 	21625.9 	34266.  	88968.  	-40621. 	-56237.1	-117938.	4235.47	5001.83	7081.67   	-1.01691e7	-1.52033e7	-3.63314e7
0.0904405 	21986.9 	34538.5 	88640.7 	-39972. 	-55543.3	-117293.	3423.77	3925.81	5013.78   	-9.25849e6	-1.38484e7	-3.31173e7
0.0949964 	21462.  	33547.2 	85515.4 	-41991. 	-58708.7	-125395.	3252.75	3771.46	5015.98   	-8.45115e6	-1.26469e7	-3.02666e7
0.0996499 	20169.2 	31474.1 	80047.6 	-45491.8	-63993.5	-138211.	3604.44	4362.7 	6668.56   	-7.7772e6 	-1.16438e7	-2.78859e7
0.104403  	18355.3 	28683.1 	73088.2 	-49186.6	-69521.1	-151433.	4264.99	5386.69	9248.96   	-7.20809e6	-1.07994e7	-2.58917e7
0.109259  	16412.1 	25741.8 	65927.  	-51471.7	-72958.8	-159727.	4966.75	6454.95	11871.8   	-6.78275e6	-1.01695e7	-2.4408e7 
0.114212  	14693.1 	23156.6 	59693.7 	-51660.9	-73317.1	-160859.	5452.  	7195.92	13699.2   	-6.52946e6	-9.79395e6	-2.35221e7
0.119258  	13468.7 	21308.7 	55214.  	-48995.6	-69506. 	-152388.	5514.35	7314.3 	14074.2   	-6.27236e6	-9.41572e6	-2.26408e7
0.124399  	12928.3 	20459.9 	53035.9 	-43663.1	-61811.4	-135017.	5059.06	6677.85	12715.2   	-6.07163e6	-9.11897e6	-2.19439e7
0.129637  	13022.1 	20526.2 	52923.7 	-36480.3	-51433.1	-111536.	4148.5 	5382.16	9859.22   	-5.8015e6 	-8.71854e6	-2.09996e7
0.134967  	13563.2 	21229.  	54214.6 	-29102.2	-40786.6	-87499.6	2984.11	3723.  	6193.31   	-5.5545e6 	-8.34834e6	-2.01115e7
0.140386  	14161.1 	22000.  	55607.1 	-23064.8	-32104.7	-68012.7	1858.04	2125.5 	2690.8    	-5.14625e6	-7.73909e6	-1.86596e7
0.145894  	14457.6 	22324.3 	55946.2 	-19569.7	-27131. 	-57048.2	1051.4 	996.302	273.399   	-4.70961e6	-7.08762e6	-1.71077e7
0.151494  	14223.4 	21877.  	54521.5 	-18768.7	-26076.6	-55052.7	715.121	551.02 	-580.261  	-4.37018e6	-6.57607e6	-1.58703e7
0.15718   	13423.2 	20616.6 	51274.9 	-20290. 	-28390.2	-60725.5	847.21 	782.859	99.5641   	-3.97775e6	-5.98856e6	-1.44633e7
0.162949  	12239.3 	18814.8 	46852.8 	-22963.3	-32362.5	-70128.5	1304.32	1480.61	1819.52   	-3.66918e6	-5.52623e6	-1.33548e7
0.168803  	10935.8 	16857.8 	42146.1 	-25381.4	-35944. 	-78564.2	1861.32	2315.96	3825.28   	-3.50782e6	-5.28028e6	-1.27498e7
0.174741  	9767.16 	15113.  	37985.5 	-26538.7	-37674.3	-82698.9	2304.61	2979.21	5412.13   	-3.31375e6	-4.9895e6 	-1.20526e7
0.180761  	8953.   	13894.6 	35069.  	-25813. 	-36654.8	-80502.4	2460.83	3220.58	6017.55   	-3.19274e6	-4.80813e6	-1.16175e7
0.186858  	8597.58 	13346.5 	33698.4 	-23148.2	-32810.7	-71828.6	2263.35	2946.07	5437.45   	-3.10905e6	-4.67984e6	-1.12993e7
0.193033  	8628.98 	13358.2 	33596.8 	-19349.7	-27320.7	-59400.6	1775.8 	2250.78	3899.05   	-2.95255e6	-4.44447e6	-1.07318e7
0.199288  	8857.3  	13649.9 	34112.3 	-15483.5	-21738.8	-46787.3	1164.6 	1378.24	1964.9    	-2.81076e6	-4.23078e6	-1.02149e7
0.205617  	9028.53 	13852.6 	34401.6 	-12606.8	-17602.1	-37502.7	638.296	631.678	328.348   	-2.64962e6	-3.98681e6	-9.6207e6 
0.212017  	8946.25 	13684.3 	33833.6 	-11344.4	-15817.1	-33612.6	349.813	232.062	-510.625  	-2.46348e6	-3.70527e6	-8.93596e6
0.21849   	8548.88 	13059.7 	32229.3 	-11636.1	-16290.5	-34880. 	341.656	239.39 	-421.629  	-2.29456e6	-3.44956e6	-8.31328e6
0.225035  	7906.49 	12084.7 	29845.7 	-12830.5	-18069.6	-39107.3	553.027	563.489	382.489   	-2.16697e6	-3.25545e6	-7.83711e6
0.231648  	7177.32 	10991.6 	27222.6 	-14109. 	-19964. 	-43572.1	847.443	1005.2 	1443.72   	-2.03147e6	-3.0517e6 	-7.34595e6
0.238326  	6528.35 	10022.5 	24911.  	-14748. 	-20920.4	-45861.5	1084.34	1360.21	2295.18   	-1.95045e6	-2.92855e6	-7.04422e6
0.24507   	6083.09 	9354.14 	23304.2 	-14339.6	-20348.2	-44634.5	1161.49	1480.92	2603.22   	-1.86018e6	-2.79244e6	-6.71474e6
0.25188   	5880.68 	9040.63 	22515.1 	-12942. 	-18335.7	-40107.5	1052.14	1329.64	2286.4    	-1.78976e6	-2.68633e6	-6.4582e6 
0.258751  	5860.51 	8991.15 	22326.1 	-11043.4	-15593.4	-33906.1	806.459	980.483	1518.49   	-1.72206e6	-2.58404e6	-6.20978e6
0.265681  	5899.12 	9025.14 	22320.5 	-9267.66	-13033.4	-28135.7	527.616	583.998	645.687   	-1.64219e6	-2.46279e6	-5.91328e6
0.272669  	5865.98 	8953.08 	22065.8 	-8099.53	-11358.2	-24393.3	321.559	294.085	19.3432   	-1.56082e6	-2.33992e6	-5.61525e6
0.279716  	5696.3  	8682.33 	21356.3 	-7768.33	-10901.2	-23441. 	246.289	194.446	-171.556  	-1.46324e6	-2.1931e6 	-5.26095e6
0.286817  	5388.28 	8212.23 	20197.8 	-8060.26	-11348.9	-24551.8	297.26 	277.704	53.2345   	-1.37807e6	-2.06508e6	-4.95251e6
0.293971  	5009.68 	7642.45 	18822.4 	-8562.4 	-12099.1	-26342.4	416.964	459.724	499.395   	-1.31169e6	-1.96511e6	-4.71097e6
0.301176  	4645.82 	7097.25 	17515.1 	-8874.5 	-12569.8	-27482.3	532.064	633.764	922.477   	-1.25754e6	-1.88355e6	-4.51382e6
0.308432  	4371.38 	6684.43 	16519.4 	-8731.76	-12375.6	-27088.7	582.347	712.523	1123.81   	-1.20511e6	-1.80496e6	-4.32525e6
0.315736  	4207.93 	6434.28 	15900.4 	-8124.79	-11504.8	-25141.8	547.458	666.901	1038.72   	-1.1614e6 	-1.73863e6	-4.16319e6
0.323085  	4134.03 	6314.33 	15579.1 	-7253.22	-10249.1	-22314.6	446.421	525.02 	733.263   	-1.11349e6	-1.66655e6	-3.98926e6
0.330478  	4090.66 	6238.4  	15357.  	-6400.64	-9022.14	-19557. 	327.217	356.923	368.609   	-1.06343e6	-1.59126e6	-3.8077e6 
0.337914  	4023.15 	6126.98 	15052.4 	-5829.69	-8205.06	-17738.2	237.174	231.391	101.892   	-1.02081e6	-1.52709e6	-3.65266e6
0.345391  	3897.09 	5930.61 	14554.2 	-5612.6 	-7902.05	-17092.9	203.612	187.951	22.7496   	-970625.  	-1.45152e6	-3.47012e6
0.352905  	3716.78 	5656.15 	13880.4 	-5652.16	-7971.65	-17297.6	222.189	219.997	114.97    	-922568.  	-1.37961e6	-3.29804e6
0.360457  	3511.1  	5345.99 	13129.5 	-5771.63	-8156.38	-17761.4	267.238	290.039	292.205   	-883481.  	-1.32094e6	-3.157e6  
0.368044  	3322.14 	5061.49 	12442.4 	-5793.47	-8197.8 	-17892.5	306.112	350.58 	445.756   	-846342.  	-1.26532e6	-3.02376e6
0.375664  	3174.47 	4838.05 	11898.6 	-5616.93	-7949.59	-17356.9	315.534	367.875	498.834   	-816984.  	-1.22123e6	-2.91766e6
0.383315  	3073.53 	4683.07 	11513.4 	-5269.82	-7452.74	-16250.5	291.078	335.671	437.837   	-786292.  	-1.1751e6 	-2.80653e6
0.390994  	3004.26 	4574.31 	11234.4 	-4848.73	-6848.35	-14898.3	245.011	271.971	304.548   	-755581.  	-1.12903e6	-2.69587e6
0.398702  	2942.05 	4475.83 	10979.  	-4478.92	-6318.58	-13716.9	197.771	206.556	167.301   	-726479.  	-1.08561e6	-2.59242e6
0.406435  	2866.24 	4357.65 	10678.9 	-4231.1 	-5965.87	-12939.2	166.84 	164.823	84.0927   	-696967.  	-1.04152e6	-2.48716e6
0.414191  	2767.39 	4206.26 	10303.9 	-4121.03	-5813.51	-12619.8	158.4  	155.683	74.9845   	-669939.  	-1.00087e6	-2.38912e6
0.421968  	2654.5  	4034.94 	9885.2  	-4093.78	-5781.16	-12573.2	167.331	171.616	122.506   	-646331.  	-965415.  	-2.30383e6
0.429766  	2540.6  	3862.76 	9466.77 	-4064.47	-5744.96	-12514.6	181.249	194.568	185.208   	-618990.  	-924831.  	-2.20792e6
0.437581  	2439.23 	3709.31 	9093.18 	-3984.43	-5634.32	-12283.3	188.398	207.456	224.056   	-595291.  	-889600.  	-2.12446e6
0.445411  	2355.89 	3582.48 	8781.88 	-3828.39	-5412.9 	-11797.6	183.373	202.472	221.407   	-576640.  	-861630.  	-2.0573e6 
0.453255  	2289.88 	3481.09 	8529.69 	-3622.05	-5118.05	-11142.8	167.499	181.61 	182.059   	-559275.  	-835539.  	-1.99448e6
0.461112  	2232.53 	3392.45 	8307.23 	-3420.92	-4830.58	-10504.4	147.179	154.218	127.541   	-535751.  	-800491.  	-1.91117e6
0.468978  	2174.72 	3303.26 	8084.   	-3252.99	-4591.31	-9975.72	130.14 	131.545	83.6143   	-519388.  	-775874.  	-1.85178e6
0.476851  	2111.36 	3206.17 	7843.31 	-3140.97	-4433.18	-9632.08	120.708	119.866	64.5706   	-498499.  	-744720.  	-1.77761e6
0.484731  	2042.18 	3100.83 	7584.65 	-3069.89	-4334.39	-9423.37	118.826	119.071	70.0643   	-480393.  	-717616.  	-1.71272e6
0.492614  	1972.03 	2994.37 	7324.44 	-3012.74	-4255.62	-9259.52	120.986	124.042	88.3227   	-465756.  	-695603.  	-1.65963e6
0.5005    	1904.46 	2891.95 	7074.51 	-2948.27	-4165.93	-9069.74	122.799	128.397	104.748   	-452681.  	-675929.  	-1.61216e6
0.508386  	1844.52 	2800.85 	6851.37 	-2860.69	-4042.38	-8801.55	120.884	127.231	108.178   	-435396.  	-650145.  	-1.55075e6
0.516269  	1791.4  	2719.86 	6652.09 	-2754.91	-3892.2 	-8471.79	115.005	120.223	97.9528   	-421081.  	-628697.  	-1.49933e6
0.524149  	1744.62 	2648.24 	6474.81 	-2643.89	-3734.26	-8123.84	106.573	109.441	78.8654   	-406387.  	-606725.  	-1.4468e6 
0.532022  	1699.75 	2579.53 	6304.64 	-2538.65	-3584.61	-7794.37	98.2156	98.7147	59.7067   	-394996.  	-589586.  	-1.40545e6
0.539888  	1654.82 	2510.86 	6135.01 	-2450.5 	-3459.71	-7521.09	91.9988	91.0505	47.3603   	-381650.  	-569635.  	-1.35778e6
0.547745  	1608.31 	2440.01 	5960.94 	-2382.14	-3363.46	-7312.93	88.4957	87.2777	43.706    	-371011.  	-553662.  	-1.31936e6
0.555589  	1561.98 	2369.58 	5788.37 	-2326.27	-3285.26	-7145.54	87.0536	86.4412	46.5381   	-360973.  	-538608.  	-1.28321e6
0.563419  	1516.63 	2300.73 	5619.95 	-2274.22	-3212.46	-6989.95	86.1791	86.3675	50.8796   	-351595.  	-524541.  	-1.24943e6
0.571234  	1473.69 	2235.51 	5460.39 	-2214.63	-3128.55	-6808.39	84.774 	85.4626	53.0951   	-340309.  	-507707.  	-1.20934e6
0.579032  	1433.99 	2175.14 	5312.38 	-2148.38	-3034.86	-6604.06	82.0759	82.6243	50.6892   	-327032.  	-487988.  	-1.1627e6 
0.586809  	1397.5  	2119.54 	5175.68 	-2081.29	-2939.84	-6396.36	78.4448	78.3835	44.9045   	-320456.  	-478022.  	-1.13839e6
0.594565  	1363.21 	2067.24 	5046.92 	-2012.79	-2842.67	-6183.35	74.2489	73.2798	36.9893   	-312495.  	-466029.  	-1.1094e6 
0.602298  	1329.92 	2016.49 	4922.02 	-1953.79	-2759.24	-6001.44	70.5136	68.8088	30.3823   	-302840.  	-451556.  	-1.07467e6
0.610006  	1296.97 	1966.32 	4798.81 	-1899.8 	-2683.02	-5835.75	67.6039	65.502 	26.2996   	-294584.  	-439111.  	-1.04456e6
0.617685  	1264.6  	1917.09 	4678.08 	-1852.61	-2616.6 	-5692.2 	65.5436	63.3931	24.8162   	-286662.  	-427162.  	-1.01563e6
0.625336  	1232.83 	1868.81 	4559.89 	-1808.4 	-2554.45	-5558.09	64.0766	62.1092	25.0776   	-279190.  	-415894.  	-988341.  
0.632956  	1202.13 	1822.19 	4445.81 	-1765.51	-2494.11	-5427.78	62.7074	60.9313	25.4451   	-271823.  	-404803.  	-961555.  
0.640543  	1173.19 	1778.2  	4338.1  	-1721.82	-2432.52	-5294.26	61.0686	59.3273	24.7095   	-264908.  	-394394.  	-936422.  
0.648095  	1145.62 	1736.3  	4235.43 	-1677.71	-2370.25	-5158.86	59.2416	57.4175	23.1543   	-257831.  	-383775.  	-910904.  
0.655609  	1119.01 	1695.86 	4136.4  	-1629.52	-2301.95	-5009.4 	57.2911	55.2983	21.0079   	-250672.  	-373058.  	-885239.  
0.663086  	1093.54 	1657.14 	4041.54 	-1581.22	-2233.42	-4859.13	55.1795	52.9169	18.1559   	-243849.  	-362836.  	-860732.  
0.670522  	1069.26 	1620.24 	3951.09 	-1539.88	-2174.93	-4731.51	53.079 	50.525 	15.1807   	-237698.  	-353591.  	-838467.  
0.677915  	1045.91 	1584.72 	3864.06 	-1505.64	-2126.7 	-4627.11	51.1966	48.4258	12.7821   	-232175.  	-345274.  	-818367.  
0.685264  	1023.37 	1550.46 	3780.1  	-1476.34	-2085.6 	-4538.76	49.536 	46.6255	10.9784   	-227123.  	-337655.  	-799924.  
0.692568  	1001.58 	1517.35 	3698.99 	-1449.79	-2048.44	-4459.21	48.0755	45.0931	9.70055   	-222388.  	-330502.  	-782555.  
0.699824  	980.486 	1485.29 	3620.49 	-1423.89	-2012.16	-4381.47	46.7979	43.8038	8.89234   	-217823.  	-323592.  	-765731.  
0.707029  	960.024 	1454.21 	3544.45 	-1396.74	-1974.02	-4299.25	45.65  	42.681 	8.38191   	-213301.  	-316750.  	-749082.  
0.714183  	940.219 	1424.14 	3470.9  	-1367.7 	-1933.05	-4210.33	44.5687	41.6341	7.96611   	-208798.  	-309950.  	-732585.  
0.721284  	921.073 	1395.08 	3399.83 	-1337.12	-1889.79	-4115.97	43.526 	40.6233	7.557     	-204339.  	-303225.  	-716302.  
0.728331  	902.589 	1367.02 	3331.24 	-1305.82	-1845.43	-4018.9 	42.5062	39.6262	7.10588   	-199950.  	-296607.  	-700279.  
0.735319  	884.769 	1339.97 	3265.12 	-1274.61	-1801.17	-3921.87	41.493 	38.6199	6.56305   	-195657.  	-290134.  	-684610.  
0.742249  	867.604 	1313.92 	3201.43 	-1244.25	-1758.1 	-3827.45	40.4703	37.5822	5.88175   	-191481.  	-283846.  	-669421.  
0.74912   	851.087 	1288.85 	3140.13 	-1215.45	-1717.27	-3738.06	39.4193	36.4865	5.00496   	-187444.  	-277780.  	-654810.  
0.75593   	835.222 	1264.76 	3081.23 	-1188.91	-1679.69	-3655.97	38.3444	35.3403	3.95235   	-183567.  	-271963.  	-640836.  
0.762674  	819.981 	1241.62 	3024.64 	-1164.92	-1645.8 	-3582.15	37.2973	34.2188	2.89826   	-179864.  	-266414.  	-627527.  
0.769352  	805.252 	1219.26 	2969.97 	-1142.47	-1614.09	-3513.19	36.3215	33.1864	1.99276   	-176329.  	-261117.  	-614827.  
0.775965  	791.013 	1197.65 	2917.12 	-1120.92	-1583.66	-3447.03	35.4142	32.2397	1.23055   	-172949.  	-256048.  	-602657.  
0.78251   	777.254 	1176.76 	2866.05 	-1100.25	-1554.48	-3383.62	34.5637	31.3621	0.575598  	-169714.  	-251189.  	-590962.  
0.788983  	763.968 	1156.6  	2816.74 	-1080.45	-1526.54	-3322.93	33.7612	30.5412	0.00112367	-166613.  	-246531.  	-579749.  
0.795383  	751.136 	1137.12 	2769.14 	-1061.51	-1499.82	-3264.91	32.9978	29.7648	-0.518503 	-163638.  	-242068.  	-569029.  
0.801712  	738.742 	1118.31 	2723.17 	-1043.41	-1474.28	-3209.48	32.2649	29.0209	-1.00825  	-160776.  	-237785.  	-558782.  
0.807967  	726.778 	1100.16 	2678.8  	-1026.13	-1449.92	-3156.65	31.554 	28.2973	-1.49477  	-158019.  	-233664.  	-548930.  
0.814142  	715.237 	1082.64 	2636.01 	-1009.66	-1426.72	-3106.39	30.8662	27.5962	-1.97252  	-155361.  	-229682.  	-539393.  
0.820239  	704.1   	1065.74 	2594.71 	-993.942	-1404.58	-3058.44	30.2098	26.93  	-2.41094  	-152791.  	-225825.  	-530115.  
0.826259  	693.324 	1049.39 	2554.76 	-978.605	-1382.96	-3011.62	29.592 	26.3096	-2.78291  	-150306.  	-222089.  	-521111.  
0.832197  	682.902 	1033.58 	2516.13 	-963.402	-1361.52	-2965.06	29.0115	25.7335	-3.09101  	-147905.  	-218479.  	-512408.  
0.838051  	672.832 	1018.31 	2478.81 	-948.397	-1340.33	-2918.98	28.4619	25.1928	-3.35456  	-145587.  	-214996.  	-504025.  
0.84382   	663.101 	1003.54 	2442.76 	-933.671	-1319.52	-2873.67	27.9377	24.6799	-3.58892  	-143348.  	-211637.  	-495956.  
0.849506  	653.698 	989.282 	2407.92 	-919.294	-1299.2 	-2829.4 	27.4341	24.1881	-3.80798  	-141185.  	-208397.  	-488189.  
0.855106  	644.619 	975.513 	2374.3  	-905.347	-1279.49	-2786.47	26.9469	23.7116	-4.02432  	-139097.  	-205274.  	-480722.  
0.860614  	635.862 	962.232 	2341.87 	-891.901	-1260.49	-2745.11	26.4722	23.2449	-4.24973  	-137083.  	-202266.  	-473540.  
0.866033  	627.415 	949.421 	2310.6  	-879.007	-1242.28	-2705.49	26.0053	22.7816	-4.4978   	-135141.  	-199364.  	-466616.  
0.871363  	619.266 	937.063 	2280.42 	-866.711	-1224.91	-2667.74	25.5431	22.3174	-4.77652  	-133267.  	-196564.  	-459926.  
0.876601  	611.413 	925.154 	2251.35 	-855.063	-1208.47	-2632.02	25.0912	21.8606	-5.06714  	-131460.  	-193860.  	-453459.  
0.881742  	603.858 	913.696 	2223.37 	-844.089	-1192.99	-2598.42	24.6561	21.4208	-5.34652  	-129720.  	-191255.  	-447217.  
0.886788  	596.568 	902.639 	2196.37 	-833.636	-1178.25	-2566.45	24.2434	21.0066	-5.5942   	-128044.  	-188743.  	-441198.  
0.891741  	589.525 	891.958 	2170.29 	-823.496	-1163.95	-2535.4 	23.8558	20.6221	-5.79901  	-126428.  	-186323.  	-435396.  
0.896597  	582.729 	881.652 	2145.13 	-813.603	-1149.99	-2505.07	23.4906	20.2637	-5.96891  	-124872.  	-183992.  	-429813.  
0.90135   	576.178 	871.718 	2120.87 	-803.982	-1136.41	-2475.55	23.1451	19.9273	-6.11281  	-123375.  	-181751.  	-424444.  
0.906004  	569.862 	862.139 	2097.49 	-794.643	-1123.22	-2446.87	22.8167	19.6097	-6.23733  	-121935.  	-179594.  	-419276.  
0.91056   	563.77  	852.902 	2074.94 	-785.592	-1110.44	-2419.07	22.503 	19.3075	-6.34832  	-120549.  	-177517.  	-414296.  
0.915013  	557.901 	844.003 	2053.22 	-776.849	-1098.09	-2392.22	22.2024	19.0186	-6.45083  	-119216.  	-175519.  	-409501.  
0.91936   	552.254 	835.442 	2032.32 	-768.431	-1086.2 	-2366.37	21.9134	18.7409	-6.54939  	-117936.  	-173600.  	-404893.  
0.923603  	546.821 	827.204 	2012.22 	-760.338	-1074.78	-2341.52	21.6343	18.4721	-6.64817  	-116706.  	-171756.  	-400469.  
0.927743  	541.59  	819.274 	1992.87 	-752.57 	-1063.81	-2317.67	21.3635	18.2101	-6.75098  	-115524.  	-169986.  	-396226.  
0.931778  	536.562 	811.652 	1974.26 	-745.136	-1053.31	-2294.86	21.0997	17.9532	-6.8618   	-114389.  	-168288.  	-392167.  
0.935701  	531.737 	804.337 	1956.41 	-738.048	-1043.3 	-2273.1 	20.8422	17.7002	-6.98307  	-113302.  	-166665.  	-388294.  
0.939515  	527.105 	797.315 	1939.28 	-731.297	-1033.77	-2252.38	20.5917	17.4525	-7.11068  	-112260.  	-165111.  	-384598.  
0.943224  	522.658 	790.574 	1922.83 	-724.877	-1024.71	-2232.68	20.3495	17.2123	-7.23887  	-111261.  	-163624.  	-381067.  
0.946823  	518.398 	784.116 	1907.07 	-718.79 	-1016.12	-2214.03	20.1171	16.9816	-7.36248  	-110304.  	-162201.  	-377698.  
0.950306  	514.324 	777.94  	1892.   	-713.026	-1007.99	-2196.38	19.8959	16.7625	-7.47717  	-109389.  	-160843.  	-374488.  
0.953677  	510.421 	772.023 	1877.56 	-707.53 	-1000.24	-2179.55	19.6864	16.556 	-7.57972  	-108515.  	-159547.  	-371426.  
0.95694   	506.679 	766.352 	1863.73 	-702.249	-992.789	-2163.38	19.4887	16.3627	-7.66783  	-107679.  	-158307.  	-368503.  
0.960089  	503.102 	760.929 	1850.5  	-697.159	-985.606	-2147.78	19.3028	16.1822	-7.74228  	-106881.  	-157125.  	-365716.  
0.963119  	499.691 	755.759 	1837.88 	-692.263	-978.695	-2132.77	19.1281	16.0137	-7.80551  	-106122.  	-156000.  	-363066.  
0.966033  	496.438 	750.829 	1825.86 	-687.557	-972.052	-2118.33	18.9634	15.8557	-7.85987  	-105398.  	-154929.  	-360543.  
0.968837  	493.336 	746.127 	1814.39 	-683.038	-965.671	-2104.45	18.8078	15.7071	-7.90708  	-104709.  	-153908.  	-358138.  
0.971523  	490.386 	741.657 	1803.49 	-678.718	-959.569	-2091.18	18.661 	15.5676	-7.94832  	-104055.  	-152939.  	-355852.  
0.974087  	487.593 	737.424 	1793.16 	-674.608	-953.763	-2078.54	18.523 	15.4368	-7.98463  	-103436.  	-152021.  	-353687.  
0.976533  	484.948 	733.417 	1783.39 	-670.701	-948.242	-2066.52	18.3931	15.3138	-8.01701  	-102851.  	-151152.  	-351636.  
0.978866  	482.444 	729.622 	1774.13 	-666.988	-942.996	-2055.1 	18.2705	15.1981	-8.04629  	-102296.  	-150329.  	-349690.  
0.98108   	480.083 	726.045 	1765.41 	-663.481	-938.038	-2044.3 	18.1553	15.0895	-8.07301  	-101774.  	-149553.  	-347854.  
0.983168  	477.871 	722.693 	1757.24 	-660.188	-933.383	-2034.16	18.0476	14.988 	-8.09758  	-101285.  	-148826.  	-346132.  
0.985135  	475.799 	719.553 	1749.58 	-657.099	-929.017	-2024.64	17.9468	14.893 	-8.12044  	-100827.  	-148145.  	-344517.  
0.986989  	473.859 	716.613 	1742.41 	-654.204	-924.924	-2015.72	17.8524	14.8041	-8.14194  	-100398.  	-147507.  	-343004.  
0.988721  	472.055 	713.88  	1735.75 	-651.512	-921.117	-2007.43	17.7646	14.7213	-8.16219  	-99998.9  	-146913.  	-341596.  
0.990324  	470.394 	711.362 	1729.61 	-649.031	-917.61 	-1999.78	17.6836	14.6449	-8.18122  	-99631.6  	-146366.  	-340298.  
0.991806  	468.866 	709.048 	1723.96 	-646.751	-914.386	-1992.75	17.6091	14.5746	-8.19915  	-99293.8  	-145864.  	-339104.  
0.993172  	467.463 	706.922 	1718.78 	-644.657	-911.426	-1986.3 	17.5406	14.5097	-8.21609  	-98983.5  	-145402.  	-338007.  
0.994416  	466.191 	704.994 	1714.08 	-642.759	-908.743	-1980.46	17.4783	14.4508	-8.23192  	-98702.1  	-144983.  	-337012.  
0.995528  	465.057 	703.277 	1709.89 	-641.069	-906.354	-1975.25	17.4226	14.3981	-8.24646  	-98451.3  	-144609.  	-336125.  
0.996517  	464.053 	701.755 	1706.18 	-639.573	-904.239	-1970.64	17.3733	14.3512	-8.25973  	-98229.   	-144278.  	-335339.  
0.997391  	463.167 	700.413 	1702.91 	-638.255	-902.375	-1966.58	17.3296	14.3097	-8.27177  	-98033.   	-143986.  	-334646.  
0.998142  	462.408 	699.263 	1700.1  	-637.126	-900.779	-1963.1 	17.2921	14.2741	-8.28239  	-97865.   	-143736.  	-334052.  
0.998759  	461.787 	698.321 	1697.81 	-636.202	-899.473	-1960.26	17.2614	14.2448	-8.29129  	-97727.4  	-143531.  	-333565.  
0.99925   	461.292 	697.572 	1695.98 	-635.467	-898.435	-1958.  	17.2369	14.2214	-8.29852  	-97617.9  	-143368.  	-333178.  
0.99963   	460.911 	696.994 	1694.57 	-634.901	-897.633	-1956.25	17.2179	14.2033	-8.30419  	-97533.4  	-143242.  	-332879.  
0.999887  	460.653 	696.603 	1693.62 	-634.518	-897.092	-1955.07	17.2051	14.1911	-8.30807  	-97476.2  	-143157.  	-332677.  
1.        	460.539 	696.43  	1693.2  	-634.349	-896.853	-1954.55	17.1995	14.1857	-8.30979  	-97451.   	-143120.  	-332588.  