1.901672808178042248e+07 -2.630670668831065297e+06 -3.650029172583742999e+06 7.048744720788957179e+07 -2.259397656987951100e+08 5.486548822193714790e+06 1.750379560039381962e+06 -1.811505406652639387e+06 0.000000000000000000e+00 -8.488953748406620324e+07 0.000000000000000000e+00
-2.630670668831065297e+06 2.326147547204338945e+06 2.450400164163016714e+06 -1.132689100194119848e+07 6.046787218220476061e+07 -4.846940701491106302e+06 -2.298909895398178778e+05 5.893305221116782195e+04 0.000000000000000000e+00 1.267171400897464156e+07 0.000000000000000000e+00
-3.650029172583742999e+06 2.450400164163016714e+06 3.304231384166479111e+06 -1.368541768363548070e+07 9.342307172264195979e+07 -5.130625843396223150e+06 -3.209900754184641410e+05 7.051323494405872771e+04 0.000000000000000000e+00 1.760315769486333430e+07 0.000000000000000000e+00
7.048744720788957179e+07 -1.132689100194119848e+07 -1.368541768363548070e+07 2.669905731376899183e+08 -8.113297530420594215e+08 2.365475442775797099e+07 6.484513529540084302e+06 -6.765705779621760361e+06 0.000000000000000000e+00 -3.146722680944229960e+08 0.000000000000000000e+00
-2.259397656987951100e+08 6.046787218220476061e+07 9.342307172264195979e+07 -8.113297530420594215e+08 4.337560187631089211e+09 -1.264032581898123473e+08 -2.049994802786431089e+07 1.514770908366413414e+07 0.000000000000000000e+00 1.035170371578985095e+09 0.000000000000000000e+00
5.486548822193714790e+06 -4.846940701491106302e+06 -5.130625843396223150e+06 2.365475442775797099e+07 -1.264032581898123473e+08 1.034076436013809778e+07 4.797593832995903213e+05 -1.229676729674455855e+05 0.000000000000000000e+00 -2.643448156309439987e+07 0.000000000000000000e+00
1.750379560039381962e+06 -2.298909895398178778e+05 -3.209900754184641410e+05 6.484513529540084302e+06 -2.049994802786431089e+07 4.797593832995903213e+05 1.612074631955165823e+05 -1.683571726741603052e+05 0.000000000000000000e+00 -7.805618597470894456e+06 0.000000000000000000e+00
-1.811505406652639387e+06 5.893305221116782195e+04 7.051323494405872771e+04 -6.765705779621760361e+06 1.514770908366413414e+07 -1.229676729674455855e+05 -1.683571726741603052e+05 2.043112200802482548e+05 0.000000000000000000e+00 7.935263327372400090e+06 0.000000000000000000e+00
0.000000000000000000e+00 0.000000000000000000e+00 0.000000000000000000e+00 0.000000000000000000e+00 0.000000000000000000e+00 0.000000000000000000e+00 0.000000000000000000e+00 0.000000000000000000e+00 0.000000000000000000e+00 0.000000000000000000e+00 0.000000000000000000e+00
-8.488953748406620324e+07 1.267171400897464156e+07 1.760315769486333430e+07 -3.146722680944229960e+08 1.035170371578985095e+09 -2.643448156309439987e+07 -7.805618597470894456e+06 7.935263327372400090e+06 0.000000000000000000e+00 3.810090219643602371e+08 0.000000000000000000e+00
0.000000000000000000e+00 0.000000000000000000e+00 0.000000000000000000e+00 0.000000000000000000e+00 0.000000000000000000e+00 0.000000000000000000e+00 0.000000000000000000e+00 0.000000000000000000e+00 0.000000000000000000e+00 0.000000000000000000e+00 0.000000000000000000e+00
