4.999999999999999020e-04 1.324663392900728013e+03 4.842275857359460133e+03 1.347997230699543979e+04 2.914331639718197985e+05
5.311943396533408499e-04 1.397545964761797677e+03 4.996596622552147892e+03 1.366339903209602380e+04 2.917470223142765462e+05
5.643348529594983823e-04 1.472552036378388493e+03 5.158998484533027295e+03 1.385703974874519008e+04 2.920789156615121174e+05
5.995429591223720191e-04 1.554578805393362245e+03 5.332430763145647688e+03 1.406302223342917569e+04 2.924311037631389918e+05
6.369476525296374324e-04 1.637910944940128047e+03 5.513267964566092814e+03 1.427899047619084013e+04 2.928018452453374048e+05
6.766859753584527530e-04 1.729539598789382808e+03 5.707755927392528065e+03 1.450996844706590491e+04 2.931966130962172756e+05
7.189035196664212346e-04 1.824613722547637281e+03 5.911201469177405670e+03 1.475237692858127593e+04 2.936121363775762147e+05
7.637549608073344702e-04 1.923988393855907361e+03 6.125833003463227215e+03 1.500843380606616302e+04 2.940513429754471290e+05
8.114046241260315087e-04 2.030954638126423106e+03 6.354374918713699117e+03 1.528038813848514292e+04 2.945169028913900256e+05
8.620270870085891546e-04 2.144226048465871827e+03 6.595709394475530644e+03 1.556754762767219472e+04 2.950085748927645036e+05
9.158078184936421480e-04 2.262945579057211035e+03 6.849753039762972548e+03 1.587017732091800826e+04 2.955272077115353313e+05
9.729438587881938634e-04 2.387859036695987015e+03 7.117622928316975049e+03 1.618942458276084290e+04 2.960745215914510773e+05
1.033644541177537257e-03 2.519719640227092441e+03 7.400357632354077396e+03 1.652636559652362848e+04 2.966521434494452551e+05
1.098132258974164957e-03 2.659030432844821917e+03 7.698738209717524114e+03 1.688187150612379628e+04 2.972615015504422481e+05
1.166643280315627241e-03 2.805972778904913866e+03 8.013287417892660415e+03 1.725661825371584928e+04 2.979038417454483570e+05
1.239428613796534316e-03 2.960346455546058223e+03 8.344345686843560543e+03 1.765117086091596502e+04 2.985803143694036989e+05
1.316754928106213035e-03 3.122133369677823794e+03 8.692178776926013597e+03 1.806599327283050661e+04 2.992919402887974284e+05
1.398905529041324404e-03 3.293174815276395293e+03 9.058697441152407919e+03 1.850281389420173582e+04 3.000409756015618332e+05
1.486181397473029363e-03 3.474016266991610792e+03 9.444901860837575441e+03 1.896272024700474867e+04 3.008291132598721306e+05
1.578902292071530456e-03 3.661823417981003786e+03 9.848875497630500831e+03 1.944454463637467052e+04 3.016557740699549904e+05
1.677407920828167739e-03 3.861124620481195961e+03 1.027462828504329445e+04 1.995158684119027021e+04 3.025247430791238439e+05
1.782059185667204384e-03 4.068569636091952361e+03 1.071990102470020611e+04 2.048242842513031428e+04 3.034351792313048500e+05
1.893239504707324231e-03 4.286052028134441571e+03 1.118651421857372407e+04 2.103868301432235967e+04 3.043891540761805372e+05
2.011356217017250692e-03 4.514325097564558746e+03 1.167544318226084579e+04 2.162133812728541307e+04 3.053881360642769141e+05
2.136842075012242853e-03 4.752631105512588874e+03 1.218637348315974305e+04 2.223035181039289819e+04 3.064324682924829540e+05
2.270156829959206566e-03 5.001691978913262574e+03 1.272017074536028304e+04 2.286658204774225305e+04 3.075234101829021820e+05
2.411788916399404924e-03 5.261615514357581560e+03 1.327710039816623430e+04 2.353035270108706391e+04 3.086615401184553048e+05
2.562257241660059661e-03 5.532196055661929677e+03 1.385705553519476416e+04 2.422167063043230519e+04 3.098470712360943435e+05
2.722113087011215037e-03 5.813489317504350765e+03 1.446034355171376956e+04 2.494087101995851117e+04 3.110804910026214202e+05
2.891942127433279851e-03 6.105675226022404786e+03 1.508692858153567977e+04 2.568787813915394509e+04 3.123616608947665081e+05
3.072366577395198046e-03 6.409003586036273191e+03 1.573712634687276295e+04 2.646293958366462539e+04 3.136907918313389528e+05
3.264047470504878069e-03 6.722668078292465907e+03 1.640999530793020676e+04 2.726519225077024021e+04 3.150667506001451984e+05
3.467687081383996443e-03 7.047160024446704483e+03 1.710571871897009623e+04 2.809460726811456698e+04 3.164891731787544559e+05
3.684031498640386298e-03 7.381607663367746682e+03 1.782316060365781232e+04 2.895001828551280778e+04 3.179563005079283030e+05
3.913873358364776227e-03 7.725895549320696773e+03 1.856168865384204400e+04 2.983059425926936456e+04 3.194666303765564808e+05
4.158054748166765957e-03 8.079442952404167045e+03 1.932019101988939656e+04 3.073502374263087040e+04 3.210179087753194617e+05
4.417470292389772714e-03 8.441566889600235299e+03 2.009728306469208474e+04 3.166167511746895616e+04 3.226073468132499838e+05
4.693070429808473241e-03 8.811750572952929360e+03 2.089147775649932009e+04 3.260873626265407438e+04 3.242318215745600755e+05
4.985864895817465788e-03 9.188585394673955307e+03 2.170053357576521375e+04 3.357362483191958745e+04 3.258869564245815855e+05
5.296926421869069604e-03 9.571495878235997225e+03 2.252247650508037623e+04 3.455390709929999866e+04 3.275685486007760046e+05
5.627394665714154781e-03 9.958932293431855214e+03 2.335445342991926009e+04 3.554624744305086642e+04 3.292709104453389882e+05
5.978480386845527392e-03 1.034960012590321276e+04 2.419350569063135481e+04 3.654710502175925649e+04 3.309879607840541285e+05
6.351469882441719735e-03 1.074181304309527150e+04 2.503611521780074690e+04 3.755230791558908822e+04 3.327125519268835778e+05
6.747729700063431757e-03 1.113367502721324490e+04 2.587832141396761654e+04 3.855715042983503372e+04 3.344366284458385780e+05
7.168711644368869380e-03 1.152328458878343554e+04 2.671587813438647572e+04 3.955652361197722348e+04 3.361514547305852757e+05
7.615958096191474853e-03 1.190816699985880769e+04 2.754371787661925555e+04 4.054445944776721444e+04 3.378468234550520428e+05
8.091107663467891897e-03 1.228619109498229045e+04 2.835677925448589667e+04 4.151483255726133211e+04 3.395121954988257494e+05
8.595901184719834456e-03 1.265392986408643083e+04 2.914866178167235194e+04 4.246014649301015743e+04 3.411346065242233453e+05
9.132188107085248072e-03 1.300905234124236813e+04 2.991345663355533179e+04 4.337316682991855487e+04 3.427017775676019955e+05
9.701933262266492636e-03 1.334780504603086229e+04 3.064377160430783988e+04 4.424522364921138796e+04 3.441989295193689177e+05
1.030722406522086715e-02 1.366666096759655557e+04 3.133200524343563666e+04 4.506727716188364138e+04 3.456104101204020553e+05
1.095027816196805087e-02 1.396212648416229422e+04 3.197023845651492593e+04 4.582982910215215088e+04 3.469199886639337637e+05
1.163345155453404493e-02 1.422960595646868569e+04 3.254934864912073681e+04 4.652202666280423728e+04 3.481090360967139713e+05
1.235924723279969474e-02 1.446548254280166657e+04 3.306082966216952627e+04 4.713361328415128082e+04 3.491598935011178837e+05
1.313032434487883780e-02 1.466498317686055088e+04 3.349498033524309722e+04 4.765305495369859273e+04 3.500527245751282899e+05
1.394950793962420818e-02 1.482398481290607742e+04 3.384252891441357497e+04 4.806922774415839376e+04 3.507684082454634481e+05
1.481979931695544261e-02 1.493761330663502304e+04 3.409345219957260997e+04 4.837017320600937819e+04 3.512863609046209021e+05
1.574438702393036668e-02 1.500174042402485065e+04 3.423853495480184938e+04 4.854486764791710448e+04 3.515876439015618525e+05
1.672665853684664888e-02 1.501200427669531564e+04 3.426857639583235141e+04 4.858238768627421086e+04 3.516535754604142276e+05
1.777021267217435835e-02 1.496424664527562527e+04 3.417491964371595532e+04 4.847249496065344283e+04 3.514666981235248386e+05
1.887887277179018872e-02 1.485582760975775273e+04 3.395106791829337453e+04 4.820732487466980092e+04 3.510134763481754344e+05
2.005670071082106543e-02 1.468315841628458111e+04 3.359017347001230519e+04 4.777879771558253560e+04 3.502801729778803419e+05
2.130801177941859040e-02 1.444588593276988286e+04 3.309033427609779028e+04 4.718436328497499198e+04 3.492621611418575631e+05
2.263739049298774814e-02 1.414339044551944426e+04 3.245063360195510904e+04 4.642294185019694851e+04 3.479575590788294794e+05
2.404970738879489908e-02 1.377742009116655572e+04 3.167456879416633092e+04 4.549865725010833557e+04 3.463733544256034074e+05
2.555013687049397658e-02 1.335158928809710414e+04 3.076953661096901851e+04 4.442024946921087394e+04 3.445244605161914951e+05
2.714417616594906602e-02 1.287134421235263653e+04 2.974710584593786552e+04 4.320152668557481229e+04 3.424346912258495577e+05
2.883766546781055609e-02 1.234473526474771097e+04 2.862434858874386191e+04 4.186269246203518560e+04 3.401384832536486210e+05
3.063680933063517645e-02 1.178152374694509854e+04 2.742212168119608396e+04 4.042872556742009328e+04 3.376788804797175108e+05
3.254819940294415015e-02 1.119415639375342107e+04 2.616701031873650572e+04 3.893110479855856829e+04 3.351095095097101876e+05
3.457883857750438522e-02 1.059615845097879173e+04 2.488769256401260282e+04 3.740421912448837975e+04 3.324897722229780629e+05
3.673616664831384770e-02 1.000226714727599028e+04 2.361627438741761580e+04 3.588619307245477103e+04 3.298846574716746109e+05
3.902808756829233977e-02 9.426985299305470107e+03 2.238402185851443210e+04 3.441451593987600791e+04 3.273587976560338866e+05
4.146299840754365251e-02 8.883978950887143583e+03 2.122042352153965840e+04 3.302455831011875125e+04 3.249731674015965546e+05
4.404982011828537797e-02 8.384777113532303702e+03 2.015122339921197636e+04 3.174680168434062580e+04 3.227793856389925932e+05
4.679803021916213029e-02 7.937294223965007404e+03 1.919315686566038858e+04 3.060178903007257395e+04 3.208137619404866709e+05
4.971769751868986703e-02 7.544337179071297214e+03 1.835364393912738160e+04 2.959823485946963046e+04 3.190906580419236561e+05
5.281951900505002517e-02 7.203101820551160927e+03 1.762672224968635055e+04 2.872935675386669027e+04 3.175989920395870577e+05
5.611485903738933079e-02 6.904190360065527784e+03 1.699252410603627504e+04 2.797138358748986502e+04 3.162977684206376434e+05
5.961579098221267414e-02 6.631600687682597709e+03 1.641606977599625316e+04 2.728251051183150776e+04 3.151152863272518152e+05
6.333514144741618501e-02 6.363751951419510988e+03 1.584990238500108353e+04 2.660578012162593950e+04 3.139535406233560061e+05
6.728653727602236512e-02 6.076837654695341371e+03 1.524084824074252538e+04 2.587716804669149496e+04 3.127022440939283115e+05
7.148445547179330117e-02 5.749737575514936907e+03 1.454080160679114124e+04 2.503849611516713048e+04 3.112609945610145805e+05
7.594427623963578844e-02 5.371103677835922099e+03 1.372235775331629520e+04 2.405616752406697924e+04 3.095713961453301599e+05
8.068233933512856948e-02 4.944293956682311546e+03 1.279082194606238227e+04 2.293597090142171510e+04 3.076429914496805868e+05
8.571600392962078208e-02 4.490640552980953544e+03 1.179256291886934014e+04 2.173336595914478312e+04 3.055709646429857821e+05
9.106371221023627782e-02 4.044813873301271542e+03 1.080535683629460800e+04 2.054230572485327139e+04 3.035174639594137552e+05
9.674505694779667042e-02 3.645066509311618574e+03 9.917321491729679110e+03 1.947003115348767824e+04 3.016682214532056241e+05
1.027808532802195474e-01 3.319788771587115207e+03 9.197063588587800041e+03 1.860070586182889747e+04 3.001691985270275036e+05
1.091932149743862768e-01 3.077124577073657747e+03 8.666755929974962783e+03 1.796289284841997869e+04 2.990714867443107069e+05
1.160056354458889605e-01 2.899907055160955679e+03 8.290475318651311682e+03 1.751377749510484864e+04 2.983014132011186448e+05
1.232430738334903686e-01 2.750579837388240321e+03 7.980441392476251167e+03 1.714629925125505542e+04 2.976736073646933655e+05
1.309320464436578568e-01 2.585698791475765574e+03 7.630532272062522679e+03 1.672901320418251998e+04 2.969585580909282435e+05
1.391007239001988138e-01 2.380491500584642381e+03 7.175388887221132791e+03 1.617921869732259074e+04 2.960104441217828426e+05
1.477790343549357510e-01 2.147104014383235608e+03 6.640437976354401144e+03 1.552688583258655490e+04 2.948803401617789059e+05
1.569987731375569739e-01 1.925443395164145613e+03 6.126060458464870862e+03 1.489746261348478765e+04 2.937880506642402615e+05
1.667937192463785079e-01 1.751069906743848605e+03 5.728047646852707658e+03 1.441359777632264559e+04 2.929512288759594667e+05
1.771997591068097400e-01 1.626955938604258336e+03 5.461624246799469802e+03 1.409701150689536371e+04 2.924098800320365699e+05
1.882550180509457716e-01 1.524977877916063107e+03 5.253151597379537634e+03 1.385468108787120400e+04 2.920005097647799994e+05
2.000000000000000389e-01 1.412215109012918674e+03 5.008113754741838420e+03 1.356264659405009843e+04 2.915006196375088184e+05
