  k [h/Mpc]    covariance [h/Mpc]^5
-----------  ----------------------
 0.003                  5.50637e-05
 0.0031962              5.69859e-05
 0.00339239             5.89041e-05
 0.00358859             6.08259e-05
 0.00378478             6.27574e-05
 0.00398098             6.47033e-05
 0.00417718             6.66664e-05
 0.00437337             6.86494e-05
 0.00456957             7.06585e-05
 0.00476577             7.26985e-05
 0.00496196             7.47687e-05
 0.00515816             7.6869e-05
 0.00535435             7.8998e-05
 0.00555055             8.11755e-05
 0.00574675             8.33889e-05
 0.00594294             8.56321e-05
 0.00613914             8.79333e-05
 0.00633534             9.02732e-05
 0.00653153             9.26466e-05
 0.00672773             9.50895e-05
 0.00692392             9.75537e-05
 0.00712012             0.000100097
 0.00731632             0.000102669
 0.00751251             0.000105313
 0.00770871             0.000107996
 0.0079049              0.000110753
 0.0081011              0.000113549
 0.0082973              0.00011643
 0.00849349             0.000119334
 0.00868969             0.000122354
 0.00888589             0.000125374
 0.00908208             0.000128536
 0.00927828             0.000131713
 0.00947447             0.000134984
 0.00967067             0.000138337
 0.00986687             0.000141696
 0.0100631              0.000145246
 0.0102593              0.000148796
 0.0104555              0.000152435
 0.0106517              0.000156206
 0.0108478              0.000159977
 0.011044               0.000163907
 0.0112402              0.000167928
 0.0114364              0.00017195
 0.0116326              0.000176176
 0.0118288              0.000180481
 0.012025               0.000184787
 0.0122212              0.000189304
 0.0124174              0.000193932
 0.0126136              0.000198561
 0.0128098              0.000203347
 0.013006               0.000208344
 0.0132022              0.00021334
 0.0133984              0.000218351
 0.0135946              0.000223768
 0.0137908              0.000229185
 0.013987               0.000234602
 0.0141832              0.000240243
 0.0143794              0.000246144
 0.0145756              0.000252045
 0.0147718              0.000257946
 0.014968               0.00026424
 0.0151642              0.000270701
 0.0153604              0.000277162
 0.0155566              0.000283622
 0.0157528              0.000290568
 0.0159489              0.00029768
 0.0161451              0.000304791
 0.0163413              0.000311902
 0.0165375              0.000319456
 0.0167337              0.000327327
 0.0169299              0.000335198
 0.0171261              0.000343069
 0.0173223              0.000351119
 0.0175185              0.000359876
 0.0177147              0.000368633
 0.0179109              0.000377389
 0.0181071              0.000386146
 0.0183033              0.000395517
 0.0184995              0.000405311
 0.0186957              0.000415106
 0.0188919              0.0004249
 0.0190881              0.000434695
 0.0192843              0.000445398
 0.0194805              0.00045642
 0.0196767              0.000467442
 0.0198729              0.000478463
 0.0200691              0.000489485
 0.0202653              0.000501437
 0.0204615              0.000513923
 0.0206577              0.000526409
 0.0208539              0.000538895
 0.0210501              0.000551381
 0.0212462              0.000564325
 0.0214424              0.000578554
 0.0216386              0.000592784
 0.0218348              0.000607013
 0.022031               0.000621243
 0.0222272              0.000635473
 0.0224234              0.000650958
 0.0226196              0.000667253
 0.0228158              0.000683547
 0.023012               0.000699842
 0.0232082              0.000716136
 0.0234044              0.00073243
 0.0236006              0.000750348
 0.0237968              0.000769108
 0.023993               0.000787867
 0.0241892              0.000806626
 0.0243854              0.000825385
 0.0245816              0.000844144
 0.0247778              0.000864084
 0.024974               0.000885812
 0.0251702              0.00090754
 0.0253664              0.000929267
 0.0255626              0.000950995
 0.0257588              0.000972723
 0.025955               0.000994451
 0.0261512              0.00101908
 0.0263473              0.00104441
 0.0265435              0.00106973
 0.0267397              0.00109505
 0.0269359              0.00112037
 0.0271321              0.00114569
 0.0273283              0.00117101
 0.0275245              0.00120009
 0.0277207              0.0012297
 0.0279169              0.0012593
 0.0281131              0.00128891
 0.0283093              0.00131852
 0.0285055              0.00134813
 0.0287017              0.00137774
 0.0288979              0.0014103
 0.0290941              0.001445
 0.0292903              0.0014797
 0.0294865              0.0015144
 0.0296827              0.0015491
 0.0298789              0.0015838
 0.0300751              0.0016185
 0.0302713              0.0016532
 0.0304675              0.00169334
 0.0306637              0.00173409
 0.0308599              0.00177483
 0.0310561              0.00181557
 0.0312523              0.00185632
 0.0314484              0.00189706
 0.0316446              0.0019378
 0.0318408              0.00197855
 0.032037               0.00202515
 0.0322332              0.00207305
 0.0324294              0.00212094
 0.0326256              0.00216884
 0.0328218              0.00221673
 0.033018               0.00226462
 0.0332142              0.00231252
 0.0334104              0.00236041
 0.0336066              0.00241096
 0.0338028              0.00246722
 0.033999               0.00252349
 0.0341952              0.00257976
 0.0343914              0.00263603
 0.0345876              0.00269229
 0.0347838              0.00274856
 0.03498                0.00280483
 0.0351762              0.0028611
 0.0353724              0.00292092
 0.0355686              0.00298681
 0.0357648              0.00305271
 0.035961               0.0031186
 0.0361572              0.0031845
 0.0363534              0.0032504
 0.0365495              0.00331629
 0.0367457              0.00338219
 0.0369419              0.00344808
 0.0371381              0.00351398
 0.0373343              0.0035902
 0.0375305              0.00366694
 0.0377267              0.00374367
 0.0379229              0.00382041
 0.0381191              0.00389714
 0.0383153              0.00397388
 0.0385115              0.00405062
 0.0387077              0.00412735
 0.0389039              0.00420409
 0.0391001              0.00428133
 0.0392963              0.00436991
 0.0394925              0.00445849
 0.0396887              0.00454707
 0.0398849              0.00463565
 0.0400811              0.00472423
 0.0402773              0.0048128
 0.0404735              0.00490138
 0.0406697              0.00498996
 0.0408659              0.00507854
 0.0410621              0.00516712
 0.0412583              0.00526341
 0.0414545              0.00536453
 0.0416507              0.00546564
 0.0418468              0.00556676
 0.042043               0.00566788
 0.0422392              0.005769
 0.0424354              0.00587011
 0.0426316              0.00597123
 0.0428278              0.00607235
 0.043024               0.00617347
 0.0432202              0.00627459
 0.0434164              0.00638411
 0.0436126              0.00649833
 0.0438088              0.00661254
 0.044005               0.00672676
 0.0442012              0.00684098
 0.0443974              0.0069552
 0.0445936              0.00706941
 0.0447898              0.00718363
 0.044986               0.00729785
 0.0451822              0.00741207
 0.0453784              0.00752629
 0.0455746              0.00764174
 0.0457708              0.00776911
 0.045967               0.00789649
 0.0461632              0.00802386
 0.0463594              0.00815124
 0.0465556              0.00827861
 0.0467518              0.00840599
 0.0469479              0.00853336
 0.0471441              0.00866074
 0.0473403              0.00878811
 0.0475365              0.00891549
 0.0477327              0.00904286
 0.0479289              0.00917024
 0.0481251              0.00930967
 0.0483213              0.00944986
 0.0485175              0.00959005
 0.0487137              0.00973024
 0.0489099              0.00987042
 0.0491061              0.0100106
 0.0493023              0.0101508
 0.0494985              0.010291
 0.0496947              0.0104312
 0.0498909              0.0105714
 0.0500871              0.0107115
 0.0502833              0.0108517
 0.0504795              0.0109939
 0.0506757              0.0111471
 0.0508719              0.0113002
 0.0510681              0.0114534
 0.0512643              0.0116065
 0.0514605              0.0117597
 0.0516567              0.0119128
 0.0518529              0.012066
 0.052049               0.0122191
 0.0522452              0.0123723
 0.0524414              0.0125254
 0.0526376              0.0126786
 0.0528338              0.0128318
 0.05303                0.0129849
 0.0532262              0.0131477
 0.0534224              0.0133146
 0.0536186              0.0134815
 0.0538148              0.0136485
 0.054011               0.0138154
 0.0542072              0.0139823
 0.0544034              0.0141493
 0.0545996              0.0143162
 0.0547958              0.0144832
 0.054992               0.0146501
 0.0551882              0.014817
 0.0553844              0.014984
 0.0555806              0.0151509
 0.0557768              0.0153179
 0.055973               0.0154935
 0.0561692              0.0156768
 0.0563654              0.0158601
 0.0565616              0.0160434
 0.0567578              0.0162267
 0.056954               0.01641
 0.0571502              0.0165933
 0.0573463              0.0167766
 0.0575425              0.0169599
 0.0577387              0.0171431
 0.0579349              0.0173264
 0.0581311              0.0175097
 0.0583273              0.017693
 0.0585235              0.0178763
 0.0587197              0.0180596
 0.0589159              0.0182565
 0.0591121              0.0184614
 0.0593083              0.0186663
 0.0595045              0.0188712
 0.0597007              0.0190761
 0.0598969              0.0192811
 0.0600931              0.019486
 0.0602893              0.0196909
 0.0604855              0.0198958
 0.0606817              0.0201007
 0.0608779              0.0203056
 0.0610741              0.0205105
 0.0612703              0.0207154
 0.0614665              0.0209203
 0.0616627              0.0211252
 0.0618589              0.0213301
 0.0620551              0.021564
 0.0622513              0.0217996
 0.0624474              0.0220351
 0.0626436              0.0222706
 0.0628398              0.0225061
 0.063036               0.0227416
 0.0632322              0.0229772
 0.0634284              0.0232127
 0.0636246              0.0234482
 0.0638208              0.0236837
 0.064017               0.0239193
 0.0642132              0.0241548
 0.0644094              0.0243903
 0.0646056              0.0246258
 0.0648018              0.0248613
 0.064998               0.0250969
 0.0651942              0.0253521
 0.0653904              0.0256322
 0.0655866              0.0259123
 0.0657828              0.0261924
 0.065979               0.0264725
 0.0661752              0.0267526
 0.0663714              0.0270327
 0.0665676              0.0273128
 0.0667638              0.0275929
 0.06696                0.027873
 0.0671562              0.0281531
 0.0673524              0.0284332
 0.0675485              0.0287133
 0.0677447              0.0289934
 0.0679409              0.0292735
 0.0681371              0.0295536
 0.0683333              0.0298337
 0.0685295              0.0301186
 0.0687257              0.0304636
 0.0689219              0.0308086
 0.0691181              0.0311535
 0.0693143              0.0314985
 0.0695105              0.0318435
 0.0697067              0.0321884
 0.0699029              0.0325334
 0.0700991              0.0328783
 0.0702953              0.0332233
 0.0704915              0.0335683
 0.0706877              0.0339132
 0.0708839              0.0342582
 0.0710801              0.0346031
 0.0712763              0.0349481
 0.0714725              0.0352931
 0.0716687              0.035638
 0.0718649              0.035983
 0.0720611              0.0363279
 0.0722573              0.0367469
 0.0724535              0.0371844
 0.0726496              0.037622
 0.0728458              0.0380596
 0.073042               0.0384972
 0.0732382              0.0389348
 0.0734344              0.0393723
 0.0736306              0.0398099
 0.0738268              0.0402475
 0.074023               0.0406851
 0.0742192              0.0411227
 0.0744154              0.0415602
 0.0746116              0.0419978
 0.0748078              0.0424354
 0.075004               0.042873
 0.0752002              0.0433106
 0.0753964              0.0437482
 0.0755926              0.0441857
 0.0757888              0.0446233
 0.075985               0.0451341
 0.0761812              0.0457012
 0.0763774              0.0462683
 0.0765736              0.0468353
 0.0767698              0.0474024
 0.076966               0.0479695
 0.0771622              0.0485365
 0.0773584              0.0491036
 0.0775546              0.0496707
 0.0777508              0.0502378
 0.0779469              0.0508048
 0.0781431              0.0513719
 0.0783393              0.051939
 0.0785355              0.052506
 0.0787317              0.0530731
 0.0789279              0.0536402
 0.0791241              0.0542073
 0.0793203              0.0547743
 0.0795165              0.0553414
 0.0797127              0.0559085
 0.0799089              0.056532
 0.0801051              0.0572723
 0.0803013              0.0580127
 0.0804975              0.058753
 0.0806937              0.0594934
 0.0808899              0.0602337
 0.0810861              0.0609741
 0.0812823              0.0617144
 0.0814785              0.0624548
 0.0816747              0.0631951
 0.0818709              0.0639355
 0.0820671              0.0646758
 0.0822633              0.0654162
 0.0824595              0.0661565
 0.0826557              0.0668969
 0.0828519              0.0676372
 0.083048               0.0683776
 0.0832442              0.0691179
 0.0834404              0.0698583
 0.0836366              0.0705987
 0.0838328              0.071339
 0.084029               0.0720852
 0.0842252              0.073045
 0.0844214              0.0740048
 0.0846176              0.0749646
 0.0848138              0.0759244
 0.08501                0.0768842
 0.0852062              0.077844
 0.0854024              0.0788039
 0.0855986              0.0797637
 0.0857948              0.0807235
 0.085991               0.0816833
 0.0861872              0.0826431
 0.0863834              0.0836029
 0.0865796              0.0845627
 0.0867758              0.0855225
 0.086972               0.0864823
 0.0871682              0.0874421
 0.0873644              0.088402
 0.0875606              0.0893618
 0.0877568              0.0903216
 0.087953               0.0912814
 0.0881491              0.0922412
 0.0883453              0.093201
 0.0885415              0.0943161
 0.0887377              0.0955292
 0.0889339              0.0967424
 0.0891301              0.0979555
 0.0893263              0.0991687
 0.0895225              0.100382
 0.0897187              0.101595
 0.0899149              0.102808
 0.0901111              0.104021
 0.0903073              0.105235
 0.0905035              0.106448
 0.0906997              0.107661
 0.0908959              0.108874
 0.0910921              0.110087
 0.0912883              0.1113
 0.0914845              0.112513
 0.0916807              0.113727
 0.0918769              0.11494
 0.0920731              0.116153
 0.0922693              0.117366
 0.0924655              0.118579
 0.0926617              0.119792
 0.0928579              0.121006
 0.0930541              0.122225
 0.0932503              0.123691
 0.0934464              0.125157
 0.0936426              0.126623
 0.0938388              0.128089
 0.094035               0.129554
 0.0942312              0.13102
 0.0944274              0.132486
 0.0946236              0.133952
 0.0948198              0.135418
 0.095016               0.136883
 0.0952122              0.138349
 0.0954084              0.139815
 0.0956046              0.141281
 0.0958008              0.142747
 0.095997               0.144212
 0.0961932              0.145678
 0.0963894              0.147144
 0.0965856              0.14861
 0.0967818              0.150076
 0.096978               0.151541
 0.0971742              0.153007
 0.0973704              0.154473
 0.0975666              0.155939
 0.0977628              0.157405
 0.097959               0.158911
 0.0981552              0.160576
 0.0983514              0.162242
 0.0985475              0.163907
 0.0987437              0.165572
 0.0989399              0.167237
 0.0991361              0.168903
 0.0993323              0.170568
 0.0995285              0.172233
 0.0997247              0.173898
 0.0999209              0.175564
 0.100117               0.177229
 0.100313               0.178894
 0.10051                0.180559
 0.100706               0.182225
 0.100902               0.18389
 0.101098               0.185555
 0.101294               0.18722
 0.10149                0.188886
 0.101687               0.190551
 0.101883               0.192216
 0.102079               0.193881
 0.102275               0.195547
 0.102471               0.197212
 0.102668               0.198877
 0.102864               0.200542
 0.10306                0.202217
 0.103256               0.20399
 0.103452               0.205764
 0.103649               0.207538
 0.103845               0.209312
 0.104041               0.211086
 0.104237               0.212859
 0.104433               0.214633
 0.10463                0.216407
 0.104826               0.218181
 0.105022               0.219955
 0.105218               0.221728
 0.105414               0.223502
 0.105611               0.225276
 0.105807               0.22705
 0.106003               0.228823
 0.106199               0.230597
 0.106395               0.232371
 0.106592               0.234145
 0.106788               0.235919
 0.106984               0.237692
 0.10718                0.239466
 0.107376               0.24124
 0.107573               0.243014
 0.107769               0.244787
 0.107965               0.246561
 0.108161               0.248335
 0.108357               0.250109
 0.108554               0.251907
 0.10875                0.253721
 0.108946               0.255536
 0.109142               0.25735
 0.109338               0.259165
 0.109535               0.260979
 0.109731               0.262794
 0.109927               0.264608
 0.110123               0.266423
 0.110319               0.268237
 0.110516               0.270052
 0.110712               0.271866
 0.110908               0.273681
 0.111104               0.275495
 0.1113                 0.27731
 0.111496               0.279124
 0.111693               0.280939
 0.111889               0.282753
 0.112085               0.284568
 0.112281               0.286382
 0.112477               0.288197
 0.112674               0.290011
 0.11287                0.291826
 0.113066               0.29364
 0.113262               0.295455
 0.113458               0.297269
 0.113655               0.299084
 0.113851               0.300898
 0.114047               0.302713
 0.114243               0.304579
 0.114439               0.30647
 0.114636               0.308361
 0.114832               0.310252
 0.115028               0.312143
 0.115224               0.314034
 0.11542                0.315925
 0.115617               0.317816
 0.115813               0.319707
 0.116009               0.321599
 0.116205               0.32349
 0.116401               0.325381
 0.116598               0.327272
 0.116794               0.329163
 0.11699                0.331054
 0.117186               0.332945
 0.117382               0.334836
 0.117579               0.336727
 0.117775               0.338619
 0.117971               0.34051
 0.118167               0.342401
 0.118363               0.344292
 0.11856                0.346183
 0.118756               0.348074
 0.118952               0.349965
 0.119148               0.351856
 0.119344               0.353747
 0.119541               0.355639
 0.119737               0.35753
 0.119933               0.359421
 0.120129               0.361375
 0.120325               0.363538
 0.120522               0.365701
 0.120718               0.367864
 0.120914               0.370027
 0.12111                0.37219
 0.121306               0.374353
 0.121503               0.376516
 0.121699               0.378679
 0.121895               0.380842
 0.122091               0.383005
 0.122287               0.385168
 0.122483               0.387331
 0.12268                0.389494
 0.122876               0.391657
 0.123072               0.39382
 0.123268               0.395983
 0.123464               0.398146
 0.123661               0.400309
 0.123857               0.402472
 0.124053               0.404635
 0.124249               0.406798
 0.124445               0.408961
 0.124642               0.411124
 0.124838               0.413287
 0.125034               0.41545
 0.12523                0.417613
 0.125426               0.419776
 0.125623               0.421939
 0.125819               0.424102
 0.126015               0.426266
 0.126211               0.428429
 0.126407               0.430713
 0.126604               0.433488
 0.1268                 0.436263
 0.126996               0.439038
 0.127192               0.441813
 0.127388               0.444588
 0.127585               0.447363
 0.127781               0.450138
 0.127977               0.452913
 0.128173               0.455688
 0.128369               0.458463
 0.128566               0.461238
 0.128762               0.464013
 0.128958               0.466788
 0.129154               0.469563
 0.12935                0.472338
 0.129547               0.475113
 0.129743               0.477888
 0.129939               0.480663
 0.130135               0.483438
 0.130331               0.486213
 0.130528               0.488988
 0.130724               0.491763
 0.13092                0.494538
 0.131116               0.497313
 0.131312               0.500088
 0.131509               0.502863
 0.131705               0.505638
 0.131901               0.508413
 0.132097               0.511188
 0.132293               0.513963
 0.132489               0.516738
 0.132686               0.519513
 0.132882               0.522288
 0.133078               0.525575
 0.133274               0.529396
 0.13347                0.533217
 0.133667               0.537038
 0.133863               0.540859
 0.134059               0.54468
 0.134255               0.548502
 0.134451               0.552323
 0.134648               0.556144
 0.134844               0.559965
 0.13504                0.563786
 0.135236               0.567607
 0.135432               0.571428
 0.135629               0.57525
 0.135825               0.579071
 0.136021               0.582892
 0.136217               0.586713
 0.136413               0.590534
 0.13661                0.594355
 0.136806               0.598177
 0.137002               0.601998
 0.137198               0.605819
 0.137394               0.60964
 0.137591               0.613461
 0.137787               0.617282
 0.137983               0.621103
 0.138179               0.624925
 0.138375               0.628746
 0.138572               0.632567
 0.138768               0.636388
 0.138964               0.640209
 0.13916                0.64403
 0.139356               0.647851
 0.139553               0.651673
 0.139749               0.655494
 0.139945               0.659337
 0.140141               0.664599
 0.140337               0.669862
 0.140534               0.675124
 0.14073                0.680387
 0.140926               0.68565
 0.141122               0.690912
 0.141318               0.696175
 0.141515               0.701437
 0.141711               0.7067
 0.141907               0.711962
 0.142103               0.717225
 0.142299               0.722488
 0.142495               0.72775
 0.142692               0.733013
 0.142888               0.738275
 0.143084               0.743538
 0.14328                0.748801
 0.143476               0.754063
 0.143673               0.759326
 0.143869               0.764588
 0.144065               0.769851
 0.144261               0.775114
 0.144457               0.780376
 0.144654               0.785639
 0.14485                0.790901
 0.145046               0.796164
 0.145242               0.801427
 0.145438               0.806689
 0.145635               0.811952
 0.145831               0.817214
 0.146027               0.822477
 0.146223               0.82774
 0.146419               0.833002
 0.146616               0.838265
 0.146812               0.843527
 0.147008               0.84879
 0.147204               0.854052
 0.1474                 0.860374
 0.147597               0.867184
 0.147793               0.873993
 0.147989               0.880803
 0.148185               0.887612
 0.148381               0.894422
 0.148578               0.901231
 0.148774               0.90804
 0.14897                0.91485
 0.149166               0.921659
 0.149362               0.928469
 0.149559               0.935278
 0.149755               0.942088
 0.149951               0.948897
 0.150147               0.955706
 0.150343               0.962516
 0.15054                0.969325
 0.150736               0.976135
 0.150932               0.982944
 0.151128               0.989754
 0.151324               0.996563
 0.151521               1.00337
 0.151717               1.01018
 0.151913               1.01699
 0.152109               1.0238
 0.152305               1.03061
 0.152502               1.03742
 0.152698               1.04423
 0.152894               1.05104
 0.15309                1.05785
 0.153286               1.06466
 0.153482               1.07147
 0.153679               1.07828
 0.153875               1.08509
 0.154071               1.0919
 0.154267               1.0987
 0.154463               1.10551
 0.15466                1.11232
 0.154856               1.11913
 0.155052               1.12637
 0.155248               1.13425
 0.155444               1.14214
 0.155641               1.15002
 0.155837               1.1579
 0.156033               1.16578
 0.156229               1.17367
 0.156425               1.18155
 0.156622               1.18943
 0.156818               1.19731
 0.157014               1.2052
 0.15721                1.21308
 0.157406               1.22096
 0.157603               1.22884
 0.157799               1.23672
 0.157995               1.24461
 0.158191               1.25249
 0.158387               1.26037
 0.158584               1.26825
 0.15878                1.27614
 0.158976               1.28402
 0.159172               1.2919
 0.159368               1.29978
 0.159565               1.30766
 0.159761               1.31555
 0.159957               1.32343
 0.160153               1.33131
 0.160349               1.33919
 0.160546               1.34708
 0.160742               1.35496
 0.160938               1.36284
 0.161134               1.37072
 0.16133                1.37861
 0.161527               1.38649
 0.161723               1.39437
 0.161919               1.40225
 0.162115               1.41013
 0.162311               1.41802
 0.162508               1.4259
 0.162704               1.43378
 0.1629                 1.44166
 0.163096               1.44956
 0.163292               1.45763
 0.163488               1.4657
 0.163685               1.47378
 0.163881               1.48185
 0.164077               1.48992
 0.164273               1.498
 0.164469               1.50607
 0.164666               1.51414
 0.164862               1.52222
 0.165058               1.53029
 0.165254               1.53836
 0.16545                1.54644
 0.165647               1.55451
 0.165843               1.56258
 0.166039               1.57066
 0.166235               1.57873
 0.166431               1.5868
 0.166628               1.59488
 0.166824               1.60295
 0.16702                1.61102
 0.167216               1.6191
 0.167412               1.62717
 0.167609               1.63524
 0.167805               1.64332
 0.168001               1.65139
 0.168197               1.65946
 0.168393               1.66754
 0.16859                1.67561
 0.168786               1.68368
 0.168982               1.69176
 0.169178               1.69983
 0.169374               1.7079
 0.169571               1.71598
 0.169767               1.72405
 0.169963               1.73212
 0.170159               1.7402
 0.170355               1.74827
 0.170552               1.75634
 0.170748               1.76442
 0.170944               1.77249
 0.17114                1.78056
 0.171336               1.78864
 0.171533               1.79671
 0.171729               1.8047
 0.171925               1.81261
 0.172121               1.82052
 0.172317               1.82844
 0.172514               1.83635
 0.17271                1.84426
 0.172906               1.85218
 0.173102               1.86009
 0.173298               1.868
 0.173494               1.87592
 0.173691               1.88383
 0.173887               1.89174
 0.174083               1.89966
 0.174279               1.90757
 0.174475               1.91549
 0.174672               1.9234
 0.174868               1.93131
 0.175064               1.93923
 0.17526                1.94714
 0.175456               1.95505
 0.175653               1.96297
 0.175849               1.97088
 0.176045               1.97879
 0.176241               1.98671
 0.176437               1.99462
 0.176634               2.00253
 0.17683                2.01045
 0.177026               2.01836
 0.177222               2.02628
 0.177418               2.03419
 0.177615               2.0421
 0.177811               2.05002
 0.178007               2.05793
 0.178203               2.06584
 0.178399               2.07376
 0.178596               2.08167
 0.178792               2.08958
 0.178988               2.0975
 0.179184               2.10541
 0.17938                2.11332
 0.179577               2.12124
 0.179773               2.12915
 0.179969               2.13706
 0.180165               2.14498
 0.180361               2.15289
 0.180558               2.16081
 0.180754               2.16931
 0.18095                2.17798
 0.181146               2.18664
 0.181342               2.19531
 0.181539               2.20398
 0.181735               2.21265
 0.181931               2.22132
 0.182127               2.22999
 0.182323               2.23866
 0.18252                2.24733
 0.182716               2.256
 0.182912               2.26467
 0.183108               2.27334
 0.183304               2.28201
 0.183501               2.29067
 0.183697               2.29934
 0.183893               2.30801
 0.184089               2.31668
 0.184285               2.32535
 0.184481               2.33402
 0.184678               2.34269
 0.184874               2.35136
 0.18507                2.36003
 0.185266               2.3687
 0.185462               2.37737
 0.185659               2.38604
 0.185855               2.3947
 0.186051               2.40337
 0.186247               2.41204
 0.186443               2.42071
 0.18664                2.42938
 0.186836               2.43805
 0.187032               2.44672
 0.187228               2.45539
 0.187424               2.46406
 0.187621               2.47273
 0.187817               2.4814
 0.188013               2.49007
 0.188209               2.49873
 0.188405               2.5074
 0.188602               2.51607
 0.188798               2.52474
 0.188994               2.53341
 0.18919                2.54208
 0.189386               2.55075
 0.189583               2.55942
 0.189779               2.56809
 0.189975               2.57676
 0.190171               2.58708
 0.190367               2.5985
 0.190564               2.60991
 0.19076                2.62133
 0.190956               2.63275
 0.191152               2.64417
 0.191348               2.65558
 0.191545               2.667
 0.191741               2.67842
 0.191937               2.68984
 0.192133               2.70125
 0.192329               2.71267
 0.192526               2.72409
 0.192722               2.73551
 0.192918               2.74693
 0.193114               2.75834
 0.19331                2.76976
 0.193507               2.78118
 0.193703               2.7926
 0.193899               2.80401
 0.194095               2.81543
 0.194291               2.82685
 0.194487               2.83827
 0.194684               2.84969
 0.19488                2.8611
 0.195076               2.87252
 0.195272               2.88394
 0.195468               2.89536
 0.195665               2.90677
 0.195861               2.91819
 0.196057               2.92961
 0.196253               2.94103
 0.196449               2.95244
 0.196646               2.96386
 0.196842               2.97528
 0.197038               2.9867
 0.197234               2.99812
 0.19743                3.00953
 0.197627               3.02095
 0.197823               3.03237
 0.198019               3.04379
 0.198215               3.0552
 0.198411               3.06662
 0.198608               3.07804
 0.198804               3.08946
 0.199                  3.10087