8.492265221938326955e+07 5.172560616733355820e+07 5.051529557635466456e+08 6.548460106747519970e+07 -1.046785444823495746e+09 -7.254205249277548864e+04 -4.589085141976295412e+07 5.274516374573905021e+07 5.327890950603216334e+04 -2.586180646695601940e+07 2.933049239825283803e+04 -8.579554499352013692e+06 1.657300367345826526e+05 5.172539072078321129e+07 4.870430625737906992e+07 9.013175932115589967e+04 -5.635463342609756364e+04
5.172560616733355820e+07 3.239380883007535711e+07 3.213037128992353082e+08 4.202950340232058614e+07 -6.526640349458005428e+08 -4.544788358900877211e+04 -2.866756120157299936e+07 3.295511081809992343e+07 3.495968431969997619e+04 -1.620305539589695074e+07 1.755344886527446579e+04 -5.377033465544285253e+06 1.076298618793334608e+05 3.239366723159023747e+07 3.159666139156140760e+07 5.620058531819853670e+04 -3.513926065343980736e+04
5.051529557635466456e+08 3.213037128992353082e+08 3.228054741653645515e+09 4.267372775993651748e+08 -6.481295589027199745e+09 -4.509305259879513760e+05 -2.844016578136809468e+08 3.262557400529415011e+08 3.622586441192690982e+05 -1.607784625244263411e+08 1.663252410506549350e+05 -5.351205218406563252e+07 1.104449195061792852e+06 3.213022434644370079e+08 3.239538644017050266e+08 5.551755613604388200e+05 -3.471219854492709856e+05
6.548460106747520715e+07 4.202950340232058614e+07 4.267372775993651748e+08 5.708427361778461188e+07 -8.502118615963138342e+08 -5.900489404475953779e+04 -3.723769791600127518e+07 4.262008704739157110e+07 4.972078252751431864e+04 -2.103405204623467103e+07 2.094396269456399023e+04 -7.028882767712785862e+06 1.498180047874996089e+05 4.202930142163896561e+07 4.387299684033077955e+07 7.233259746196943161e+04 -4.522575666366663063e+04
-1.046785444823495746e+09 -6.526640349458005428e+08 -6.481295589027199745e+09 -8.502118615963138342e+08 1.320072135966449547e+10 9.156943363146082265e+05 5.785677649816703796e+08 -6.639316657592743635e+08 -7.093985481786758173e+05 3.264869866472952366e+08 -3.507864183254489908e+05 1.085715130037333965e+08 -2.180024414367267862e+06 -6.526611609731652737e+08 -6.399489776276106834e+08 -1.131706948240678990e+06 7.075966417855243199e+05
-7.254205249277548864e+04 -4.544788358900877211e+04 -4.509305259879513760e+05 -5.900489404475953779e+04 9.156943363146082265e+05 6.376474217642446263e+01 4.021982777511003951e+04 -4.621274346652533131e+04 -4.909645007372824921e+01 2.273390149114123778e+04 -2.458265441437092136e+01 7.544539738587842294e+03 -1.512002231818178473e+02 -4.544768474260754010e+04 -4.437561804298588686e+04 -7.881957599205217946e+01 4.928172206209163164e+01
-4.589085141976295412e+07 -2.866756120157300308e+07 -2.844016578136809468e+08 -3.723769791600127518e+07 5.785677649816703796e+08 4.021982777511003951e+04 2.539321469184784591e+07 -2.916628444699734077e+07 -3.096409549576810241e+04 1.434055868883911707e+07 -1.546258077514246179e+04 4.763237875292746350e+06 -9.531007650165932137e+04 -2.866743578056631237e+07 -2.797919297337581962e+07 -4.973378760484578379e+04 3.109591325490323288e+04
5.274516374573905021e+07 3.295511081809992343e+07 3.262557400529415607e+08 4.262008704739157110e+07 -6.639316657592743635e+08 -4.621274346652533131e+04 -2.916628444699734077e+07 3.395425237861251831e+07 3.575980306187436508e+04 -1.645761616731676646e+07 1.837441405149305501e+04 -5.467544199939436279e+06 1.084832909108394961e+05 3.295496567971031740e+07 3.199082090676853806e+07 5.757707369320213911e+04 -3.599990620582729753e+04
5.327890950603216334e+04 3.495968431969997619e+04 3.622586441192690982e+05 4.972078252751431864e+04 -7.093985481786758173e+05 -4.909645007372824921e+01 -3.096409549576810241e+04 3.575980306187436508e+04 4.766927514364393659e+01 -1.746000190315650252e+04 1.685482139981700911e+01 -5.883424617863946878e+03 1.367276870998501579e+02 3.495948989973358402e+04 3.971433891211831360e+04 5.996303053223482493e+01 -3.749171912556710851e+01
-2.586180646695601940e+07 -1.620305539589695074e+07 -1.607784625244263411e+08 -2.103405204623467103e+07 3.264869866472952366e+08 2.273390149114123778e+04 1.434055868883911707e+07 -1.645761616731676459e+07 -1.746000190315650252e+04 8.106594754790282808e+06 -8.732246902301270893e+03 2.689933551965705119e+06 -5.386971424104861217e+04 -1.620298469570357166e+07 -1.580682934640767612e+07 -2.808710963271203218e+04 1.756138767590408315e+04
2.933049239825283803e+04 1.755344886527446579e+04 1.663252410506549350e+05 2.094396269456399023e+04 -3.507864183254489908e+05 -2.458265441437092136e+01 -1.546258077514246179e+04 1.837441405149305501e+04 1.685482139981700911e+01 -8.732246902301270893e+03 1.187217161488158723e+01 -2.871419828708238128e+03 5.186409275790299489e+01 1.755338066042665741e+04 1.541253293964311888e+04 3.118747271653384701e+01 -1.949988112585467803e+01
-8.579554499352013692e+06 -5.377033465544285253e+06 -5.351205218406563252e+07 -7.028882767712785862e+06 1.085715130037333965e+08 7.544539738587842294e+03 4.763237875292745419e+06 -5.467544199939436279e+06 -5.883424617863946878e+03 2.689933551965705119e+06 -2.871419828708238128e+03 8.943022613043846795e+05 -1.805589252574914281e+04 -5.377009623969418928e+06 -5.299562041560746729e+06 -9.317415871171217077e+03 5.825688523702319799e+03
1.657300367345826526e+05 1.076298618793334608e+05 1.104449195061792852e+06 1.498180047874996089e+05 -2.180024414367267862e+06 -1.512002231818178473e+02 -9.531007650165932137e+04 1.084832909108394961e+05 1.367276870998501579e+02 -5.386971424104861217e+04 5.186409275790299489e+01 -1.805589252574914281e+04 4.062643295160559092e+02 1.076293063355635386e+05 1.178019025483719743e+05 1.837398270679620111e+02 -1.148828190881559408e+02
5.172539072078321129e+07 3.239366723159023747e+07 3.213022434644370079e+08 4.202930142163896561e+07 -6.526611609731652737e+08 -4.544768474260754010e+04 -2.866743578056631237e+07 3.295496567971031368e+07 3.495948989973358402e+04 -1.620298469570357166e+07 1.755338066042665741e+04 -5.377009623969418928e+06 1.076293063355635386e+05 3.239352563389861956e+07 3.159649983720156550e+07 5.620034227936883690e+04 -3.513910869408319559e+04
4.870430625737906992e+07 3.159666139156140760e+07 3.239538644017050862e+08 4.387299684033077955e+07 -6.399489776276106834e+08 -4.437561804298588686e+04 -2.797919297337581962e+07 3.199082090676853806e+07 3.971433891211831360e+04 -1.580682934640767612e+07 1.541253293964311888e+04 -5.299562041560746729e+06 1.178019025483719597e+05 3.159649983720156923e+07 3.436810078522635251e+07 5.411856390473216743e+04 -3.383748251857495052e+04
9.013175932115589967e+04 5.620058531819854397e+04 5.551755613604388200e+05 7.233259746196943161e+04 -1.131706948240678757e+06 -7.881957599205217946e+01 -4.973378760484579107e+04 5.757707369320213911e+04 5.996303053223482493e+01 -2.808710963271203218e+04 3.118747271653384701e+01 -9.317415871171217077e+03 1.837398270679620111e+02 5.620034227936883690e+04 5.411856390473216743e+04 9.798944972352548177e+01 -6.126763263455043784e+01
-5.635463342609756364e+04 -3.513926065343980736e+04 -3.471219854492709273e+05 -4.522575666366663063e+04 7.075966417855243199e+05 4.928172206209163164e+01 3.109591325490323652e+04 -3.599990620582729753e+04 -3.749171912556710851e+01 1.756138767590408679e+04 -1.949988112585467803e+01 5.825688523702319799e+03 -1.148828190881559408e+02 -3.513910869408319559e+04 -3.383748251857495052e+04 -6.126763263455043784e+01 3.830741798462236858e+01
