nan nan nan nan nan nan nan nan nan nan nan nan nan nan nan nan nan
nan nan nan nan nan nan nan nan nan nan nan nan nan nan nan nan nan
nan nan nan nan nan nan nan nan nan nan nan nan nan nan nan nan nan
nan nan nan 8.084441718431282043e+07 -1.205797083632835627e+09 -8.362493148786280653e+04 -5.255739859741169959e+07 5.692905833663578331e+07 1.409977547673638037e+05 -3.003785819285376742e+07 1.513278961599598188e+04 -9.930136423652175814e+06 1.194326957659809559e+05 5.935386161343456060e+07 6.209483311841566861e+07 -1.303707527062613517e+05 -6.377734168191928620e+04
nan nan nan -1.205797083632835627e+09 1.848155871400667191e+10 1.281676654026837787e+06 8.063786514636251926e+08 -8.734510964278800488e+08 -2.030100694267582614e+06 4.605842857499396205e+08 -2.434233472969619033e+05 1.517547810349475145e+08 -1.746113895284208236e+06 -9.102390003542678356e+08 -9.119264728210479021e+08 1.979915786620546132e+06 9.834364683390608989e+05
nan nan nan -8.362493148786280653e+04 1.281676654026837787e+06 8.909772468580858629e+01 5.599879312243963795e+04 -6.067408101529226406e+04 -1.403218094962315661e+02 3.201930456850841438e+04 -1.697675856879390466e+01 1.053553521287260810e+04 -1.209737099622290089e+02 -6.327625761490610603e+04 -6.318465721430444682e+04 1.374708960741257613e+02 6.836952543344578714e+01
nan nan nan -5.255739859741169959e+07 8.063786514636251926e+08 5.599879312243964523e+04 3.521641188603142649e+07 -3.815628768166381866e+07 -8.814250111334666144e+04 2.012499159987085685e+07 -1.066784252661641403e+04 6.625228325252071954e+06 -7.595767798761477752e+04 -3.977142741035331041e+07 -3.968476791604836285e+07 8.641711007623348269e+04 4.298666807666214299e+04
nan nan nan 5.692905833663578331e+07 -8.734510964278800488e+08 -6.067408101529226406e+04 -3.815628768166381866e+07 4.187090006841431558e+07 9.688761578133962757e+04 -2.178173043780798092e+07 1.185411582292605635e+04 -7.177166000543825328e+06 8.212264669176153257e+04 4.311068593823329359e+07 4.300785891562201083e+07 -9.439440077356836991e+04 -4.684950597586656659e+04
nan nan nan 1.409977547673638037e+05 -2.030100694267582614e+06 -1.403218094962315661e+02 -8.814250111334666144e+04 9.688761578133962757e+04 2.704451199315314511e+02 -5.027441449149804248e+04 2.479394779684504613e+01 -1.674487555776643421e+04 2.178576558409342852e+02 9.954956445231480757e+04 1.118572320493720617e+05 -2.256989028528761594e+02 -1.067399440678589144e+02
nan nan nan -3.003785819285376742e+07 4.605842857499395609e+08 3.201930456850841438e+04 2.012499159987085685e+07 -2.178173043780798092e+07 -5.027441449149804248e+04 1.150835472756172158e+07 -6.089397768132287638e+03 3.786017887319491245e+06 -4.342185334148304537e+04 -2.273945499754451960e+07 -2.268072445577066764e+07 4.935678628699308319e+04 2.456226616999353791e+04
nan nan nan 1.513278961599598188e+04 -2.434233472969619033e+05 -1.697675856879390466e+01 -1.066784252661641403e+04 1.185411582292605635e+04 2.479394779684504613e+01 -6.089397768132287638e+03 3.723575916257315210e+00 -1.993009301798212391e+03 2.123350082610249245e+01 1.207769439602886087e+04 1.120463080889433877e+04 -2.622635831790655914e+01 -1.329357439793695939e+01
nan nan nan -9.930136423652175814e+06 1.517547810349475145e+08 1.053553521287260810e+04 6.625228325252071954e+06 -7.177166000543826260e+06 -1.674487555776643421e+04 3.786017887319491245e+06 -1.993009301798212391e+03 1.247181211752511561e+06 -1.439594885119193350e+04 -7.481851544950382784e+06 -7.516896134943216108e+06 1.628026852711446736e+04 8.079740755975518368e+03
nan nan nan 1.194326957659809559e+05 -1.746113895284208236e+06 -1.209737099622290231e+02 -7.595767798761477752e+04 8.212264669176153257e+04 2.178576558409342852e+02 -4.342185334148304537e+04 2.123350082610249245e+01 -1.439594885119193350e+04 1.818032117787228685e+02 8.580139989697771671e+04 9.350720752491465828e+04 -1.905444515282477482e+02 -9.161887992060373165e+01
nan nan nan 5.935386161343456060e+07 -9.102390003542679548e+08 -6.327625761490610603e+04 -3.977142741035331041e+07 4.311068593823329359e+07 9.954956445231480757e+04 -2.273945499754451960e+07 1.207769439602886087e+04 -7.481851544950382784e+06 8.580139989697771671e+04 4.493980328242713958e+07 4.482707863614957780e+07 -9.763813033683164394e+04 -4.857332676081501268e+04
nan nan nan 6.209483311841566861e+07 -9.119264728210479021e+08 -6.318465721430444682e+04 -3.968476791604836285e+07 4.300785891562201828e+07 1.118572320493720617e+05 -2.268072445577066764e+07 1.120463080889434059e+04 -7.516896134943216108e+06 9.350720752491465828e+04 4.482707863614957780e+07 4.836203964493434131e+07 -9.932729383938730462e+04 -4.798960095730460307e+04
nan nan nan -1.303707527062613663e+05 1.979915786620546132e+06 1.374708960741257613e+02 8.641711007623348269e+04 -9.439440077356836991e+04 -2.256989028528761594e+02 4.935678628699308319e+04 -2.622635831790655914e+01 1.628026852711446736e+04 -1.905444515282477482e+02 -9.763813033683164394e+04 -9.932729383938731917e+04 2.144285297341712919e+02 1.056737757481053848e+02
nan nan nan -6.377734168191928620e+04 9.834364683390607825e+05 6.836952543344578714e+01 4.298666807666214299e+04 -4.684950597586656659e+04 -1.067399440678589144e+02 2.456226616999353791e+04 -1.329357439793695939e+01 8.079740755975518368e+03 -9.161887992060373165e+01 -4.857332676081501268e+04 -4.798960095730460307e+04 1.056737757481053848e+02 5.269242671465283934e+01
