  k [h/Mpc]    inverse covariance [h/Mpc]^5
-----------  ------------------------------
 0.003                          5.50643e-05
 0.0031962                      5.6986e-05
 0.00339239                     5.8904e-05
 0.00358859                     6.08253e-05
 0.00378478                     6.27562e-05
 0.00398098                     6.47018e-05
 0.00417718                     6.66651e-05
 0.00437337                     6.86494e-05
 0.00456957                     7.06582e-05
 0.00476577                     7.26941e-05
 0.00496196                     7.47636e-05
 0.00515816                     7.68632e-05
 0.00535435                     7.8999e-05
 0.00555055                     8.11678e-05
 0.00574675                     8.33803e-05
 0.00594294                     8.56312e-05
 0.00613914                     8.79225e-05
 0.00633534                     9.0262e-05
 0.00653153                     9.26462e-05
 0.00672773                     9.50756e-05
 0.00692392                     9.75525e-05
 0.00712012                     0.000100079
 0.00731632                     0.000102659
 0.00751251                     0.000105292
 0.00770871                     0.000107982
 0.0079049                      0.000110729
 0.0081011                      0.000113535
 0.0082973                      0.000116402
 0.00849349                     0.00011933
 0.00868969                     0.000122322
 0.00888589                     0.000125378
 0.00908208                     0.000128501
 0.00927828                     0.00013169
 0.00947447                     0.000134946
 0.00967067                     0.000138289
 0.00986687                     0.000141707
 0.0100631                      0.000145197
 0.0102593                      0.000148758
 0.0104555                      0.000152401
 0.0106517                      0.000156144
 0.0108478                      0.00015996
 0.011044                       0.000163847
 0.0112402                      0.00016785
 0.0114364                      0.000171941
 0.0116326                      0.000176104
 0.0118288                      0.000180388
 0.012025                       0.00018477
 0.0122212                      0.000189221
 0.0124174                      0.000193824
 0.0126136                      0.00019851
 0.0128098                      0.000203289
 0.013006                       0.000208222
 0.0132022                      0.000213217
 0.0133984                      0.000218383
 0.0135946                      0.000223638
 0.0137908                      0.000229019
 0.013987                       0.000234547
 0.0141832                      0.000240158
 0.0143794                      0.000245971
 0.0145756                      0.000251829
 0.0147718                      0.00025794
 0.014968                       0.000264074
 0.0151642                      0.000270482
 0.0153604                      0.000276914
 0.0155566                      0.00028363
 0.0157528                      0.000290367
 0.0159489                      0.000297414
 0.0161451                      0.000304461
 0.0163413                      0.000311867
 0.0165375                      0.000319273
 0.0167337                      0.00032702
 0.0169299                      0.000334814
 0.0171261                      0.000342904
 0.0173223                      0.000351116
 0.0175185                      0.000359543
 0.0177147                      0.000368206
 0.0179109                      0.000376963
 0.0181071                      0.000386115
 0.0183033                      0.000395266
 0.0184995                      0.000404865
 0.0186957                      0.000414545
 0.0188919                      0.000424479
 0.0190881                      0.000434735
 0.0192843                      0.000444991
 0.0194805                      0.000455855
 0.0196767                      0.000466736
 0.0198729                      0.000477919
 0.0200691                      0.000489485
 0.0202653                      0.00050105
 0.0204615                      0.000513246
 0.0206577                      0.000525559
 0.0208539                      0.000538019
 0.0210501                      0.00055115
 0.0212462                      0.000564281
 0.0214424                      0.000577811
 0.0216386                      0.00059183
 0.0218348                      0.000605849
 0.022031                       0.000620492
 0.0222272                      0.000635477
 0.0224234                      0.000650462
 0.0226196                      0.000666258
 0.0228158                      0.000682294
 0.023012                       0.000698331
 0.0232082                      0.000715312
 0.0234044                      0.000732497
 0.0236006                      0.000749682
 0.0237968                      0.00076787
 0.023993                       0.000786311
 0.0241892                      0.000804752
 0.0243854                      0.000824151
 0.0245816                      0.000843969
 0.0247778                      0.000863787
 0.024974                       0.000884383
 0.0251702                      0.000905714
 0.0253664                      0.000927045
 0.0255626                      0.000948793
 0.0257588                      0.000971791
 0.025955                       0.000994789
 0.0261512                      0.00101779
 0.0263473                      0.00104244
 0.0265435                      0.00106727
 0.0267397                      0.0010921
 0.0269359                      0.00111787
 0.0271321                      0.00114471
 0.0273283                      0.00117154
 0.0275245                      0.00119837
 0.0277207                      0.00122727
 0.0279169                      0.00125628
 0.0281131                      0.0012853
 0.0283093                      0.0013151
 0.0285055                      0.00134648
 0.0287017                      0.00137787
 0.0288979                      0.00140926
 0.0290941                      0.00144227
 0.0292903                      0.00147624
 0.0294865                      0.00151022
 0.0296827                      0.00154419
 0.0298789                      0.00158049
 0.0300751                      0.00161728
 0.0302713                      0.00165408
 0.0304675                      0.00169087
 0.0306637                      0.0017305
 0.0308599                      0.00177036
 0.0310561                      0.00181022
 0.0312523                      0.00185008
 0.0314484                      0.00189303
 0.0316446                      0.00193623
 0.0318408                      0.00197943
 0.032037                       0.00202263
 0.0322332                      0.0020688
 0.0324294                      0.00211563
 0.0326256                      0.00216246
 0.0328218                      0.00220929
 0.033018                       0.00225852
 0.0332142                      0.00230929
 0.0334104                      0.00236005
 0.0336066                      0.00241082
 0.0338028                      0.00246282
 0.033999                       0.00251783
 0.0341952                      0.00257284
 0.0343914                      0.00262784
 0.0345876                      0.00268285
 0.0347838                      0.0027418
 0.03498                        0.00280136
 0.0351762                      0.00286092
 0.0353724                      0.00292049
 0.0355686                      0.00298162
 0.0357648                      0.00304605
 0.035961                       0.00311048
 0.0361572                      0.00317491
 0.0363534                      0.00323933
 0.0365495                      0.0033072
 0.0367457                      0.0033768
 0.0369419                      0.00344641
 0.0371381                      0.00351602
 0.0373343                      0.00358563
 0.0375305                      0.00366007
 0.0377267                      0.00373514
 0.0379229                      0.00381022
 0.0381191                      0.00388529
 0.0383153                      0.00396037
 0.0385115                      0.00404107
 0.0387077                      0.00412188
 0.0389039                      0.0042027
 0.0391001                      0.00428351
 0.0392963                      0.00436432
 0.0394925                      0.0044508
 0.0396887                      0.00453757
 0.0398849                      0.00462434
 0.0400811                      0.00471111
 0.0402773                      0.00479787
 0.0404735                      0.00488951
 0.0406697                      0.0049824
 0.0408659                      0.00507529
 0.0410621                      0.00516818
 0.0412583                      0.00526107
 0.0414545                      0.00535712
 0.0416507                      0.00545629
 0.0418468                      0.00555546
 0.042043                       0.00565463
 0.0422392                      0.00575379
 0.0424354                      0.00585345
 0.0426316                      0.00595907
 0.0428278                      0.00606469
 0.043024                       0.0061703
 0.0432202                      0.00627592
 0.0434164                      0.00638153
 0.0436126                      0.00649049
 0.0438088                      0.00660267
 0.044005                       0.00671485
 0.0442012                      0.00682703
 0.0443974                      0.00693921
 0.0445936                      0.00705139
 0.0447898                      0.00716884
 0.044986                       0.00728763
 0.0451822                      0.00740641
 0.0453784                      0.0075252
 0.0455746                      0.00764398
 0.0457708                      0.00776277
 0.045967                       0.00788774
 0.0461632                      0.00801309
 0.0463594                      0.00813845
 0.0465556                      0.0082638
 0.0467518                      0.00838915
 0.0469479                      0.00851451
 0.0471441                      0.00864586
 0.0473403                      0.00877764
 0.0475365                      0.00890941
 0.0477327                      0.00904119
 0.0479289                      0.00917297
 0.0481251                      0.00930475
 0.0483213                      0.00944142
 0.0485175                      0.00957955
 0.0487137                      0.00971768
 0.0489099                      0.00985581
 0.0491061                      0.00999394
 0.0493023                      0.0101321
 0.0494985                      0.0102731
 0.0496947                      0.0104176
 0.0498909                      0.0105621
 0.0500871                      0.0107066
 0.0502833                      0.0108512
 0.0504795                      0.0109957
 0.0506757                      0.0111402
 0.0508719                      0.011291
 0.0510681                      0.011442
 0.0512643                      0.011593
 0.0514605                      0.011744
 0.0516567                      0.011895
 0.0518529                      0.012046
 0.052049                       0.0121991
 0.0522452                      0.0123566
 0.0524414                      0.0125142
 0.0526376                      0.0126717
 0.0528338                      0.0128293
 0.05303                        0.0129868
 0.0532262                      0.0131444
 0.0534224                      0.0133053
 0.0536186                      0.0134698
 0.0538148                      0.0136342
 0.054011                       0.0137987
 0.0542072                      0.0139631
 0.0544034                      0.0141276
 0.0545996                      0.014292
 0.0547958                      0.0144601
 0.054992                       0.014632
 0.0551882                      0.0148039
 0.0553844                      0.0149757
 0.0555806                      0.0151476
 0.0557768                      0.0153195
 0.055973                       0.0154914
 0.0561692                      0.0156658
 0.0563654                      0.0158459
 0.0565616                      0.016026
 0.0567578                      0.0162061
 0.056954                       0.0163862
 0.0571502                      0.0165663
 0.0573463                      0.0167463
 0.0575425                      0.0169264
 0.0577387                      0.0171154
 0.0579349                      0.0173049
 0.0581311                      0.0174943
 0.0583273                      0.0176837
 0.0585235                      0.0178731
 0.0587197                      0.0180626
 0.0589159                      0.018252
 0.0591121                      0.0184458
 0.0593083                      0.0186462
 0.0595045                      0.0188466
 0.0597007                      0.019047
 0.0598969                      0.0192473
 0.0600931                      0.0194477
 0.0602893                      0.0196481
 0.0604855                      0.0198485
 0.0606817                      0.0200573
 0.0608779                      0.0202706
 0.0610741                      0.0204839
 0.0612703                      0.0206973
 0.0614665                      0.0209106
 0.0616627                      0.0211239
 0.0618589                      0.0213372
 0.0620551                      0.0215505
 0.0622513                      0.0217748
 0.0624474                      0.0220037
 0.0626436                      0.0222325
 0.0628398                      0.0224614
 0.063036                       0.0226902
 0.0632322                      0.0229191
 0.0634284                      0.0231479
 0.0636246                      0.0233767
 0.0638208                      0.023616
 0.064017                       0.0238635
 0.0642132                      0.0241111
 0.0644094                      0.0243586
 0.0646056                      0.0246062
 0.0648018                      0.0248537
 0.064998                       0.0251013
 0.0651942                      0.0253488
 0.0653904                      0.0256008
 0.0655866                      0.0258709
 0.0657828                      0.0261411
 0.065979                       0.0264112
 0.0661752                      0.0266813
 0.0663714                      0.0269515
 0.0665676                      0.0272216
 0.0667638                      0.0274918
 0.06696                        0.0277619
 0.0671562                      0.028049
 0.0673524                      0.0283465
 0.0675485                      0.028644
 0.0677447                      0.0289415
 0.0679409                      0.029239
 0.0681371                      0.0295365
 0.0683333                      0.029834
 0.0685295                      0.0301314
 0.0687257                      0.0304289
 0.0689219                      0.0307534
 0.0691181                      0.0310838
 0.0693143                      0.0314142
 0.0695105                      0.0317446
 0.0697067                      0.0320749
 0.0699029                      0.0324053
 0.0700991                      0.0327357
 0.0702953                      0.0330661
 0.0704915                      0.0333964
 0.0706877                      0.0337582
 0.0708839                      0.034128
 0.0710801                      0.0344978
 0.0712763                      0.0348675
 0.0714725                      0.0352373
 0.0716687                      0.0356071
 0.0718649                      0.0359768
 0.0720611                      0.0363466
 0.0722573                      0.0367164
 0.0724535                      0.0371116
 0.0726496                      0.0375282
 0.0728458                      0.0379448
 0.073042                       0.0383614
 0.0732382                      0.0387781
 0.0734344                      0.0391947
 0.0736306                      0.0396113
 0.0738268                      0.0400279
 0.074023                       0.0404446
 0.0742192                      0.0408639
 0.0744154                      0.0413361
 0.0746116                      0.0418084
 0.0748078                      0.0422806
 0.075004                       0.0427529
 0.0752002                      0.0432251
 0.0753964                      0.0436974
 0.0755926                      0.0441696
 0.0757888                      0.0446419
 0.075985                       0.0451141
 0.0761812                      0.0456067
 0.0763774                      0.0461446
 0.0765736                      0.0466825
 0.0767698                      0.0472204
 0.076966                       0.0477583
 0.0771622                      0.0482962
 0.0773584                      0.0488341
 0.0775546                      0.049372
 0.0777508                      0.0499099
 0.0779469                      0.0504478
 0.0781431                      0.05101
 0.0783393                      0.0516241
 0.0785355                      0.0522381
 0.0787317                      0.0528522
 0.0789279                      0.0534662
 0.0791241                      0.0540802
 0.0793203                      0.0546943
 0.0795165                      0.0553083
 0.0797127                      0.0559223
 0.0799089                      0.0565364
 0.0801051                      0.0571569
 0.0803013                      0.0578584
 0.0804975                      0.05856
 0.0806937                      0.0592615
 0.0808899                      0.0599631
 0.0810861                      0.0606646
 0.0812823                      0.0613662
 0.0814785                      0.0620678
 0.0816747                      0.0627693
 0.0818709                      0.0634709
 0.0820671                      0.0641724
 0.0822633                      0.0649301
 0.0824595                      0.0657311
 0.0826557                      0.0665322
 0.0828519                      0.0673332
 0.083048                       0.0681343
 0.0832442                      0.0689353
 0.0834404                      0.0697364
 0.0836366                      0.0705374
 0.0838328                      0.0713385
 0.084029                       0.0721395
 0.0842252                      0.0729406
 0.0844214                      0.0738284
 0.0846176                      0.0747403
 0.0848138                      0.0756521
 0.08501                        0.076564
 0.0852062                      0.0774759
 0.0854024                      0.0783878
 0.0855986                      0.0792997
 0.0857948                      0.0802116
 0.085991                       0.0811235
 0.0861872                      0.0820354
 0.0863834                      0.0829473
 0.0865796                      0.0839467
 0.0867758                      0.0849795
 0.086972                       0.0860122
 0.0871682                      0.087045
 0.0873644                      0.0880778
 0.0875606                      0.0891105
 0.0877568                      0.0901433
 0.087953                       0.091176
 0.0881491                      0.0922088
 0.0883453                      0.0932415
 0.0885415                      0.0942743
 0.0887377                      0.0953557
 0.0889339                      0.0965164
 0.0891301                      0.0976771
 0.0893263                      0.0988377
 0.0895225                      0.0999984
 0.0897187                      0.101159
 0.0899149                      0.10232
 0.0901111                      0.10348
 0.0903073                      0.104641
 0.0905035                      0.105802
 0.0906997                      0.106962
 0.0908959                      0.108123
 0.0910921                      0.109381
 0.0912883                      0.110672
 0.0914845                      0.111963
 0.0916807                      0.113254
 0.0918769                      0.114545
 0.0920731                      0.115836
 0.0922693                      0.117127
 0.0924655                      0.118418
 0.0926617                      0.119709
 0.0928579                      0.121
 0.0930541                      0.122291
 0.0932503                      0.123582
 0.0934464                      0.124975
 0.0936426                      0.126393
 0.0938388                      0.127811
 0.094035                       0.129229
 0.0942312                      0.130647
 0.0944274                      0.132065
 0.0946236                      0.133483
 0.0948198                      0.134901
 0.095016                       0.136319
 0.0952122                      0.137736
 0.0954084                      0.139154
 0.0956046                      0.140572
 0.0958008                      0.142057
 0.095997                       0.143592
 0.0961932                      0.145127
 0.0963894                      0.146662
 0.0965856                      0.148197
 0.0967818                      0.149732
 0.096978                       0.151267
 0.0971742                      0.152802
 0.0973704                      0.154337
 0.0975666                      0.155872
 0.0977628                      0.157407
 0.097959                       0.158942
 0.0981552                      0.160478
 0.0983514                      0.162112
 0.0985475                      0.163746
 0.0987437                      0.16538
 0.0989399                      0.167013
 0.0991361                      0.168647
 0.0993323                      0.170281
 0.0995285                      0.171914
 0.0997247                      0.173548
 0.0999209                      0.175182
 0.100117                       0.176816
 0.100313                       0.178449
 0.10051                        0.180083
 0.100706                       0.181727
 0.100902                       0.183437
 0.101098                       0.185146
 0.101294                       0.186856
 0.10149                        0.188566
 0.101687                       0.190276
 0.101883                       0.191986
 0.102079                       0.193696
 0.102275                       0.195405
 0.102471                       0.197115
 0.102668                       0.198825
 0.102864                       0.200535
 0.10306                        0.202245
 0.103256                       0.203955
 0.103452                       0.205711
 0.103649                       0.207472
 0.103845                       0.209233
 0.104041                       0.210994
 0.104237                       0.212755
 0.104433                       0.214515
 0.10463                        0.216276
 0.104826                       0.218037
 0.105022                       0.219798
 0.105218                       0.221559
 0.105414                       0.22332
 0.105611                       0.225081
 0.105807                       0.226841
 0.106003                       0.228614
 0.106199                       0.230405
 0.106395                       0.232197
 0.106592                       0.233989
 0.106788                       0.235781
 0.106984                       0.237572
 0.10718                        0.239364
 0.107376                       0.241156
 0.107573                       0.242948
 0.107769                       0.24474
 0.107965                       0.246531
 0.108161                       0.248323
 0.108357                       0.250115
 0.108554                       0.251907
 0.10875                        0.253705
 0.108946                       0.255513
 0.109142                       0.25732
 0.109338                       0.259127
 0.109535                       0.260934
 0.109731                       0.262742
 0.109927                       0.264549
 0.110123                       0.266356
 0.110319                       0.268163
 0.110516                       0.269971
 0.110712                       0.271778
 0.110908                       0.273585
 0.111104                       0.275392
 0.1113                         0.2772
 0.111496                       0.27901
 0.111693                       0.280834
 0.111889                       0.282659
 0.112085                       0.284483
 0.112281                       0.286307
 0.112477                       0.288131
 0.112674                       0.289955
 0.11287                        0.291779
 0.113066                       0.293603
 0.113262                       0.295428
 0.113458                       0.297252
 0.113655                       0.299076
 0.113851                       0.3009
 0.114047                       0.302724
 0.114243                       0.304548
 0.114439                       0.306392
 0.114636                       0.308251
 0.114832                       0.31011
 0.115028                       0.311968
 0.115224                       0.313827
 0.11542                        0.315686
 0.115617                       0.317544
 0.115813                       0.319403
 0.116009                       0.321262
 0.116205                       0.32312
 0.116401                       0.324979
 0.116598                       0.326838
 0.116794                       0.328696
 0.11699                        0.330555
 0.117186                       0.332414
 0.117382                       0.334315
 0.117579                       0.336248
 0.117775                       0.338181
 0.117971                       0.340114
 0.118167                       0.342047
 0.118363                       0.34398
 0.11856                        0.345912
 0.118756                       0.347845
 0.118952                       0.349778
 0.119148                       0.351711
 0.119344                       0.353644
 0.119541                       0.355577
 0.119737                       0.35751
 0.119933                       0.359443
 0.120129                       0.361376
 0.120325                       0.363334
 0.120522                       0.365402
 0.120718                       0.367471
 0.120914                       0.369539
 0.12111                        0.371608
 0.121306                       0.373677
 0.121503                       0.375745
 0.121699                       0.377814
 0.121895                       0.379882
 0.122091                       0.381951
 0.122287                       0.384019
 0.122483                       0.386088
 0.12268                        0.388157
 0.122876                       0.390225
 0.123072                       0.392294
 0.123268                       0.394362
 0.123464                       0.396516
 0.123661                       0.398798
 0.123857                       0.401079
 0.124053                       0.403361
 0.124249                       0.405642
 0.124445                       0.407924
 0.124642                       0.410205
 0.124838                       0.412487
 0.125034                       0.414768
 0.12523                        0.41705
 0.125426                       0.419331
 0.125623                       0.421613
 0.125819                       0.423894
 0.126015                       0.426176
 0.126211                       0.428458
 0.126407                       0.430739
 0.126604                       0.433085
 0.1268                         0.435673
 0.126996                       0.438262
 0.127192                       0.44085
 0.127388                       0.443439
 0.127585                       0.446027
 0.127781                       0.448616
 0.127977                       0.451205
 0.128173                       0.453793
 0.128369                       0.456382
 0.128566                       0.45897
 0.128762                       0.461559
 0.128958                       0.464148
 0.129154                       0.466736
 0.12935                        0.469325
 0.129547                       0.471913
 0.129743                       0.474502
 0.129939                       0.477339
 0.130135                       0.480342
 0.130331                       0.483345
 0.130528                       0.486348
 0.130724                       0.489351
 0.13092                        0.492354
 0.131116                       0.495357
 0.131312                       0.49836
 0.131509                       0.501363
 0.131705                       0.504366
 0.131901                       0.507369
 0.132097                       0.510372
 0.132293                       0.513375
 0.132489                       0.516377
 0.132686                       0.51938
 0.132882                       0.522383
 0.133078                       0.525386
 0.133274                       0.528687
 0.13347                        0.532217
 0.133667                       0.535748
 0.133863                       0.539279
 0.134059                       0.54281
 0.134255                       0.546341
 0.134451                       0.549872
 0.134648                       0.553403
 0.134844                       0.556934
 0.13504                        0.560465
 0.135236                       0.563996
 0.135432                       0.567527
 0.135629                       0.571057
 0.135825                       0.574588
 0.136021                       0.578119
 0.136217                       0.58165
 0.136413                       0.585181
 0.13661                        0.588768
 0.136806                       0.592935
 0.137002                       0.597101
 0.137198                       0.601268
 0.137394                       0.605435
 0.137591                       0.609602
 0.137787                       0.613769
 0.137983                       0.617936
 0.138179                       0.622102
 0.138375                       0.626269
 0.138572                       0.630436
 0.138768                       0.634603
 0.138964                       0.63877
 0.13916                        0.642936
 0.139356                       0.647103
 0.139553                       0.65127
 0.139749                       0.655437
 0.139945                       0.659604
 0.140141                       0.663889
 0.140337                       0.668786
 0.140534                       0.673683
 0.14073                        0.67858
 0.140926                       0.683477
 0.141122                       0.688373
 0.141318                       0.69327
 0.141515                       0.698167
 0.141711                       0.703064
 0.141907                       0.707961
 0.142103                       0.712858
 0.142299                       0.717754
 0.142495                       0.722651
 0.142692                       0.727548
 0.142888                       0.732445
 0.143084                       0.737342
 0.14328                        0.742239
 0.143476                       0.747135
 0.143673                       0.752032
 0.143869                       0.757542
 0.144065                       0.763228
 0.144261                       0.768915
 0.144457                       0.774601
 0.144654                       0.780288
 0.14485                        0.785974
 0.145046                       0.79166
 0.145242                       0.797347
 0.145438                       0.803033
 0.145635                       0.80872
 0.145831                       0.814406
 0.146027                       0.820093
 0.146223                       0.825779
 0.146419                       0.831465
 0.146616                       0.837152
 0.146812                       0.842838
 0.147008                       0.848525
 0.147204                       0.854211
 0.1474                         0.859897
 0.147597                       0.866307
 0.147793                       0.872782
 0.147989                       0.879258
 0.148185                       0.885734
 0.148381                       0.892209
 0.148578                       0.898685
 0.148774                       0.90516
 0.14897                        0.911636
 0.149166                       0.918112
 0.149362                       0.924587
 0.149559                       0.931063
 0.149755                       0.937538
 0.149951                       0.944014
 0.150147                       0.950489
 0.150343                       0.956965
 0.15054                        0.963441
 0.150736                       0.969916
 0.150932                       0.976392
 0.151128                       0.982867
 0.151324                       0.989748
 0.151521                       0.996934
 0.151717                       1.00412
 0.151913                       1.01131
 0.152109                       1.01849
 0.152305                       1.02568
 0.152502                       1.03286
 0.152698                       1.04005
 0.152894                       1.04723
 0.15309                        1.05442
 0.153286                       1.06161
 0.153482                       1.06879
 0.153679                       1.07598
 0.153875                       1.08316
 0.154071                       1.09035
 0.154267                       1.09754
 0.154463                       1.10472
 0.15466                        1.11191
 0.154856                       1.11909
 0.155052                       1.12628
 0.155248                       1.13386
 0.155444                       1.14159
 0.155641                       1.14933
 0.155837                       1.15706
 0.156033                       1.16479
 0.156229                       1.17252
 0.156425                       1.18025
 0.156622                       1.18799
 0.156818                       1.19572
 0.157014                       1.20345
 0.15721                        1.21118
 0.157406                       1.21891
 0.157603                       1.22665
 0.157799                       1.23438
 0.157995                       1.24211
 0.158191                       1.24984
 0.158387                       1.25757
 0.158584                       1.26531
 0.15878                        1.27304
 0.158976                       1.28077
 0.159172                       1.28862
 0.159368                       1.29667
 0.159565                       1.30471
 0.159761                       1.31276
 0.159957                       1.32081
 0.160153                       1.32886
 0.160349                       1.33691
 0.160546                       1.34496
 0.160742                       1.353
 0.160938                       1.36105
 0.161134                       1.3691
 0.16133                        1.37715
 0.161527                       1.3852
 0.161723                       1.39324
 0.161919                       1.40129
 0.162115                       1.40934
 0.162311                       1.41739
 0.162508                       1.42544
 0.162704                       1.43348
 0.1629                         1.44153
 0.163096                       1.44958
 0.163292                       1.45767
 0.163488                       1.46579
 0.163685                       1.47391
 0.163881                       1.48204
 0.164077                       1.49016
 0.164273                       1.49829
 0.164469                       1.50641
 0.164666                       1.51454
 0.164862                       1.52266
 0.165058                       1.53078
 0.165254                       1.53891
 0.16545                        1.54703
 0.165647                       1.55516
 0.165843                       1.56328
 0.166039                       1.57141
 0.166235                       1.57953
 0.166431                       1.58765
 0.166628                       1.59578
 0.166824                       1.6039
 0.16702                        1.61203
 0.167216                       1.62015
 0.167412                       1.62827
 0.167609                       1.63629
 0.167805                       1.64431
 0.168001                       1.65233
 0.168197                       1.66035
 0.168393                       1.66837
 0.16859                        1.67639
 0.168786                       1.68441
 0.168982                       1.69243
 0.169178                       1.70045
 0.169374                       1.70847
 0.169571                       1.71649
 0.169767                       1.72451
 0.169963                       1.73253
 0.170159                       1.74055
 0.170355                       1.74857
 0.170552                       1.75659
 0.170748                       1.76461
 0.170944                       1.77263
 0.17114                        1.78065
 0.171336                       1.78867
 0.171533                       1.7967
 0.171729                       1.8047
 0.171925                       1.81261
 0.172121                       1.82051
 0.172317                       1.82841
 0.172514                       1.83632
 0.17271                        1.84422
 0.172906                       1.85212
 0.173102                       1.86002
 0.173298                       1.86793
 0.173494                       1.87583
 0.173691                       1.88373
 0.173887                       1.89164
 0.174083                       1.89954
 0.174279                       1.90744
 0.174475                       1.91535
 0.174672                       1.92325
 0.174868                       1.93115
 0.175064                       1.93906
 0.17526                        1.94696
 0.175456                       1.95486
 0.175653                       1.96277
 0.175849                       1.97067
 0.176045                       1.97857
 0.176241                       1.98649
 0.176437                       1.99441
 0.176634                       2.00234
 0.17683                        2.01026
 0.177026                       2.01819
 0.177222                       2.02611
 0.177418                       2.03404
 0.177615                       2.04196
 0.177811                       2.04989
 0.178007                       2.05781
 0.178203                       2.06573
 0.178399                       2.07366
 0.178596                       2.08158
 0.178792                       2.08951
 0.178988                       2.09743
 0.179184                       2.10536
 0.17938                        2.11328
 0.179577                       2.12121
 0.179773                       2.12913
 0.179969                       2.13706
 0.180165                       2.14498
 0.180361                       2.15291
 0.180558                       2.16083
 0.180754                       2.16891
 0.18095                        2.17717
 0.181146                       2.18543
 0.181342                       2.19369
 0.181539                       2.20195
 0.181735                       2.21021
 0.181931                       2.21847
 0.182127                       2.22673
 0.182323                       2.23499
 0.18252                        2.24325
 0.182716                       2.25152
 0.182912                       2.25978
 0.183108                       2.26804
 0.183304                       2.2763
 0.183501                       2.28456
 0.183697                       2.29282
 0.183893                       2.30108
 0.184089                       2.30934
 0.184285                       2.3176
 0.184481                       2.32586
 0.184678                       2.33412
 0.184874                       2.34238
 0.18507                        2.35064
 0.185266                       2.3589
 0.185462                       2.36778
 0.185659                       2.37686
 0.185855                       2.38595
 0.186051                       2.39503
 0.186247                       2.40411
 0.186443                       2.4132
 0.18664                        2.42228
 0.186836                       2.43136
 0.187032                       2.44044
 0.187228                       2.44953
 0.187424                       2.45861
 0.187621                       2.46769
 0.187817                       2.47678
 0.188013                       2.48586
 0.188209                       2.49494
 0.188405                       2.50403
 0.188602                       2.51311
 0.188798                       2.52219
 0.188994                       2.53127
 0.18919                        2.54036
 0.189386                       2.54944
 0.189583                       2.55852
 0.189779                       2.56761
 0.189975                       2.57669
 0.190171                       2.58637
 0.190367                       2.59684
 0.190564                       2.60731
 0.19076                        2.61777
 0.190956                       2.62824
 0.191152                       2.6387
 0.191348                       2.64917
 0.191545                       2.65963
 0.191741                       2.6701
 0.191937                       2.68056
 0.192133                       2.69103
 0.192329                       2.70149
 0.192526                       2.71196
 0.192722                       2.72242
 0.192918                       2.73289
 0.193114                       2.74336
 0.19331                        2.75382
 0.193507                       2.76429
 0.193703                       2.77475
 0.193899                       2.78522
 0.194095                       2.79568
 0.194291                       2.80615
 0.194487                       2.81661
 0.194684                       2.82708
 0.19488                        2.83754
 0.195076                       2.84894
 0.195272                       2.86129
 0.195468                       2.87365
 0.195665                       2.88601
 0.195861                       2.89837
 0.196057                       2.91072
 0.196253                       2.92308
 0.196449                       2.93544
 0.196646                       2.9478
 0.196842                       2.96015
 0.197038                       2.97251
 0.197234                       2.98487
 0.19743                        2.99723
 0.197627                       3.00958
 0.197823                       3.02194
 0.198019                       3.0343
 0.198215                       3.04666
 0.198411                       3.05901
 0.198608                       3.07137
 0.198804                       3.08373
 0.199                          3.09609