#           k/h    P           
   0.347046E-05   0.164610E+02
   0.376955E-05   0.178327E+02
   0.409443E-05   0.193188E+02
   0.444730E-05   0.209288E+02
   0.483058E-05   0.226729E+02
   0.524690E-05   0.245623E+02
   0.569909E-05   0.266092E+02
   0.619026E-05   0.288267E+02
   0.672376E-05   0.312290E+02
   0.730323E-05   0.338315E+02
   0.793265E-05   0.366508E+02
   0.861631E-05   0.397051E+02
   0.935890E-05   0.430139E+02
   0.101655E-04   0.465985E+02
   0.110416E-04   0.504817E+02
   0.119932E-04   0.546886E+02
   0.130268E-04   0.592461E+02
   0.141495E-04   0.641833E+02
   0.153689E-04   0.695320E+02
   0.166935E-04   0.753263E+02
   0.181322E-04   0.816036E+02
   0.196949E-04   0.884039E+02
   0.213922E-04   0.957709E+02
   0.232359E-04   0.103752E+03
   0.252384E-04   0.112398E+03
   0.274136E-04   0.121764E+03
   0.297762E-04   0.131911E+03
   0.323424E-04   0.142903E+03
   0.351298E-04   0.154811E+03
   0.381574E-04   0.167711E+03
   0.414459E-04   0.181686E+03
   0.450178E-04   0.196826E+03
   0.488976E-04   0.213226E+03
   0.531118E-04   0.230993E+03
   0.576891E-04   0.250240E+03
   0.626610E-04   0.271089E+03
   0.680613E-04   0.293676E+03
   0.739271E-04   0.318142E+03
   0.802984E-04   0.344646E+03
   0.872187E-04   0.373357E+03
   0.947356E-04   0.404456E+03
   0.102900E-03   0.438144E+03
   0.111768E-03   0.474634E+03
   0.121401E-03   0.514159E+03
   0.131864E-03   0.556970E+03
   0.143228E-03   0.603338E+03
   0.155572E-03   0.653557E+03
   0.168980E-03   0.707944E+03
   0.183543E-03   0.766843E+03
   0.199362E-03   0.830623E+03
   0.216543E-03   0.899685E+03
   0.235206E-03   0.974459E+03
   0.255476E-03   0.105541E+04
   0.277494E-03   0.114304E+04
   0.301410E-03   0.123788E+04
   0.327386E-03   0.134051E+04
   0.355601E-03   0.145156E+04
   0.386248E-03   0.157169E+04
   0.419536E-03   0.170161E+04
   0.455694E-03   0.184208E+04
   0.494967E-03   0.199393E+04
   0.537625E-03   0.215800E+04
   0.583959E-03   0.233522E+04
   0.634286E-03   0.252658E+04
   0.688951E-03   0.273309E+04
   0.748328E-03   0.295585E+04
   0.812821E-03   0.319601E+04
   0.882873E-03   0.345475E+04
   0.958962E-03   0.373334E+04
   0.104161E-02   0.403307E+04
   0.113138E-02   0.435527E+04
   0.122888E-02   0.470129E+04
   0.133479E-02   0.507252E+04
   0.144983E-02   0.547032E+04
   0.157478E-02   0.589606E+04
   0.171050E-02   0.635104E+04
   0.185792E-02   0.683653E+04
   0.201804E-02   0.735366E+04
   0.219196E-02   0.790345E+04
   0.238087E-02   0.848675E+04
   0.258606E-02   0.910418E+04
   0.280894E-02   0.975608E+04
   0.305102E-02   0.104425E+05
   0.331397E-02   0.111630E+05
   0.359958E-02   0.119167E+05
   0.390980E-02   0.127023E+05
   0.424676E-02   0.135177E+05
   0.461276E-02   0.143602E+05
   0.501031E-02   0.152262E+05
   0.544211E-02   0.161112E+05
   0.591113E-02   0.170098E+05
   0.642057E-02   0.179154E+05
   0.697392E-02   0.188202E+05
   0.757496E-02   0.197151E+05
   0.822779E-02   0.205896E+05
   0.893689E-02   0.214318E+05
   0.970710E-02   0.222281E+05
   0.105437E-01   0.229636E+05
   0.114524E-01   0.236217E+05
   0.124394E-01   0.241846E+05
   0.135115E-01   0.246334E+05
   0.146759E-01   0.249485E+05
   0.159407E-01   0.251104E+05
   0.173146E-01   0.251007E+05
   0.187574E-01   0.249126E+05
   0.202003E-01   0.245720E+05
   0.216432E-01   0.241067E+05
   0.230861E-01   0.235421E+05
   0.245290E-01   0.229015E+05
   0.259718E-01   0.222058E+05
   0.274147E-01   0.214739E+05
   0.288576E-01   0.207221E+05
   0.303005E-01   0.199650E+05
   0.317434E-01   0.192145E+05
   0.331862E-01   0.184810E+05
   0.346291E-01   0.177726E+05
   0.360720E-01   0.170956E+05
   0.375149E-01   0.164549E+05
   0.389578E-01   0.158536E+05
   0.404007E-01   0.152938E+05
   0.418435E-01   0.147761E+05
   0.432864E-01   0.143004E+05
   0.447293E-01   0.138656E+05
   0.461722E-01   0.134698E+05
   0.476151E-01   0.131108E+05
   0.490579E-01   0.127857E+05
   0.505008E-01   0.124914E+05
   0.519437E-01   0.122245E+05
   0.533866E-01   0.119816E+05
   0.548295E-01   0.117589E+05
   0.562723E-01   0.115529E+05
   0.577152E-01   0.113601E+05
   0.591581E-01   0.111771E+05
   0.606010E-01   0.110007E+05
   0.620439E-01   0.108279E+05
   0.634867E-01   0.106561E+05
   0.649296E-01   0.104830E+05
   0.663725E-01   0.103067E+05
   0.678154E-01   0.101256E+05
   0.692583E-01   0.993855E+04
   0.707011E-01   0.974483E+04
   0.721440E-01   0.954412E+04
   0.735869E-01   0.933642E+04
   0.750298E-01   0.912217E+04
   0.764727E-01   0.890204E+04
   0.779155E-01   0.867699E+04
   0.793584E-01   0.844821E+04
   0.808013E-01   0.821706E+04
   0.822442E-01   0.798501E+04
   0.836871E-01   0.775359E+04
   0.851299E-01   0.752434E+04
   0.865728E-01   0.729876E+04
   0.880157E-01   0.707829E+04
   0.894586E-01   0.686425E+04
   0.909015E-01   0.665783E+04
   0.927057E-01   0.641196E+04
   0.945099E-01   0.618119E+04
   0.963141E-01   0.596669E+04
   0.981183E-01   0.576918E+04
   0.999225E-01   0.558893E+04
   0.101727E+00   0.542579E+04
   0.103531E+00   0.527928E+04
   0.105335E+00   0.514853E+04
   0.107139E+00   0.503242E+04
   0.108944E+00   0.492958E+04
   0.110748E+00   0.483847E+04
   0.112552E+00   0.475737E+04
   0.114356E+00   0.468461E+04
   0.116160E+00   0.461835E+04
   0.117965E+00   0.455672E+04
   0.119769E+00   0.449793E+04
   0.121573E+00   0.444034E+04
   0.123377E+00   0.438251E+04
   0.125181E+00   0.432319E+04
   0.126986E+00   0.426137E+04
   0.128790E+00   0.419624E+04
   0.130594E+00   0.412724E+04
   0.132398E+00   0.405402E+04
   0.134203E+00   0.397649E+04
   0.136007E+00   0.389481E+04
   0.137811E+00   0.380937E+04
   0.139615E+00   0.372079E+04
   0.141419E+00   0.362986E+04
   0.143224E+00   0.353743E+04
   0.145028E+00   0.344439E+04
   0.146832E+00   0.335167E+04
   0.148636E+00   0.326016E+04
   0.150440E+00   0.317067E+04
   0.152245E+00   0.308399E+04
   0.154049E+00   0.300082E+04
   0.155853E+00   0.292178E+04
   0.157657E+00   0.284733E+04
   0.159461E+00   0.277780E+04
   0.161266E+00   0.271338E+04
   0.163070E+00   0.265411E+04
   0.164874E+00   0.259993E+04
   0.166678E+00   0.255062E+04
   0.168483E+00   0.250595E+04
   0.170287E+00   0.246558E+04
   0.172091E+00   0.242907E+04
   0.173895E+00   0.239598E+04
   0.175699E+00   0.236578E+04
   0.177504E+00   0.233794E+04
   0.179308E+00   0.231188E+04
   0.181112E+00   0.228704E+04
   0.182916E+00   0.226290E+04
   0.184720E+00   0.223895E+04
   0.186525E+00   0.221479E+04
   0.188329E+00   0.219005E+04
   0.190133E+00   0.216441E+04
   0.191937E+00   0.213763E+04
   0.193741E+00   0.210955E+04
   0.195546E+00   0.208007E+04
   0.197350E+00   0.204918E+04
   0.199154E+00   0.201691E+04
   0.200958E+00   0.198341E+04
   0.202763E+00   0.194886E+04
   0.204567E+00   0.191349E+04
   0.206371E+00   0.187756E+04
   0.208175E+00   0.184134E+04
   0.209979E+00   0.180513E+04
   0.211784E+00   0.176920E+04
   0.213588E+00   0.173382E+04
   0.215392E+00   0.169924E+04
   0.217196E+00   0.166571E+04
   0.219000E+00   0.163344E+04
   0.220805E+00   0.160259E+04
   0.222609E+00   0.157329E+04
   0.224413E+00   0.154562E+04
   0.226217E+00   0.151962E+04
   0.228021E+00   0.149529E+04
   0.229826E+00   0.147258E+04
   0.231630E+00   0.145145E+04
   0.233434E+00   0.143180E+04
   0.235238E+00   0.141352E+04
   0.237043E+00   0.139646E+04
   0.238847E+00   0.138048E+04
   0.240651E+00   0.136540E+04
   0.242455E+00   0.135103E+04
   0.244259E+00   0.133722E+04
   0.246064E+00   0.132377E+04
   0.247868E+00   0.131055E+04
   0.249672E+00   0.129741E+04
   0.251476E+00   0.128422E+04
   0.253280E+00   0.127086E+04
   0.255085E+00   0.125726E+04
   0.256889E+00   0.124333E+04
   0.258693E+00   0.122903E+04
   0.260497E+00   0.121434E+04
   0.262301E+00   0.119926E+04
   0.264106E+00   0.118381E+04
   0.265910E+00   0.116804E+04
   0.267714E+00   0.115201E+04
   0.269518E+00   0.113579E+04
   0.271323E+00   0.111945E+04
   0.273127E+00   0.110307E+04
   0.274931E+00   0.108675E+04
   0.276735E+00   0.107056E+04
   0.278539E+00   0.105459E+04
   0.280344E+00   0.103893E+04
   0.282148E+00   0.102366E+04
   0.283952E+00   0.100882E+04
   0.285756E+00   0.994481E+03
   0.287560E+00   0.980671E+03
   0.289365E+00   0.967414E+03
   0.291169E+00   0.954724E+03
   0.292973E+00   0.942604E+03
   0.294777E+00   0.931047E+03
   0.296581E+00   0.920035E+03
   0.298386E+00   0.909543E+03
   0.300190E+00   0.899532E+03
   0.301994E+00   0.889959E+03
   0.303798E+00   0.880771E+03
   0.305603E+00   0.871914E+03
   0.307407E+00   0.863332E+03
   0.309211E+00   0.854975E+03
   0.311015E+00   0.846790E+03
   0.312819E+00   0.838728E+03
   0.314624E+00   0.830746E+03
   0.316428E+00   0.822801E+03
   0.318232E+00   0.814855E+03
   0.320036E+00   0.806878E+03
   0.321840E+00   0.798845E+03
   0.323645E+00   0.790741E+03
   0.325449E+00   0.782560E+03
   0.327253E+00   0.774302E+03
   0.329057E+00   0.765974E+03
   0.330861E+00   0.757585E+03
   0.332666E+00   0.749150E+03
   0.334470E+00   0.740688E+03
   0.336274E+00   0.732219E+03
   0.338078E+00   0.723767E+03
   0.339883E+00   0.715359E+03
   0.341687E+00   0.707022E+03
   0.343491E+00   0.698784E+03
   0.345295E+00   0.690670E+03
   0.347099E+00   0.682702E+03
   0.348904E+00   0.674899E+03
   0.350708E+00   0.667275E+03
   0.352512E+00   0.659843E+03
   0.354316E+00   0.652611E+03
   0.356120E+00   0.645587E+03
   0.357925E+00   0.638774E+03
   0.359729E+00   0.632170E+03
   0.361533E+00   0.625772E+03
   0.363337E+00   0.619571E+03
   0.365141E+00   0.613555E+03
   0.366946E+00   0.607709E+03
   0.368750E+00   0.602020E+03
   0.370554E+00   0.596470E+03
   0.372358E+00   0.591044E+03
   0.374163E+00   0.585727E+03
   0.375967E+00   0.580503E+03
   0.377771E+00   0.575355E+03
   0.379575E+00   0.570267E+03
   0.381379E+00   0.565226E+03
   0.383184E+00   0.560216E+03
   0.384988E+00   0.555229E+03
   0.386792E+00   0.550258E+03
   0.388596E+00   0.545295E+03
   0.390400E+00   0.540339E+03
   0.392205E+00   0.535388E+03
   0.394009E+00   0.530442E+03
   0.395813E+00   0.525502E+03
   0.397617E+00   0.520569E+03
   0.399421E+00   0.515649E+03
   0.401226E+00   0.510748E+03
   0.403030E+00   0.505872E+03
   0.404834E+00   0.501030E+03
   0.406638E+00   0.496230E+03
   0.408442E+00   0.491480E+03
   0.410247E+00   0.486786E+03
   0.412051E+00   0.482155E+03
   0.413855E+00   0.477592E+03
   0.415659E+00   0.473101E+03
   0.417464E+00   0.468689E+03
   0.419268E+00   0.464357E+03
   0.421072E+00   0.460110E+03
   0.422876E+00   0.455950E+03
   0.424680E+00   0.451875E+03
   0.426485E+00   0.447884E+03
   0.428289E+00   0.443975E+03
   0.430093E+00   0.440143E+03
   0.431897E+00   0.436387E+03
   0.433701E+00   0.432700E+03
   0.435506E+00   0.429081E+03
   0.437310E+00   0.425523E+03
   0.439114E+00   0.422022E+03
   0.440918E+00   0.418573E+03
   0.442722E+00   0.415169E+03
   0.444527E+00   0.411805E+03
   0.446331E+00   0.408476E+03
   0.448135E+00   0.405178E+03
   0.449939E+00   0.401907E+03
   0.451744E+00   0.398662E+03
   0.453548E+00   0.395440E+03
   0.455352E+00   0.392239E+03
   0.457156E+00   0.389058E+03
   0.458960E+00   0.385894E+03
   0.460765E+00   0.382748E+03
   0.462569E+00   0.379620E+03
   0.464373E+00   0.376511E+03
   0.466177E+00   0.373423E+03
   0.467981E+00   0.370357E+03
   0.469786E+00   0.367317E+03
   0.471590E+00   0.364303E+03
   0.473394E+00   0.361317E+03
   0.475198E+00   0.358361E+03
   0.477003E+00   0.355436E+03
   0.478807E+00   0.352544E+03
   0.480611E+00   0.349687E+03
   0.482415E+00   0.346867E+03
   0.484219E+00   0.344086E+03
   0.486024E+00   0.341343E+03
   0.487828E+00   0.338640E+03
   0.489632E+00   0.335976E+03
   0.491436E+00   0.333350E+03
   0.493240E+00   0.330763E+03
   0.495045E+00   0.328212E+03
   0.496849E+00   0.325698E+03
   0.498653E+00   0.323220E+03
   0.500457E+00   0.320776E+03
   0.502261E+00   0.318366E+03
   0.504066E+00   0.315986E+03
   0.505870E+00   0.313635E+03
   0.507674E+00   0.311311E+03
   0.509478E+00   0.309013E+03
   0.511283E+00   0.306738E+03
   0.513087E+00   0.304486E+03
   0.514891E+00   0.302256E+03
   0.516695E+00   0.300046E+03
   0.518499E+00   0.297856E+03
   0.520304E+00   0.295684E+03
   0.522108E+00   0.293529E+03
   0.523912E+00   0.291391E+03
   0.525716E+00   0.289269E+03
   0.527520E+00   0.287163E+03
   0.529325E+00   0.285073E+03
   0.531129E+00   0.283001E+03
   0.532933E+00   0.280946E+03
   0.534737E+00   0.278908E+03
   0.536541E+00   0.276888E+03
   0.538346E+00   0.274884E+03
   0.540150E+00   0.272899E+03
   0.541954E+00   0.270932E+03
   0.543758E+00   0.268985E+03
   0.545563E+00   0.267057E+03
   0.547367E+00   0.265150E+03
   0.549171E+00   0.263263E+03
   0.550975E+00   0.261397E+03
   0.552779E+00   0.259552E+03
   0.554584E+00   0.257726E+03
   0.556388E+00   0.255921E+03
   0.558192E+00   0.254136E+03
   0.559996E+00   0.252371E+03
   0.561800E+00   0.250627E+03
   0.563605E+00   0.248902E+03
   0.565409E+00   0.247197E+03
   0.567213E+00   0.245510E+03
   0.569017E+00   0.243841E+03
   0.570821E+00   0.242189E+03
   0.572626E+00   0.240554E+03
   0.577575E+00   0.236151E+03
   0.585175E+00   0.229606E+03
   0.592874E+00   0.223210E+03
   0.600675E+00   0.216957E+03
   0.608579E+00   0.210849E+03
   0.616586E+00   0.204901E+03
   0.624699E+00   0.199119E+03
   0.632919E+00   0.193508E+03
   0.641246E+00   0.188057E+03
   0.649684E+00   0.182756E+03
   0.700132E+00   0.154963E+03
   0.754497E+00   0.131226E+03
   0.813084E+00   0.110967E+03
   0.876220E+00   0.937075E+02
   0.944258E+00   0.790314E+02
   0.101758E+01   0.665728E+02
   0.109660E+01   0.560099E+02
   0.118175E+01   0.470684E+02
   0.127351E+01   0.395110E+02
   0.137240E+01   0.331307E+02
   0.147896E+01   0.277520E+02
   0.159380E+01   0.232229E+02
   0.171756E+01   0.194142E+02
   0.185093E+01   0.162147E+02
   0.199466E+01   0.135303E+02
   0.214954E+01   0.112803E+02
   0.231645E+01   0.939644E+01
   0.249633E+01   0.782072E+01
   0.269017E+01   0.650405E+01
   0.289906E+01   0.540484E+01
   0.312417E+01   0.448804E+01
   0.336676E+01   0.372403E+01
   0.362819E+01   0.308790E+01
   0.390992E+01   0.255868E+01
   0.421353E+01   0.211875E+01
   0.454071E+01   0.175333E+01
   0.489329E+01   0.145003E+01
   0.527326E+01   0.119846E+01
   0.568273E+01   0.989956E+00
   0.612399E+01   0.817256E+00
   0.659952E+01   0.674309E+00
   0.711197E+01   0.556062E+00
   0.766422E+01   0.458309E+00
   0.825935E+01   0.377548E+00
   0.890068E+01   0.310862E+00
   0.959182E+01   0.255831E+00
   0.103366E+02   0.210442E+00
   0.111393E+02   0.173025E+00
   0.120042E+02   0.142198E+00
   0.129364E+02   0.116812E+00
   0.139409E+02   0.959166E-01
   0.150234E+02   0.787261E-01
   0.161899E+02   0.645903E-01
   0.174471E+02   0.529715E-01
   0.188019E+02   0.434259E-01
   0.202618E+02   0.355867E-01
   0.218352E+02   0.291518E-01
   0.235307E+02   0.238717E-01
   0.253578E+02   0.195409E-01
   0.273269E+02   0.159902E-01
   0.294488E+02   0.130801E-01
   0.317355E+02   0.106959E-01
   0.341998E+02   0.874333E-02
   0.368554E+02   0.714481E-02
   0.397172E+02   0.583660E-02
   0.428012E+02   0.476633E-02
   0.461247E+02   0.389103E-02
   0.497063E+02   0.317542E-02
   0.535660E+02   0.259055E-02
   0.577254E+02   0.211270E-02
   0.622078E+02   0.172239E-02
   0.670383E+02   0.140371E-02
   0.722438E+02   0.114358E-02
   0.778535E+02   0.931309E-03
   0.838988E+02   0.758150E-03
   0.904136E+02   0.616940E-03
   0.974342E+02   0.501820E-03
   0.105000E+03   0.408000E-03
