0.0000316227766017	51.8043696702   
0.0000319889510969	52.3850279224   
0.000032359365693 	52.9721948427   
0.0000327340694879	53.5659453319   
0.0000331131121483	54.1663532029   
0.0000334965439158	54.7734923205   
0.0000338844156139	55.3874373924   
0.0000342767786546	56.0082639836   
0.0000346736850453	56.6360485281   
0.0000350751873953	57.2708683414   
0.0000354813389234	57.9128016702   
0.0000358921934645	58.5619281104   
0.000036307805477 	59.2183285      
0.0000367282300498	59.8820846708   
0.0000371535229097	60.5532794609   
0.0000375837404288	61.2319967314   
0.0000380189396321	61.9183213841   
0.0000384591782045	62.6123393809   
0.0000389045144994	63.3141377989   
0.0000393550075456	64.0238048538   
0.0000398107170553	64.7414298847   
0.0000402717034325	65.4671033724   
0.0000407380277804	66.2009169604   
0.0000412097519097	66.9429634764   
0.000041686938347 	67.6933369253   
0.0000421696503429	68.4521303264   
0.0000426579518802	69.2194340402   
0.0000431519076828	69.9953389136   
0.000043651583224 	70.779936622    
0.0000441570447353	71.5733196717   
0.0000446683592151	72.3755814026   
0.0000451855944375	73.1868159935   
0.0000457088189615	74.0071206793   
0.0000462381021399	74.8365999167   
0.0000467735141287	75.6753606872   
0.0000473151258961	76.52351152     
0.0000478630092323	77.3811625272   
0.0000484172367584	78.2484254407   
0.0000489778819368	79.1254136493   
0.0000495450190805	80.0122411673   
0.0000501187233627	80.9090185218   
0.0000506990708275	81.8158560347   
0.0000512861383991	82.7328652802   
0.0000518800038929	83.6601591025   
0.000052480746025 	84.5978516334   
0.0000530884444231	85.5460583094   
0.000053703179637 	86.5048956683   
0.0000543250331492	87.4744796946   
0.0000549540873858	88.4549266388   
0.000055590425727 	89.4463539035   
0.000056234132519 	90.4488800591   
0.0000568852930844	91.462624853    
0.0000575439937337	92.4877092186   
0.0000582103217771	93.5242556707   
0.0000588843655356	94.572394234    
0.0000595662143529	95.6322617507   
0.0000602559586074	96.7039972845   
0.000060953689724 	97.7877420328   
0.0000616595001861	98.88363938     
0.0000623734835482	99.9918349513   
0.000063095734448 	101.112476452   
0.0000638263486191	102.245705446   
0.0000645654229035	103.39165418    
0.0000653130552647	104.55045521    
0.0000660693448008	105.722242099   
0.0000668343917569	106.907149402   
0.0000676082975392	108.105312666   
0.0000683911647281	109.316868449   
0.0000691830970919	110.541959913   
0.0000699841996002	111.780743593   
0.0000707945784384	113.03337977    
0.0000716143410213	114.300031085   
0.0000724435960075	115.580862596   
0.0000732824533139	116.876041835   
0.0000741310241301	118.185738867   
0.0000749894209332	119.510124047   
0.0000758577575029	120.849361941   
0.0000767361489362	122.203617229   
0.0000776247116629	123.573056468   
0.000078523563461 	124.957848115   
0.0000794328234724	126.358162554   
0.0000803526122186	127.774172123   
0.0000812830516164	129.206050612   
0.0000822242649947	130.653970463   
0.0000831763771103	132.118104621   
0.0000841395141645	133.598627719   
0.0000851138038202	135.095716099   
0.0000860993752185	136.609547824   
0.0000870963589956	138.140302686   
0.0000881048873008	139.688163055   
0.0000891250938134	141.253322496   
0.0000901571137606	142.835982995   
0.0000912010839356	144.436349578   
0.0000922571427155	146.054630295   
0.0000933254300797	147.691036287   
0.0000944060876286	149.345781863   
0.0000954992586021	151.019084157   
0.000096605087899 	152.711153826   
0.0000977237220956	154.422194263   
0.0000988553094657	156.152410464   
0.0001            	157.902009447   
0.000101157945426 	159.671200274   
0.000102329299228 	161.460194061   
0.000103514216668 	163.269204024   
0.000104712854805 	165.098447497   
0.000105925372518 	166.948147375   
0.000107151930524 	168.81852936    
0.000108392691402 	170.70982171    
0.000109647819614 	172.62225527    
0.000110917481526 	174.556063511   
0.00011220184543  	176.51148257    
0.000113501081567 	178.488752675   
0.00011481536215  	180.488120653   
0.000116144861384 	182.509837104   
0.000117489755494 	184.554155873   
0.000118850222744 	186.621334114   
0.000120226443462 	188.711632352   
0.000121618600065 	190.825314552   
0.000123026877081 	192.962647242   
0.000124451461177 	195.123896118   
0.000125892541179 	197.309328893   
0.000127350308102 	199.519216527   
0.000128824955169 	201.753833272   
0.000130316677845 	204.013456736   
0.000131825673856 	206.298367931   
0.000133352143216 	208.608850428   
0.000134896288259 	210.945183909   
0.000136458313659 	213.307647488   
0.00013803842646  	215.696523046   
0.000139636836106 	218.112095274   
0.000141253754462 	220.554651698   
0.000142889395851 	223.0244827     
0.000144543977075 	225.521881945   
0.000146217717446 	228.047152272   
0.000147910838817 	230.600604841   
0.000149623565609 	233.182554729   
0.000151356124844 	235.79332087    
0.000153108746168 	238.433226123   
0.000154881661891 	241.102597336   
0.000156675107011 	243.801765436   
0.000158489319246 	246.531065962   
0.000160324539069 	249.290839313   
0.000162181009736 	252.081430286   
0.00016405897732  	254.903188129   
0.000165958690744 	257.756466618   
0.000167880401812 	260.641624152   
0.000169824365246 	263.559023777   
0.000171790838716 	266.509024768   
0.000173780082875 	269.491973062   
0.000175792361396 	272.508215558   
0.000177827941004 	275.558102142   
0.000179887091513 	278.641985688   
0.000181970085861 	281.760222062   
0.000184077200147 	284.913170122   
0.000186208713666 	288.101200115   
0.000188364908949 	291.324714897   
0.000190546071796 	294.584129228   
0.000192752491319 	297.879864068   
0.000194984459976 	301.212346726   
0.000197242273611 	304.582011019   
0.000199526231497 	307.989297427   
0.000201836636368 	311.434646411   
0.000204173794467 	314.918464094   
0.000206538015581 	318.441145327   
0.000208929613085 	322.003087721   
0.000211348903984 	325.60469164    
0.00021379620895  	329.246360162   
0.000216271852373 	332.928499048   
0.000218776162395 	336.65152006    
0.000221309470961 	340.415873904   
0.000223872113857 	344.222038688   
0.000226464430759 	348.070499792   
0.000229086765277 	351.96174974    
0.000231739464997 	355.896288378   
0.000234422881532 	359.874623045   
0.000237137370566 	363.897267486   
0.000239883291902 	367.964715114   
0.000242661009508 	372.077437672   
0.000245470891569 	376.235909924   
0.00024831331053  	380.440610728   
0.000251188643151 	384.692023049   
0.000254097270555 	388.990633958   
0.000257039578277 	393.336934763   
0.000260015956317 	397.731428325   
0.00026302679919  	402.174633911   
0.00026607250598  	406.667077314   
0.000269153480393 	411.20928996    
0.000272270130808 	415.801808975   
0.000275422870334 	420.445177261   
0.000278612116863 	425.139943569   
0.000281838293126 	429.886665109   
0.00028510182675  	434.685911878   
0.000288403150313 	439.538261654   
0.0002917427014   	444.444299128   
0.000295120922667 	449.404616013   
0.000298538261892 	454.419811173   
0.00030199517204  	459.490490742   
0.000305492111322 	464.61726594    
0.000309029543251 	469.800745076   
0.000312607936712 	475.041540386   
0.000316227766017 	480.340270779   
0.000319889510969 	485.697561928   
0.00032359365693  	491.114046364   
0.000327340694879 	496.590363566   
0.000331131121483 	502.127158575   
0.000334965439158 	507.725071926   
0.000338844156139 	513.384745078   
0.000342767786546 	519.106825464   
0.000346736850453 	524.891966565   
0.000350751873953 	530.740827947   
0.000354813389234 	536.654075305   
0.000358921934645 	542.63238117    
0.00036307805477  	548.676434154   
0.000367282300498 	554.786937353   
0.000371535229097 	560.964601639   
0.000375837404288 	567.210145585   
0.000380189396321 	573.524295573   
0.000384591782045 	579.907785903   
0.000389045144994 	586.361358453   
0.000393550075456 	592.885747993   
0.000398107170553 	599.481677819   
0.000402717034325 	606.149876024   
0.000407380277804 	612.891076554   
0.000412097519097 	619.706019202   
0.00041686938347  	626.595449611   
0.000421696503429 	633.56011946    
0.000426579518802 	640.600810575   
0.000431519076828 	647.718360558   
0.00043651583224  	654.913623675   
0.000441570447353 	662.187465818   
0.000446683592151 	669.540764769   
0.000451855944375 	676.974410476   
0.000457088189615 	684.48930533    
0.000462381021399 	692.086336015   
0.000467735141287 	699.76630565    
0.000473151258961 	707.530002374   
0.000478630092323 	715.378217501   
0.000484172367584 	723.311745355   
0.000489778819368 	731.331383092   
0.000495450190805 	739.437930505   
0.000501187233627 	747.632203711   
0.000506990708275 	755.915101498   
0.000512861383991 	764.287559519   
0.000518800038929 	772.750524123   
0.00052480746025  	781.304952516   
0.000530884444231 	789.951812954   
0.00053703179637  	798.692084943   
0.000543250331492 	807.52675724    
0.000549540873858 	816.456807423   
0.00055590425727  	825.483209826   
0.00056234132519  	834.60694796    
0.000568852930844 	843.829014775   
0.000575439937337 	853.15041276    
0.000582103217771 	862.572154051   
0.000588843655356 	872.095258954   
0.000595662143529 	881.72072454    
0.000602559586074 	891.449524057   
0.00060953689724  	901.282634884   
0.000616595001861 	911.221039557   
0.000623734835482 	921.265725653   
0.00063095734448  	931.417685661   
0.000638263486191 	941.677917385   
0.000645654229035 	952.04745355    
0.000653130552647 	962.527379741   
0.000660693448008 	973.118795241   
0.000668343917569 	983.82280953    
0.000676082975392 	994.640542405   
0.000683911647281 	1005.57312409   
0.000691830970919 	1016.62169537   
0.000699841996002 	1027.78740259   
0.000707945784384 	1039.07138981   
0.000716143410213 	1050.47480877   
0.000724435960075 	1061.99882085   
0.000732824533139 	1073.64459711   
0.000741310241301 	1085.41331839   
0.000749894209332 	1097.30617537   
0.000758577575029 	1109.324356     
0.000767361489362 	1121.46900328   
0.000776247116629 	1133.7412512    
0.00078523563461  	1146.14223794   
0.000794328234724 	1158.67310567   
0.000803526122186 	1171.33500041   
0.000812830516164 	1184.12907172   
0.000822242649947 	1197.05648287   
0.000831763771103 	1210.11847791   
0.000841395141645 	1223.31634465   
0.000851138038202 	1236.65138256   
0.000860993752185 	1250.12490271   
0.000870963589956 	1263.73822798   
0.000881048873008 	1277.49269321   
0.000891250938134 	1291.38964073   
0.000901571137606 	1305.43036059   
0.000912010839356 	1319.61610299   
0.000922571427155 	1333.94812136   
0.000933254300797 	1348.42767314   
0.000944060876286 	1363.05601954   
0.000954992586021 	1377.83442533   
0.00096605087899  	1392.76415942   
0.000977237220956 	1407.84651902   
0.000988553094657 	1423.08283587   
0.001             	1438.47444994   
0.00101157945426  	1454.02270778   
0.00102329299228  	1469.72896242   
0.00103514216668  	1485.59457334   
0.00104712854805  	1501.62090627   
0.00105925372518  	1517.8093307    
0.00107151930524  	1534.16121727   
0.00108392691402  	1550.67794161   
0.00109647819614  	1567.3608847    
0.00110917481526  	1584.21143272   
0.0011220184543   	1601.23097693   
0.00113501081567  	1618.42091351   
0.0011481536215   	1635.78262727   
0.00116144861384  	1653.31745479   
0.00117489755494  	1671.026722     
0.00118850222744  	1688.91175337   
0.00120226443462  	1706.97387152   
0.00121618600065  	1725.21439668   
0.00123026877081  	1743.6346463    
0.00124451461177  	1762.23594292   
0.00125892541179  	1781.0196522    
0.00127350308102  	1799.98715515   
0.00128824955169  	1819.13983309   
0.00130316677845  	1838.47906726   
0.00131825673856  	1858.00623851   
0.00133352143216  	1877.72272698   
0.00134896288259  	1897.62991467   
0.00136458313659  	1917.72921121   
0.0013803842646   	1938.02204308   
0.00139636836106  	1958.50983824   
0.00141253754462  	1979.1940258    
0.00142889395851  	2000.07603575   
0.00144543977075  	2021.15729873   
0.00146217717446  	2042.43924179   
0.00147910838817  	2063.92321251   
0.00149623565609  	2085.61047961   
0.00151356124844  	2107.50229762   
0.00153108746168  	2129.59990855   
0.00154881661891  	2151.90454112   
0.00156675107011  	2174.41740986   
0.00158489319246  	2197.13971535   
0.00160324539069  	2220.07269981   
0.00162181009736  	2243.21767751   
0.0016405897732   	2266.57596187   
0.00165958690744  	2290.14885868   
0.00167880401812  	2313.93766558   
0.00169824365246  	2337.9436716    
0.00171790838716  	2362.16815653   
0.00173780082875  	2386.61237406   
0.00175792361396  	2411.27752667   
0.00177827941004  	2436.1647962    
0.00179887091513  	2461.27534861   
0.00181970085861  	2486.61033316   
0.00184077200147  	2512.1708816    
0.00186208713666  	2537.95810738   
0.00188364908949  	2563.97310343   
0.00190546071796  	2590.21693702   
0.00192752491319  	2616.69065258   
0.00194984459976  	2643.39527211   
0.00197242273611  	2670.33179417   
0.00199526231497  	2697.50119293   
0.00201836636368  	2724.90441715   
0.00204173794467  	2752.54239327   
0.00206538015581  	2780.41605015   
0.00208929613085  	2808.52630333   
0.00211348903984  	2836.87404206   
0.0021379620895   	2865.4601283    
0.00216271852373  	2894.28539572   
0.00218776162395  	2923.35064867   
0.00221309470961  	2952.65666168   
0.00223872113857  	2982.20418518   
0.00226464430759  	3011.99394281   
0.00229086765277  	3042.02662567   
0.00231739464997  	3072.30289109   
0.00234422881532  	3102.8233616    
0.00237137370566  	3133.58862375   
0.00239883291902  	3164.59922576   
0.00242661009508  	3195.85564146   
0.00245470891569  	3227.35826134   
0.0024831331053   	3259.10742741   
0.00251188643151  	3291.10343376   
0.00254097270555  	3323.34652501   
0.00257039578277  	3355.8368948    
0.00260015956317  	3388.57468503   
0.0026302679919   	3421.56007132   
0.0026607250598   	3454.79334204   
0.00269153480393  	3488.27476335   
0.00272270130808  	3522.00456204   
0.00275422870334  	3555.98292475   
0.00278612116863  	3590.20999717   
0.00281838293126  	3624.6858832    
0.0028510182675   	3659.41056123   
0.00288403150313  	3694.38370522   
0.002917427014    	3729.60487213   
0.00295120922667  	3765.07354553   
0.00298538261892  	3800.78913349   
0.0030199517204   	3836.75096641   
0.00305492111322  	3872.95829479   
0.00309029543251  	3909.4103233    
0.00312607936712  	3946.10636658   
0.00316227766017  	3983.04573179   
0.00319889510969  	4020.22765826   
0.0032359365693   	4057.65131611   
0.00327340694879  	4095.31580477   
0.00331131121483  	4133.22015162   
0.00334965439158  	4171.36331995   
0.00338844156139  	4209.74428684   
0.00342767786546  	4248.36200833   
0.00346736850453  	4287.21537381   
0.00350751873953  	4326.30320473   
0.00354813389234  	4365.6242537    
0.00358921934645  	4405.17720372   
0.0036307805477   	4444.96065485   
0.00367282300498  	4484.97290321   
0.00371535229097  	4525.21194987   
0.00375837404288  	4565.67568387   
0.00380189396321  	4606.36188662   
0.00384591782045  	4647.26822963   
0.00389045144994  	4688.3922723    
0.00393550075456  	4729.73146339   
0.00398107170553  	4771.28331331   
0.00402717034325  	4813.04548009   
0.00407380277804  	4855.01555092   
0.00412097519097  	4897.19102346   
0.0041686938347   	4939.56930515   
0.00421696503429  	4982.14771259   
0.00426579518802  	5024.92347059   
0.00431519076828  	5067.89360138   
0.0043651583224   	5111.05476925   
0.00441570447353  	5154.40348315   
0.00446683592151  	5197.93612927   
0.00451855944375  	5241.64896946   
0.00457088189615  	5285.53813972   
0.00462381021399  	5329.5996487    
0.00467735141287  	5373.82940686   
0.00473151258961  	5418.22331734   
0.00478630092323  	5462.77719233   
0.00484172367584  	5507.48672459   
0.00489778819368  	5552.34748692   
0.00495450190805  	5597.35493171   
0.00501187233627  	5642.50439063   
0.00506990708275  	5687.79106324   
0.00512861383991  	5733.2099511    
0.00518800038929  	5778.75589661   
0.0052480746025   	5824.42361253   
0.00530884444231  	5870.20768194   
0.0053703179637   	5916.10255831   
0.00543250331492  	5962.10256568   
0.00549540873858  	6008.20188991   
0.0055590425727   	6054.39447383   
0.0056234132519   	6100.67404525   
0.00568852930844  	6147.03418887   
0.00575439937337  	6193.468348     
0.00582103217771  	6239.96982506   
0.00588843655356  	6286.53178232   
0.00595662143529  	6333.14723942   
0.00602559586074  	6379.80898599   
0.0060953689724   	6426.50956687   
0.00616595001861  	6473.24137243   
0.00623734835482  	6519.99664443   
0.0063095734448   	6566.76747743   
0.00638263486191  	6613.54582035   
0.00645654229035  	6660.3234775    
0.00653130552647  	6707.09204028   
0.00660693448008  	6753.84282873   
0.00668343917569  	6800.56699913   
0.00676082975392  	6847.25555839   
0.00683911647281  	6893.89936674   
0.00691830970919  	6940.4891406    
0.00699841996002  	6987.01545578   
0.00707945784384  	7033.4686622    
0.00716143410213  	7079.83870698   
0.00724435960075  	7126.11533516   
0.00732824533139  	7172.28813841   
0.00741310241301  	7218.34655888   
0.00749894209332  	7264.2798934    
0.00758577575029  	7310.07729808   
0.00767361489362  	7355.72774973   
0.00776247116629  	7401.21987008   
0.0078523563461   	7446.54206767   
0.00794328234724  	7491.68260889   
0.00803526122186  	7536.62962389   
0.00812830516164  	7581.37111293   
0.00822242649947  	7625.89495336   
0.00831763771103  	7670.18884363   
0.00841395141645  	7714.23979976   
0.00851138038202  	7758.03439202   
0.00860993752185  	7801.55903079   
0.00870963589956  	7844.79997586   
0.00881048873008  	7887.74334372   
0.00891250938134  	7930.37511559   
0.00901571137606  	7972.68114101   
0.00912010839356  	8014.64706539   
0.00922571427155  	8056.25834608   
0.00933254300797  	8097.50032941   
0.00944060876286  	8138.35826377   
0.00954992586021  	8178.8173113    
0.0096605087899   	8218.86256045   
0.00977237220956  	8258.47902597   
0.00988553094657  	8297.65109461   
0.01              	8336.36228037   
0.0101157945426   	8374.59592508   
0.0102329299228   	8412.33526467   
0.0103514216668   	8449.5634423    
0.0104712854805   	8486.26352239   
0.0105925372518   	8522.41850483   
0.0107151930524   	8558.01117916   
0.0108392691402   	8593.02392742   
0.0109647819614   	8627.4390319    
0.0110917481526   	8661.23873887   
0.011220184543    	8694.40527704   
0.0113501081567   	8726.92087726   
0.011481536215    	8758.76779332   
0.0116144861384   	8789.92806247   
0.0117489755494   	8820.38277789   
0.0118850222744   	8850.11280149   
0.0120226443462   	8879.09900555   
0.0121618600065   	8907.32229534   
0.0123026877081   	8934.76363321   
0.0124451461177   	8961.40406405   
0.0125892541179   	8987.22461501   
0.0127350308102   	9012.20560508   
0.0128824955169   	9036.32711492   
0.0130316677845   	9059.5693297    
0.0131825673856   	9081.91256917   
0.0133352143216   	9103.33731852   
0.0134896288259   	9123.82426113   
0.0136458313659   	9143.3542293    
0.013803842646    	9161.90731075   
0.0139636836106   	9179.46315377   
0.0141253754462   	9196.00161571   
0.0142889395851   	9211.50281059   
0.0144543977075   	9225.94714773   
0.0146217717446   	9239.31537249   
0.0147910838817   	9251.58858094   
0.0149623565609   	9262.74756521   
0.0151356124844   	9272.7727605    
0.0153108746168   	9281.64497709   
0.0154881661891   	9289.34548271   
0.0156675107011   	9295.85605254   
0.0158489319246   	9301.15902183   
0.0160324539069   	9305.23732997   
0.0162181009736   	9308.07370984   
0.016405897732    	9309.65005254   
0.0165958690744   	9309.948728     
0.0167880401812   	9308.95278266   
0.0169824365246   	9306.64600134   
0.0171790838716   	9303.01297207   
0.0173780082875   	9298.03915136   
0.0175792361396   	9291.71030431   
0.0177827941004   	9284.01173932   
0.0179887091513   	9274.92951966   
0.0181970085861   	9264.45072087   
0.0184077200147   	9252.56350947   
0.0186208713666   	9239.25722555   
0.0188364908949   	9224.52244337   
0.0190546071796   	9208.34980822   
0.0192752491319   	9190.72946894   
0.0194984459976   	9171.65275095   
0.0197242273611   	9151.11238366   
0.0199526231497   	9129.10259801   
0.0201836636368   	9105.61922867   
0.0204173794467   	9080.65929522   
0.0206538015581   	9054.21894898   
0.0208929613085   	9026.2952211    
0.0211348903984   	8996.88691157   
0.021379620895    	8965.99470371   
0.0216271852373   	8933.62128379   
0.0218776162395   	8899.77099266   
0.0221309470961   	8864.44805909   
0.0223872113857   	8827.65818876   
0.0226464430759   	8789.40936771   
0.0229086765277   	8749.71199969   
0.0231739464997   	8708.57900854   
0.0234422881532   	8666.02345638   
0.0237137370566   	8622.05699984   
0.0239883291902   	8576.69348638   
0.0242661009508   	8529.94943921   
0.0245470891569   	8481.84421042   
0.024831331053    	8432.39950341   
0.0251188643151   	8381.63799007   
0.0254097270555   	8329.58502705   
0.0257039578277   	8276.26924653   
0.0260015956317   	8221.72273325   
0.026302679919    	8165.97848476   
0.026607250598    	8109.06488285   
0.0269153480393   	8051.01201393   
0.0272270130808   	7991.85329095   
0.0275422870334   	7931.62560307   
0.0278612116863   	7870.36847095   
0.0281838293126   	7808.12383817   
0.028510182675    	7744.93746064   
0.0288403150313   	7680.85919375   
0.02917427014     	7615.94078807   
0.0295120922667   	7550.22686709   
0.0298538261892   	7483.76241409   
0.030199517204    	7416.59613558   
0.0305492111322   	7348.78040297   
0.0309029543251   	7280.36919332   
0.0312607936712   	7211.41914823   
0.0316227766017   	7141.99110511   
0.0319889510969   	7072.14955413   
0.032359365693    	7001.95461492   
0.0327340694879   	6931.46474658   
0.0331131121483   	6860.74227071   
0.0334965439158   	6789.85237253   
0.0338844156139   	6718.85514511   
0.0342767786546   	6647.81031105   
0.0346736850453   	6576.78124344   
0.0350751873953   	6505.8335025    
0.0354813389234   	6435.03172714   
0.0358921934645   	6364.4434135    
0.036307805477    	6294.1392495    
0.0367282300498   	6224.18263753   
0.0371535229097   	6154.63069524   
0.0375837404288   	6085.54304545   
0.0380189396321   	6016.98131181   
0.0384591782045   	5949.00777258   
0.0389045144994   	5881.68726387   
0.0393550075456   	5815.08476796   
0.0398107170553   	5749.25149699   
0.0402717034325   	5684.23449556   
0.0407380277804   	5620.08234016   
0.0412097519097   	5556.84542593   
0.041686938347    	5494.5759151    
0.0421696503429   	5433.3265946    
0.0426579518802   	5373.13979296   
0.0431519076828   	5314.05089997   
0.043651583224    	5256.09470447   
0.0441570447353   	5199.29877917   
0.0446683592151   	5143.68625368   
0.0451855944375   	5089.27962055   
0.0457088189615   	5036.10104544   
0.0462381021399   	4984.17205559   
0.0467735141287   	4933.5081816    
0.0473151258961   	4884.10913988   
0.0478630092323   	4835.96978834   
0.0484172367584   	4789.08479068   
0.0489778819368   	4743.449018     
0.0495450190805   	4699.05307733   
0.0501187233627   	4655.87374787   
0.0506990708275   	4613.87976899   
0.0512861383991   	4573.03951709   
0.0518800038929   	4533.3232782    
0.052480746025    	4494.69487385   
0.0530884444231   	4457.09780974   
0.053703179637    	4420.46459029   
0.0543250331492   	4384.73080492   
0.0549540873858   	4349.83528098   
0.055590425727    	4315.71022372   
0.056234132519    	4282.27911311   
0.0568852930844   	4249.45846294   
0.0575439937337   	4217.15857962   
0.0582103217771   	4185.28327305   
0.0588843655356   	4153.73498655   
0.0595662143529   	4122.4120005    
0.0602559586074   	4091.20702356   
0.060953689724    	4060.00687744   
0.0616595001861   	4028.70009896   
0.0623734835482   	3997.17745385   
0.063095734448    	3965.32816036   
0.0638263486191   	3933.04058745   
0.0645654229035   	3900.20527495   
0.0653130552647   	3866.71629885   
0.0660693448008   	3832.46732524   
0.0668343917569   	3797.35217701   
0.0676082975392   	3761.27443127   
0.0683911647281   	3724.14583856   
0.0691830970919   	3685.88650742   
0.0699841996002   	3646.42358434   
0.0707945784384   	3605.70343353   
0.0716143410213   	3563.6798527    
0.0724435960075   	3520.31115794   
0.0732824533139   	3475.57273426   
0.0741310241301   	3429.46574603   
0.0749894209332   	3382.00007145   
0.0758577575029   	3333.19492619   
0.0767361489362   	3283.08914154   
0.0776247116629   	3231.74032728   
0.078523563461    	3179.22866725   
0.0794328234724   	3125.64643452   
0.0803526122186   	3071.09897933   
0.0812830516164   	3015.71040399   
0.0822242649947   	2959.61946117   
0.0831763771103   	2902.97765419   
0.0841395141645   	2845.94505639   
0.0851138038202   	2788.69559138   
0.0860993752185   	2731.41594473   
0.0870963589956   	2674.29318235   
0.0881048873008   	2617.51820669   
0.0891250938134   	2561.28601218   
0.0901571137606   	2505.7921334    
0.0912010839356   	2451.22452741   
0.0922571427155   	2397.76587551   
0.0933254300797   	2345.59518706   
0.0944060876286   	2294.87939037   
0.0954992586021   	2245.77333268   
0.096605087899    	2198.41555723   
0.0977237220956   	2152.92970754   
0.0988553094657   	2109.41744146   
0.1               	2067.9630899    
0.101157945426    	2028.630983     
0.102329299228    	1991.45253341   
0.103514216668    	1956.4413391    
0.104712854805    	1923.59234665   
0.105925372518    	1892.86787538   
0.107151930524    	1864.21275606   
0.108392691402    	1837.54975581   
0.109647819614    	1812.75093087   
0.110917481526    	1789.67313359   
0.11220184543     	1768.16752865   
0.113501081567    	1748.07220636   
0.11481536215     	1729.1870208    
0.116144861384    	1711.28827479   
0.117489755494    	1694.14051965   
0.118850222744    	1677.47739737   
0.120226443462    	1661.04435192   
0.121618600065    	1644.59967587   
0.123026877081    	1627.90070779   
0.124451461177    	1610.71270673   
0.125892541179    	1592.83397397   
0.127350308102    	1574.06470608   
0.128824955169    	1554.21821249   
0.130316677845    	1533.16459851   
0.131825673856    	1510.7850772    
0.133352143216    	1487.02014946   
0.134896288259    	1461.82988984   
0.136458313659    	1435.22326879   
0.13803842646     	1407.28606275   
0.139636836106    	1378.14280162   
0.141253754462    	1347.96961518   
0.142889395851    	1316.98755308   
0.144543977075    	1285.3929213    
0.146217717446    	1253.45030414   
0.147910838817    	1221.43934962   
0.149623565609    	1189.61919218   
0.151356124844    	1158.28062937   
0.153108746168    	1127.68359945   
0.154881661891    	1098.07965857   
0.156675107011    	1069.72531239   
0.158489319246    	1042.81208908   
0.160324539069    	1017.51317238   
0.162181009736    	993.927446087   
0.16405897732     	972.109388776   
0.165958690744    	952.072639826   
0.167880401812    	933.790995531   
0.169824365246    	917.186311818   
0.171790838716    	902.124075989   
0.173780082875    	888.453296509   
0.175792361396    	875.963968019   
0.177827941004    	864.426954308   
0.179887091513    	853.553043587   
0.181970085861    	843.069961805   
0.184077200147    	832.68996498    
0.186208713666    	822.1562014     
0.188364908949    	811.224102124   
0.190546071796    	799.678065181   
0.192752491319    	787.347097605   
0.194984459976    	774.116517898   
0.197242273611    	759.915665204   
0.199526231497    	744.735494068   
0.201836636368    	728.662453815   
0.204173794467    	711.822319873   
0.206538015581    	694.393157909   
0.208929613085    	676.594336017   
0.211348903984    	658.679613987   
0.21379620895     	640.881503122   
0.216271852373    	623.452873066   
0.218776162395    	606.642199397   
0.221309470961    	590.662291991   
0.223872113857    	575.658539651   
0.226464430759    	561.743701526   
0.229086765277    	548.962386358   
0.231739464997    	537.302608557   
0.234422881532    	526.70707941    
0.237137370566    	517.066910193   
0.239883291902    	508.219872355   
0.242661009508    	499.960651414   
0.245470891569    	492.080339117   
0.24831331053     	484.353857228   
0.251188643151    	476.582985043   
0.254097270555    	468.582936862   
0.257039578277    	460.214644326   
0.260015956317    	451.376434237   
0.26302679919     	442.037528378   
0.26607250598     	432.225292002   
0.269153480393    	422.02659551    
0.272270130808    	411.567758201   
0.275422870334    	400.997482751   
0.278612116863    	390.486180287   
0.281838293126    	380.224769565   
0.28510182675     	370.357673202   
0.288403150313    	361.016547576   
0.2917427014      	352.272562865   
0.295120922667    	344.158004866   
0.298538261892    	336.664428371   
0.30199517204     	329.725963292   
0.305492111322    	323.241067351   
0.309029543251    	317.074925913   
0.312607936712    	311.094758189   
0.316227766017    	305.172848928   
0.319889510969    	299.187538433   
0.32359365693     	293.053938686   
0.327340694879    	286.728099609   
0.331131121483    	280.217071292   
0.334965439158    	273.561739592   
0.338844156139    	266.829517322   
0.342767786546    	260.116741841   
0.346736850453    	253.527661319   
0.350751873953    	247.156361711   
0.354813389234    	241.065826672   
0.358921934645    	235.303084884   
0.36307805477     	229.875417059   
0.367282300498    	224.758039048   
0.371535229097    	219.892158633   
0.375837404288    	215.213366436   
0.380189396321    	210.645091779   
0.384591782045    	206.116597534   
0.389045144994    	201.573384696   
0.393550075456    	196.993839379   
0.398107170553    	192.373951979   
0.402717034325    	187.737308483   
0.407380277804    	183.125748444   
0.412097519097    	178.593646517   
0.41686938347     	174.183696315   
0.421696503429    	169.932781637   
0.426579518802    	165.863626617   
0.431519076828    	161.969965691   
0.43651583224     	158.233233436   
0.441570447353    	154.62255096    
0.446683592151    	151.09994755    
0.451855944375    	147.629270102   
0.457088189615    	144.189481624   
0.462381021399    	140.768989487   
0.467735141287    	137.370833067   
0.473151258961    	134.015534425   
0.478630092323    	130.721445438   
0.484172367584    	127.509696767   
0.489778819368    	124.398797907   
0.495450190805    	121.391602046   
0.501187233627    	118.484014557   
0.506990708275    	115.665140743   
0.512861383991    	112.915418929   
0.518800038929    	110.220443642   
0.52480746025     	107.568872725   
0.530884444231    	104.955064336   
0.53703179637     	102.383989585   
0.543250331492    	99.8607027731   
0.549540873858    	97.3960817343   
0.55590425727     	94.9968686424   
0.56234132519     	92.6644254352   
0.568852930844    	90.3986321975   
0.575439937337    	88.192193134    
0.582103217771    	86.0376357498   
0.588843655356    	83.9290135347   
0.595662143529    	81.8612849146   
0.602559586074    	79.8348596078   
0.60953689724     	77.8508137343   
0.616595001861    	75.9130269755   
0.623734835482    	74.023038538    
0.63095734448     	72.1824792267   
0.638263486191    	70.3885708074   
0.645654229035    	68.6387460729   
0.653130552647    	66.9310417248   
0.660693448008    	65.2628782208   
0.668343917569    	63.6315345432   
0.676082975392    	62.035948094    
0.683911647281    	60.4763894267   
0.691830970919    	58.9531161541   
0.699841996002    	57.4663349323   
0.707945784384    	56.0161265909   
0.716143410213    	54.6019765275   
0.724435960075    	53.2230241779   
0.732824533139    	51.8782799396   
0.741310241301    	50.5666188918   
0.749894209332    	49.2867731333   
0.758577575029    	48.037330373    
0.767361489362    	46.8172117076   
0.776247116629    	45.6260390388   
0.78523563461     	44.463432401    
0.794328234724    	43.3289303795   
0.803526122186    	42.2219852512   
0.812830516164    	41.141957902    
0.822242649947    	40.0881552008   
0.831763771103    	39.0600945506   
0.841395141645    	38.0573470572   
0.851138038202    	37.0794058875   
0.860993752185    	36.1256811296   
0.870963589956    	35.1954949736   
0.881048873008    	34.288079993    
0.891250938134    	33.4028019268   
0.901571137606    	32.5393215256   
0.912010839356    	31.6972697515   
0.922571427155    	30.8762107456   
0.933254300797    	30.0756379074   
0.944060876286    	29.2949697968   
0.954992586021    	28.533589981    
0.96605087899     	27.7911128478   
0.977237220956    	27.0672237428   
0.988553094657    	26.3615509926   
1.                	25.6736620705   
1.01157945426     	25.0030600679   
1.02329299228     	24.3491825665   
1.03514216668     	23.7115623713   
1.04712854805     	23.0899379525   
1.05925372518     	22.4840233517   
1.07151930524     	21.8934826284   
1.08392691402     	21.3179269397   
1.09647819614     	20.7569114876   
1.10917481526     	20.2099679701   
1.1220184543      	19.6768127577   
1.13501081567     	19.1572189067   
1.1481536215      	18.6509181151   
1.16144861384     	18.157597965    
1.17489755494     	17.676899364    
1.18850222744     	17.2084158083   
1.20226443462     	16.7518073254   
1.21618600065     	16.3068743831   
1.23026877081     	15.8733976694   
1.24451461177     	15.4511207317   
1.25892541179     	15.039747815    
1.27350308102     	14.6389416024   
1.28824955169     	14.2483486999   
1.30316677845     	13.8677571256   
1.31825673856     	13.4969971967   
1.33352143216     	13.1358689071   
1.34896288259     	12.7841399397   
1.36458313659     	12.4415437963   
1.3803842646      	12.1077794044   
1.39636836106     	11.7825971455   
1.41253754462     	11.4658513504   
1.42889395851     	11.1573818376   
1.44543977075     	10.8570015145   
1.46217717446     	10.5644948116   
1.47910838817     	10.279616048    
1.49623565609     	10.0021084334   
1.51356124844     	9.73181733784   
1.53108746168     	9.46861723458   
1.54881661891     	9.21236051674   
1.56675107011     	8.96287607828   
1.58489319246     	8.71996795666   
1.60324539069     	8.48341514073   
1.62181009736     	8.25303496277   
1.6405897732      	8.02871938858   
1.65958690744     	7.81034947736   
1.67880401812     	7.59778670913   
1.69824365246     	7.39087184931   
1.71790838716     	7.18942376178   
1.73780082875     	6.99325398276   
1.75792361396     	6.80225043756   
1.77827941004     	6.61632221986   
1.79887091513     	6.43536255429   
1.81970085861     	6.2592477905    
1.84077200147     	6.08783642943   
1.86208713666     	5.92096904679   
1.88364908949     	5.75851412244   
1.90546071796     	5.60039266005   
1.92752491319     	5.44651751557   
1.94984459976     	5.29678742431   
1.97242273611     	5.15108618366   
1.99526231497     	5.00928179886   
2.01836636368     	4.87123742634   
2.04173794467     	4.73687206796   
2.06538015581     	4.60611965819   
2.08929613085     	4.47890274457   
2.11348903984     	4.35513177609   
2.1379620895      	4.23470440621   
2.16271852373     	4.11750549909   
2.18776162395     	4.00344086646   
2.21309470961     	3.89245421753   
2.23872113857     	3.78448339194   
2.26464430759     	3.67945619375   
2.29086765277     	3.57728981097   
2.31739464997     	3.47789020881   
2.34422881532     	3.38116002174   
2.37137370566     	3.28704086148   
2.39883291902     	3.19548414647   
2.42661009508     	3.10643310011   
2.45470891569     	3.01982224708   
2.4831331053      	2.93557691352   
2.51188643151     	2.85361328241   
2.54097270555     	2.77386346594   
2.57039578277     	2.69628726186   
2.60015956317     	2.62084028291   
2.6302679919      	2.54747102816   
2.6607250598      	2.47612047188   
2.69153480393     	2.40672163392   
2.72270130808     	2.33920536707   
2.75422870334     	2.27353032628   
2.78612116863     	2.20966186707   
2.81838293126     	2.14755954199   
2.8510182675      	2.08717674792   
2.88403150313     	2.02846037275   
2.917427014       	1.97135086285   
2.95120922667     	1.91580014679   
2.98538261892     	1.86177944499   
3.0199517204      	1.80925692576   
3.05492111322     	1.75819571448   
3.09029543251     	1.70855360264   
3.12607936712     	1.66028274369   
3.16227766017     	1.61333391633   
3.19889510969     	1.56767782733   
3.2359365693      	1.52328979507   
3.27340694879     	1.48014104073   
3.31131121483     	1.43819844175   
3.34965439158     	1.39742428281   
3.38844156139     	1.3577763265    
3.42767786546     	1.31922066416   
3.46736850453     	1.28173689539   
3.50751873953     	1.24530242399   
3.54813389234     	1.20989110359   
3.58921934645     	1.17547303292   
3.6307805477      	1.14201434205   
3.67282300498     	1.10948029384   
3.71535229097     	1.07785024749   
3.75837404288     	1.04710667682   
3.80189396321     	1.01722917333   
3.84591782045     	0.988194274306  
3.89045144994     	0.959975287967  
3.93550075456     	0.932542360174  
3.98107170553     	0.905871660751  
4.02717034325     	0.879948797376  
4.07380277804     	0.854757808297  
4.12097519097     	0.830280243235  
4.1686938347      	0.806495020099  
4.21696503429     	0.78337827525   
4.26579518802     	0.760905611026  
4.31519076828     	0.739062569173  
4.3651583224      	0.71783679017   
4.41570447353     	0.697213897264  
4.46683592151     	0.677177377138  
4.51855944375     	0.65770845767   
4.57088189615     	0.638786166868  
4.62381021399     	0.620393855391  
4.67735141287     	0.602521419522  
4.73151258961     	0.58515763778   
4.78630092323     	0.568289551364  
4.84172367584     	0.551902364214  
4.89778819368     	0.535979338576  
4.95450190805     	0.520503416073  
5.01187233627     	0.505464511393  
5.06990708275     	0.490853942952  
5.12861383991     	0.476661622511  
5.18800038929     	0.462875972501  
5.2480746025      	0.449483840899  
5.30884444231     	0.436470551043  
5.3703179637      	0.423824507896  
5.43250331492     	0.411538628856  
5.49540873858     	0.399605036934  
5.5590425727      	0.388014645246  
5.6234132519      	0.376757087498  
5.68852930844     	0.365820645331  
5.75439937337     	0.355193418384  
5.82103217771     	0.344868407004  
5.88843655356     	0.334839555754  
5.95662143529     	0.325099833269  
6.02559586074     	0.315641175199  
6.0953689724      	0.306454425201  
6.16595001861     	0.297529375629  
6.23734835482     	0.288857998261  
6.3095734448      	0.280435352556  
6.38263486191     	0.27225593547   
6.45654229035     	0.264313404567  
6.53130552647     	0.256600529835  
6.60693448008     	0.24910914333   
6.68343917569     	0.241830978025  
6.76082975392     	0.234761185652  
6.83911647281     	0.227895545372  
6.91830970919     	0.221229160578  
6.99841996002     	0.21475641957   
7.07945784384     	0.208470954739  
7.16143410213     	0.202365675523  
7.24435960075     	0.196435040326  
7.32824533139     	0.190675629781  
7.41310241301     	0.185083629984  
7.49894209332     	0.179654647767  
7.58577575029     	0.174383677472  
7.67361489362     	0.169265066222  
7.76247116629     	0.164293107604  
7.8523563461      	0.159464446441  
7.94328234724     	0.154776134034  
8.03526122186     	0.150224753978  
8.12830516164     	0.14580639505   
8.22242649947     	0.141516623004  
8.31763771103     	0.13735050717   
8.41395141645     	0.133304226665  
8.51138038202     	0.129375430736  
8.60993752185     	0.125561494485  
8.70963589956     	0.121859395215  
8.81048873008     	0.118265689619  
8.91250938134     	0.114776489936  
9.01571137606     	0.111387881271  
9.12010839356     	0.108097553928  
9.22571427155     	0.104903458065  
9.33254300797     	0.101803221302  
9.44060876286     	0.0987941300845 
9.54992586021     	0.0958731102548 
9.6605087899      	0.0930367480983 
9.77237220956     	0.0902824193593 
9.88553094657     	0.0876085111555 
10.               	0.0850132202749 
10.1157945426     	0.0824944709021 
10.2329299228     	0.0800498989892 
10.3514216668     	0.0776768359254 
10.4712854805     	0.0753726005533 
10.5925372518     	0.0731356022245 
10.7151930524     	0.0709644144566 
10.8392691402     	0.0688573885379 
10.9647819614     	0.0668126407184 
11.0917481526     	0.0648280388425 
11.220184543      	0.0629012189579 
11.3501081567     	0.0610303826055 
11.481536215      	0.0592144322815 
11.6144861384     	0.0574521396016 
11.7489755494     	0.0557420903778 
11.8850222744     	0.0540826739661 
12.0226443462     	0.0524720721345 
12.1618600065     	0.0509084615629 
12.3026877081     	0.0493907527328 
12.4451461177     	0.047917957793  
12.5892541179     	0.0464889362805 
12.7350308102     	0.0451023863418 
12.8824955169     	0.0437568355641 
13.0316677845     	0.0424506536508 
13.1825673856     	0.0411826072959 
13.3352143216     	0.0399519400881 
13.4896288259     	0.0387578046564 
13.6458313659     	0.0375992263926 
13.803842646      	0.0364750961637 
13.9636836106     	0.0353841626971 
14.1253754462     	0.0343251772784 
14.2889395851     	0.0332974031738 
14.4543977075     	0.0323001721261 
14.6217717446     	0.0313327123869 
14.7910838817     	0.0303941427637 
14.9623565609     	0.0294834664009 
15.1356124844     	0.028599580053  
15.3108746168     	0.0277416497894 
15.4881661891     	0.0269091552249 
15.6675107011     	0.0261015123302 
15.8489319246     	0.0253180500215 
16.0324539069     	0.0245580051799 
16.2181009736     	0.0238205174468 
16.405897732      	0.0231047317614 
16.5958690744     	0.0224101462843 
16.7880401812     	0.0217363039136 
16.9824365246     	0.02108267706   
17.1790838716     	0.0204486635963 
17.3780082875     	0.0198335826239 
17.5792361396     	0.0192366813281 
17.7827941004     	0.0186573919742 
17.9887091513     	0.0180953556194 
18.1970085861     	0.0175501690338 
18.4077200147     	0.0170213694679 
18.6208713666     	0.0165084312517 
18.8364908949     	0.0160107622408 
19.0546071796     	0.0155277775153 
19.2752491319     	0.0150591404886 
19.4984459976     	0.0146045454537 
19.7242273611     	0.0141636392687 
19.9526231497     	0.0137360186289 
20.1836636368     	0.0133212272157 
20.4173794467     	0.0129187605627 
20.6538015581     	0.0125282372168 
20.8929613085     	0.0121494102544 
21.1348903984     	0.011782001823  
21.379620895      	0.0114256934258 
21.6271852373     	0.011080123603  
21.8776162395     	0.0107448855077 
22.1309470961     	0.0104195789312 
22.3872113857     	0.0101039744611 
22.6464430759     	0.0097978628074 
22.9086765277     	0.00950100243655
23.1739464997     	0.00921311771888
23.4422881532     	0.0089338969925 
23.7137370566     	0.00866299624482
23.9883291902     	0.00840015838781
24.2661009508     	0.00814521841713
24.5470891569     	0.0078979904009 
24.831331053      	0.00765826108896
25.1188643151     	0.00742578835302
25.4097270555     	0.0072002995569 
25.7039578277     	0.00698152676452
26.0015956317     	0.00676931394167
26.302679919      	0.00656351672292
26.607250598      	0.00636396875293
26.9153480393     	0.00617048042491
27.2270130808     	0.00598283756217
27.5422870334     	0.00580080418945
27.8612116863     	0.00562420570412
28.1838293126     	0.00545293050489
28.510182675      	0.00528685275408
28.8403150313     	0.00512582817014
29.17427014       	0.004969692975  
29.5120922667     	0.00481826279433
29.8538261892     	0.00467135718408
30.199517204      	0.00452887161618
30.5492111322     	0.0043907089746 
30.9029543251     	0.00425675734243
31.2607936712     	0.00412688915268
31.6227766017     	0.00400096030087