1.004016508716018899e-02
1.000000368366745981e-02
1.008567606875393659e-02
1.021755633519989478e-02
1.042745795610098072e-02
1.023767679634354603e-02
7.034595307082390156e-03
6.640579714721246349e-03
5.803447605710668894e-03
5.205682546417245322e-03
5.057261394976499819e-03
6.803789308866168943e-03
9.900576069260773673e-03
1.338583980314041362e-02
1.803487283855592302e-02
2.424698880443568183e-02
3.294931517168182833e-02
4.359241944878229635e-02
5.904530137862631228e-02
7.677291356636828379e-02
