1.833143047976921319e-02
1.819395788587000601e-02
1.855296730863737961e-02
1.903115384018053136e-02
1.966410063529453606e-02
2.024152178536598595e-02
1.698057817969781877e-02
2.034421845246960764e-02
2.194764105094716700e-02
2.334516240416031896e-02
1.556304380263056307e-02
2.044861103095440419e-02
2.911935354520639452e-02
3.860250926578197295e-02
5.227811351371658422e-02
7.020305368530757595e-02
9.526995957196322806e-02
1.290258205629895849e-01
1.706536008931145709e-01
2.228865767325376168e-01
