1.084471185064606914e-02
1.079135582224679570e-02
1.087608040009580869e-02
1.102277381002270476e-02
1.125490308577874188e-02
1.114665599875860197e-02
7.970668809270730487e-03
7.218200575165626201e-03
6.335352854015451930e-03
5.747553427457424355e-03
5.945687500594107680e-03
8.333128241111474946e-03
1.169234883966542050e-02
1.570735190678754570e-02
2.118922666026058776e-02
2.863638523252961046e-02
3.896924650107821270e-02
5.269248147190290499e-02
7.069595560219682495e-02
9.282510347340465484e-02
