-5.819152002864457548e-07
-5.468028519052793449e-07
-5.104319546423407580e-07
-4.751281295418984164e-07
-4.363471994870947834e-07
-4.070362774559320192e-07
-3.821063313585760492e-07
-3.523361875681346200e-07
-3.381241155996610094e-07
-3.155564208806560111e-07
-3.092345439279405674e-07
-2.956705177956621155e-07
-2.877044691064095469e-07
-2.844834978871829939e-07
-2.834742275154669995e-07
-2.903796672550883594e-07
-2.959303785804108760e-07
-3.077022865802000623e-07
-3.205008763674541613e-07
-3.394181057464062398e-07
-3.652611556621356975e-07
-3.860835992116987916e-07
-4.204187166144809016e-07
-4.461654506668529356e-07
-4.871158986541428256e-07
-5.234990117965060108e-07
-5.625486274096232412e-07
-6.133510840654298387e-07
-6.591638121963487936e-07
-7.118261599355501454e-07
-7.600343248628195492e-07
-8.167959787396807096e-07
-8.852109911894385664e-07
-9.421567324522555780e-07
-1.006046038500673036e-06
-1.073344697499797713e-06
-1.140210142026738133e-06
-1.213718550555372266e-06
-1.285353878061255931e-06
-1.359147674581095701e-06
-1.428608212535752473e-06
-1.509953958124982678e-06
-1.584378627532852227e-06
-1.669257364718198998e-06
-1.749733379378290010e-06
-1.823319478703750876e-06
-1.909787468079993134e-06
-1.992270587369479686e-06
-2.071830718051999830e-06
-2.156612226812296882e-06
-2.239769144643240224e-06
-2.327774358135659868e-06
-2.405202556770534250e-06
-2.490297626715594368e-06
-2.578105809859646260e-06
-2.657250152473728134e-06
-2.742428580115729381e-06
-2.820548085660200537e-06
-2.905512899471168281e-06
-2.980180382596327346e-06
-3.063595787027227292e-06
-3.141440453699950546e-06
-3.224832589542506365e-06
-3.294220305477343314e-06
-3.371173728151167430e-06
-3.451220937608128278e-06
-3.520441011851572625e-06
-3.592870521249243728e-06
-3.662135139582694019e-06
-3.726590543425486809e-06
-3.799042075791618166e-06
-3.867766987938843106e-06
-3.918270491109748399e-06
-3.987627311588121465e-06
-4.051042914369786076e-06
-4.110909439201811462e-06
-4.153840747017492548e-06
-4.212436126752868793e-06
-4.268866825847805600e-06
-4.320267952326946838e-06
-4.368654847231210765e-06
-4.404361155627854213e-06
-4.449736473531333177e-06
-4.493336869795909054e-06
-4.533702306936960741e-06
-4.573444982903555485e-06
-4.609910562614090937e-06
-4.630294791105543489e-06
-4.661337019370105416e-06
-4.690884415007837763e-06
-4.718830546187894021e-06
-4.740167655665084378e-06
-4.762054325819665228e-06
-4.782900787171922254e-06
-4.798356635960898750e-06
-4.812292671854113145e-06
-4.823757871905764144e-06
-4.830174433020919007e-06
-4.837753977422682039e-06
-4.841499191808921830e-06
-4.842804966977190619e-06
-4.843992741344193053e-06
-4.839548722001126895e-06
-4.831205194846036417e-06
-4.823692703611858883e-06
-4.813145073039182101e-06
-4.800318667623744549e-06
-4.786288750058026288e-06
-4.767907816525891518e-06
-4.748497724476625591e-06
-4.728509709680201428e-06
-4.705480294508283270e-06
-4.681294594045954979e-06
-4.654626408335967522e-06
-4.621857164456224437e-06
-4.589654777273810214e-06
-4.556652151193509438e-06
-4.527235561998805340e-06
-4.488727220884561550e-06
-4.449729452488851135e-06
-4.408862542546975030e-06
-4.364849867620965637e-06
-4.322303523420940931e-06
-4.278020388763259913e-06
-4.231804043164886217e-06
-4.185182845312858074e-06
-4.136260305572713707e-06
-4.085406016794126952e-06
-4.033353262263104814e-06
-3.982038063972000650e-06
-3.929645821858133017e-06
-3.874882403996141836e-06
-3.820268541137974676e-06
-3.765332519190599447e-06
-3.708403517829803754e-06
-3.652145410708452768e-06
-3.593185526658656605e-06
-3.536434926171837566e-06
-3.479368013190623917e-06
-3.422235200365619895e-06
-3.362222475315685022e-06
-3.303464916725269851e-06
-3.244152935142759623e-06
-3.187123359271139140e-06
-3.130450359945523776e-06
-3.069388515945099190e-06
-3.013646452088883174e-06
-2.958268178943484683e-06
-2.901246578671202080e-06
-2.843071832346876332e-06
-2.787882751263579104e-06
-2.735184814678308912e-06
-2.677527011578038185e-06
-2.626704004884859640e-06
-2.576715750980413527e-06
-2.527678994088120851e-06
-2.474243131024753937e-06
-2.426767834570691197e-06
-2.380112675990412979e-06
-2.330657158324179626e-06
-2.287825393296953694e-06
-2.245920929897633814e-06
-2.200210731632711361e-06
-2.161911014568200646e-06
-2.124409494222799172e-06
-2.083906711205355896e-06
-2.047927420432889164e-06
-2.014105345075688881e-06
-1.978779372200813022e-06
-1.948993046851911297e-06
-1.920202944219583909e-06
-1.890671534618738332e-06
-1.866291471058295673e-06
-1.842645472796018626e-06
-1.818853926552778372e-06
-1.796145881083773610e-06
-1.776981174032666876e-06
-1.759425436364757150e-06
-1.743963118492385323e-06
-1.728230090486916168e-06
-1.717192197712075626e-06
-1.706070504368603544e-06
-1.697761616292044641e-06
-1.689074156138864604e-06
-1.679284090904257487e-06
-1.677016795574781773e-06
-1.673045038381003906e-06
-1.672302684646703575e-06
-1.672250567644147381e-06
-1.670607443276903691e-06
-1.676994817712969589e-06
-1.679192901747325448e-06
-1.687278329539903226e-06
-1.691175636738757287e-06
-1.694323744415783033e-06
-1.708387932696541744e-06
-1.715659508110556872e-06
-1.731990169180282616e-06
-1.739942600634566389e-06
-1.747539933969780209e-06
-1.768935508580313039e-06
-1.779857355855812329e-06
-1.802152476384611677e-06
-1.811541478687710545e-06
-1.835604823057159555e-06
-1.848593736652854785e-06
-1.869576717111886903e-06
-1.889087971879603199e-06
-1.901077854736097702e-06
-1.929082321155453854e-06
-1.944034085165685382e-06
-1.972893206178975431e-06
-1.988354510401621349e-06
-2.018021122676269154e-06
-2.030264668414947057e-06
-2.060489912153100194e-06
-2.076442211580560250e-06
-2.106253401984094213e-06
-2.121885485444609854e-06
-2.137312102728616385e-06
-2.165095820880175132e-06
-2.179886453594094898e-06
-2.210132815829056313e-06
-2.223479360916931439e-06
-2.252877951197675275e-06
-2.264072220527419123e-06
-2.292583719456082134e-06
-2.305555843822560063e-06
-2.333389303770305127e-06
-2.344312584671940711e-06
-2.371414998042943567e-06
-2.381302060011286532e-06
-2.407297978435844496e-06
-2.417741161467287191e-06
-2.442405517280409524e-06
-2.449692851836079574e-06
-2.472807636599752292e-06
-2.479483058600805439e-06
-2.500982385167955425e-06
-2.507755193483515983e-06
-2.527388819629683372e-06
-2.530905372067604442e-06
-2.548169546650488561e-06
-2.551210329701011152e-06
-2.566302804934375495e-06
-2.567824178369834955e-06
-2.581567095603534849e-06
-2.586391855409768831e-06
-2.590714952534532482e-06
-2.602000647522328105e-06
-2.597917851064338292e-06
-2.606031108279148912e-06
-2.601777236012096293e-06
-2.607593887242136845e-06
-2.600145338703075280e-06
-2.603324281287100559e-06
-2.596402971700339665e-06
-2.597130711559478604e-06
-2.588764958939198430e-06
-2.586943346578751848e-06
-2.577522218562851925e-06
-2.571296939848103878e-06
-2.566873162291754348e-06
-2.553915709721143880e-06
-2.546991584028097665e-06
-2.532720405041734290e-06
-2.523226391445598153e-06
-2.507547315377215037e-06
-2.495356946941351083e-06
-2.479645845721631111e-06
-2.464978071242735798e-06
-2.450483045791804590e-06
-2.430986518671553245e-06
-2.414199201649385080e-06
-2.393841064076719316e-06
-2.374813140514331458e-06
-2.354709522504562392e-06
-2.333685255745245607e-06
-2.312654529879168547e-06
-2.290024769048239429e-06
-2.267030430808848824e-06
-2.244272780506439085e-06
-2.219575151967383690e-06
-2.196681706616726378e-06
-2.170491214459262017e-06
-2.144349303290675205e-06
-2.119425046805170881e-06
-2.091949509309400549e-06
-2.067320457383733112e-06
-2.038876184955202527e-06
-2.010270799617256309e-06
-1.985353218776859232e-06
-1.956162936826187279e-06
-1.931575183988837418e-06
-1.901724053226368122e-06
-1.872500088405102792e-06
-1.846945907248134524e-06
-1.816797265978043369e-06
-1.792125360035680466e-06
-1.762010533743422621e-06
-1.732793291456186184e-06
-1.707305692402323970e-06
-1.677505989201160425e-06
-1.653781143001446779e-06
-1.624438071265588236e-06
-1.594690915410073775e-06
-1.572494427182475870e-06
-1.543993701904933237e-06
-1.522308721062965250e-06
-1.494978384976695293e-06
-1.467648048890415595e-06
-1.446953701261722118e-06
-1.420798700539034363e-06
-1.400623306149780233e-06
-1.375637705133475334e-06
-1.351008344137928146e-06
-1.331902416947158791e-06
-1.309156772013601862e-06
-1.286116477143667386e-06
-1.269817335920542694e-06
-1.248812584582389917e-06
-1.232506389886080577e-06
-1.213525492712512515e-06
-1.194609443084274715e-06
-1.180408264270721970e-06
-1.163842478779393674e-06
-1.147201779270660481e-06
-1.135100097802854013e-06
-1.120687456102782308e-06
-1.107842481354911304e-06
-1.095920556290736212e-06
-1.083906161426999810e-06
-1.073016221437965597e-06
-1.063495450772159972e-06
-1.053974680106525871e-06
-1.045863894553151174e-06
-1.038622065088365645e-06
-1.031387015035166265e-06
-1.024951898691315183e-06
-1.020190164084861575e-06
-1.014624977397919843e-06
-1.010799146506084184e-06
-1.008427731357490744e-06
-1.003320538252153827e-06
-1.003293510820980920e-06
-1.003065558905568405e-06
-9.984930251186795375e-07
-1.000469443175593744e-06
-1.002445861232817329e-06
-9.999221986871002118e-07
-1.003885849337801453e-06
-1.007849499988674430e-06
-1.007075523273490529e-06
-1.012806985884135210e-06
-1.018538448494769939e-06
-1.017660927657073576e-06
-1.025149027881986618e-06
-1.032637128107002574e-06
-1.033367375609666418e-06
-1.042265197165069380e-06
-1.051163018720560856e-06
-1.052728455568797538e-06
-1.062815413949133790e-06
-1.072902372329273954e-06
-1.072881267435977863e-06
-1.083987344185971332e-06
-1.095093420936013930e-06
-1.097250914857237248e-06
-1.109154271923624139e-06
-1.121057628990143378e-06
-1.123325364349332063e-06
-1.135778255578767018e-06
-1.148231146808157504e-06
-1.148952325797888193e-06
-1.161762133804359219e-06
-1.174571941810928289e-06
-1.176862799666776031e-06
-1.189758122306690882e-06
-1.202653444946620343e-06
-1.204290116234931989e-06
-1.217016622701369224e-06
-1.229743129167678768e-06
-1.229849202393056145e-06
-1.242187259708172051e-06
-1.254525317023194784e-06
-1.255595009231769490e-06
-1.267902523375745838e-06
-1.279707068237730193e-06
-1.285233407331345259e-06
-1.291354562449833745e-06
-1.302400927743135982e-06
-1.314033154125266036e-06
-1.312275558742114128e-06
-1.322330619243972625e-06
-1.332385679745806558e-06
-1.331957414156821175e-06
-1.340951869337908498e-06
-1.349946324519182592e-06
-1.348170345310770210e-06
-1.355904126451086493e-06
-1.363637907591525172e-06
-1.362988825598536698e-06
-1.367910929023058996e-06
-1.374280292364648526e-06
-1.380947611147103792e-06
-1.377722240164570406e-06
-1.382679331158445347e-06
-1.387636422152315418e-06
-1.383519214549129340e-06
-1.386830361944153875e-06
-1.390141509339065542e-06
-1.386118827955286676e-06
-1.387851147883160605e-06
-1.389537923808587627e-06
-1.391323212960778936e-06
-1.385950845652039015e-06
-1.386155651373512220e-06
-1.386360457094867476e-06
-1.380128908681153582e-06
-1.378767129580487262e-06
-1.377405350479742379e-06
-1.375106889112783364e-06
-1.368724486284905895e-06
-1.365679493722008923e-06
-1.362634501159038471e-06
-1.355435801575463948e-06
-1.350640458503854422e-06
-1.345845115432224990e-06
-1.339375966985027000e-06
-1.331656301590661991e-06
-1.325324110361992704e-06
-1.318991919133347980e-06
-1.310414139092618737e-06
-1.303175796384991030e-06
-1.295937453677324147e-06
-1.288298541133040623e-06
-1.279642756419426874e-06
-1.271486433891943524e-06
-1.263330111364425870e-06
-1.254089687596527140e-06
-1.244602378991049365e-06
-1.235115070385527332e-06
-1.225571381611904240e-06
-1.216342634113697627e-06
-1.205811608834773765e-06
-1.195280583555766683e-06
-1.186322273917909261e-06
-1.175032397308301431e-06
-1.163814340057305283e-06
-1.152596282806426873e-06
-1.143447415914121429e-06
-1.131850285607576404e-06
-1.120253155301114812e-06
-1.109196909151293018e-06
-1.099522938398263674e-06
-1.087761680555512689e-06
-1.076000422712845136e-06
-1.067136783176323502e-06
-1.055260017548833089e-06
-1.043494881506168261e-06
-1.031729745463508515e-06
-1.023002068806320599e-06
-1.011486529835663987e-06
-9.999709908649582470e-07
-9.883388659408729548e-07
-9.802896112305016635e-07
-9.691196973526583009e-07
-9.579497834747704691e-07
-9.481439507473392344e-07
-9.392985021665968942e-07
-9.286965345500093281e-07
-9.180945669333775045e-07
-9.107473471018644310e-07
-9.007668722327252874e-07
-8.909830224474505067e-07
-8.811991726621364447e-07
-8.741381771184798144e-07
-8.652670525623087694e-07
-8.563959280060101401e-07
-8.475248034497261221e-07
-8.410054981326568068e-07
-8.332502517913572441e-07
-8.254950054500232707e-07
-8.177397591086305344e-07
-8.118985021804029596e-07
-8.053504755991821843e-07
-7.988024490179812083e-07
-7.922544224367604330e-07
-7.873386042711379195e-07
-7.819479974788954058e-07
-7.765573906865301781e-07
-7.711611851867557716e-07
-7.667630577087574028e-07
-7.626419661981332783e-07
-7.585208746874601317e-07
-7.544042274594721881e-07
-7.505084012216340437e-07
-7.476065567737182318e-07
-7.447047123258071844e-07
-7.418130549461108782e-07
-7.385069298736650831e-07
-7.367643325353371896e-07
-7.350217351970978109e-07
-7.332791378587307421e-07
-7.297141336498047117e-07
-7.291740448525600648e-07
-7.286339560552811131e-07
-7.280938672579775974e-07
-7.253292923363895231e-07
-7.257747530447490712e-07
-7.262202137530399037e-07
-7.266656744613650411e-07
-7.242826674100243084e-07
-7.255858464228890276e-07
-7.268890254357978984e-07
-7.281922044486282068e-07
-7.252455249820868732e-07
-7.274604779259820431e-07
-7.296324369102137684e-07
-7.318043958945118800e-07
-7.295809699226038174e-07
-7.324684192034607841e-07
-7.352854628164975860e-07
-7.381025064296104091e-07
-7.393539823338927697e-07
-7.393235759704995701e-07
-7.426399334588430480e-07
-7.459562909471423743e-07
-7.494471894343488055e-07
-7.466475749420588934e-07
-7.503106741640174579e-07
-7.539737733859318707e-07
-7.576368726078119788e-07
-7.559318953675604301e-07
-7.597561983689646344e-07
-7.635805013703786854e-07
-7.674048043716993511e-07
-7.656134913867129408e-07
-7.693523162773638246e-07
-7.732319902635015358e-07
-7.771116642497030921e-07
-7.814979073802294714e-07
-7.783397503902542440e-07
-7.821260600496243560e-07
-7.859123697090337491e-07
-7.896986793683915791e-07
-7.876969018873271258e-07
-7.912356406996766864e-07
-7.947743795119600726e-07
-7.983131183242653757e-07
-7.980118251464110607e-07
-7.990848398830301103e-07
-8.022350409906422710e-07
-8.053852420981587170e-07
-8.085354432057733129e-07
-8.052752277766550632e-07
-8.079398356471577398e-07
-8.106044435176482403e-07
-8.132690513881534580e-07
-8.110198139022263839e-07
-8.129433568659447809e-07
-8.150772686144087482e-07
-8.172111803629045850e-07
-8.193773830406729921e-07
-8.159397384519243062e-07
-8.174385610642502159e-07
-8.189373836766129715e-07
-8.204362062888848829e-07
-8.179099204068419128e-07
-8.179513921167611715e-07
-8.187522815990078419e-07
-8.195531710812765352e-07
-8.203540605635476636e-07
-8.169906043248108568e-07
-8.171164912805754059e-07
-8.172423782362809802e-07
-8.173682651920455293e-07
-8.163555531112165387e-07
-8.131203173774081323e-07
-8.125200271703822303e-07
-8.119197369633340937e-07
-8.113194467562492170e-07
-8.073782733949753307e-07
-8.061895250061723478e-07
-8.048922001519907346e-07
-8.035948752977551231e-07
-8.022982910503096001e-07
-7.983485931169607745e-07
-7.964317111943233918e-07
-7.945148292717252904e-07
-7.925979473491296241e-07
-7.902431495817751587e-07
-7.862017614784582280e-07
-7.836607913874349627e-07
-7.811198212964362612e-07
-7.785788512054547122e-07
-7.747433825972142383e-07
-7.716489931345735285e-07
-7.685977481824877663e-07
-7.655465032302841607e-07
-7.624952582781762697e-07
-7.585001426797210783e-07
-7.550479647421934568e-07
-7.515903874591348408e-07
-7.481328101760737896e-07
-7.446752328930101973e-07
-7.403659759496386695e-07
-7.365759745144139640e-07
-7.327859730793094313e-07
-7.289959716441411593e-07
-7.252135014356919514e-07
-7.211789349014757790e-07
-7.171897159854772568e-07
-7.132004970693191747e-07
-7.092112781532665483e-07
-7.052098505641338805e-07
-7.013789435036044199e-07
-6.972942743559559196e-07
-6.932096052083541120e-07
-6.891249360607130232e-07
-6.850835133216198153e-07
-6.813001948614786790e-07
-6.772312195024149571e-07
-6.731622441433314358e-07
-6.690932687842308680e-07
-6.651281850112778810e-07
-6.615382485095441876e-07
-6.576072297990718544e-07
-6.536762110886534138e-07
-6.497451923782105150e-07
-6.459114523238576122e-07
-6.425498211310294116e-07
-6.388484614931843600e-07
-6.351471018554374584e-07
-6.314457422176734043e-07
-6.277487967281409871e-07
-6.244024389846146650e-07
-6.210245245393955417e-07
-6.176466100940635513e-07
-6.142686956487684068e-07
-6.108623195317876660e-07
-6.080243179307167889e-07
-6.050003853526743947e-07
-6.019764527746147422e-07
-5.989525201965746774e-07
-5.959249006261007005e-07
-5.931610566284426136e-07
-5.905726471108858180e-07
-5.879842375933264813e-07
-5.853958280757032995e-07
-5.828074185581463980e-07
-5.800733055906314190e-07
-5.779949431321524792e-07
-5.759165806737299729e-07
-5.738382182153295954e-07
-5.717598557568506556e-07
-5.691603906953599266e-07
-5.675852186643765720e-07
-5.659638993711049095e-07
-5.643425800777915305e-07
-5.627212607844413057e-07
-5.604561567685518072e-07
-5.588180658172072685e-07
-5.576538046119008385e-07
-5.564895434065894321e-07
-5.553252822013173069e-07
-5.542609557706239693e-07
-5.517733445815632172e-07
-5.510557627324012701e-07
-5.503381808831557845e-07
-5.496205990339938375e-07
-5.489030171848540192e-07
-5.466733006029571384e-07
-5.463383556096920612e-07
-5.460017349546396777e-07
-5.456651142997050319e-07
-5.453284936447140583e-07
-5.435424084606654944e-07
-5.429057570179761002e-07
-5.429375921555126186e-07
-5.429694272929485519e-07
-5.430012624304826351e-07
-5.431333391884206354e-07
-5.407952779291783003e-07
-5.411107651345665114e-07
-5.414262523399105709e-07
-5.417417395452790886e-07
-5.420572267506672997e-07
-5.396683506944633193e-07
-5.403820281679963558e-07
-5.408804896417021391e-07
-5.413789511154103576e-07
-5.418774125891553162e-07
-5.425849136928823871e-07
-5.399398806532233826e-07
-5.405615388987205769e-07
-5.411831971442324884e-07
-5.418048553896658376e-07
-5.424265136351777491e-07
-5.398868260541211434e-07
-5.406868682132679411e-07
-5.413457285248464709e-07
-5.420045888363882605e-07
-5.426634491479692255e-07
-5.434250666817517641e-07
-5.411645718507023149e-07
-5.417983266424357487e-07
-5.424320814342059225e-07
-5.430658362259369210e-07
-5.436995910176653784e-07
-5.424920649143867891e-07
-5.416968597231133784e-07
-5.422403080065031707e-07
-5.427837562898366354e-07
-5.433272045732485565e-07
-5.438706528566039382e-07
-5.414367973588987498e-07
-5.419216900778188896e-07
-5.423170480295546607e-07
-5.427124059812365392e-07
-5.431077639329551578e-07
-5.436394751076723046e-07
-5.412077878440289247e-07
-5.414171207567638738e-07
-5.416264536694619770e-07
-5.418357865820767533e-07
-5.420451194948141376e-07
-5.412511889218926347e-07
-5.393108254572666650e-07
-5.392875255277991753e-07
-5.392642255983611200e-07
-5.392409256689378878e-07
-5.392176257395366785e-07
-5.372480408047821039e-07
-5.366907554332138455e-07
-5.364323906342051534e-07
-5.361740258351645917e-07
-5.359156610361633111e-07
-5.356572962372013118e-07
-5.331951458879861441e-07
-5.328057138403855165e-07
-5.323090620823608437e-07
-5.318124103244098629e-07
-5.313157585664367532e-07
-5.308191068084342092e-07
-5.281287029005635318e-07
-5.274023454422079041e-07
-5.266493893275502626e-07
-5.258964332129467253e-07
-5.251434770983259297e-07
-5.243962931536692568e-07
-5.220548948101682845e-07
-5.210977444013973164e-07
-5.201405939925231161e-07
-5.191834435837226077e-07
-5.182262931749196640e-07
-5.172940682716945875e-07
-5.148251810119681528e-07
-5.136857369932315553e-07
-5.125462929745294744e-07
-5.114068489558100293e-07
-5.102674049370956664e-07
-5.091484083060257761e-07
-5.065818884771569462e-07
-5.052886459957706111e-07
-5.039954035143473241e-07
-5.027021610329511423e-07
-5.014089185515328316e-07
-5.001156760701538022e-07
-4.978578326612319918e-07
-4.964668750294328509e-07
-4.950742954391507577e-07
-4.936817158488784054e-07
-4.922891362585716423e-07
-4.908965566682968548e-07
-4.886548065618828408e-07
-4.872281955630877764e-07
-4.857729415877616307e-07
-4.843176876123765104e-07
-4.828624336370182834e-07
-4.814071796616478802e-07
-4.791611205054539909e-07
-4.777366270543176638e-07
-4.762694309466598634e-07
-4.748022348390192684e-07
-4.733350387313884143e-07
-4.718678426237502545e-07
-4.700381133760249538e-07
-4.683641392661642473e-07
-4.669321467606061146e-07
-4.655001542550651872e-07
-4.640681617495045664e-07
-4.626361692439488689e-07
-4.611702585929030279e-07
-4.591744979817411586e-07
-4.578120364914671194e-07
-4.564495750012324143e-07
-4.550871135109694394e-07
-4.537246520207567571e-07
-4.523687928272372899e-07
-4.502713970183233409e-07
-4.490142159866273772e-07
-4.477552108316905558e-07
-4.464962056766751721e-07
-4.452372005217162749e-07
-4.439781953667402253e-07
-4.421767141053095394e-07
-4.409707617988449965e-07
-4.398380062721419115e-07
-4.387052507453971101e-07
-4.375724952186879370e-07
-4.364397396919689172e-07
-4.352857080657477798e-07
-4.334522508507226917e-07
-4.324717729805155225e-07
-4.314912951103194177e-07
-4.305108172401282363e-07
-4.295303393699296962e-07
-4.285498614997323738e-07
-4.266168995354360673e-07
-4.258482640197053951e-07
-4.250208920936863272e-07
-4.241935201677052699e-07
-4.233661482416935606e-07
-4.225387763156805808e-07
-4.215217936206060828e-07
-4.200450718297774763e-07
-4.193576987558813811e-07
-4.186703256820024912e-07
-4.179829526081186780e-07
-4.172955795342434938e-07
-4.166082064603486162e-07
-4.145276723006350937e-07
-4.140742448542154600e-07
-4.135283287636845819e-07
-4.129824126731855733e-07
-4.124364965826829119e-07
-4.118905804921336108e-07
-4.114079648355545677e-07
-4.096052167710495227e-07
-4.091775570979603073e-07
-4.087498974248759625e-07
-4.083222377517609656e-07
-4.078945780786570331e-07
-4.074669184055702530e-07
-4.060810841991720770e-07
-4.053833141577574498e-07
-4.050464779040850327e-07
-4.047096416503819106e-07
-4.043728053966787886e-07
-4.040359691430075361e-07
-4.036991328892860440e-07
-4.017489251498442302e-07
-4.015462821142511971e-07
-4.012807748114146883e-07
-4.010152675085561036e-07
-4.007497602057073128e-07
-4.004842529028683688e-07
-4.003233478513457666e-07
-3.984979981691241225e-07
-3.982715267116445862e-07
-3.980450552541454094e-07
-3.978185837966609498e-07
-3.975921123391912603e-07
-3.973656408816908658e-07
-3.967087448508852598e-07
-3.954134660615893982e-07
-3.952035750697212306e-07
-3.949936840778297166e-07
-3.947837930859787015e-07
-3.945739020941191100e-07
-3.943640111022693125e-07
-3.930572829675649822e-07
-3.921600266402710673e-07
-3.919402557954149973e-07
-3.917204849505687740e-07
-3.915007141056881929e-07
-3.912809432608407520e-07
-3.910611724160055402e-07
-3.895716922376161513e-07
-3.890769256899426964e-07
-3.888258050350207338e-07
-3.885746843801577460e-07
-3.883235637252836408e-07
-3.880724430703592960e-07
-3.878213224154839733e-07
-3.862000573275971381e-07
-3.858267215760256275e-07
-3.855290642104644251e-07
-3.852314068449473742e-07
-3.849337494794082475e-07
-3.846360921138703384e-07
-3.843384347482870602e-07
-3.825520057410078363e-07
-3.821079877498381155e-07
-3.817453852893884640e-07
-3.813827828289952462e-07
-3.810201803685934521e-07
-3.806575779081536475e-07
-3.802949754477432772e-07
-3.788357416215391499e-07
-3.782081639908078465e-07
-3.777848531859570446e-07
-3.773615423811455239e-07
-3.769382315763020806e-07
-3.765149207714930481e-07
-3.760916099666704630e-07
-3.748895290593539041e-07
-3.739529272262353667e-07
-3.734690254383896628e-07
-3.729851236505550232e-07
-3.725012218627387537e-07
-3.720173200748721916e-07
-3.715334182870571927e-07
-3.706309569062272140e-07
-3.691734168727897038e-07
-3.686287851684602676e-07
-3.680841534641026147e-07
-3.675395217597449088e-07
-3.669948900554154726e-07
-3.664502583510480258e-07
-3.659863837294652163e-07
-3.643423153495898456e-07
-3.637535641131561068e-07
-3.631648128767702783e-07
-3.625760616403660268e-07
-3.619873104039335586e-07
-3.613985591675391010e-07
-3.608149772019665504e-07
-3.591464078366965242e-07
-3.585734603160940266e-07
-3.579512310417406895e-07
-3.573290017673542123e-07
-3.567067724930315272e-07
-3.560845432186781901e-07
-3.554623139443137887e-07
-3.541629280152817150e-07
-3.532119181788895405e-07
-3.525694950880309772e-07
-3.519270719971724139e-07
-3.512846489063236974e-07
-3.506422258154565579e-07
-3.499998027246164176e-07
-3.493973597695571138e-07
-3.478887592995873728e-07
-3.472423669494379444e-07
-3.465959745993166800e-07
-3.459495822491574049e-07
-3.453031898990152822e-07
-3.446567975488645834e-07
-3.440104051987347427e-07
-3.423866006970654319e-07
-3.417783467558021149e-07
-3.411420070010060342e-07
-3.405056672461915306e-07
-3.398693274914052437e-07
-3.392329877366079454e-07
-3.385966479817750188e-07
-3.378814261702967053e-07
-3.364639966907296662e-07
-3.358527379950626572e-07
-3.352414792993968129e-07
-3.346302206037212277e-07
-3.340189619080455896e-07
-3.334077032123466581e-07
-3.327964445166710200e-07
-3.314222749205663418e-07
-3.307898997002965762e-07
-3.302100919517545979e-07
-3.296302842032151077e-07
-3.290504764546781056e-07
-3.284706687061484092e-07
-3.278908609575991252e-07
-3.273682858581592794e-07
-3.258641033991731060e-07
-3.253232480388046246e-07
-3.247815008614371815e-07
-3.242397536840796381e-07
-3.236980065066926074e-07
-3.231562593293264349e-07
-3.226145121519884792e-07
-3.217094551518572531e-07
-3.206934033340686342e-07
-3.201930223613371226e-07
-3.196926413885455247e-07
-3.191922604157943726e-07
-3.186918794430420029e-07
-3.181914984702909037e-07
-3.176911174974980352e-07
-3.163832955317124583e-07
-3.158545089840475215e-07
-3.153941668673858702e-07
-3.149338247507230013e-07
-3.144734826340306451e-07
-3.140131405173898520e-07
-3.135527984007294184e-07
-3.131143181558608610e-07
-3.115819745347126316e-07
-3.112131895881037827e-07
-3.107915059285756434e-07
-3.103698222690254813e-07
-3.099481386094888187e-07
-3.095264549499508857e-07
-3.091047712904277227e-07
-3.087447368831903202e-07
-3.072760863461917084e-07
-3.068983422116459482e-07
-3.065089016459305902e-07
-3.061194610801980268e-07
-3.057300205144826689e-07
-3.053405799487488350e-07
-3.049511393830052602e-07
-3.046006868621456708e-07
-3.032678361378597740e-07
-3.029031350363896299e-07
-3.025384339349574964e-07
-3.021737328334578649e-07
-3.018090317320073085e-07
-3.014443306305567520e-07
-3.010796295290755435e-07
-3.006888643843815759e-07
-2.992943770136706064e-07
-2.989492994031898121e-07
-2.986042217927078002e-07
-2.982591441822171592e-07
-2.979140665717462116e-07
-2.975689889612641997e-07
-2.972239113507736116e-07
-2.968952277022804318e-07
-2.955607163853679469e-07
-2.952260188351431840e-07
-2.948913212849061921e-07
-2.945566237346716353e-07
-2.942219261844174380e-07
-2.938872286341816637e-07
-2.935525310839556832e-07
-2.932841354800857883e-07
-2.919432727896893624e-07
-2.916221826180493830e-07
-2.912905683715447080e-07
-2.909589541250621616e-07
-2.906273398785587571e-07
-2.902957256320663640e-07
-2.899641113855715357e-07
-2.896735671879384474e-07
-2.880808543363605921e-07
-2.878040732556631053e-07
-2.874701377546409094e-07
-2.871362022536310485e-07
-2.868022667526113407e-07
-2.864683312516002622e-07
-2.861343957505879130e-07
-2.858004602495584115e-07
-2.846106341185408075e-07
-2.842288226277613294e-07
-2.838897286317823430e-07
-2.835506346358132032e-07
-2.832115406398550749e-07
-2.828724466438675122e-07
-2.825333526478983725e-07
-2.821942586519206037e-07
-2.814070609660589757e-07
-2.805774458902767697e-07
-2.802300388063156971e-07
-2.798826317223853295e-07
-2.795352246384365388e-07
-2.791878175544779544e-07
-2.788404104705365223e-07
-2.784930033865950903e-07
-2.782266078516556802e-07
-2.768017918667899665e-07
-2.764515675545304845e-07
-2.760932484026148329e-07
-2.757349292507187689e-07
-2.753766100988006291e-07
-2.750182909468922831e-07
-2.746599717949852076e-07
-2.743016526430793498e-07
-2.731660667029293762e-07
-2.727377496494953674e-07
-2.723717150405552730e-07
-2.720056804316335485e-07
-2.716396458227032478e-07
-2.712736112137607181e-07
-2.709075766048488404e-07
-2.705415419959185397e-07
-2.700457517986568359e-07
-2.689063840736620640e-07
-2.685335492389781099e-07
-2.681607144042855796e-07
-2.677878795696212661e-07
-2.674150447349360943e-07
-2.670422099002779218e-07
-2.666693750656050320e-07
-2.662965402309210779e-07
-2.650912090831929738e-07
-2.646513507693402838e-07
-2.642734944984726347e-07
-2.638956382276209734e-07
-2.635177819567631181e-07
-2.631399256858954690e-07
-2.627620694150486781e-07
-2.623842131441896053e-07
-2.620484718404200085e-07
-2.608288304732460737e-07
-2.604590250704778540e-07
-2.600812300512092812e-07
-2.597034350319395437e-07
-2.593256400126611771e-07
-2.589478449934086450e-07
-2.585700499741314960e-07
-2.581922549548605409e-07
-2.574124011224502604e-07
-2.566479035754146556e-07
-2.562726923051786411e-07
-2.558974810349364326e-07
-2.555222697646905713e-07
-2.551470584944447100e-07
-2.547718472242025545e-07
-2.543966359539701928e-07
-2.540214246837243315e-07
-2.528906333412946711e-07
-2.524851036759123110e-07
-2.521158916137474549e-07
-2.517466795515801637e-07
-2.513774674894275367e-07
-2.510082554272590278e-07
-2.506390433651039656e-07
-2.502698313029317510e-07
-2.499364291963364038e-07
-2.487460081035346622e-07
-2.484272568877140940e-07
-2.480672190538972829e-07
-2.477071812200608312e-07
-2.473471433862648783e-07
-2.469871055524259915e-07
-2.466270677186006042e-07
-2.462670298847837931e-07
-2.459702578624674269e-07
-2.447487623868217097e-07
-2.444182162506582792e-07
-2.440690802181704737e-07
-2.437199441856679511e-07
-2.433708081531899924e-07
-2.430216721206874698e-07
-2.426725360881910881e-07
-2.423234000557167822e-07
-2.419550937977737114e-07
-2.408151828741905188e-07
-2.404848447116580131e-07
-2.401479569056957360e-07
-2.398110690997310237e-07
-2.394741812937883872e-07
-2.391372934878150457e-07
-2.388004056818626154e-07
-2.384635178759076969e-07
-2.381021474582839211e-07
-2.370801074442718716e-07
-2.367611263026408937e-07
-2.364362543119669811e-07
-2.361113823213102209e-07
-2.357865103306375259e-07
-2.354616383399599339e-07
-2.351367663492958151e-07
-2.348118943586329404e-07
-2.345358836447550496e-07
-2.333641546667739869e-07
-2.330697166563519183e-07
-2.327564244649211904e-07
-2.324431322734941419e-07
-2.321298400820486703e-07
-2.318165478906253275e-07
-2.315032556991896763e-07
-2.311899635077429871e-07
-2.309195887222592702e-07
-2.297669548135583513e-07
-2.295059234942469035e-07
-2.292031414773199002e-07
-2.289003594603696035e-07
-2.285975774434364592e-07
-2.282947954264990268e-07
-2.279920134095628120e-07
-2.276892313926161946e-07
-2.273957349669317792e-07
-2.263972357424853558e-07
-2.260808780050242343e-07
-2.257870829435945330e-07
-2.254932878821476527e-07
-2.251994928207314775e-07
-2.249056977592950264e-07
-2.246119026978751453e-07
-2.243181076364380854e-07
-2.240243125749924493e-07
-2.232655238236207174e-07
-2.225904010178818801e-07
-2.223031331860629976e-07
-2.220158653542631203e-07
-2.217285975224509876e-07
-2.214413296906364197e-07
-2.211540618588359337e-07
-2.208667940270274802e-07
-2.205795261952141299e-07
-2.202751656396310754e-07
-2.192670019530289869e-07
-2.189979165255003784e-07
-2.187155820658200752e-07
-2.184332476061195226e-07
-2.181509131464435075e-07
-2.178685786867527753e-07
-2.175862442270626518e-07
-2.173039097673878543e-07
-2.170283835514489047e-07
-2.160840656352329564e-07
-2.157382603547599897e-07
-2.154596485036455972e-07
-2.151810366525047878e-07
-2.149024248014038684e-07
-2.146238129502741235e-07
-2.143452010991535900e-07
-2.140665892480281331e-07
-2.137879773969173934e-07
-2.133735575162104619e-07
-2.124561402818895589e-07
-2.121786419636027381e-07
-2.119011436453104117e-07
-2.116236453270235910e-07
-2.113461470087171296e-07
-2.110686486904345970e-07
-2.107911503721318150e-07
-2.105136520538413150e-07
-2.102373478613002841e-07
-2.093866735437911808e-07
-2.089940591107796019e-07
-2.087184329593726592e-07
-2.084428068079681518e-07
-2.081671806565703942e-07
-2.078915545051781423e-07
-2.076159283537705909e-07
-2.073403022023709804e-07
-2.070646760509689346e-07
-2.068455328009464614e-07
-2.057786765875827008e-07
-2.055353375710046549e-07
-2.052617362751707203e-07
-2.049881349793152923e-07
-2.047145336834905427e-07
-2.044409323876510759e-07
-2.041673310917968920e-07
-2.038937297959537459e-07
-2.036201285001142791e-07
-2.030967846869152845e-07
-2.023141328042345397e-07
-2.020405712058596132e-07
-2.017670096075110771e-07
-2.014934480091380035e-07
-2.012198864107900762e-07
-2.009463248124317463e-07
-2.006727632140936392e-07
-2.003992016157266802e-07
-2.001256400173732471e-07
-1.994188859921478496e-07
-1.989125358623167930e-07
-1.986417377282067831e-07
-1.983709395941256253e-07
-1.981001414600107184e-07
-1.978293433259295606e-07
-1.975585451918391913e-07
-1.972877470577586422e-07
-1.970169489236517028e-07
-1.967537362714377808e-07
-1.959167769556245842e-07
-1.955544778289625202e-07
-1.952869321750270618e-07
-1.950193865210867065e-07
-1.947518408671561450e-07
-1.944842952131906169e-07
-1.942167495592631524e-07
-1.939492039053227706e-07
-1.936816582513965236e-07
-1.934325004692047642e-07
-1.924956723075396438e-07
-1.921981730370730212e-07
-1.919338443807205508e-07
-1.916695157243680538e-07
-1.914051870680235508e-07
-1.911408584116661569e-07
-1.908765297552940459e-07
-1.906122010989421843e-07
-1.903478724426044310e-07
-1.901004466267546623e-07
-1.892222817874151012e-07
-1.889237309518822107e-07
-1.886641443686954101e-07
-1.884045577855085831e-07
-1.881449712023432495e-07
-1.878853846191625634e-07
-1.876257980359861655e-07
-1.873662114527766539e-07
-1.871066248695953590e-07
-1.868541075520367607e-07
-1.860619952932025959e-07
-1.856908866351068407e-07
-1.854366104752700373e-07
-1.851823343154344516e-07
-1.849280581555841486e-07
-1.846737819957632800e-07
-1.844195058359264766e-07
-1.841652296761000758e-07
-1.839109535162387349e-07
-1.836566773564117253e-07
-1.829901361520494978e-07
-1.824566119828537760e-07
-1.822073093516482634e-07
-1.819580067204581032e-07
-1.817087040892280531e-07
-1.814594014580427898e-07
-1.812100988268293098e-07
-1.809607961956446553e-07
-1.807114935644434573e-07
-1.804621909332385534e-07
-1.800549715842629525e-07
-1.793649777792083070e-07
-1.791231287882193169e-07
-1.788795939239732151e-07
-1.786360590597093257e-07
-1.783925241954386864e-07
-1.781489893311772587e-07
-1.779054544669213367e-07
-1.776619196026648323e-07
-1.774183847384033781e-07
-1.772195498072335953e-07
-1.762564866687756605e-07
-1.760603090035067814e-07
-1.758218926833229221e-07
-1.755834763631335306e-07
-1.753450600429293954e-07
-1.751066437227357157e-07
-1.748682274025414009e-07
-1.746298110823618296e-07
-1.743913947621675412e-07
-1.741529784419861171e-07
-1.734969459387092231e-07
-1.730488957220313913e-07
-1.728151640210093440e-07
-1.725814323199879055e-07
-1.723477006189572555e-07
-1.721139689179450285e-07
-1.718802372169186666e-07
-1.716465055158757611e-07
-1.714127738148592195e-07
-1.711790421138433132e-07
-1.709341197449647314e-07
-1.701001970894588233e-07
-1.698962766640956385e-07
-1.696673422412395127e-07
-1.694384078183950336e-07
-1.692094733955376902e-07
-1.689805389726919670e-07
-1.687516045498321618e-07
-1.685226701269711391e-07
-1.682937357041162309e-07
-1.680648012812754311e-07
-1.674280628733388478e-07
-1.669540009161428425e-07
-1.667287928867241933e-07
-1.665035848573264023e-07
-1.662783768279280025e-07
-1.660531687985351349e-07
-1.658279607691287412e-07
-1.656027527397352647e-07
-1.653775447103227565e-07
-1.651523366809353946e-07
-1.649651763105074802e-07
-1.640460814862033585e-07
-1.638735078965223962e-07
-1.636520189981648019e-07
-1.634305300997832789e-07
-1.632090412014207612e-07
-1.629875523030386294e-07
-1.627660634046712148e-07
-1.625445745063025826e-07
-1.623230856079253742e-07
-1.621015967095481393e-07
-1.617887364824353333e-07
-1.610601808331456092e-07
-1.608581269071964574e-07
-1.606402631750770405e-07
-1.604223994429232395e-07
-1.602045357108013609e-07
-1.599866719786616947e-07
-1.597688082465318488e-07
-1.595509445143964707e-07
-1.593330807822672336e-07
-1.591152170501232528e-07
-1.586420006579964209e-07
-1.580800800291626255e-07
-1.578651078299121437e-07
-1.576501356306536681e-07
-1.574351634313847634e-07
-1.572201912321373257e-07
-1.570052190328837735e-07
-1.567902468336197657e-07
-1.565752746343772514e-07
-1.563603024351187758e-07
-1.561453302358492623e-07
-1.555976463789651092e-07
-1.551456954978855532e-07
-1.549339707698248088e-07
-1.547222460417591938e-07
-1.545105213136782000e-07
-1.542987965856174820e-07
-1.540870718575561287e-07
-1.538753471294935578e-07
-1.536636224014322310e-07
-1.534518976733665896e-07
-1.532401899549321186e-07
-1.526724506902075202e-07
-1.522529276991204873e-07
-1.520445367015408179e-07
-1.518361457039801539e-07
-1.516277547063789910e-07
-1.514193637088146741e-07
-1.512109727112349783e-07
-1.510025817136657380e-07
-1.507941907160909656e-07
-1.505857997185309103e-07
-1.503774087209309915e-07
-1.498248880953471345e-07
-1.493560955495697509e-07
-1.491505063709063487e-07
-1.489449171922282557e-07
-1.487393280135636358e-07
-1.485337388348805930e-07
-1.483281496562122939e-07
-1.481225604775342009e-07
-1.479169712988695810e-07
-1.477113821202049612e-07
-1.475057929415170214e-07
-1.470756874551062654e-07
-1.465348068476135810e-07
-1.463327059583244269e-07
-1.461306050690094913e-07
-1.459285041797148051e-07
-1.457264032903961902e-07
-1.455243024010947541e-07
-1.453222015117902476e-07
-1.451201006224857411e-07
-1.449179997331763376e-07
-1.447158988438718311e-07
-1.444459596108531677e-07
-1.437574140671378442e-07
-1.435802732504159241e-07
-1.433818322376776890e-07
-1.431833912249204220e-07
-1.429849502121631551e-07
-1.427865091994065235e-07
-1.425880681866590768e-07
-1.423896271738969130e-07
-1.421911861611605043e-07
-1.419927451484081342e-07
-1.418277742933855234e-07
-1.410278910738735142e-07
-1.408356392875624102e-07
-1.406401097686460226e-07
-1.404445802497296350e-07
-1.402490507307978950e-07
-1.400535212118821162e-07
-1.398579916929589788e-07
-1.396624621740419824e-07
-1.394669326551348063e-07
-1.392714031362036751e-07
-1.390758736172872875e-07
-1.386055446242497866e-07
-1.381570395333801609e-07
-1.379652869872605323e-07
-1.377735344411648323e-07
-1.375817818950359922e-07
-1.373900293489409011e-07
-1.371982768028225166e-07
-1.370065242567225021e-07
-1.368147717106090144e-07
-1.366230191645041030e-07
-1.364312666183801863e-07
-1.362757023933880673e-07
-1.354873413923847508e-07
-1.353371765280891158e-07
-1.351491882543006602e-07
-1.349611999805263130e-07
-1.347732117067280371e-07
-1.345852234329499842e-07
-1.343972351591707136e-07
-1.342092468853804316e-07
-1.340212586115968729e-07
-1.338332703377985705e-07
-1.336452820640242233e-07
-1.331841700082582714e-07
-1.326913009821382590e-07
-1.325061824810295680e-07
-1.323210639799355676e-07
-1.321359454788201003e-07
-1.319508269777267352e-07
-1.317657084766278379e-07
-1.315805899755338376e-07
-1.313954714744300434e-07
-1.312103529733311462e-07
-1.310252344722273520e-07
-1.308647655290208283e-07
-1.302034675875194342e-07
-1.299694488264698737e-07
-1.297881049184344140e-07
-1.296067610104093570e-07
-1.294254171023794031e-07
-1.292440731943592694e-07
-1.290627292863336036e-07
-1.288813853783183668e-07
-1.287000414702871953e-07
-1.285186975622572413e-07
-1.283373536542266786e-07
-1.281566399375884073e-07
-1.274267623511774019e-07
-1.272829520100648163e-07
-1.271049497593867417e-07
-1.269269475087221667e-07
-1.267489452580667767e-07
-1.265709430074028105e-07
-1.263929407567443765e-07
-1.262149385060760957e-07
-1.260369362554115207e-07
-1.258589340047475545e-07
-1.256809317540940174e-07
-1.253957419382477616e-07
-1.247872014994802467e-07
-1.246317143877644789e-07
-1.244565985389611201e-07
-1.242814826901534468e-07
-1.241063668413506968e-07
-1.239312509925417793e-07
-1.237561351437384206e-07
-1.235810192949153947e-07
-1.234059034461169328e-07
-1.232307875972988304e-07
-1.230556717484954716e-07
-1.227312648071895700e-07
-1.222029210679650275e-07
-1.220436292790675065e-07
-1.218719543829994860e-07
-1.217002794869210363e-07
-1.215286045908566951e-07
-1.213569296947739574e-07
-1.211852547986906109e-07
-1.210135799026225903e-07
-1.208419050065490376e-07
-1.206702301104804083e-07
-1.204985552144074908e-07
-1.201758663772512368e-07
-1.196243142019091367e-07
-1.194701040085902414e-07
-1.193013297507121123e-07
-1.191325554928438167e-07
-1.189637812349663096e-07
-1.187950069770980008e-07
-1.186262327192100647e-07
-1.184574584613417691e-07
-1.182886842034630312e-07
-1.181199099455947224e-07
-1.179511356877141449e-07
-1.176940163442060525e-07
-1.170789495984531420e-07
-1.169368455387416382e-07
-1.167709047168512125e-07
-1.166049638949724468e-07
-1.164390230730857005e-07
-1.162730822511995630e-07
-1.161071414293134387e-07
-1.159412006074401920e-07
-1.157752597855540677e-07
-1.156093189636703786e-07
-1.154433781417750561e-07
-1.153025896473951447e-07
-1.145903948487961478e-07
-1.144663736856676557e-07
-1.143035692051064480e-07
-1.141407647245262085e-07
-1.139779602439527320e-07
-1.138151557633768071e-07
-1.136523512828100804e-07
-1.134895468022316938e-07
-1.133267423216625055e-07
-1.131639378410859585e-07
-1.130011333605204495e-07
-1.128578398909583972e-07
-1.123026184511611943e-07
-1.120326702238724909e-07
-1.118726755101785693e-07
-1.117126807964551870e-07
-1.115526860827502143e-07
-1.113926913690464725e-07
-1.112326966553476276e-07
-1.110727019416438858e-07
-1.109127072279401440e-07
-1.107527125142167616e-07
-1.105927178005228269e-07
-1.104327230868092648e-07
-1.101141992634464866e-07
-1.096248745366749635e-07
-1.094807306525884736e-07
-1.093235751267098161e-07
-1.091664196008145754e-07
-1.090092640749236492e-07
-1.088521085490308702e-07
-1.086949530231448409e-07
-1.085377974972330433e-07
-1.083806419713549947e-07
-1.082234864454591584e-07
-1.080663309195737379e-07
-1.079396120280824984e-07
-1.073175019210408744e-07
-1.071299696209324314e-07
-1.069759162321971460e-07
-1.068218628434551108e-07
-1.066678094547192166e-07
-1.065137560659790342e-07
-1.063597026772413004e-07
-1.062056492884955859e-07
-1.060515958997603005e-07
-1.058975425110219578e-07
-1.057434891222915825e-07
-1.055894357335495605e-07
-1.052995273512890359e-07
-1.047787240528694204e-07
-1.046455953208438475e-07
-1.044942793013811936e-07
-1.043429632819209750e-07
-1.041916472624466612e-07
-1.040403312429772443e-07
-1.038890152235256151e-07
-1.037376992040506793e-07
-1.035863831845904739e-07
-1.034350671651253583e-07
-1.032837511456633000e-07
-1.031458104963640748e-07
-1.026720052709466619e-07
-1.023582882662517126e-07
-1.022097652504779868e-07
-1.020612422346760442e-07
-1.019127192188961906e-07
-1.017641962031114269e-07
-1.016156731873315733e-07
-1.014671501715412906e-07
-1.013186271557614370e-07
-1.011701041399619561e-07
-1.010215811241753527e-07
-1.008730581083905890e-07
-1.007542728203693137e-07
-1.001672603577771114e-07
-9.998256705893943136e-08
-9.983715258076663619e-08
-9.969173810261041111e-08
-9.954632362444498777e-08
-9.940090914629061558e-08
-9.925549466812671426e-08
-9.911008018995914687e-08
-9.896466571180077774e-08
-9.881925123364271300e-08
-9.867383675548403946e-08
-9.852842227732106459e-08
-9.840187006847246416e-08
-9.775599203698167298e-08
-9.764093807505467034e-08
-9.749798990065775982e-08
-9.735504172628111192e-08
-9.721209355189402169e-08
-9.706914537750968431e-08
-9.692619720311739277e-08
-9.678324902874748142e-08
-9.664030085434965770e-08
-9.649735267997483621e-08
-9.635440450558345787e-08
-9.621145633119851169e-08
-9.606607948620835010e-08
-9.544534916484357078e-08
-9.534161233462584812e-08
-9.520146981684115986e-08
-9.506132729904602927e-08
-9.492118478125705291e-08
-9.478104226346529722e-08
-9.464089974568367945e-08
-9.450075722789683390e-08
-9.436061471010969719e-08
-9.422047219231088730e-08
-9.408032967452098450e-08
-9.394018715673629624e-08
-9.382424289068304118e-08
-9.321232786063933659e-08
-9.308844231167732181e-08
-9.295128362653344014e-08
-9.281412494138954525e-08
-9.267696625625547064e-08
-9.253980757111280659e-08
-9.240264888597382184e-08
-9.226549020082011989e-08
-9.212833151568297478e-08
-9.199117283054184598e-08
-9.185401414540500528e-08
-9.171685546026142802e-08
-9.160921690700662471e-08
-9.104166795684466622e-08
-9.083802722664212889e-08
-9.070307254280651721e-08
-9.056811785897949497e-08
-9.043316317514449210e-08
-9.029820849131870070e-08
-9.016325380747633923e-08
-9.002829912365085224e-08
-8.989334443981033041e-08
-8.975838975598484342e-08
-8.962343507215475069e-08
-8.948848038831208481e-08
-8.936380057785604875e-08
-8.897340011720457805e-08
-8.865628739437247079e-08
-8.852572892338379638e-08
-8.839362343502361428e-08
-8.826151794665207665e-08
-8.812941245828851965e-08
-8.799730696991912606e-08
-8.786520148156446291e-08
-8.773309599319784866e-08
-8.760099050483122116e-08
-8.746888501646213198e-08
-8.733677952810194988e-08
-8.720467403973256953e-08
-8.699215460892187944e-08
-8.649089125500459420e-08
-8.638712535890626424e-08
-8.625778293160616339e-08
-8.612844050432077975e-08
-8.599909807702588022e-08
-8.586975564973927896e-08
-8.574041322243211069e-08
-8.561107079513660235e-08
-8.548172836784109401e-08
-8.535238594055571037e-08
-8.522304351325560952e-08
-8.509370108596562014e-08
-8.498655556602721833e-08
-8.451493765702862999e-08
-8.428450071525630216e-08
-8.415731569404283069e-08
-8.403013067283426936e-08
-8.390294565161526570e-08
-8.377576063039443563e-08
-8.364857560918096415e-08
-8.352139058796933233e-08
-8.339420556675493441e-08
-8.326702054554146294e-08
-8.313983552431570949e-08
-8.301265050310653935e-08
-8.288546548189306788e-08
-8.269080564949209540e-08
-8.219059736564008066e-08
-8.209364015442860990e-08
-8.196923453202858018e-08
-8.184482890964603375e-08
-8.172042328724661284e-08
-8.159601766486406641e-08
-8.147161204246465873e-08
-8.134720642007995501e-08
-8.122280079767778124e-08
-8.109839517529309075e-08
-8.097398955289275663e-08
-8.084958393050774851e-08
-8.073326421016825388e-08
-8.038807060526404930e-08
-8.005183895132691205e-08
-7.993738740919246886e-08
-7.981554806736775266e-08
-7.969370872553506906e-08
-7.957186938370635592e-08
-7.945003004187121063e-08
-7.932819070004372834e-08
-7.920635135821103150e-08
-7.908451201638356245e-08
-7.896267267455545811e-08
-7.884083333272031282e-08
-7.871899399089038208e-08
-7.862008988348611243e-08
-7.815808217887577968e-08
-7.792681137890329749e-08
-7.780718900701310246e-08
-7.768756663513241008e-08
-7.756794426324682080e-08
-7.744832189136643283e-08
-7.732869951947807745e-08
-7.720907714759922472e-08
-7.708945477571117375e-08
-7.696983240383110341e-08
-7.685021003194305244e-08
-7.673058766006266447e-08
-7.661096528817645314e-08
-7.652034045980977291e-08
-7.602392000735051948e-08
-7.585094992855458342e-08
-7.573396328069886367e-08
-7.561697663283855141e-08
-7.549998998498775504e-08
-7.538300333712958683e-08
-7.526601668926682612e-08
-7.514903004140620946e-08
-7.503204339355080735e-08
-7.491505674569447879e-08
-7.479807009783877228e-08
-7.468108344997294107e-08
-7.456409680212244910e-08
-7.447680142447476424e-08
-7.398271054693644166e-08
-7.381784926689784613e-08
-7.370331902983513486e-08
-7.358878879274727731e-08
-7.347425855568211758e-08
-7.335972831860713757e-08
-7.324519808154658359e-08
-7.313066784446915512e-08
-7.301613760740399540e-08
-7.290160737032165679e-08
-7.278707713325617943e-08
-7.267254689618028621e-08
-7.255801665911482208e-08
-7.246793550445123929e-08
-7.202302849126127352e-08
-7.182312537651236294e-08
-7.171078891743842969e-08
-7.159845245837156387e-08
-7.148611599929793502e-08
-7.137377954023505290e-08
-7.126144308115591834e-08
-7.114910662208228950e-08
-7.103677016301051354e-08
-7.092443370394395212e-08
-7.081209724486726601e-08
-7.069976078579579445e-08
-7.058742432671910835e-08
-7.048861723458035217e-08
-7.013695239924765543e-08
-6.985512317440151164e-08
-6.975058358230031348e-08
-6.964080398822050976e-08
-6.953102439413333421e-08
-6.942124480005599219e-08
-6.931146520597403118e-08
-6.920168561189300986e-08
-6.909190601781595900e-08
-6.898212642372879669e-08
-6.887234682964408283e-08
-6.876256723556918925e-08
-6.865278764148692385e-08
-6.854300804740988622e-08
-6.832611353790093983e-08
-6.790478274021100332e-08
-6.782054239978155351e-08
-6.771307753676935163e-08
-6.760561267376452159e-08
-6.749814781074772721e-08
-6.739068294773859583e-08
-6.728321808472178821e-08
-6.717575322171726257e-08
-6.706828835870199020e-08
-6.696082349569255441e-08
-6.685335863267329834e-08
-6.674589376966386256e-08
-6.663842890665197832e-08
-6.656066148746723356e-08
-6.608858022500371669e-08
-6.592156275257091874e-08
-6.581625911256820215e-08
-6.571095547258602611e-08
-6.560565183259404302e-08
-6.550034819261188022e-08
-6.539504455261927509e-08
-6.528974091263465060e-08
-6.518443727263991465e-08
-6.507913363265773862e-08
-6.497382999266482909e-08
-6.486852635268021783e-08
-6.476322271268577305e-08
-6.465878474932939826e-08
-6.442886085324786204e-08
-6.405013129549184412e-08
-6.396724798533312751e-08
-6.386445048893800282e-08
-6.376165299254409575e-08
-6.365885549613945517e-08
-6.355605799974708334e-08
-6.345326050334674411e-08
-6.335046300695928242e-08
-6.324766551055924759e-08
-6.314486801415398498e-08
-6.304207051776161315e-08
-6.293927302136832811e-08
-6.283647552497074174e-08
-6.275351906004585743e-08
-6.237846501949046348e-08
-6.215649751075469357e-08
-6.205693215980929844e-08
-6.195626258996698412e-08
-6.185559302011548478e-08
-6.175492345027009996e-08
-6.165425388042074467e-08
-6.155358431057137615e-08
-6.145291474071464903e-08
-6.135224517086988626e-08
-6.125157560102542788e-08
-6.115090603117852105e-08
-6.105023646132179393e-08
-6.094956689146690646e-08
-6.086523982052441870e-08
-6.040967677186777183e-08
-6.028048593205131859e-08
-6.018200205147792095e-08
-6.008351817091005549e-08
-5.998503429033942394e-08
-5.988655040977554219e-08
-5.978806652920521504e-08
-5.968958264863703195e-08
-5.959109876806425634e-08
-5.949261488749853494e-08
-5.939413100693035846e-08
-5.929564712636218198e-08
-5.919716324579185483e-08
-5.909867936523012375e-08
-5.896692293486080375e-08
-5.851756564981972721e-08
-5.843807768599883343e-08
-5.834200651831991081e-08
-5.824593535063883752e-08
-5.814986418295715543e-08
-5.805379301527117199e-08
-5.795772184758641941e-08
-5.786165067990534612e-08
-5.776557951222642350e-08
-5.766950834454750088e-08
-5.757343717685354342e-08
-5.747736600917983535e-08
-5.738129484149354751e-08
-5.728522367381738437e-08
-5.714548413340556030e-08
-5.669175481076335713e-08
-5.662145568433854867e-08
-5.652734842281182721e-08
-5.643324116127805155e-08
-5.633913389975469837e-08
-5.624502663822092271e-08
-5.615091937669481006e-08
-5.605681211515520443e-08
-5.596270485362909178e-08
-5.586859759209531612e-08
-5.577449033057165854e-08
-5.568038306904033134e-08
-5.558627580750901075e-08
-5.549216854597553288e-08
-5.538601815292791044e-08
-5.494922837724744889e-08
-5.484738580950111756e-08
-5.475548013849171041e-08
-5.466357446749150813e-08
-5.457166879648885077e-08
-5.447976312549171899e-08
-5.438785745448906163e-08
-5.429595178349131442e-08
-5.420404611248344252e-08
