-2.268520140592113298e-10
4.437671378515941600e-09
9.178173023813530687e-09
1.397626788952183343e-08
1.886269843565287212e-08
2.379705622472215144e-08
2.876542434705829620e-08
3.379550672823542665e-08
3.883734555386608908e-08
4.390462868263254315e-08
4.900701692650015082e-08
5.409317550742386798e-08
5.921256673828304512e-08
6.429300796119955941e-08
6.940980589242400512e-08
7.447969355871966154e-08
7.956811524599845360e-08
8.458967459318426726e-08
8.962793727359551652e-08
9.459708029342684641e-08
9.957737254343031092e-08
1.044737095888167032e-07
1.093753157936177819e-07
1.141961475316689122e-07
1.189881068321218525e-07
1.237365469844447058e-07
1.283975736642755260e-07
1.330504039986940605e-07
1.376023885101124054e-07
1.421078197402536144e-07
1.465635319729247352e-07
1.509176046901321058e-07
1.552442679571497444e-07
1.594787598306438862e-07
1.636250455252538016e-07
1.677316566922886625e-07
1.717298249648853661e-07
1.756536135652458825e-07
1.795217841221895270e-07
1.832822604730729864e-07
1.869647545689725593e-07
1.905895242935887483e-07
1.941079994236589371e-07
1.975395282653840672e-07
2.009124798590582044e-07
2.041808753311549855e-07
2.073432519775029043e-07
2.104647695995648153e-07
2.134847765135421961e-07
2.163834256772947900e-07
2.192326451760477226e-07
2.219890922546666293e-07
2.246553300885856189e-07
2.272108449988247441e-07
2.297118349586361481e-07
2.321292159668271619e-07
2.344236854558076765e-07
2.366555268723219095e-07
2.388079653600263072e-07
2.408847322036934078e-07
2.428371093999890922e-07
2.447369833591293379e-07
2.465608059432793033e-07
2.483017029176379078e-07
2.499346822133158830e-07
2.515017742919359654e-07
2.530080499671339380e-07
2.544376246557029259e-07
2.557618894113876287e-07
2.570164950786118033e-07
2.582289565188704416e-07
2.593485737564990629e-07
2.603994110423663744e-07
2.613497166754706290e-07
2.622799624305499287e-07
2.631243881389955908e-07
2.639133692054393485e-07
2.646149410177091446e-07
2.652539765911763683e-07
2.658576620115159577e-07
2.663877523064349639e-07
2.668715359592870637e-07
2.672606022745365988e-07
2.676248608476536215e-07
2.679412265432321957e-07
2.681896739669224667e-07
2.683937575687664309e-07
2.685238097462080992e-07
2.686248478501843193e-07
2.686934262866148193e-07
2.687043773646210151e-07
2.686909145056792910e-07
2.686024594964210587e-07
2.684654830085582031e-07
2.683300804471349223e-07
2.681379065630210449e-07
2.679104411224183696e-07
2.676459954242569607e-07
2.673259037326845713e-07
2.669954514357563754e-07
2.666416926416249768e-07
2.662459063095036854e-07
2.658302046502444206e-07
2.653734795298454398e-07
2.648775025659237998e-07
2.643817081043542382e-07
2.638607284327707606e-07
2.633087543560180855e-07
2.627426787605741326e-07
2.621428208493027862e-07
2.615107115869047902e-07
2.608926232640546742e-07
2.602417933048644148e-07
2.595604057531868480e-07
2.588865884826162603e-07
2.581820168084792968e-07
2.574504687480714107e-07
2.567299204464433503e-07
2.560018344508546192e-07
2.552503332316067627e-07
2.544888319164041969e-07
2.537233681240475117e-07
2.529100515273293404e-07
2.521117517587269547e-07
2.513261055847656796e-07
2.505247878004978537e-07
2.497087082846250426e-07
2.488920088792862997e-07
2.480647524819063112e-07
2.472105597670213326e-07
2.463751400257395438e-07
2.455445517073561077e-07
2.447063290876351901e-07
2.438590318161196262e-07
2.430061700237688896e-07
2.421576712714927618e-07
2.412953905169899240e-07
2.404358239943557893e-07
2.395900309474313850e-07
2.387373514695500723e-07
2.378853682323467495e-07
2.370351212356139869e-07
2.361877983165626877e-07
2.353208177125500204e-07
2.344629594180619884e-07
2.336184745094668590e-07
2.327825914226377822e-07
2.319370744979003640e-07
2.311007447154434113e-07
2.302678057684778561e-07
2.294380647520577767e-07
2.285941109944012390e-07
2.277645766965247999e-07
2.269440597171380355e-07
2.261309511401317107e-07
2.253206989416524562e-07
2.245140628813230457e-07
2.237116645337188851e-07
2.229137922625568077e-07
2.221147110168334675e-07
2.213191172300397214e-07
2.205385787764186343e-07
2.197682434393937300e-07
2.189991106576722102e-07
2.182356791681004876e-07
2.174784385386965276e-07
2.167241825683425647e-07
2.159742414153289204e-07
2.152237379183575627e-07
2.144838735434147476e-07
2.137616630878721248e-07
2.130424754680452458e-07
2.123260658629472561e-07
2.116202747679654918e-07
2.109156117397628412e-07
2.102145069615237584e-07
2.095204284904736375e-07
2.088265076216380419e-07
2.081404190872627578e-07
2.074738777465711068e-07
2.068069611679775367e-07
2.061519918234492727e-07
2.054950550187484547e-07
2.048423269756134422e-07
2.042023690878069884e-07
2.035561716222055062e-07
2.029158242200620040e-07
2.022846382900777601e-07
2.016586113574555910e-07
2.010484084298773328e-07
2.004346456604101655e-07
1.998300223635199756e-07
1.992270888381025096e-07
1.986252244199705145e-07
1.980334817011861905e-07
1.974349034949543453e-07
1.968437788096170413e-07
1.962584850944194991e-07
1.956781571775616116e-07
1.951107938869260247e-07
1.945382156628585538e-07
1.939754178497594591e-07
1.934087220941710905e-07
1.928511735012721425e-07
1.922863055644906288e-07
1.917244094771579102e-07
1.911621163646165540e-07
1.906040717154688486e-07
1.900615814667358139e-07
1.895156664469875387e-07
1.889747091758567582e-07
1.884297605638989796e-07
1.878896092058127882e-07
1.873481757506520765e-07
1.868103043976634738e-07
1.862652365232363818e-07
1.857204738585932727e-07
1.851772594680543437e-07
1.846379931488738654e-07
1.841079189289493351e-07
1.835764543065087531e-07
1.830418616917719445e-07
1.825076319275705541e-07
1.819721422982587721e-07
1.814397678057398700e-07
1.809058271406930989e-07
1.803695597947504555e-07
1.798213346736453558e-07
1.792828227854470553e-07
1.787423271418387855e-07
1.782122166555890195e-07
1.776769330676272216e-07
1.771433034219207437e-07
1.765991045186551733e-07
1.760640968821983522e-07
1.755215706650144908e-07
1.749867096616041807e-07
1.744402133290342339e-07
1.738975309501128093e-07
1.733383384400180737e-07
1.727983936188248073e-07
1.722522058620178620e-07
1.717173644361795883e-07
1.711692525478549578e-07
1.706284046342223190e-07
1.700716024998729217e-07
1.695295150107331227e-07
1.689788264185602966e-07
1.684394412711382130e-07
1.678803659666616527e-07
1.673254366660245123e-07
1.667648622318680170e-07
1.661973063725126370e-07
1.656610366016049011e-07
1.651069355211639933e-07
1.645682043963925138e-07
1.640059681768560153e-07
1.634612787859782959e-07
1.628972441056603369e-07
1.623549604536060625e-07
1.618005749129242728e-07
1.612601492843907965e-07
1.606949205805996055e-07
1.601294917327359080e-07
1.595804225076888102e-07
1.590126937888534245e-07
1.584812039379881888e-07
1.579290669247299680e-07
1.573943206163874201e-07
1.568348386362982265e-07
1.562918726257942873e-07
1.557398571512221430e-07
1.551833819101653830e-07
1.546562138669051975e-07
1.541058729929241841e-07
1.535749257473582555e-07
1.530162537853523155e-07
1.524816668208059828e-07
1.519377046019393106e-07
1.513922491964532646e-07
1.508763982482956863e-07
1.503374377305846859e-07
1.498197878827606075e-07
1.492793728041022162e-07
1.487552115709610956e-07
1.482303252431299406e-07
1.476963182067385773e-07
1.471923326933037982e-07
1.466646594225436072e-07
1.461566920960914649e-07
1.456281594122193899e-07
1.450978686673131139e-07
1.446048249858633020e-07
1.440924081711959087e-07
1.436026655616146289e-07
1.430975485947705248e-07
1.425910711785579886e-07
1.420984835061747245e-07
1.415898542404664986e-07
1.411088643252507317e-07
1.406190862890892126e-07
1.401291730789225753e-07
1.396522468976782427e-07
1.391594841924993721e-07
1.386862917725057992e-07
1.382010449441915524e-07
1.377128356670245434e-07
1.372584786151632473e-07
1.367891783264422415e-07
1.363352817329517671e-07
1.358699687904416716e-07
1.353998212872956497e-07
1.349526256511555132e-07
1.344934842799325512e-07
1.340423632198939585e-07
1.335992566240397246e-07
1.331496686709773720e-07
1.327141302587271417e-07
1.322691266841508526e-07
1.318197112053515268e-07
1.313934739279061568e-07
1.309576415753734885e-07
1.305301935285616916e-07
1.301098137046269376e-07
1.296852941967488070e-07
1.292712416049739272e-07
1.288531987504179864e-07
1.284319543706302379e-07
1.280265368176037899e-07
1.276171245356583918e-07
1.272092207976157101e-07
1.268103618799350367e-07
1.264085691384436728e-07
1.260113519017593542e-07
1.256149638886353691e-07
1.252172645644290669e-07
1.248283190789643324e-07
1.244432398066994003e-07
1.240568878845040412e-07
1.236788294860762562e-07
1.233025622511015690e-07
1.229248414411261856e-07
1.225534201334423783e-07
1.221835500918314074e-07
1.218132770288268929e-07
1.214497405353496269e-07
1.210875413929955022e-07
1.207239373263233863e-07
1.203675169091583149e-07
1.200115819123484966e-07
1.196529375065077585e-07
1.193035494828551543e-07
1.189538945125985385e-07
1.186032044044660331e-07
1.182634158644624251e-07
1.179237161549215251e-07
1.175806889759944735e-07
1.172478097434540005e-07
1.169151652742869515e-07
1.165784556607857244e-07
1.162517755858853893e-07
1.159260418245054758e-07
1.155945478844276867e-07
1.152724342365205047e-07
1.149515472576399407e-07
1.146248665798987530e-07
1.143080588696988662e-07
1.139926450962229326e-07
1.136710310917106056e-07
1.133596683441912995e-07
1.130495945128442699e-07
1.127337678392992559e-07
1.124292683684231080e-07
1.121257528427343027e-07
1.118147781807782461e-07
1.115165062591641562e-07
1.112188142875598755e-07
1.109126446461541349e-07
1.106181278485598059e-07
1.103238969368574916e-07
1.100222523742447706e-07
1.097292968762690218e-07
1.094375048877587324e-07
1.091415459636930905e-07
1.088492693229341638e-07
1.085601358099833827e-07
1.082698764270196592e-07
1.079789186616470521e-07
1.076932078007243127e-07
1.074088306821417428e-07
1.071201458009845625e-07
1.068386524752820216e-07
1.065580749703578052e-07
1.062722802113223029e-07
1.059937115531822226e-07
1.057157223519282690e-07
1.054326586301052869e-07
1.051556541740640871e-07
1.048786127201046806e-07
1.045998013748259259e-07
1.043221659029780993e-07
1.040461730138560260e-07
1.037705229979159284e-07
1.034920638058558978e-07
1.032154419421249420e-07
1.029390262761966069e-07
1.026636566069181201e-07
1.023909500915850510e-07
1.021181511715437926e-07
1.018460980864686262e-07
1.015755275753324922e-07
1.013047426537488663e-07
1.010332830028618296e-07
1.007634585602999803e-07
1.004921830820106560e-07
1.002202035118187603e-07
9.995261209819305258e-08
9.968305736053622718e-08
9.941313131785906968e-08
9.914508120974557543e-08
9.887771379734742217e-08
9.860775599602498713e-08
9.833615011335405453e-08
9.807099900208268347e-08
9.779915480554930078e-08
9.752631604928517194e-08
9.726030431905882508e-08
9.699716464088171546e-08
9.673167971697172226e-08
9.646414032394739436e-08
9.620701845320629689e-08
9.594128403148356266e-08
9.567359514445895474e-08
9.541224619728491866e-08
9.514869231131787563e-08
9.488184678117961580e-08
9.461246244922174856e-08
9.435957503717763866e-08
9.409741066178648811e-08
9.383369097087317974e-08
9.357516603595758999e-08
9.331776893874269443e-08
9.305360743216110439e-08
9.278594942264889495e-08
9.253504965708148781e-08
9.227153919984751357e-08
9.200755295419786353e-08
9.174322619865729958e-08
9.149967115331444884e-08
9.124473504861659324e-08
9.098680016331116352e-08
9.073980848370721281e-08
9.048731952310847741e-08
9.023051593676315425e-08
8.996948595463752694e-08
8.972866290619204483e-08
8.947443910893207860e-08
8.921945943146629850e-08
8.896308216880484561e-08
8.872859598021360505e-08
8.848089238093010746e-08
8.823037527577962107e-08
8.798788731042769584e-08
8.774615772478234704e-08
8.749633095386587514e-08
8.724265250565629328e-08
8.700777114682901601e-08
8.676544719904845774e-08
8.652185485405525925e-08
8.627453837047083836e-08
8.605034169112606363e-08
8.581334599482482719e-08
8.557552624723813011e-08
8.533433021292683224e-08
8.511316846449132501e-08
8.487638268685336015e-08
8.463774336324577881e-08
8.439992985338696019e-08
8.418090564231967275e-08
8.395085228297787968e-08
8.371847262776396395e-08
8.349123445077258249e-08
8.327434712338985355e-08
8.304902449281606303e-08
8.282073718656657349e-08
8.259990115620584237e-08
8.238214740956869309e-08
8.215784453020825740e-08
8.193071989050439269e-08
8.171426838962350150e-08
8.150284918390920317e-08
8.128728636199538251e-08
8.106894739492569955e-08
8.086053561679841311e-08
8.065316990838853839e-08
8.044226213891960794e-08
8.022810562024119170e-08
8.002255484400228792e-08
7.981710884366032740e-08
7.960846547837190213e-08
7.939749033585524410e-08
7.919488617764899971e-08
7.899644675534539405e-08
7.879510133886913031e-08
7.859169399828923993e-08
7.839369039657441444e-08
7.819936550710456827e-08
7.800160692836841191e-08
7.780203688900208878e-08
7.760549244218583128e-08
7.741463068963453533e-08
7.722018091965768822e-08
7.702455593512773901e-08
7.683027417728708794e-08
7.664674191285678900e-08
7.645963458290658767e-08
7.627168934810536173e-08
7.608274908904700853e-08
7.590185181880372385e-08
7.571691554007152749e-08
7.553151781809827451e-08
7.534490428593702792e-08
7.516481264799464857e-08
7.498343360240056722e-08
7.480195522341414399e-08
7.461943061889888956e-08
7.444115916661375546e-08
7.426541848467289218e-08
7.408948345513002062e-08
7.391271826169521405e-08
7.373716198570784018e-08
7.356513375955474945e-08
7.339330055507121587e-08
7.322105288512070458e-08
7.304866753874803112e-08
7.288004005178426016e-08
7.271323101606137409e-08
7.254628997501768937e-08
7.237907667372423604e-08
7.221260956828824530e-08
7.205103835084945751e-08
7.188915113252339461e-08
7.172702946371447715e-08
7.156388022197395005e-08
7.140407337436801762e-08
7.124580645821328494e-08
7.108755376340117648e-08
7.092918506864219559e-08
7.076937324315261938e-08
7.061411078143809531e-08
7.045880106645378648e-08
7.030375546172034961e-08
7.014541042286722498e-08
6.999225980525545143e-08
6.983945184109490456e-08
6.968699710681867278e-08
6.953363473997199448e-08
6.937957946662621351e-08
6.922950609205190100e-08
6.907959101314149697e-08
6.893006340173111649e-08
6.877640131041190479e-08
6.862918888992627783e-08
6.848181547925733752e-08
6.833490682352671022e-08
6.818698684318216596e-08
6.803814070704086909e-08
6.789333674867679079e-08
6.774865292663379651e-08
6.760431924574638029e-08
6.745590890456689500e-08
6.731293564845440191e-08
6.717037896947600009e-08
6.702819806766959449e-08
6.688582783989982005e-08
6.673993386347068954e-08
6.659863346548044970e-08
6.645725741267233761e-08
6.631634406047895994e-08
6.617312888584584395e-08
6.603138608712484423e-08
6.589119227544031705e-08
6.575119648647113919e-08
6.561144950599898548e-08
6.546850068387926245e-08
6.532947665345481192e-08
6.519016674941390561e-08
6.505107317356858319e-08
6.491184588466863221e-08
6.477223279415205873e-08
6.463493533644630270e-08
6.449759281032964832e-08
6.436035896846493084e-08
6.422264085514335041e-08
6.408572082190368895e-08
6.394961086532253428e-08
6.381342750671708312e-08
6.367708227630074585e-08
6.354069965122991902e-08
6.340502812863419529e-08
6.326942551860132388e-08
6.313369326717962851e-08
6.299784579953212003e-08
6.286357357177675238e-08
6.272911451373589376e-08
6.259467106856547414e-08
6.245992916024189015e-08
6.232506558127661957e-08
6.219291575946087352e-08
6.205874286833634586e-08
6.192462963808875025e-08
6.178993221318946201e-08
6.165573850597745595e-08
6.152440749737627383e-08
6.139050000723230781e-08
6.125665319214711040e-08
6.112201830993444630e-08
6.098916982095896563e-08
6.086080211937919693e-08
6.072996249911344583e-08
6.059911013651604950e-08
6.046721042478431206e-08
6.033745110275952360e-08
6.021011647490693372e-08
6.007963607515333814e-08
5.994906672659066321e-08
5.981718108216719239e-08
5.968798547924188121e-08
5.956154463095551852e-08
5.943172599596398503e-08
5.930183254793802663e-08
5.917071011296644933e-08
5.904268306540039611e-08
5.891911589180648678e-08
5.879171530221523422e-08
5.866430502189181437e-08
5.853538962023030280e-08
5.840887982343103750e-08
5.828696206409531287e-08
5.815922115851686835e-08
5.803156902410424624e-08
5.790236913927589352e-08
5.777456935905316132e-08
5.765512888047572398e-08
5.752913588821829496e-08
5.740336122353615765e-08
5.727626875848732138e-08
5.714886529470063381e-08
5.703428240130853064e-08
5.691172593283553394e-08
5.678953776472509706e-08
5.666609585955693140e-08
5.654197426443575445e-08
5.642813673144849005e-08
5.630580344085990482e-08
5.618353416025099615e-08
5.606042375620398923e-08
5.593627876688278683e-08
5.582031847714751117e-08
5.570244387957098705e-08
5.558257897425565477e-08
5.546235212702996484e-08
5.534075287592167368e-08
5.522387578666202579e-08
5.511116453123873800e-08
5.499397446090534267e-08
5.487678781666423256e-08
5.475786405354677863e-08
5.463940111044771887e-08
5.453090376364069334e-08
5.441346094855461715e-08
5.429637997019517439e-08
5.417824853331503529e-08
5.405944224274757559e-08
5.395045904299475788e-08
5.383803385263048111e-08
5.372465384004778241e-08
5.361087196156686766e-08
5.349587241725168919e-08
5.338507496685067608e-08
5.327852937563194972e-08
5.316788125188882001e-08
5.305726595117086205e-08
5.294512331803049576e-08
5.283270368424041652e-08
5.272996194353172550e-08
5.261997667029570089e-08
5.251039722348995666e-08
5.240022502633649926e-08
5.228917680592478637e-08
5.218315607854593587e-08
5.207919923068899297e-08
5.197285290601562734e-08
5.186650658134220878e-08
5.175896818382437087e-08
5.165132483884870428e-08
5.155211199673217332e-08
5.144766248011290895e-08
5.134344577242955905e-08
5.123871009126476263e-08
5.113317188315915748e-08
5.103092375740389200e-08
5.093043564149336476e-08
5.082773893779714598e-08
5.072504223410093383e-08
5.062149125620498854e-08
5.051775798448142839e-08
5.042071875219350183e-08
5.032188198470518000e-08
5.022289573215139269e-08
5.012371326749574159e-08
5.002380595567364372e-08
4.992509310903381180e-08
4.983003103248330008e-08
4.973314719686335095e-08
4.963629543804553048e-08
4.953891044096963600e-08
4.944110487907757268e-08
4.934563208927584239e-08
4.925118751342029139e-08
4.915615741565843052e-08
4.906112731789658949e-08
4.896557933897079783e-08
4.886994839499577265e-08
4.877745675824522034e-08
4.868521543448116416e-08
4.859286730666039491e-08
4.850045680111366061e-08
4.840759426807294641e-08
4.831490034422920756e-08
4.822429271149349054e-08
4.813369671444258708e-08
4.804302909329213745e-08
4.795222155497712440e-08
4.786113845296199764e-08
4.777046765920189259e-08
4.768121024597914481e-08
4.759246277119726887e-08
4.750366126926078322e-08
4.741472170491914751e-08
4.732564846833077335e-08
4.723721761577912989e-08
4.715040535489301620e-08
4.706418971361944907e-08
4.697795344866341319e-08
4.689155253381737210e-08
4.680505692857913103e-08
4.671860740848944089e-08
4.663340825916507187e-08
4.654879178059224370e-08
4.646417530201940892e-08
4.637941855107247755e-08
4.629460638676316357e-08
4.620969336532561416e-08
4.612614550770016208e-08
4.604312401747647072e-08
4.596010252725279260e-08
4.587700343958031327e-08
4.579387897629746127e-08
4.571051909933357902e-08
4.562845393437196250e-08
4.554689549976972839e-08
4.546533706516756046e-08
4.538371848258089570e-08
4.530207928766280439e-08
4.522014409880909008e-08
4.513924481794413162e-08
4.505884295436811127e-08
4.497844109079207107e-08
4.489798378337877924e-08
4.481750157576540599e-08
4.473698507501986587e-08
4.465741609956430354e-08
4.457843944531682018e-08
4.449945653905012658e-08
4.442041232365976844e-08
4.434132535302716683e-08
4.426234371181220029e-08
4.418413182564267785e-08
4.410664602766687420e-08
4.402912470976377701e-08
4.395152212492937437e-08
4.387381678531651262e-08
4.379619780541100933e-08
4.371906736384582891e-08
4.364259353336358577e-08
4.356606298350017344e-08
4.348947597519846441e-08
4.341271697248645626e-08
4.333599139083510249e-08
4.326008275418536250e-08
4.318446529179041360e-08
4.310880330556499745e-08
4.303314007231345651e-08
4.295724461381616021e-08
4.288134915531885729e-08
4.280659603692205800e-08
4.273193662666421144e-08
4.265719811592795300e-08
4.258245960519169456e-08
4.250748530244564443e-08
4.243241741653138628e-08
4.235829527890898319e-08
4.228457923907064802e-08
4.221011503873997072e-08
4.213566771219027569e-08
4.206107175465867206e-08
4.198623161537358572e-08
4.191176462588331460e-08
4.183992965500601536e-08
4.176663128405693012e-08
4.169342178839817017e-08
4.162021229273944994e-08
4.154656581778670453e-08
4.147291602867032146e-08
4.140188209868585442e-08
4.133034204321336773e-08
4.125819745936328964e-08
4.118605287551319831e-08
4.111353979678100577e-08
4.104073458745213479e-08
4.096892278637414129e-08
4.089924090892764804e-08
4.082717510804474849e-08
4.075524478072308052e-08
4.068327041679350806e-08
4.061074480759175467e-08
4.053821919838998805e-08
4.046932291164110662e-08
4.039931129125382725e-08
4.032857462509799988e-08
4.025783795894221222e-08
4.018674934523281897e-08
4.011536168961086632e-08
4.004501793880317124e-08
3.997804112327712109e-08
3.990777425081518062e-08
3.983768825443709259e-08
3.976760225805901780e-08
3.969678696374814424e-08
3.962593921492567418e-08
3.955815716925570146e-08
3.949003436327632008e-08
3.942021591576127073e-08
3.935043464992778918e-08
3.928042053071573910e-08
3.920992030511474008e-08
3.913942007951376753e-08
3.907509423892268371e-08
3.900768886733094116e-08
3.894001630656830394e-08
3.887234374580568656e-08
3.880417352926693581e-08
3.873572300714762593e-08
3.866866242259512527e-08
3.860497388378987773e-08
3.853782919436446733e-08
3.847087766879100148e-08
3.840392614321760181e-08
3.833618695660982078e-08
3.826836456605378090e-08
3.820323666712969109e-08
3.813915204569228284e-08
3.807283893420982386e-08
3.800662311634271466e-08
3.794032013958266230e-08
3.787336433145014776e-08
3.780640852331760674e-08
3.774350536802843190e-08
3.768024074418984737e-08
3.761574015428262491e-08
3.755125466275837338e-08
3.748656514796389786e-08
3.742134911287784406e-08
3.735613307779175718e-08
3.729501338889807655e-08
3.723198582799619674e-08
3.716815068690821154e-08
3.710431554582019326e-08
3.704019867013462574e-08
3.697563841592641333e-08
3.691107816171815460e-08
3.685101440905827112e-08
3.678876037982663564e-08
3.672607772791649275e-08
3.666339507600633000e-08
3.660042796530568363e-08
3.653710632922737875e-08
3.647378469314907387e-08
3.641526880756069400e-08
3.635481116508736291e-08
3.629406411584223873e-08
3.623331706659712777e-08
3.617228595826064472e-08
3.611090594765580706e-08
3.604952593705100249e-08
3.599175764510123983e-08
3.593220337508200699e-08
3.587229795590855448e-08
3.581239253673511520e-08
3.575224475158503279e-08
3.569173181854927720e-08
3.563121888551356131e-08
3.557377150001769148e-08
3.551542814648198833e-08
3.545669664719642802e-08
3.539796514791087434e-08
3.533909512078333495e-08
3.527989447015624006e-08
3.522069381952914518e-08
3.516390644849077642e-08
3.510708892217460938e-08
3.504979240474045912e-08
3.499250064814063848e-08
3.493514679125467793e-08
3.487740288568661850e-08
3.481965898011856568e-08
3.476338859084105901e-08
3.470763399348671828e-08
3.465112235277806178e-08
3.459462331658301958e-08
3.453812428038796413e-08
3.448126108657295122e-08
3.442436825890896367e-08
3.436830598832107535e-08
3.431366640248390918e-08
3.425853391854416302e-08
3.420340286137972104e-08
3.414827180421527244e-08
3.409292613785731459e-08
3.403746846206342695e-08
3.398215403309672280e-08
3.392883721340119280e-08
3.387523008300912075e-08
3.382154919289867953e-08
3.376786830278827139e-08
3.371406696323825875e-08
3.366002530843182399e-08
3.360598365362536277e-08
3.355299580596784150e-08
3.350031493767698337e-08
3.344749580898751345e-08
3.339466820396677345e-08
3.334184059894602022e-08
3.328874998370175025e-08
3.323564690334500150e-08
3.318300180069852159e-08
3.313131422406871739e-08
3.307965089432626757e-08
3.302794969335539234e-08
3.297624849238451711e-08
3.292441979258344803e-08
3.287247305696730017e-08
3.282052632135112584e-08
3.276965826757161184e-08
3.271897551291676986e-08
3.266824005502412930e-08
3.261750195074146869e-08
3.256675734183833228e-08
3.251577833654849090e-08
3.246479933125867600e-08
3.241420130668505658e-08
3.236427977925048967e-08
3.231425609238128733e-08
3.226420513505163399e-08
3.221415417772198064e-08
3.216399755001067169e-08
3.211372529798845459e-08
3.206345304596627059e-08
3.201434932336455534e-08
3.196553983070445337e-08
3.191667394957851341e-08
3.186780153960204521e-08
3.181892912962555716e-08
3.176985421065663643e-08
3.172074912770658771e-08
3.167184868464662494e-08
3.162402884548964807e-08
3.157603482954666201e-08
3.152800239408419973e-08
3.147996995862173082e-08
3.143187872506064023e-08
3.138355962086448304e-08
3.133524051666831923e-08
3.128755904534364271e-08
3.124049896987342438e-08
3.119309035067610929e-08
3.114568623296612096e-08
3.109828211525612601e-08
3.105075273517370173e-08
3.100308836654989944e-08
3.095542399792605083e-08
3.090894441285916237e-08
3.086264437329440340e-08
3.081604163420066535e-08
3.076944669155137332e-08
3.072285174890206145e-08
3.067607123542625212e-08
3.062921063327560344e-08
3.058235003112494816e-08
3.053704691446105020e-08
3.049130256277455504e-08
3.044528516105074228e-08
3.039927224200221039e-08
3.035325932295369173e-08
3.030698357241037277e-08
3.026066371572473897e-08
3.021445951346157798e-08
3.017002367579944891e-08
3.012467192765462622e-08
3.007912806427505900e-08
3.003358420089551163e-08
2.998804033751594441e-08
2.994219820400425365e-08
2.989634174783579847e-08
2.985082638879373889e-08
2.980744309650883869e-08
2.976310110667843858e-08
2.971865083217931519e-08
2.967420055768019179e-08
2.962975028318106178e-08
2.958496953928992941e-08
2.954018603187447338e-08
2.949574660157145474e-08
2.945319829174209492e-08
2.940942789266876234e-08
2.936552510667483357e-08
2.932162232068088826e-08
2.927771953468693963e-08
2.923342392304238874e-08
2.918911550105827463e-08
2.914505599596184511e-08
2.910303174912019942e-08
2.905977646608286854e-08
2.901631520929754428e-08
2.897285395251222332e-08
2.892939269572688251e-08
2.888562707615403726e-08
2.884182146039756893e-08
2.879802255661086114e-08
2.875682908167770538e-08
2.871461699578877689e-08
2.867201935274640735e-08
2.862943254648999063e-08
2.858684574023355737e-08
2.854398685719459261e-08
2.850103115388428870e-08
2.845807545057401456e-08
2.841715334636426397e-08
2.837572827524028383e-08
2.833344797984947681e-08
2.829121008382936430e-08
2.824897218780923194e-08
2.820653398192786988e-08
2.816391743656717011e-08
2.812130089120648356e-08
2.808019155738121847e-08
2.803967114387416029e-08
2.799796388021551765e-08
2.795634079466941828e-08
2.791471770912329906e-08
2.787300395661243346e-08
2.783102916098205817e-08
2.778905436535166965e-08
2.774796191724361631e-08
2.770883356860476688e-08
2.766830532606469242e-08
2.762779096251869333e-08
2.758727659897270748e-08
2.754676223542668523e-08
2.750588608060268745e-08
2.746497991135905921e-08
2.742407374211543429e-08
2.738531953734135581e-08
2.734575668980585163e-08
2.730561228196877981e-08
2.726549342856210458e-08
2.722537457515545914e-08
2.718506417420324650e-08
2.714458070873554299e-08
2.710409724326783948e-08
2.706483630390602320e-08
2.702647070729606993e-08
2.698702652272400360e-08
2.694765442231052342e-08
2.690828232189704987e-08
2.686888953051530170e-08
2.682918982024724976e-08
2.678949010997917466e-08
2.674989523860552933e-08
2.671241239683836053e-08
2.667418967242581558e-08
2.663563159593210717e-08
2.659708454729891072e-08
2.655853749866567455e-08
2.651981914628644509e-08
2.648095270270932140e-08
2.644208625913220433e-08
2.640415766299182197e-08
2.636707676768629041e-08
2.632889167980349259e-08
2.629076840264655040e-08
2.625264512548960491e-08
2.621452184833265611e-08
2.617612125294564844e-08
2.613770432949024837e-08
2.609928740603483506e-08
2.606265078754422272e-08
2.602586597671051599e-08
2.598866006764327639e-08
2.595147356435257606e-08
2.591428706106189559e-08
2.587702122503374196e-08
2.583955813855805962e-08
2.580209505208239052e-08
2.576498787817185561e-08
2.572929255403655677e-08
2.569305415696564201e-08
2.565668916112301372e-08
2.562032502344528451e-08
2.558396088576755861e-08
2.554743611036933311e-08
2.551078672156460761e-08
2.547413733275989533e-08
2.543817217674710381e-08
2.540302611246475085e-08
2.536718355585564751e-08
2.533137057208724617e-08
2.529555758831886137e-08
2.525974460455046003e-08
2.522373436901448538e-08
2.518766615252333323e-08
2.515159793603216784e-08
2.511646661300728068e-08
2.508176884428523990e-08
2.504665354682780251e-08
2.501155166544180048e-08
2.497644978405578191e-08
2.494134790266977988e-08
2.490604309207873679e-08
2.487071952241792446e-08
2.483539595275713198e-08
2.480108488987886002e-08
2.476695615155744323e-08
2.473248895224267084e-08
2.469803052314614010e-08
2.466357209404960937e-08
2.462911366495305548e-08
2.459443034533838637e-08
2.455974481871496891e-08
2.452505929209157129e-08
2.449140605480471032e-08
2.445780314077748110e-08
2.442381614108214695e-08
2.438984094464315530e-08
2.435586574820415043e-08
2.432189055176515548e-08
2.428770183805314680e-08
2.425351248546345062e-08
2.421932313287378753e-08
2.418624481282240553e-08
2.415333770503077160e-08
2.412015388645707940e-08
2.408697842407697004e-08
2.405380296169684745e-08
2.402062749931672155e-08
2.398726349063363998e-08
2.395388638858797554e-08
2.392050928654228463e-08
2.388805497909100780e-08
2.385589084925209749e-08
2.382335356970521270e-08
2.379082769432799351e-08
2.375830181895076439e-08
2.372577594357353527e-08
2.369304800278458563e-08
2.366027077206740615e-08
2.362749354135021344e-08
2.359536626812592171e-08
2.356375390666547207e-08
2.353162672908975541e-08
2.349952421860551464e-08
2.346742170812124078e-08
2.343531919763700663e-08
2.340309649559981986e-08
2.337079466304764872e-08
2.333849283049548751e-08
2.330662107501987161e-08
2.327564719970786245e-08
2.324426792843967111e-08
2.321281591066444923e-08
2.318136510098044709e-08
2.314991429129644495e-08
2.311839370975026943e-08
2.308673263487088166e-08
2.305507155999150382e-08
2.302344591022124116e-08
2.299306624975038826e-08
2.296235296894939089e-08
2.293131593928200173e-08
2.290029344661270034e-08
2.286927095394338903e-08
2.283824846127407442e-08
2.280701075946044114e-08
2.277577084982988088e-08
2.274453094019931071e-08
2.271411852516533281e-08
2.268405431906891420e-08
2.265337171326325428e-08
2.262273314744868742e-08
2.259209458163412387e-08
2.256145601581958678e-08
2.253069757642906950e-08
2.249985108191658788e-08
2.246900458740409634e-08
2.243852296385198896e-08
2.240932250888603166e-08
2.237967301616668677e-08
2.234983169958335168e-08
2.232000036722188708e-08
2.229016903486040594e-08
2.226031676082232791e-08
2.223025602101955611e-08
2.220019528121678101e-08
2.217013454141399598e-08
2.214100055402565201e-08
2.211213830436707604e-08
2.208261948153521057e-08
2.205314483032901938e-08
2.202367017912280834e-08
2.199419552791660392e-08
2.196459529759998196e-08
2.193488530998497232e-08
2.190517532236996600e-08
2.187564113696038180e-08
2.184731186134334413e-08
2.181856758670527477e-08
2.178951493248197094e-08
2.176048423385238291e-08
2.173145353522280150e-08
2.170242283659321016e-08
2.167319491201859599e-08
2.164394578883336717e-08
2.161469666564812181e-08
2.158613360394685434e-08
2.155834218882474371e-08
2.152990078480474810e-08
2.150142376726131089e-08
2.147294677696206970e-08
2.144446978666281858e-08
2.141595006809011851e-08
2.138725806630462512e-08
2.135856606451914827e-08
2.132987406273365819e-08
2.130215856421940796e-08
2.127467555096960645e-08
2.124646062888904306e-08
2.121829858157416907e-08
2.119013653425929509e-08
2.116197448694441779e-08
2.113372238648111928e-08
2.110534612435334755e-08
2.107696986222556920e-08
2.104859360009780078e-08
2.102155199188076969e-08
2.099436226361018802e-08
2.096666913604066012e-08
2.093901419001348915e-08
2.091135924398631156e-08
2.088370429795914059e-08
2.085593034680778601e-08
2.082806565072637860e-08
2.080020095464496788e-08
2.077241666202408296e-08
2.074599243626814772e-08
2.071928457299268188e-08
2.069221362437992386e-08
2.066516956424103627e-08
2.063812550410213875e-08
2.061108144396323462e-08
2.058390051300124165e-08
2.055664228864335299e-08
2.052938406428546102e-08
2.050225320717566131e-08
2.047625949453284819e-08
2.044992679216318596e-08
2.042321437904713705e-08
2.039652786865708500e-08
2.036984135826704948e-08
2.034315484787699412e-08
2.031633176684517297e-08
2.028943018182891524e-08
2.026252859681266082e-08
2.023571300285163024e-08
2.021004693780275325e-08
2.018412524655973433e-08
2.015785711959673591e-08
2.013161351527154620e-08
2.010536991094635980e-08
2.007912630662117670e-08
2.005277933159408252e-08
2.002634930052348022e-08
1.999991926945286800e-08
1.997348923838227562e-08
1.994822277976627472e-08
1.992284229634488093e-08
1.989708022500291559e-08
1.987134411308038758e-08
1.984560800115786288e-08
1.981987188923534480e-08
1.979406070677652125e-08
1.976813549388790347e-08
1.974221028099928569e-08
1.971628506811067452e-08
1.969124324793012251e-08
1.966639315594802182e-08
1.964092159894646155e-08
1.961548581785260899e-08
1.959005003675874650e-08
1.956461425566488731e-08
1.953914897591048057e-08
1.951353100375616557e-08
1.948791303160185058e-08
1.946229505944753559e-08
1.943727613206128656e-08
1.941282316359649237e-08
1.938799315184789992e-08
1.936310729633102272e-08
1.933822526085500583e-08
1.931334322537898563e-08
1.928846118990297205e-08
1.926343474290505413e-08
1.923838254405243438e-08
1.921333034519979478e-08
1.918847834865324966e-08
1.916458276177356447e-08
1.914047332016640028e-08
1.911612685112122891e-08
1.909179302935794360e-08
1.906745920759464505e-08
1.904312538583135311e-08
1.901870264268337749e-08
1.899417409527302556e-08
1.896964554786269348e-08
1.894511700045234816e-08
1.892132423418647005e-08
1.889775971184156631e-08
1.887372153952660027e-08
1.884971114525441498e-08
1.882570075098221977e-08
1.880169035671002786e-08
1.877767996243783595e-08
1.875350753605089738e-08
1.872933268656476739e-08
1.870515783707865394e-08
1.868124190889333277e-08
1.865808910334699543e-08
1.863473112799290011e-08
1.861119316778813349e-08
1.858766597862855157e-08
1.856413878946897295e-08
1.854061160030939102e-08
1.851701377598709314e-08
1.849332379801065665e-08
1.846963382003422015e-08
1.844594384205778366e-08
1.842291386971675857e-08
1.840020389213461398e-08
1.837707933405780202e-08
1.835394130826999254e-08
1.833080406066836515e-08
1.830766681306674769e-08
1.828452956546510707e-08
1.826126356858224950e-08
1.823796577795781707e-08
1.821466798733338133e-08
1.819138190168808857e-08
1.816899792222155841e-08
1.814649652901631164e-08
1.812364655932621625e-08
1.810082150973471683e-08
1.807799646014321409e-08
1.805517141055170474e-08
1.803233268144117472e-08
1.800935360741393005e-08
1.798637453338668538e-08
1.796339545935943740e-08
1.794071453413185266e-08
1.791883677024309144e-08
1.789675594530224825e-08
1.787447790875421811e-08
1.785221194579561354e-08
1.782994598283700235e-08
1.780768001987840771e-08
1.778536724159334247e-08
1.776294195866918584e-08
1.774051667574503914e-08
1.771809139282088251e-08
1.769607993660583817e-08
1.767458128654820192e-08
1.765279725005836425e-08
1.763088168342286496e-08
1.760897559543166797e-08
1.758706950744044452e-08
1.756516341944923761e-08
1.754318747299443785e-08
1.752111362881747866e-08
1.749903978464050954e-08
1.747696594046354373e-08
1.745539110519216347e-08
1.743424170729461640e-08
1.741275479893802888e-08
1.739117162664799579e-08
1.736959742031624744e-08
1.734802321398447923e-08
1.732644900765273419e-08
1.730480458643687735e-08
1.728307637841550395e-08
1.726134817039414047e-08
1.723961996237276045e-08
1.721842008538984200e-08
1.719765301827213661e-08
1.717656560186034513e-08
1.715538250241389659e-08
1.713420773415865977e-08
1.711303296590343288e-08
1.709185819764819937e-08
1.707062238505721041e-08
1.704929935448983509e-08
1.702797632392246307e-08
1.700665329335508114e-08
1.698575531582519310e-08
1.696532590398758598e-08
1.694458164692135983e-08
1.692368485999780400e-08
1.690280132170002829e-08
1.688191778340226912e-08
1.686103424510449010e-08
1.684010857908803912e-08
1.681907627302409779e-08
1.679804396696015647e-08
1.677701166089620853e-08
1.675627348723137615e-08
1.673616893382635109e-08
1.671582701831029472e-08
1.669523410413994148e-08
1.667466257855347359e-08
1.665409105296700902e-08
1.663351952738056099e-08
1.661293768810452697e-08
1.659221803866616792e-08
1.657149838922779564e-08
1.655077873978943329e-08
1.653013298524052286e-08
1.651042286887731729e-08
1.649062297316743966e-08
1.647049292594728389e-08
1.645038994660469106e-08
1.643028696726208168e-08
1.641018398791948223e-08
1.639008100857687616e-08
1.636986467262421135e-08
1.634961456023707762e-08
1.632936444784994720e-08
1.630911433546281347e-08
1.628952488497761397e-08
1.627016337827635966e-08
1.625039213609357357e-08
1.623058671018742787e-08
1.621078661835699747e-08
1.619098652652659023e-08
1.617118643469614659e-08
1.615132576032782370e-08
1.613136828896791592e-08
1.611141081760799160e-08
1.609145334624806728e-08
1.607177601911242295e-08
1.605267464294171538e-08
1.603338353675468545e-08
1.601386059620468580e-08
1.599435760865218578e-08
1.597485462109966922e-08
1.595535163354716258e-08
1.593584864599466255e-08
1.591622093111761580e-08
1.589658125576068732e-08
1.587694158040375883e-08
1.585730190504683366e-08
1.583838019504977869e-08
1.581961205225487280e-08
1.580048989254994639e-08
1.578136178252494633e-08
1.576223716425881808e-08
1.574311254599266337e-08
1.572398792772651527e-08
1.570481491531861027e-08
1.568555298105846602e-08
1.566629104679831514e-08
1.564702911253815104e-08
1.562795936914559042e-08
1.560952406231314273e-08
1.559094057389116367e-08
1.557203877055218279e-08
1.555315926123931559e-08
1.553427975192647156e-08
1.551540024261360767e-08
1.549652073330075040e-08
1.547754665613651541e-08
1.545853283081738097e-08
1.543951900549824983e-08
1.542050518017912200e-08
1.540194513506561081e-08
1.538375237170180495e-08
1.536533198188922681e-08
1.534678717164394755e-08
1.532825507405177789e-08
1.530972297645961485e-08
1.529119087886744850e-08
1.527265878127527884e-08
1.525400223851023666e-08
1.523534141509765760e-08
1.521668059168509509e-08
1.519801976827250941e-08
1.518004972339226925e-08
1.516227039476427152e-08
1.514419810620424016e-08
1.512608494212854502e-08
1.510797693557300773e-08
1.508986892901745058e-08
1.507176092246190006e-08
1.505363337874965655e-08
1.503538559943777109e-08
1.501713782012589887e-08
1.499889004081401010e-08
1.498064226150212796e-08
1.496307719949679411e-08
1.494556771010411686e-08
1.492769057472667797e-08
1.490982052805144805e-08
1.489195324201995811e-08
1.487408595598847974e-08
1.485621866995698648e-08
1.483832290325723603e-08
1.482032760339665496e-08
1.480233230353609208e-08
1.478433700367551100e-08
1.476634170381495474e-08
1.474908511161478138e-08
1.473184727531799109e-08
1.471429094588563792e-08
1.469675406216819014e-08
1.467921905443480789e-08
1.466168404670143060e-08
1.464414903896805000e-08
1.462658739925731263e-08
1.460892803929585411e-08
1.459126867933441214e-08
1.457360931937294039e-08
1.455594995941150173e-08
1.453898539298399037e-08
1.452206953756969466e-08
1.450484300461011687e-08
1.448761372709996851e-08
1.447038740126419761e-08
1.445316107542843002e-08
1.443593474959264919e-08
1.441869479904943408e-08
1.440134910093897886e-08
1.438400340282852033e-08
1.436665770471807504e-08
1.434931200660760824e-08
1.433252506754083142e-08
1.431587627719100007e-08
1.429892695158263828e-08
1.428191740181105760e-08
1.426491602084649698e-08
1.424791463988193802e-08
1.423091325891739229e-08
1.421391187795283333e-08
1.419680220543648194e-08
1.417968333241950963e-08
1.416256445940253402e-08
1.414544558638555014e-08
1.412877754211752435e-08
1.411244082903822914e-08
1.409593058833112887e-08
1.407928852618592184e-08
1.406265822001150592e-08
1.404602791383708669e-08
1.402939760766266580e-08
1.401276730148824657e-08
1.399606133367642996e-08
1.397931208673470059e-08
1.396256283979298942e-08
1.394581359285127163e-08
1.392924809426273635e-08
1.391321205029760553e-08
1.389710850892252940e-08
1.388076343880428268e-08
1.386443730559310715e-08
1.384811117238194650e-08
1.383178503917077593e-08
1.381545890595962356e-08
1.379910129695442774e-08
1.378265256270626612e-08
1.376620382845810616e-08
1.374975509420995448e-08
1.373330635996180279e-08
1.371743696793450073e-08
1.370167400633156914e-08
1.368564370666638240e-08
1.366955817447460003e-08
1.365348082953040508e-08
1.363740348458620682e-08
1.362132613964201352e-08
1.360524879469781856e-08
1.358907998161080964e-08
1.357288578782170621e-08
1.355669159403260609e-08
1.354049740024350266e-08
1.352453341090639176e-08
1.350902198671373149e-08
1.349342967964495632e-08
1.347761597236040503e-08
1.346182019263908910e-08
1.344602441291777483e-08
1.343022863319645062e-08
1.341443285347513635e-08
1.339861343712038239e-08
1.338270698708413460e-08
1.336680053704788186e-08
1.335089408701164069e-08
1.333498763697538960e-08
1.331956481524958222e-08
1.330431726314102359e-08
1.328886677612309377e-08
1.327331628045520514e-08
1.325777654508577564e-08
1.324223680971635111e-08
1.322669707434692988e-08
1.321115733897750203e-08
1.319555851904092286e-08
1.317991103707148152e-08
1.316426355510204349e-08
1.314861607313258726e-08
1.313299140401145848e-08
1.311800379026959317e-08
1.310301617652771297e-08
1.308770094959145146e-08
1.307238148008445087e-08
1.305706753184085264e-08
1.304175358359725441e-08
1.302643963535365453e-08
1.301112568711005630e-08
1.299572574701205204e-08
1.298030245335785770e-08
1.296487915970367163e-08
1.294945586604947895e-08
1.293419996722246806e-08
1.291947955356558974e-08
1.290472608038837068e-08
1.288972607058717000e-08
1.287474610095063031e-08
1.285976688783240230e-08
1.284478767471418422e-08
1.282980846159594960e-08
1.281482924847772324e-08
1.279975161617960550e-08
1.278466623491553963e-08
1.276958085365145887e-08
1.275449547238738473e-08
1.273963300518432213e-08
1.272519561780114775e-08
1.271069547416918038e-08
1.269595713034429646e-08
1.268123815330493414e-08
1.266651917626557678e-08
1.265180019922621281e-08
1.263708122218685214e-08
1.262236224514748982e-08
1.260753197648444716e-08
1.259269819320370087e-08
1.257786440992295457e-08
1.256303062664221985e-08
1.254840983022208017e-08
1.253418219470455196e-08
1.251989552391464554e-08
1.250537174722445868e-08
1.249086926491880916e-08
1.247636678261315303e-08
1.246186430030749854e-08
1.244736181800185068e-08
1.243285933569619786e-08
1.241826442533009909e-08
1.240366068489934722e-08
1.238905694446860362e-08
1.237445320403786499e-08
1.236000926098265894e-08
1.234602126836970891e-08
1.233200960688591192e-08
1.231776053424144216e-08
1.230352848272870615e-08
1.228929812732425631e-08
1.227506777191981142e-08
1.226083741651535330e-08
1.224660706111090842e-08
1.223230041905283130e-08
1.221796922025095872e-08
1.220363802144908945e-08
1.218930682264721853e-08
1.217501592032908680e-08
1.216128022538592864e-08
1.214754453044277875e-08
1.213353720740109864e-08
1.211950675684689762e-08
1.210548215081940400e-08
1.209145754479192360e-08
1.207743293876442832e-08
1.206340833273693801e-08
1.204933513064309126e-08
1.203521327306481226e-08
1.202109141548652499e-08
1.200696955790824103e-08
1.199284770032996203e-08
1.197917422846837555e-08
1.196563088454315505e-08
1.195193239175402677e-08
1.193812618412283190e-08
1.192433326837541955e-08
1.191054035262802375e-08
1.189674743688061305e-08
1.188295452113320401e-08
1.186914788950639115e-08
1.185525814681604916e-08
1.184136840412570882e-08
1.182747866143537179e-08
1.181358891874503641e-08
1.179994543502423061e-08
1.178670214383713397e-08
1.177341831887112142e-08
1.175992482666069117e-08
1.174644664499500543e-08
1.173296921072069420e-08
1.171949177644637966e-08
1.170601434217206678e-08
1.169253690789774727e-08
1.167899103765801149e-08
1.166541319705260320e-08
1.165183535644720650e-08
1.163825751584179657e-08
1.162467967523639159e-08
1.161158471299472120e-08
1.159855279616141035e-08
1.158534943712945570e-08
1.157206079341170711e-08
1.155878217017201057e-08
1.154550354693232065e-08
1.153222492369262577e-08
1.151894630045293089e-08
1.150565615057350848e-08
1.149228044054770341e-08
1.147890473052190828e-08
1.146552902049610487e-08
1.145215331047031138e-08
1.143893471460430526e-08
1.142611025665538812e-08
1.141327805482849261e-08
1.140021201397191361e-08
1.138715998161176443e-08
1.137411134314752801e-08
1.136106270468329158e-08
1.134801406621905019e-08
1.133496542775481541e-08
1.132187444221928530e-08
1.130873217215977524e-08
1.129558990210026683e-08
1.128244763204076174e-08
1.126930536198125333e-08
1.125647890987348634e-08
1.124387961460840597e-08
1.123120670712758323e-08
1.121837221473247991e-08
1.120555171084036298e-08
1.119273120694824275e-08
1.117991070305612251e-08
1.116709019916400228e-08
1.115426969527188535e-08
1.114138859989338644e-08
1.112847917963534868e-08
1.111556975937731423e-08
1.110266033911927646e-08
1.108975091886124532e-08
1.107724519416425825e-08
1.106485760427060389e-08
1.105233919042334547e-08
1.103968695284801285e-08
1.102704887316830649e-08
1.101441079348860013e-08
1.100177271380889378e-08
1.098913463412918245e-08
1.097649655444948271e-08
1.096378783437789423e-08
1.095106205045795103e-08
1.093833626653800783e-08
1.092561048261806297e-08
1.091288469869811647e-08
1.090063429591168996e-08
1.088846119976785116e-08
1.087615727410239423e-08
1.086375342070900895e-08
1.085136103218437667e-08
1.083896864365974439e-08
1.082657625513511543e-08
1.081418386661047819e-08
1.080179147808584426e-08
1.078932554110477952e-08
1.077684383572307290e-08
1.076436213034136298e-08
1.075188042495965305e-08
1.073939871957794478e-08
1.072736909516722629e-08
1.071542534266639314e-08
1.070336950789186911e-08
1.069121313185115000e-08
1.067906809936197350e-08
1.066692306687280031e-08
1.065477803438362381e-08
1.064263300189444731e-08
1.063048796940526915e-08
1.061827723653275456e-08
1.060604277737389831e-08
1.059380831821504371e-08
1.058157385905618250e-08
1.056933939989732790e-08
1.055746569496086639e-08
1.054573681719054466e-08
1.053391700666575414e-08
1.052194611823206577e-08
1.050999013425106230e-08
1.049803415027005717e-08
1.048607816628905370e-08
1.047412218230805188e-08
1.046216619832704510e-08
1.045016268802775659e-08
1.043811841603768733e-08
1.042607414404762965e-08
1.041402987205755543e-08
1.040198560006748783e-08
1.039017616814185073e-08
1.037862235223351939e-08
1.036704272755518929e-08
1.035527495742225512e-08
1.034351961424980789e-08
1.033176670477243795e-08
1.032001379529506801e-08
1.030826088581769641e-08
1.029650797634032647e-08
1.028473556160248197e-08
1.027289912151476557e-08
1.026106268142705248e-08
1.024922624133933774e-08
1.023738980125162465e-08
1.022561862888252737e-08
1.021426430314530586e-08
1.020290997740808600e-08
1.019139734313806053e-08
1.017984119942573962e-08
1.016829277566358156e-08
1.015674435190141026e-08
1.014519592813924061e-08
1.013364750437707427e-08
1.012209908061489966e-08
1.011048556288126939e-08
1.009885770365774728e-08
1.008722984443423013e-08
1.007560198521071132e-08
1.006397412598718920e-08
1.005267433092136902e-08
1.004152723070636678e-08
1.003030761556035913e-08
1.001890875942348153e-08
1.000752628082290331e-08
9.996144069415167500e-09
9.984761858007426723e-09
9.973379646599694219e-09
9.961997435191953443e-09
9.950591320128435663e-09
9.939128166244818912e-09
9.927665012361202161e-09
9.916201858477592028e-09
9.904738704593976931e-09
9.893334322409057665e-09
9.882364995675768720e-09
9.871395668942473158e-09
9.860289880346077850e-09
9.849132954611640684e-09
9.837984683073287554e-09
9.826836411534939388e-09
9.815688139996591221e-09
9.804539868458234783e-09
9.793391596919886616e-09
9.782190798793294812e-09
9.770962971323463059e-09
9.759735143853629652e-09
9.748507316383796245e-09
9.737279488913961183e-09
9.726265543236107720e-09
9.715518987938123094e-09
9.704769740906588565e-09
9.693821472822039636e-09
9.682882027235108799e-09
9.671946559126317633e-09
9.661011091017516540e-09
9.650075622908720410e-09
9.639140154799920972e-09
9.628204686691123188e-09
9.617193072562789362e-09
9.606174239187839742e-09
9.595155405812893431e-09
9.584136572437948774e-09
9.573117739062997499e-09
9.562392207066884366e-09
9.551819304776879105e-09
9.541203192044697456e-09
9.530422642957675302e-09
9.519655124975483899e-09
9.508889487365097876e-09
9.498123849754720126e-09
9.487358212144335758e-09
9.476592574533948081e-09
9.465822782162922070e-09
9.454980101384666832e-09
9.444137420606416556e-09
9.433294739828169589e-09
9.422452059049911041e-09
9.411609378271655802e-09
9.401099370100307249e-09
9.390695505885919516e-09
9.380238579157182930e-09
9.369651596689831944e-09
9.359076505957157104e-09
9.348502102229031696e-09
9.337927698500898015e-09
9.327353294772770952e-09
9.316778891044638926e-09
9.306198307937472394e-09
9.295547581186118469e-09
9.284896854434769508e-09
9.274246127683418892e-09
9.263595400932073239e-09
9.252944674180720969e-09
9.242618204448219499e-09
9.232402896177797512e-09
9.222135144329153158e-09
9.211716178543436740e-09
9.201308242360029792e-09
9.190901492966055844e-09
9.180494743572083551e-09
9.170087994178107949e-09
9.159681244784135656e-09
9.149274495390161708e-09
9.138797621496010385e-09
9.128320298957751045e-09
9.117842976419495013e-09
9.107365653881238981e-09
9.096888331342982950e-09
9.086671734371554894e-09
9.076617238270124362e-09
9.066540682446979473e-09
9.056286435463119299e-09
