-1.195172125213383000e-09
-1.202768519934674856e-09
-1.208631718305043855e-09
-1.225052544204616301e-09
-1.251156834991422461e-09
-1.274526032899615089e-09
-1.267609780400134540e-09
-1.251371387806285355e-09
-1.250300603259318984e-09
-1.253684089862985781e-09
-1.258483859484871837e-09
-1.259112717330448618e-09
-1.259408884009251238e-09
-1.259018350594915692e-09
-1.257508083244041953e-09
-1.256713188958233474e-09
-1.254286652434814390e-09
-1.250946949285950364e-09
-1.247995401782304573e-09
-1.243265623239927409e-09
-1.238984493699274060e-09
-1.231535916737520349e-09
-1.227478665231718449e-09
-1.221287274146628562e-09
-1.215920716548197407e-09
-1.207438865125964232e-09
-1.199294378540383325e-09
-1.193602203387273767e-09
-1.185356207105002067e-09
-1.176192401732957640e-09
-1.168195128778208096e-09
-1.159553333437781588e-09
-1.150955600386328054e-09
-1.139354788587535789e-09
-1.131481058451430080e-09
-1.121150610548946449e-09
-1.111550328895687800e-09
-1.100967480135111596e-09
-1.090172339675870571e-09
-1.080899056628720579e-09
-1.071891064607186605e-09
-1.059666517891443960e-09
-1.049638665148365653e-09
-1.039924710122783542e-09
-1.029237760524189528e-09
-1.018057887972454595e-09
-1.008616602816560046e-09
-9.983415000040800169e-10
-9.877598295525779826e-10
-9.780525493619200458e-10
-9.675620910680253331e-10
-9.583959696808800856e-10
-9.496681197572661134e-10
-9.384405968017523832e-10
-9.268810186728773219e-10
-9.175612706274297865e-10
-9.085332512185471263e-10
-8.966686492782796941e-10
-8.866168416502917764e-10
-8.765873632976991265e-10
-8.692900161049608577e-10
-8.605053290817240952e-10
-8.512233254129342571e-10
-8.426552213662354718e-10
-8.339714741539302223e-10
-8.251867181037011531e-10
-8.167273825931460215e-10
-8.083539193297995464e-10
-8.006965220054424675e-10
-7.927930902590950142e-10
-7.836566863516323309e-10
-7.801208734729904270e-10
-7.704094589368030488e-10
-7.625740198684004279e-10
-7.551708588462715331e-10
-7.482548339089670803e-10
-7.415555218875305877e-10
-7.349170816656261856e-10
-7.276541910551530541e-10
-7.201359575446296931e-10
-7.140023562757595849e-10
-7.073248432735477795e-10
-7.015612316423552198e-10
-6.975543251853836540e-10
-6.924626269956957690e-10
-6.870402310093648970e-10
-6.817578113721115828e-10
-6.765561790517100446e-10
-6.714981991419663286e-10
-6.665996367966222089e-10
-6.618261681421791013e-10
-6.571649999636719591e-10
-6.526259497180192999e-10
-6.481919297219770762e-10
-6.439444818778786125e-10
-6.398228949873852286e-10
-6.356618019241696635e-10
-6.316667695840501978e-10
-6.278875117965324404e-10
-6.242844473702146900e-10
-6.206681380246283577e-10
-6.169526935323246869e-10
-6.133235766098982094e-10
-6.099566820211049094e-10
-6.067017716484911477e-10
-6.035459372373684979e-10
-6.004606982480528953e-10
-5.972566017583314331e-10
-5.938530196089281171e-10
-5.906050682796233003e-10
-5.878242361059981629e-10
-5.853360480013076285e-10
-5.827721939192729181e-10
-5.800356891000525427e-10
-5.773005878137111870e-10
-5.746740113802474440e-10
-5.720769258659681510e-10
-5.694805775769924412e-10
-5.669193438972488407e-10
-5.644042476142221495e-10
-5.619348591602047597e-10
-5.595091948587419493e-10
-5.571098006671313908e-10
-5.547120054187516843e-10
-5.523036020393374466e-10
-5.498719141850942669e-10
-5.474234378350806479e-10
-5.449843333065211870e-10
-5.425960587954066454e-10
-5.402936199121244662e-10
-5.380959061269940768e-10
-5.360089613380732209e-10
-5.338931561991986789e-10
-5.316670738588461152e-10
-5.292863545933118289e-10
-5.267367925055385056e-10
-5.240568241760788605e-10
-5.213591834699179424e-10
-5.187119569475404868e-10
-5.161354585880991421e-10
-5.136323692637652325e-10
-5.111767337509864540e-10
-5.087228553852322565e-10
-5.062491940545507744e-10
-5.037379361021219682e-10
-5.011672878630003546e-10
-4.985579822060376302e-10
-4.959195993123646083e-10
-4.932578277113384435e-10
-4.905713304010322804e-10
-4.878757627446313954e-10
-4.851682205348236772e-10
-4.824422618588359066e-10
-4.796921430802537637e-10
-4.769248023068203264e-10
-4.741402450113903122e-10
-4.713286314945598182e-10
-4.684995859854097145e-10
-4.656555592505164561e-10
-4.627915353531176904e-10
-4.598994896820528003e-10
-4.569884167885592979e-10
-4.540554450013548259e-10
-4.510947929573398247e-10
-4.481202539965291540e-10
-4.451314300286089754e-10
-4.421320411462814998e-10
-4.391264999519028940e-10
-4.361143499279882383e-10
-4.330900780949126749e-10
-4.300617804447339463e-10
-4.270290618950208144e-10
-4.239897773911705790e-10
-4.209477220435294955e-10
-4.179020628998613417e-10
-4.148653697643921692e-10
-4.118304378416891809e-10
-4.087949219600237333e-10
-4.057611488904334791e-10
-4.027290687605293649e-10
-3.997054003315036319e-10
-3.966859507276139199e-10
-3.936707987518587911e-10
-3.906694885635303585e-10
-3.876770477466989446e-10
-3.847046762841403773e-10
-3.817446784462686878e-10
-3.787921462810611114e-10
-3.758657486840718182e-10
-3.729504203165515245e-10
-3.700578515611920462e-10
-3.671859940381507606e-10
-3.643258101553549833e-10
-3.615078478141202371e-10
-3.587038580176318753e-10
-3.559349356945434335e-10
-3.531885215821980103e-10
-3.504612578829047130e-10
-3.477758086684279772e-10
-3.451037691720638301e-10
-3.424792925640282690e-10
-3.398711779688308844e-10
-3.372973048894572917e-10
-3.347607681723314678e-10
-3.322538398583735572e-10
-3.297932029458520075e-10
-3.273457281185513979e-10
-3.249553771913495151e-10
-3.225785019763864883e-10
-3.202594806814223394e-10
-3.179626950360113255e-10
-3.157055491970040979e-10
-3.134814869674996327e-10
-3.112873239159897775e-10
-3.091466578825750266e-10
-3.070314932297781347e-10
-3.049691705493253783e-10
-3.029188436830217567e-10
-3.009334438288152429e-10
-2.989561001249104424e-10
-2.970545677861513467e-10
-2.951631514656383795e-10
-2.933325566061218789e-10
-2.915187081632191193e-10
-2.897632581210149692e-10
-2.880298840311144476e-10
-2.863509687022720378e-10
-2.846927096981718775e-10
-2.830746811526106279e-10
-2.814795998182068158e-10
-2.799227336150313217e-10
-2.783899872174211993e-10
-2.768940124144633201e-10
-2.754217139195898870e-10
-2.739846466455737039e-10
-2.725762431483169863e-10
-2.712122038486590793e-10
-2.698759716962237918e-10
-2.685875491648187876e-10
-2.673214233106438160e-10
-2.661010807085572199e-10
-2.648975952245751149e-10
-2.637392969996002778e-10
-2.625883966145958150e-10
-2.614670542560360730e-10
-2.603480685791836777e-10
-2.592476104122657961e-10
-2.581473875898826111e-10
-2.570715275183407690e-10
-2.559956674423977057e-10
-2.549563017995501125e-10
-2.539214362822756060e-10
-2.529356458198774293e-10
-2.519658063440121440e-10
-2.510584005251279256e-10
-2.501921234037048858e-10
-2.493621353796348558e-10
-2.485793605871404259e-10
-2.478095690205060126e-10
-2.470787780908257176e-10
-2.463484557826516458e-10
-2.456273802016277258e-10
-2.449063046206038057e-10
-2.441617285701584605e-10
-2.434123358073947624e-10
-2.426444666200248423e-10
-2.418640014534052055e-10
-2.410811382149797762e-10
-2.402936668002224745e-10
-2.395076533842392927e-10
-2.387402298320749278e-10
-2.379728062818523177e-10
-2.372340735168070761e-10
-2.365031596203209704e-10
-2.357876705093239833e-10
-2.350887921078706461e-10
-2.343920285783773106e-10
-2.337064062283091060e-10
-2.330207838782408496e-10
-2.323351137667122740e-10
-2.316494331626759485e-10
-2.309605707260837121e-10
-2.302680075442720637e-10
-2.295749730581187794e-10
-2.288769765398063076e-10
-2.281789800214938617e-10
-2.274800624143979152e-10
-2.267807368394937673e-10
-2.260803249852488200e-10
-2.253771343987060325e-10
-2.246739438141049739e-10
-2.239597240208193770e-10
-2.232435677925418238e-10
-2.225168597357506339e-10
-2.217744342522446574e-10
-2.210320087667969778e-10
-2.202618850832631149e-10
-2.194898043564190457e-10
-2.187077337633625330e-10
-2.179133286694498152e-10
-2.171189235754076179e-10
-2.163198834713721544e-10
-2.155205578600583028e-10
-2.147228653406835399e-10
-2.139274529200719169e-10
-2.131320404994602939e-10
-2.123347958915264115e-10
-2.115372857077423531e-10
-2.107311963936980838e-10
-2.099060154643860546e-10
-2.090808345348151438e-10
-2.082236230664343487e-10
-2.073543901427293177e-10
-2.064800743396610630e-10
-2.055699969205365703e-10
-2.046599195005059271e-10
-2.037443602147507134e-10
-2.028233606497438618e-10
-2.019023610838308855e-10
-2.009965233754408851e-10
-2.000931675581426031e-10
-1.991954601502590230e-10
-1.983208377389104165e-10
-1.974462153275617841e-10
-1.965786408405321329e-10
-1.957177439708086543e-10
-1.948568470992729006e-10
-1.939880298219163446e-10
-1.931173535521196569e-10
-1.922450020172470570e-10
-1.913547723221009822e-10
-1.904645426269548815e-10
-1.895693188148799763e-10
-1.886644280926932856e-10
-1.877595373707655025e-10
-1.868509488582970898e-10
-1.859396231285477723e-10
-1.850282973968567258e-10
-1.841200659200065739e-10
-1.832126693600436378e-10
-1.823052728005337641e-10
-1.814123801995405474e-10
-1.805197973022178230e-10
-1.796302586749202991e-10
-1.787580757517541148e-10
-1.778858928291704466e-10
-1.770212600633880686e-10
-1.761744343750388152e-10
-1.753276086845536263e-10
-1.744881982535046110e-10
-1.736588409468199843e-10
-1.728294836387114178e-10
-1.720055097209285597e-10
-1.711863232708106697e-10
-1.703671368193982937e-10
-1.695517622985773251e-10
-1.687388046620311451e-10
-1.679258470252908102e-10
-1.671148737927040547e-10
-1.663048674289464316e-10
-1.654948610637001418e-10
-1.646901633904220622e-10
-1.638876304244058262e-10
-1.630850974589074052e-10
-1.623039902125604863e-10
-1.615309823658283500e-10
-1.607579745195493019e-10
-1.600193341079896669e-10
-1.592941774574986566e-10
-1.585690208092730356e-10
-1.578830248500067805e-10
-1.572148058307735432e-10
-1.565465868115403318e-10
-1.559102467993957007e-10
-1.552922938908494149e-10
-1.546743409823031033e-10
-1.540695227944450298e-10
-1.534751381449720045e-10
-1.528807534947870351e-10
-1.522918114143284261e-10
-1.517093385472278010e-10
-1.511268656805155371e-10
-1.505469463712924718e-10
-1.499721458165405536e-10
-1.493973452626300849e-10
-1.488239747886594216e-10
-1.482569090470654197e-10
-1.476898433052125103e-10
-1.471230715225079697e-10
-1.465787798616804796e-10
-1.460344882014355056e-10
-1.454901965411258305e-10
-1.449812120582774606e-10
-1.444801519042736823e-10
-1.439790917505288115e-10
-1.435016439486615146e-10
-1.430401964118677685e-10
-1.425787488752034503e-10
-1.421262083020294003e-10
-1.416901464550656052e-10
-1.412540846101083176e-10
-1.408185070644482610e-10
-1.403884342963801384e-10
-1.399583615283767684e-10
-1.395282887614737038e-10
-1.391008802874663112e-10
-1.386741976900126738e-10
-1.382475150933357332e-10
-1.378260978614501815e-10
-1.374107204923013972e-10
-1.369953431231525870e-10
-1.365821645754109681e-10
-1.361850731418528312e-10
-1.357879817072590900e-10
-1.353908902731184370e-10
-1.350087368141780586e-10
-1.346315840604852959e-10
-1.342544313073750493e-10
-1.338846639640018864e-10
-1.335284687638746168e-10
-1.331722735638120741e-10
-1.328160783648498367e-10
-1.324703431380654205e-10
-1.321253993574969144e-10
-1.317804555755691697e-10
-1.314368211610044837e-10
-1.310946008217939631e-10
-1.307523804825834684e-10
-1.304101684428812228e-10
-1.300694425485534285e-10
-1.297287166553259396e-10
-1.293879907611275732e-10
-1.290494857621494205e-10
-1.287131682512978649e-10
-1.283768507397990663e-10
-1.280405332289475108e-10
-1.277083169418380832e-10
-1.273762046088074737e-10
-1.270440922753885288e-10
-1.267118539154369562e-10
-1.263794413907950838e-10
-1.260470288657649018e-10
-1.257146163411230552e-10
-1.253781010764354630e-10
-1.250407880448494271e-10
-1.247034750127456020e-10
-1.243661233333137176e-10
-1.240286402199310403e-10
-1.236911571074544876e-10
-1.233536739944601457e-10
-1.230197572482821002e-10
-1.226883220629707453e-10
-1.223568868777888442e-10
-1.220254516919597000e-10
-1.216957905267335083e-10
-1.213662745395364882e-10
-1.210367585511744358e-10
-1.207061747402140651e-10
-1.203720367772672220e-10
-1.200378988152265293e-10
-1.197037608526680215e-10
-1.193661289711110582e-10
-1.190251334767447220e-10
-1.186841379828961749e-10
-1.183431424873647806e-10
-1.179998298428221111e-10
-1.176557836471336494e-10
-1.173117374513804348e-10
-1.169676912551094570e-10
-1.166222586471741478e-10
-1.162767991175519731e-10
-1.159313395885123273e-10
-1.155853834649576041e-10
-1.152370616852389501e-10
-1.148887399064911736e-10
-1.145404181272903218e-10
-1.141914598237408377e-10
-1.138412490521749164e-10
-1.134910382801559069e-10
-1.131408275076838480e-10
-1.127918108638236185e-10
-1.124441346968255010e-10
-1.120964585306040803e-10
-1.117487823635412359e-10
-1.114037958680260911e-10
-1.110607911397836102e-10
-1.107177864117353229e-10
-1.103747816842048248e-10
-1.100315872767812492e-10
-1.096882910271136754e-10
-1.093449947788700413e-10
-1.090016985296555428e-10
-1.086565704048972715e-10
-1.083106405166895871e-10
-1.079647106283524490e-10
-1.076187807400800377e-10
-1.072749835988300332e-10
-1.069320564288670369e-10
-1.065891292596807243e-10
-1.062462020897824419e-10
-1.059084075087245333e-10
-1.055728702750794356e-10
-1.052373330411754434e-10
-1.049017958075950855e-10
-1.045707822282160997e-10
-1.042422245122830843e-10
-1.039136667949908430e-10
-1.035851090798345114e-10
-1.032584505310411751e-10
-1.029332198805149862e-10
-1.026079892297298899e-10
-1.022827585794625956e-10
-1.019601567104764938e-10
-1.016406114640147012e-10
-1.013210662164525775e-10
-1.010015209692140882e-10
-1.006852404190645702e-10
-1.003758168310168129e-10
-1.000663932434868448e-10
-9.975696965624814772e-11
-9.944895697182179703e-11
-9.914887097609960085e-11
-9.884878498141299602e-11
-9.854869898575551380e-11
-9.824861299032457566e-11
-9.795592638857848817e-11
-9.766364736205344552e-11
-9.737136833494586093e-11
-9.707908930816191075e-11
-9.679214531849851490e-11
-9.650735527488496753e-11
-9.622256523072126750e-11
-9.593777518681647500e-11
-9.565633112246987104e-11
-9.537906642282823506e-11
-9.510180172334840337e-11
-9.482453702370675447e-11
-9.454885404702019985e-11
-9.428255250879797680e-11
-9.401625097005795161e-11
-9.374994943183572856e-11
-9.348364789338697435e-11
-9.322533105871190696e-11
-9.296887404993584602e-11
-9.271241704125687540e-11
-9.245596003277207250e-11
-9.220113619373407342e-11
-9.194835096901786075e-11
-9.169556574378383301e-11
-9.144278051903525689e-11
-9.119022841303886088e-11
-9.094260629870365960e-11
-9.069498418585712493e-11
-9.044736207155430001e-11
-9.019973995773690087e-11
-8.996136581718034624e-11
-8.972885699337755576e-11
-8.949634816886280835e-11
-8.926383934457459211e-11
-8.903272041578558699e-11
-8.880980964781988775e-11
-8.858689887914223158e-11
-8.836398811069110657e-11
-8.814107734272540733e-11
-8.791829890993610854e-11
-8.769559376123906704e-11
-8.747288861312454165e-11
-8.725018346478348509e-11
-8.702773121642933640e-11
-8.680736780290732766e-11
-8.658700438893225658e-11
-8.636664097673711017e-11
-8.614627756292384338e-11
-8.593019831882891412e-11
-8.571780159136519068e-11
-8.550540486309240706e-11
-8.529300813511088148e-11
-8.508061140787368921e-11
-8.487405337541073208e-11
-8.466791718603113258e-11
-8.446178099477451809e-11
-8.425564480591272072e-11
-8.405025032123318572e-11
-8.384665156534025920e-11
-8.364305280918843808e-11
-8.343945405378095026e-11
-8.323585529759675277e-11
-8.303637435854017535e-11
-8.283945439732659437e-11
-8.264253443475380055e-11
-8.244561447328131203e-11
-8.224869451180883645e-11
-8.205612361334461764e-11
-8.186400879184959835e-11
-8.167189397006330809e-11
-8.147977914885954685e-11
-8.128739592482846950e-11
-8.109357843262466147e-11
-8.089976094045320396e-11
-8.070594344902607975e-11
-8.051212595662807814e-11
-8.031820296591897304e-11
-8.012410333784502899e-11
-7.993000370980346130e-11
-7.973590408198841186e-11
-7.954180445391448073e-11
-7.935123156721036932e-11
-7.916350152752160088e-11
-7.897577148750922388e-11
-7.878804144749683395e-11
-7.860031140777570207e-11
-7.841502671983429249e-11
-7.823080696152731740e-11
-7.804658720364105413e-11
-7.786236744455738229e-11
-7.767814768605622656e-11
-7.749453113186475860e-11
-7.731106305639907619e-11
-7.712759498073921312e-11
-7.694412690556477583e-11
-7.676065883045507835e-11
-7.657787929873969587e-11
-7.639520180114444809e-11
-7.621252430400228849e-11
-7.602984680660122135e-11
-7.584716930900597357e-11
-7.566631473670494173e-11
-7.548565880532319541e-11
-7.530500287387670929e-11
-7.512434694265678018e-11
-7.494369101124265749e-11
-7.476507502903083203e-11
-7.458669941997105985e-11
-7.440832381058766619e-11
-7.422994820078356071e-11
-7.405157259146488100e-11
-7.387490609767934244e-11
-7.369854311807857885e-11
-7.352218013889851415e-11
-7.334581715975082581e-11
-7.316945418031186650e-11
-7.299439784931655698e-11
-7.281974231082307365e-11
-7.264508677132634949e-11
-7.247043123257397155e-11
-7.229577569388630757e-11
-7.212306308977196950e-11
-7.195143152152772134e-11
-7.177979995347764090e-11
-7.160816838539520994e-11
-7.143653681705387145e-11
-7.126689024406079435e-11
-7.109938866269328002e-11
-7.093188708106685817e-11
-7.076438549950517613e-11
-7.059688391758749622e-11
-7.043000573098576837e-11
-7.026473594300772619e-11
-7.009946615502968402e-11
-6.993419636676038379e-11
-6.976892657852344701e-11
-6.960370436783185402e-11
-6.943967700235070100e-11
-6.927564963686956090e-11
-6.911162227112951327e-11
-6.894759490568073662e-11
-6.878356754016723308e-11
-6.862223300670448731e-11
-6.846176177821674577e-11
-6.830129055040862357e-11
-6.814081932153254658e-11
-6.798034809301244159e-11
-6.782078585760403012e-11
-6.766240023069491302e-11
-6.750401460381814644e-11
-6.734562897697374331e-11
-6.718724334983808212e-11
-6.702899567429277630e-11
-6.687247913709063377e-11
-6.671596259911179450e-11
-6.655944606242745412e-11
-6.640292952506349439e-11
-6.624641298734354972e-11
-6.610371505693171592e-11
-6.596779814968739340e-11
-6.583188124270197842e-11
-6.569596433545765591e-11
-6.556004742821333339e-11
-6.542681408199499864e-11
-6.530274175183743096e-11
-6.517866942190640738e-11
-6.505459709168411282e-11
-6.493052476149419463e-11
-6.480645243182206565e-11
-6.466346929293306859e-11
-6.451386700504154458e-11
-6.436426471711767006e-11
-6.421466242916141917e-11
-6.406506014120518120e-11
-6.391273466263410050e-11
-6.375034729216666718e-11
-6.358795992221703600e-11
-6.342557255181432957e-11
-6.326318518134689625e-11
-6.310079781142962852e-11
-6.294545135304845713e-11
-6.279401328377375088e-11
-6.264257521391652853e-11
-6.249113714438291474e-11
-6.233969907484931388e-11
-6.218855290916621663e-11
-6.204666816684312832e-11
-6.190478342445531313e-11
-6.176289868180859040e-11
-6.162101393893533651e-11
-6.147912919654752132e-11
-6.133979758572857962e-11
-6.120471759749805206e-11
-6.106963760952641910e-11
-6.093455762158713666e-11
-6.079947763335660909e-11
-6.066439764519079548e-11
-6.053558743176511590e-11
-6.040977337253702824e-11
-6.028395931330894058e-11
-6.015814525382194539e-11
-6.003233119439969000e-11
-5.990651713543049695e-11
-5.978087412873888774e-11
-5.965524309587498068e-11
-5.952961206346416181e-11
-5.940398103037372359e-11
-5.927834999825414984e-11
-5.915267973431087319e-11
-5.902678477960204334e-11
-5.890088982456957907e-11
-5.877499486953711480e-11
-5.864909991453701397e-11
-5.852320495940747230e-11
-5.839453591328532455e-11
-5.825993189015138448e-11
-5.812532786679092618e-11
-5.799072384362463559e-11
-5.785611982016708696e-11
-5.772151579651535768e-11
-5.759729639079699863e-11
-5.748608730663762674e-11
-5.737487822199282261e-11
-5.726366913721856472e-11
-5.715246005260611757e-11
-5.704125096812312419e-11
-5.694360888697470851e-11
-5.685827279526192502e-11
-5.677293670390512647e-11
-5.668760061193344192e-11
-5.660226452051191648e-11
-5.651692842883148998e-11
-5.642018767947123110e-11
-5.631447321363073559e-11
-5.620875874753133902e-11
-5.610304428165848007e-11
-5.599732981549436307e-11
-5.589161534978331487e-11
-5.575799496430006338e-11
-5.560148382852906922e-11
-5.544497269227263636e-11
-5.528846155650164219e-11
-5.513195042069828459e-11
-5.497543928447422163e-11
-5.483263938414906564e-11
-5.470392985132232035e-11
-5.457522031833376432e-11
-5.444651078534520829e-11
-5.431780125258318989e-11
-5.418909171985352847e-11
-5.406799895474753571e-11
-5.395878243211477211e-11
-5.384956590974089665e-11
-5.374034938749647496e-11
-5.363113286483134791e-11
-5.352191634268401008e-11
-5.341208082581511663e-11
-5.330030327977321428e-11
-5.318852573424910114e-11
-5.307674818823956223e-11
-5.296497064219765342e-11
-5.285319309628519837e-11
-5.274159386860352244e-11
-5.263371918761614814e-11
-5.252584450688767492e-11
-5.241796982580321676e-11
-5.231009514533364460e-11
-5.220222046379611119e-11
-5.209434578331035085e-11
-5.198054815093479732e-11
-5.186529153775080123e-11
-5.175003492456680514e-11
-5.163477831117245314e-11
-5.151952169808554737e-11
-5.140426508462646849e-11
-5.127007588295813062e-11
-5.111779404864974876e-11
-5.096551221437373035e-11
-5.081323038008153668e-11
-5.066094854543335162e-11
-5.050866671152949986e-11
-5.036179332257574196e-11
-5.024090476172880679e-11
-5.012001620101131893e-11
-4.999912764045564828e-11
-4.987823907947926581e-11
-4.975735051868087581e-11
-4.963646195783394065e-11
-4.955739537239975230e-11
-4.948979658833182327e-11
-4.942219780429625768e-11
-4.935459902000179749e-11
-4.928700023582059642e-11
-4.921940145168794697e-11
-4.915116589997155005e-11
-4.908174016478674336e-11
-4.901231442945630118e-11
-4.894288869425531277e-11
-4.887346295879542976e-11
-4.880403722351353274e-11
-4.873461148805364326e-11
-4.865536646544100844e-11
-4.857456425136094778e-11
-4.849376203778250754e-11
-4.841295982397752967e-11
-4.833215761039908297e-11
-4.825135539661028682e-11
-4.817860760840629997e-11
-4.812234883053945302e-11
-4.806609005280205983e-11
-4.800983127482194730e-11
-4.795357249669620573e-11
-4.789731371897498781e-11
-4.784105494112432904e-11
-4.775963762015249390e-11
-4.766953210161304091e-11
-4.757942658265287610e-11
-4.748932106385452204e-11
-4.739921554492671421e-11
-4.730911002611217842e-11
-4.721551291341779757e-11
-4.709312357139081714e-11
-4.697073422949327754e-11
-4.684834488774137344e-11
-4.672595554600565106e-11
-4.660356620438320072e-11
-4.648117686285783424e-11
-4.636418585079570231e-11
-4.625457900012692903e-11
-4.614497214965232994e-11
-4.603536529885410290e-11
-4.592575844831478339e-11
-4.581615159774309397e-11
-4.570654474709050241e-11
-4.561156680728508736e-11
-4.552330269036153484e-11
-4.543503857347034577e-11
-4.534677445656297497e-11
-4.525851034002777083e-11
-4.517024622260260435e-11
-4.508198210587322602e-11
-4.499513239321819912e-11
-4.490844495017940011e-11
-4.482175750712441939e-11
-4.473507006423124942e-11
-4.464838262116008697e-11
-4.456169517839636430e-11
-4.447515799459285054e-11
-4.439111189861811739e-11
-4.430706580235213265e-11
-4.422301970610232317e-11
-4.413897360973924810e-11
-4.405492751399105258e-11
-4.397088141762797752e-11
-4.388655765933833740e-11
-4.380082315372107053e-11
-4.371508864833033483e-11
-4.362935414240562173e-11
-4.354361963664271938e-11
-4.345788513100927079e-11
-4.337215062537581574e-11
-4.328686466596994094e-11
-4.320317481649095776e-11
-4.311948496718996705e-11
-4.303579511785661935e-11
-4.295210526811873510e-11
-4.286841541868829709e-11
-4.278472556948439023e-11
-4.269998689549012155e-11
-4.261155670087746975e-11
-4.252312650615154590e-11
-4.243469631139326507e-11
-4.234626611678061326e-11
-4.225783592205468941e-11
-4.216940572734495374e-11
-4.208041156055376975e-11
-4.198865775059911549e-11
-4.189690394129171069e-11
-4.180515013111052527e-11
-4.171339632141477209e-11
-4.162164251173520062e-11
-4.152988870192618186e-11
-4.143874545369030384e-11
-4.135649284813072978e-11
-4.127424024253879228e-11
-4.119198763646141608e-11
-4.110973503086947858e-11
-4.102748242529372280e-11
-4.094522981963705841e-11
-4.086297721380240156e-11
-4.079312231990487832e-11
-4.072457537671031697e-11
-4.065602843341865884e-11
-4.058748148983574912e-11
-4.051893454704571141e-11
-4.045038760351134040e-11
-4.038184066031677259e-11
-4.031287131396054773e-11
-4.024371236431284238e-11
-4.017455341476222089e-11
-4.010539446485561447e-11
-4.003623551506227363e-11
-3.996707656533365967e-11
-3.989791761565359088e-11
-3.982813336354672050e-11
-3.975748814064490979e-11
-3.968684291750037326e-11
-3.961619769424257762e-11
-3.954555247109804109e-11
-3.947490724795351103e-11
-3.940426202467952721e-11
-3.933380757986954745e-11
-3.926515539983513140e-11
-3.919650322017288847e-11
-3.912785104052682726e-11
-3.905919886036296391e-11
-3.899054668047418335e-11
-3.892189450069866837e-11
-3.885324232077752437e-11
-3.878272411485680974e-11
-3.871146130921715226e-11
-3.864019850386875283e-11
-3.856893569813201149e-11
-3.849767289263798303e-11
-3.842641008712777285e-11
-3.835514728163374440e-11
-3.828221274190492808e-11
-3.820492497567592125e-11
-3.812763720918801982e-11
-3.805034944297519471e-11
-3.797306167663291584e-11
-3.789577391040390901e-11
-3.781848614430435595e-11
-3.774119837781644805e-11
-3.766951560948919860e-11
-3.759938298593079899e-11
-3.752925036293874668e-11
-3.745911773954216427e-11
-3.738898511624266573e-11
-3.731885249295934891e-11
-3.724871986982166112e-11
-3.717888810944096355e-11
-3.711005231018105156e-11
-3.704121651075932237e-11
-3.697238071119196414e-11
-3.690354491202912955e-11
-3.683470911234850575e-11
-3.676587331304004213e-11
-3.669703751348886563e-11
-3.662889200376400196e-11
-3.656116425992467386e-11
-3.649343651595589199e-11
-3.642570877198711659e-11
-3.635798102800215300e-11
-3.629025328417900662e-11
-3.622252554019404304e-11
-3.615479779624144935e-11
-3.608962975062325094e-11
-3.602457998102363943e-11
-3.595953021127839891e-11
-3.589448044129044549e-11
-3.582943067157756841e-11
-3.576438090170287411e-11
-3.569933113187673144e-11
-3.563448916635759907e-11
-3.557034236101426389e-11
-3.550619555555765666e-11
-3.544204875047322254e-11
-3.537790194514606262e-11
-3.531375513980272743e-11
-3.524960833486392234e-11
-3.518546152914842050e-11
-3.512164173778328873e-11
-3.505822908170596536e-11
-3.499481642551536995e-11
-3.493140376945422830e-11
-3.486799111340926191e-11
-3.480457845747756756e-11
-3.474116580140023773e-11
-3.467775314535527780e-11
-3.461700105774114858e-11
-3.455801329363921532e-11
-3.449902552926220574e-11
-3.444003776545153699e-11
-3.438105000120397471e-11
-3.432206223710204145e-11
-3.426307447301628992e-11
-3.420408670876872764e-11
-3.414411783993311672e-11
-3.408372287584948676e-11
-3.402332791217038690e-11
-3.396293294808675694e-11
-3.390253798422965815e-11
-3.384214302014602819e-11
-3.378174805643456488e-11
-3.372135309260983600e-11
-3.365772436307307560e-11
-3.359291631034094399e-11
-3.352810825734991131e-11
-3.346330020473104529e-11
-3.339849215170764917e-11
-3.333368409884607026e-11
-3.326887604609775046e-11
-3.320406799309053607e-11
-3.314150172512528058e-11
-3.307986226596541306e-11
-3.301822280693499930e-11
-3.295658334777512531e-11
-3.289494388887415885e-11
-3.283330442969810960e-11
-3.277166497070005282e-11
-3.271002551166963259e-11
-3.265249409833984880e-11
-3.259747045997793833e-11
-3.254244682106586875e-11
-3.248742318231560991e-11
-3.243239954366243493e-11
-3.237737590492835781e-11
-3.232235226614574199e-11
-3.226732862737930143e-11
-3.221160809923799744e-11
-3.215510994509148265e-11
-3.209861179120386245e-11
-3.204211363692789389e-11
-3.198561548307263714e-11
-3.192911732905556318e-11
-3.187261917490904192e-11
-3.181612102063307982e-11
-3.175954851612095189e-11
-3.170276665706631025e-11
-3.164598479814112237e-11
-3.158920293910266891e-11
-3.153242108003184555e-11
-3.147563922097721037e-11
-3.141885736205202250e-11
-3.136207550286793355e-11
-3.130529364394274567e-11
-3.125034804442440938e-11
-3.119542322832057744e-11
-3.114049841218438206e-11
-3.108557359593491463e-11
-3.103064877981490097e-11
-3.097572396367870559e-11
-3.092079914742924462e-11
-3.086587433116360194e-11
-3.081174373597149652e-11
-3.075803637832228086e-11
-3.070432902078633079e-11
-3.065062166337983448e-11
-3.059691430561735324e-11
-3.054320694793577414e-11
-3.048949959030273374e-11
-3.043579223278297185e-11
-3.038218589869225438e-11
-3.032887904540703862e-11
-3.027557219174966267e-11
-3.022226533836735659e-11
-3.016895848496887524e-11
-3.011565163119822725e-11
-3.006234477768648032e-11
-3.000903792428799252e-11
-2.995573107063061657e-11
-2.990386596444770982e-11
-2.985238881729890722e-11
-2.980091167013391643e-11
-2.974943452287184177e-11
-2.969795737557740368e-11
-2.964648022829914731e-11
-2.959500308102089094e-11
-2.954352593405008080e-11
-2.949268126233672818e-11
-2.944364567392705222e-11
-2.939461008563064830e-11
-2.934557449739896480e-11
-2.929653890897311358e-11
-2.924750332080615696e-11
-2.919846773268773905e-11
-2.914943214439133513e-11
-2.910039655596548068e-11
-2.904953468671088342e-11
-2.899775274952564754e-11
-2.894597081214623747e-11
-2.889418887504190697e-11
-2.884240693767867862e-11
-2.879062500062289004e-11
-2.873884306345383588e-11
-2.868706112609060754e-11
-2.863528241761201104e-11
-2.858411115337480291e-11
-2.853293988929940554e-11
-2.848176862499747053e-11
-2.843059736084116778e-11
-2.837942609650686933e-11
-2.832825483222111604e-11
-2.827708356817808210e-11
-2.822591230382760193e-11
-2.817517546798729618e-11
-2.812555878565037697e-11
-2.807594210357235559e-11
-2.802632542149433422e-11
-2.797670873915741178e-11
-2.792709205707939041e-11
-2.787747537479101636e-11
-2.782785869258354446e-11
-2.777824201037607255e-11
-2.772865627106652494e-11
-2.767910313006789656e-11
-2.762954998919871872e-11
-2.757999684824863550e-11
-2.753044370737945766e-11
-2.748089056642937445e-11
-2.743133742554401812e-11
-2.738178428467484028e-11
-2.733223114367621190e-11
-2.728357976763524045e-11
-2.723546407709227650e-11
-2.718734838664639640e-11
-2.713923269608725073e-11
-2.709111700565755235e-11
-2.704300131511458840e-11
-2.699488562468489002e-11
-2.694676993438464219e-11
-2.689865424369604921e-11
-2.685165028936558426e-11
-2.680512270904567997e-11
-2.675859512879049933e-11
-2.671206754863240579e-11
-2.666553996829631978e-11
-2.661901238804113915e-11
-2.657248480770505314e-11
-2.652595722751459615e-11
-2.647942964734032412e-11
-2.643420416283155662e-11
-2.638952469236491202e-11
-2.634484522201153947e-11
-2.630016575172288734e-11
-2.625548628115915888e-11
-2.621080681099995728e-11
-2.616612734038768366e-11
-2.612144787016375841e-11
-2.607676839989128800e-11
-2.603227662097745733e-11
-2.598789024904831012e-11
-2.594350387713534785e-11
-2.589911750515765871e-11
-2.585473113321232978e-11
-2.581034476129936429e-11
-2.576595838940258052e-11
-2.572157201734398600e-11
-2.567718564543102051e-11
-2.563267382916716897e-11
-2.558804001182118168e-11
-2.554340619435383794e-11
-2.549877237703211999e-11
-2.545413855969422356e-11
-2.540950474223496745e-11
-2.536487092489707101e-11
-2.532023710742163642e-11
-2.527560329022936900e-11
-2.523121495979802051e-11
-2.518738922897069002e-11
-2.514356349826471598e-11
-2.509973776757492366e-11
-2.505591203666668781e-11
-2.501208630609825516e-11
-2.496826057539228112e-11
-2.492443484454876892e-11
-2.488060911392370348e-11
-2.483682680076627487e-11
-2.479443263113401731e-11
-2.475203846169593070e-11
-2.470964429204748819e-11
-2.466725012247995105e-11
-2.462485595292050800e-11
-2.458246178330442893e-11
-2.454006761365598642e-11
-2.449767344415317616e-11
-2.445527927452091537e-11
-2.441334942889871553e-11
-2.437163207329794504e-11
-2.432991471768908692e-11
-2.428819736203168364e-11
-2.424648000648754594e-11
-2.420476265102431684e-11
-2.416304529528600819e-11
-2.412132793973378286e-11
-2.407961058413301237e-11
-2.403783237415554082e-11
-2.399588995761293922e-11
-2.395394754118360644e-11
-2.391200512482708494e-11
-2.387006270821166884e-11
-2.382812029191178336e-11
-2.378617787535300005e-11
-2.374423545907738715e-11
-2.370229304251860384e-11
-2.366035062608927106e-11
-2.361923194599241902e-11
-2.357834178975815996e-11
-2.353745163339445359e-11
-2.349656147688511497e-11
-2.345567132053758710e-11
-2.341478116404443020e-11
-2.337389100775353834e-11
-2.333300085118756370e-11
-2.329211069481576647e-11
-2.325155609512509558e-11
-2.321217203165617294e-11
-2.317278796831670084e-11
-2.313340390491250508e-11
-2.309401984150830933e-11
-2.305463577796657218e-11
-2.301525171469991459e-11
-2.297586765115008981e-11
-2.293648358781061771e-11
-2.289709952454396012e-11
-2.285800500674073783e-11
-2.281911190026460044e-11
-2.278021879377228455e-11
-2.274132568722333265e-11
-2.270243258069056247e-11
-2.266353947427915196e-11
-2.262464636778683285e-11
-2.258575326136733148e-11
-2.254686015489928495e-11
-2.250796704843933251e-11
-2.246954542976674410e-11
-2.243118619779381570e-11
-2.239282696583706578e-11
-2.235446773386413738e-11
-2.231610850172130738e-11
-2.227774926968365532e-11
-2.223939003772690864e-11
-2.220103080562452971e-11
-2.216267157361114700e-11
-2.212436114742218119e-11
-2.208647855707992548e-11
-2.204859596691565901e-11
-2.201071337663003609e-11
-2.197283078637677661e-11
-2.193494819609115370e-11
-2.189706560581362164e-11
-2.185918301558463151e-11
-2.182130042530709945e-11
-2.178341783501338568e-11
-2.174569681708995525e-11
-2.170846850933075547e-11
-2.167124020170909386e-11
-2.163401189399843601e-11
-2.159678358625541795e-11
-2.155955527856094183e-11
-2.152232697067229151e-11
-2.148509866307490248e-11
-2.144787035538851722e-11
-2.141064204763740507e-11
-2.137381294774339178e-11
-2.133784705702386555e-11
-2.130188116649851027e-11
-2.126591527584370769e-11
-2.122994938526981048e-11
-2.119398349461500790e-11
-2.115801760402492896e-11
-2.112205171337012638e-11
-2.108608582299040013e-11
-2.105011993233559755e-11
-2.101430937859468863e-11
-2.097884512795733834e-11
-2.094338087748179878e-11
-2.090791662686871784e-11
-2.087245237645790193e-11
-2.083698812593381722e-11
-2.080152387538546315e-11
-2.076605962484519672e-11
-2.073059537442628996e-11
-2.069513112377275794e-11
-2.065954679608152237e-11
-2.062355279114021518e-11
-2.058755878628790422e-11
-2.055156478128187337e-11
-2.051557077642956241e-11
-2.047957677142353157e-11
-2.044358276661167167e-11
-2.040758876161373169e-11
-2.037159475661579170e-11
-2.033560075174729902e-11
-2.029970072925651759e-11
-2.026511651271527173e-11
-2.023053229651382908e-11
-2.019594807997258322e-11
-2.016136386361742068e-11
-2.012677964701954203e-11
-2.009219543060774347e-11
-2.005761121419594814e-11
-2.002302699774369528e-11
-1.998844278127526393e-11
-1.995385856492819226e-11
-1.991982037493710322e-11
-1.988589476365295095e-11
-1.985196915216653364e-11
-1.981804354054257816e-11
-1.978411792919369901e-11
-1.975019231757783439e-11
-1.971626670635031491e-11
-1.968234109473445029e-11
-1.964841548324803298e-11
-1.961448987194769899e-11
-1.958093418783989716e-11
-1.954772929344096256e-11
-1.951452439935756183e-11
-1.948131950499908153e-11
-1.944811461081859370e-11
-1.941490971673519296e-11
-1.938170482236862181e-11
-1.934849992820431570e-11
-1.931529503391865314e-11
-1.928209013975434380e-11
-1.924894571877919410e-11
-1.921625028387584870e-11
-1.918355484902104523e-11
-1.915085941416624176e-11
-1.911816397933571087e-11
-1.908546854454563428e-11
-1.905277310969083081e-11
-1.902007767490075099e-11
-1.898738223998122387e-11
-1.895468680519114728e-11
-1.892199137033634381e-11
-1.888951243624480406e-11
-1.885715279887097710e-11
-1.882479316163469154e-11
-1.879243352432559147e-11
-1.876007388688704087e-11
-1.872771424964266121e-11
-1.869535461233356114e-11
-1.866299497492737075e-11
-1.863063533761827067e-11
-1.859827570030916737e-11
-1.856597771548793421e-11
-1.853429725014432396e-11
-1.850261678472789597e-11
-1.847093631931146797e-11
-1.843925585390313407e-11
-1.840757538848670608e-11
-1.837589492300555444e-11
-1.834421445759721730e-11
-1.831253399224551619e-11
-1.828085352671581939e-11
-1.824917306138838763e-11
-1.821777243312301905e-11
-1.818670536311766310e-11
-1.815563829299903834e-11
-1.812457122299368563e-11
-1.809350415293978775e-11
-1.806243708294252266e-11
-1.803137001307470811e-11
-1.800030294287517798e-11
-1.796923587288600375e-11
-1.793816880282401501e-11
-1.790710173282674993e-11
-1.787647888158531202e-11
-1.784601176524944134e-11
-1.781554464880030185e-11
-1.778507753233498063e-11
-1.775461041592629544e-11
-1.772414329938815971e-11
-1.769367618305228903e-11
-1.766320906670832750e-11
-1.763274195030773316e-11
-1.760227483376959744e-11
-1.757180771729618536e-11
-1.754194764093982920e-11
-1.751212439935524302e-11
-1.748230115789201329e-11
-1.745247791624270023e-11
-1.742265467472283770e-11
-1.739283143336478592e-11
-1.736300819178019651e-11
-1.733318495019561033e-11
-1.730336170866765695e-11
-1.727353846708306754e-11
-1.724374026676532163e-11
-1.721431643984107185e-11
-1.718489261278737477e-11
-1.715546878605730241e-11
-1.712604495901169619e-11
-1.709662113208744964e-11
-1.706719730517129396e-11
-1.703777347824704418e-11
-1.700834965134707021e-11
-1.697892582430146399e-11
-1.694950199743385024e-11
-1.692010454581553438e-11
-1.689094579573893663e-11
-1.686178704592123672e-11
-1.683262829592554435e-11
-1.680346954597839713e-11
-1.677431079609597034e-11
-1.674515204608409948e-11
-1.671599329621785441e-11
-1.668683454633543085e-11
-1.665767579638828363e-11
-1.662851704644922405e-11
-1.659939696383003210e-11
-1.657097369812649138e-11
-1.654255043275466625e-11
-1.651412716710776155e-11
-1.648570390167120953e-11
-1.645728063609711934e-11
-1.642885737045830228e-11
-1.640043410495702660e-11
-1.637201083944766330e-11
-1.634358757374412258e-11
-1.631516430830757056e-11
-1.628674104266066586e-11
-1.625884692892569879e-11
-1.623099803136358636e-11
-1.620314913363157232e-11
-1.617530023599664214e-11
-1.614745133849925335e-11
-1.611960244074296673e-11
-1.609175354305949462e-11
-1.606390464562682949e-11
-1.603605574787054287e-11
-1.600820685036506322e-11
-1.598035795254405295e-11
-1.595290153246585845e-11
-1.592560936888783934e-11
-1.589831720549590356e-11
-1.587102504198260810e-11
-1.584373287848549437e-11
-1.581644071510974030e-11
-1.578914855165308087e-11
-1.576185638820450906e-11
-1.573456422461839910e-11
-1.570727206123455417e-11
-1.567997989785070925e-11
-1.565283994378205925e-11
-1.562592548486034152e-11
-1.559901102573635874e-11
-1.557209656674991413e-11
-1.554518210769874263e-11
-1.551826764877702490e-11
-1.549135318965304213e-11
-1.546443873062614321e-11
-1.543752427155879323e-11
-1.541060981257234862e-11
-1.538369535345645670e-11
-1.535678656746947340e-11
-1.533025831953174161e-11
-1.530373007147265014e-11
-1.527720182352682426e-11
-1.525067357559718333e-11
-1.522414532759472466e-11
-1.519761707960035685e-11
-1.517108883159789817e-11
-1.514456058366016639e-11
-1.511803233568198029e-11
-1.509150408775233936e-11
-1.506497583974178983e-11
-1.503870967845527848e-11
-1.501266730394178072e-11
-1.498662492936355608e-11
-1.496058255485005832e-11
-1.493454018033656056e-11
-1.490849780575833592e-11
-1.488245543131765268e-11
-1.485641305673942804e-11
-1.483037068229065393e-11
-1.480432830771242929e-11
-1.477828593319893153e-11
-1.475224355870161227e-11
-1.472674854072398288e-11
-1.470126669808950938e-11
-1.467578485525276760e-11
-1.465030301256165808e-11
-1.462482116972491631e-11
-1.459933932709043958e-11
-1.457385748426178866e-11
-1.454837564156258828e-11
-1.452289379886338790e-11
-1.449741195615609666e-11
-1.447193011339217101e-11
-1.444659315143389209e-11
-1.442155673275998320e-11
-1.439652031411034527e-11
-1.437148389550116003e-11
-1.434644747682725114e-11
-1.432141105821806590e-11
-1.429637463961697153e-11
-1.427133822100778629e-11
-1.424630180239860105e-11
-1.422126538378941581e-11
-1.419622896512359616e-11
-1.417119254651441254e-11
-1.414644261734729974e-11
-1.412189588439377997e-11
-1.409734915151307472e-11
-1.407280241864046194e-11
-1.404825568569503303e-11
-1.402370895274960412e-11
-1.399916221973945156e-11
-1.397461548685874631e-11
-1.395006875397804267e-11
-1.392552202102452290e-11
-1.390097528807909399e-11
-1.387642855512557422e-11
-1.385218916715612948e-11
-1.382804942495225284e-11
-1.380390968268365093e-11
-1.377976994048786354e-11
-1.375563019822735249e-11
-1.373149045603965757e-11
-1.370735071384387018e-11
-1.368321097163999354e-11
-1.365907122930666798e-11
-1.363493148703806607e-11
-1.361079174489891308e-11
-1.358665200263840203e-11
-1.356280460128946770e-11
-1.353901499709037538e-11
-1.351522539296409918e-11
-1.349143578877309771e-11
-1.346764618458209625e-11
-1.344385658052054370e-11
-1.342006697632954224e-11
-1.339627737221135690e-11
-1.337248776802035544e-11
-1.334869816382935397e-11
-1.332490855957362724e-11
-1.330111895543926019e-11
-1.327761490625293735e-11
-1.325417199452451893e-11
-1.323072908274755858e-11
-1.320728617106768532e-11
-1.318384325944444486e-11
-1.316040034765939365e-11
-1.313695743597142953e-11
-1.311351452421874015e-11
-1.309007161251459431e-11
-1.306662870083472105e-11
-1.304318578915484618e-11
-1.301974287746688206e-11
-1.299672618677068955e-11
-1.297387472062841492e-11
-1.295102325461558920e-11
-1.292817178846522209e-11
-1.290532032245239637e-11
-1.288246885627775991e-11
-1.285961739026493258e-11
-1.283676592425210686e-11
-1.281391445803701771e-11
-1.279106299202419038e-11
-1.276821152593045929e-11
-1.274536005978818465e-11
-1.272280777031043070e-11
-1.270052595418431119e-11
-1.267824413792874438e-11
-1.265596232186735015e-11
-1.263368050568459785e-11
-1.261139868949375631e-11
-1.258911687324627874e-11
-1.256683505705543559e-11
-1.254455324092931770e-11
-1.252227142473847454e-11
-1.249998960856381311e-11
-1.247770779234869898e-11
-1.245554630410053711e-11
-1.243377305560522906e-11
-1.241199980720700810e-11
-1.239022655877642369e-11
-1.236845331024875220e-11
-1.234668006171299146e-11
-1.232490681321768340e-11
-1.230313356481946082e-11
-1.228136031638887804e-11
-1.225958706779648127e-11
-1.223781381926072053e-11
-1.221604057076541248e-11
-1.219426732236718990e-11
-1.217288918471732017e-11
-1.215157851121109363e-11
-1.213026783778577246e-11
-1.210895716436045129e-11
-1.208764649087849732e-11
-1.206633581745317615e-11
-1.204502514397122219e-11
-1.202371447054590102e-11
-1.200240379710439813e-11
-1.198109312361435330e-11
-1.195978245025375740e-11
-1.193847177677180182e-11
-1.191732633985827171e-11
-1.189645380020903157e-11
-1.187558126054361132e-11
-1.185470872085392010e-11
-1.183383618113995631e-11
-1.181296364156353229e-11
-1.179209110187384108e-11
-1.177121856215987729e-11
-1.175034602247827532e-11
-1.172947348295848571e-11
-1.170860094327688374e-11
-1.168772840361955435e-11
-1.166685586397031582e-11
-1.164630111068854878e-11
-1.162582342241184697e-11
-1.160534573394097098e-11
-1.158486804565617832e-11
-1.156439035724193674e-11
-1.154391266882769516e-11
-1.152343498051054067e-11
-1.150295729209629909e-11
-1.148247960371441933e-11
-1.146200191536490302e-11
-1.144152422694257058e-11
-1.142104653865777791e-11
-1.140061799629290486e-11
-1.138050037114465418e-11
-1.136038274602067447e-11
-1.134026512080770014e-11
-1.132014749570799301e-11
-1.130002987055165147e-11
-1.127991224536294810e-11
-1.125979462027133183e-11
-1.123967699506644836e-11
-1.121955937000719391e-11
-1.119944174472140345e-11
-1.117932411963787804e-11
-1.115920649445726554e-11
-1.113922860121470058e-11
-1.111948720098449751e-11
-1.109974580078665627e-11
-1.108000440065354029e-11
-1.106026300043951895e-11
-1.104052160024167771e-11
-1.102078020001147464e-11
-1.100103879988644953e-11
-1.098129739965624646e-11
-1.096155599945840683e-11
-1.094181459929292742e-11
-1.092207319902631710e-11
-1.090233179889320112e-11
-1.088275396271898811e-11
-1.086333401775502210e-11
-1.084391407272228540e-11
-1.082449412776641025e-11
-1.080507418283076226e-11
-1.078565423781825271e-11
-1.076623429285024127e-11
-1.074681434784986801e-11
-1.072739440288590200e-11
-1.070797445795429782e-11
-1.068855451295392456e-11
-1.066913456792118786e-11
-1.064971462299363072e-11
-1.063048904418730584e-11
-1.061142377927411795e-11
-1.059235851442160828e-11
-1.057329324960146205e-11
-1.055422798474895400e-11
-1.053516271996116959e-11
-1.051609745512079783e-11
-1.049703219027233359e-11
-1.047796692541578011e-11
-1.045890166059158845e-11
-1.043983639577548765e-11
-1.042077113085825433e-11
-1.040170586604215192e-11
-1.038282426694810439e-11
-1.036413521563424627e-11
-1.034544616418689381e-11
-1.032675711273549592e-11
-1.030806806135691416e-11
-1.028937900990551626e-11
-1.027068995856738557e-11
-1.025200090715239493e-11
-1.023331185566863522e-11
-1.021462280432241528e-11
-1.019593375296810448e-11
-1.017724470152075202e-11
-1.015855565017048665e-11
-1.013997294995503715e-11
-1.012160750611826270e-11
-1.010324206234216971e-11
-1.008487661843258075e-11
-1.006651117465648615e-11
-1.004814573077521520e-11
-1.002978028697484963e-11
-1.001141484310975879e-11
-9.993049399329618755e-12
-9.974683955521162322e-12
-9.956318511704616645e-12
-9.937953067799073119e-12
-9.919587623998707547e-12
-9.901247814338632258e-12
-9.883256138319702289e-12
-9.865264462333134146e-12
-9.847272786318249607e-12
-9.829281110307410499e-12
-9.811289434377476763e-12
-9.793297758366637654e-12
-9.775306082448840208e-12
-9.757314406409683088e-12
-9.739322730423116561e-12
-9.721331054440593848e-12
-9.703339378389302053e-12
-9.685347702402733910e-12
-9.667356026456620069e-12
-9.649622407576939277e-12
-9.631995605764372927e-12
-9.614368804073163020e-12
-9.596742002232278658e-12
-9.579115200419710692e-12
-9.561488398768955087e-12
-9.543861596919979865e-12
-9.526234795151910015e-12
-9.508607993367660061e-12
-9.490981191652179188e-12
-9.473354389839611222e-12
-9.455727588091768523e-12
-9.438100786343925825e-12
-9.420550681839917981e-12
-9.403238382939242864e-12
-9.385926084099249200e-12
-9.368613785133850431e-12
-9.351301486403078535e-12
-9.333989187437679766e-12
-9.316676888597684486e-12
-9.299364589761736252e-12
-9.282052290901513822e-12
-9.264739992033202146e-12
-9.247427693168935901e-12
-9.230115394296578795e-12
-9.212803095428267120e-12
-9.195490796588273456e-12
-9.178427720693245769e-12
-9.161483191762142696e-12
-9.144538662774406833e-12
-9.127594133879711016e-12
-9.110649604920291548e-12
-9.093705076029641162e-12
-9.076760547066176264e-12
-9.059816018021805993e-12
-9.042871489159473619e-12
-9.025926960200052535e-12
-9.008982431301312904e-12
-8.992037902309529995e-12
-8.975093373418881224e-12
-8.958151572755812805e-12
-8.941555050039264916e-12
-8.924958527314624551e-12
-8.908362004626394673e-12
-8.891765481897710494e-12
-8.875168959205433570e-12
-8.858572436452476809e-12
-8.841975913760199886e-12
-8.825379391144784520e-12
-8.808782868424191201e-12
-8.792186345695507021e-12
-8.775589823007275528e-12
-8.758993300217911511e-12
-8.742396777626767111e-12
-8.725876358224780713e-12
-8.709605598606342807e-12
-8.693334838975770226e-12
-8.677064079353286890e-12
-8.660793319755074520e-12
-8.644522560132591184e-12
-8.628251800534380429e-12
-8.611981040940215104e-12
-8.595710281228735536e-12
-8.579439521634568595e-12
-8.563168761983768864e-12
-8.546898002486689017e-12
-8.530627242856114821e-12
-8.514356483265994926e-12
-8.498207867775144401e-12
-8.482281962464422755e-12
-8.466356057218426377e-12
-8.450430151968384569e-12
-8.434504246653617494e-12
-8.418578341367168429e-12
-8.402652436117126621e-12
-8.386726530883266534e-12
-8.370800625596815854e-12
-8.354874720322503080e-12
-8.338948815036054016e-12
-8.323022909725332371e-12
-8.307097004503606958e-12
-8.291171099217157894e-12
-8.275365927093995380e-12
-8.259767424412580375e-12
-8.244168921569356242e-12
-8.228570418798946620e-12
-8.212971915992128127e-12
-8.197373413209582215e-12
-8.181774910406810767e-12
-8.166176407680899262e-12
-8.150577904865991524e-12
-8.134979402091534857e-12
-8.119380899256401583e-12
-8.103782396449583090e-12
-8.088183893667037178e-12
-8.072585390896627556e-12
-8.057070207325449540e-12
-8.041773021282406881e-12
-8.026475835271726048e-12
-8.011178649293408657e-12
-7.995881463307000405e-12
-7.980584277292274141e-12
-7.965287091297776645e-12
-7.949989905246643125e-12
-7.934692719203600467e-12
-7.919395533253599471e-12
-7.904098347242918638e-12
-7.888801161264601246e-12
-7.873503975189196761e-12
-7.858206789202788509e-12
-7.842934906371156705e-12
-7.827967861949517556e-12
-7.813000817624963885e-12
-7.798033773199277690e-12
-7.783066728781682355e-12
-7.768099684424766858e-12
-7.753132640079987651e-12
-7.738165595658346886e-12
-7.723198551297385959e-12
-7.708231506847428798e-12
-7.693264462555236953e-12
-7.678297418097190547e-12
-7.663330373740273434e-12
-7.648363329322679715e-12
-7.633396284994080614e-12
-7.618669747134066106e-12
-7.604015732949141570e-12
-7.589361718663082895e-12
-7.574707704409389277e-12
-7.560053690155694043e-12
-7.545399675918180530e-12
-7.530745661660439866e-12
-7.516091647410790063e-12
-7.501437633161140259e-12
-7.486783618875083200e-12
-7.472129604625433397e-12
-7.457475590400054559e-12
-7.442821576150406371e-12
-7.428167561836031300e-12
-7.413617528489521447e-12
-7.399259999484891972e-12
-7.384902470609713031e-12
-7.370544941605083555e-12
-7.356187412648999241e-12
-7.341829883741456859e-12
-7.327472354801552650e-12
-7.313114825837375861e-12
-7.298757296929833478e-12
-7.284399767929251048e-12
-7.270042238989346032e-12
-7.255684710049441823e-12
-7.241327181077174981e-12
-7.226969652141316203e-12
-7.212612123169050169e-12
-7.198517529169296938e-12
-7.184479487268552810e-12
-7.170441445404216746e-12
-7.156403403483245467e-12
-7.142365361647226607e-12
-7.128327319746482479e-12
-7.114289277849782973e-12
-7.100251235981401479e-12
-7.086213194080657351e-12
-7.072175152147550590e-12
-7.058137110283214526e-12
-7.044099068414832224e-12
-7.030061026518133526e-12
-7.016022984585026765e-12
-7.002037075491581006e-12
-6.988281880772368488e-12
-6.974526686113835807e-12
-6.960771491398668719e-12
-6.947016296683501631e-12
-6.933261102057330776e-12
-6.919505907330028205e-12
-6.905750712647222943e-12
-6.891995517952283006e-12
-6.878240323261386883e-12
-6.864485128574536999e-12
-6.850729933883641684e-12
-6.836974739257470829e-12
-6.823219544469489229e-12
-6.809464349847363804e-12
-6.795833433145473362e-12
-6.782364702803725130e-12
-6.768895972409387921e-12
-6.755427242023141572e-12
-6.741958511636895223e-12
-6.728489781250648875e-12
-6.715021050864401718e-12
-6.701552320542879829e-12
-6.688083590156633480e-12
-6.674614859798704335e-12
-6.661146129440774382e-12
-6.647677399022166207e-12
-6.634208668668281684e-12
-6.620739938282035336e-12
-6.607271207895788987e-12
-6.593977153730592752e-12
-6.580814498512330087e-12
-6.567651843294066613e-12
-6.554489188104120343e-12
-6.541326532918218696e-12
-6.528163877732317856e-12
-6.515001222510008952e-12
-6.501838567324108112e-12
-6.488675912101799209e-12
-6.475513256915898369e-12
-6.462350601729997529e-12
-6.449187946548141312e-12
-6.436025291354149612e-12
-6.422862636143976999e-12
-6.409699980958076159e-12
-6.396697980262430604e-12
-6.383805768072319176e-12
-6.370913555975249410e-12
-6.358021343720413522e-12
-6.345129131562664728e-12
-6.332236919437278567e-12
-6.319344707247167139e-12
-6.306452495057055710e-12
-6.293560282931669549e-12
-6.280668070773920755e-12
-6.267775858583809327e-12
-6.254883646393697898e-12
-6.241991434308764424e-12
-6.229099222086291169e-12
-6.216207009928541567e-12
-6.203458957604879744e-12
-6.190853344221218432e-12
-6.178247730772831853e-12
-6.165642117352762477e-12
-6.153036503900330468e-12
-6.140430890484306522e-12
-6.127825277100645210e-12
-6.115219663611805944e-12
-6.102614050195781998e-12
