2.470856736122041873e-12
2.507571881760574065e-12
2.534010438988887413e-12
2.549849187644370502e-12
2.554674961874691943e-12
2.547998768566785496e-12
2.529749772660348386e-12
2.499565428778687665e-12
2.457019250152886582e-12
2.402118551099939621e-12
2.334638810096471994e-12
2.254294635272774126e-12
2.161044301432934009e-12
2.054846258743329094e-12
1.935656980022655749e-12
1.803413825309521326e-12
1.658187424358000563e-12
1.499836936875079232e-12
1.328414586577858825e-12
1.144223850206362526e-12
9.473722574903366501e-13
7.375232138595732281e-13
5.155433714413859757e-13
2.807584776168175589e-13
3.427928672514434096e-14
-2.247089241752894376e-13
-4.951790042757359104e-13
-7.770056032327679664e-13
-1.070601259950958148e-12
-1.374990399656240226e-12
-1.690211948916787237e-12
-2.015785551929198135e-12
-2.351541690103767123e-12
-2.697512974815562134e-12
-3.052931678562249830e-12
-3.417757442760580217e-12
-3.791693624891896263e-12
-4.174016104485669792e-12
-4.564887215681969094e-12
-4.964060400424737436e-12
-5.370685283846756133e-12
-5.784920036722633163e-12
-6.206320439792080727e-12
-6.634117158009961435e-12
-7.068421348623880298e-12
-7.509412920494363036e-12
-7.955799207707054247e-12
-8.407597973248716757e-12
-8.864923663347364798e-12
-9.327261391379487953e-12
-9.793747285482102181e-12
-1.026488198039792552e-11
-1.074036390559708360e-11
-1.121897947429352396e-11
-1.170147251194403815e-11
-1.218727649964215406e-11
-1.267619087636413799e-11
-1.316736181580409216e-11
-1.366132279078243461e-11
-1.415775669979154419e-11
-1.465620901761759322e-11
-1.515600506029450358e-11
-1.565786082400055838e-11
-1.616128043347999131e-11
-1.666595211118018779e-11
-1.717122280611390720e-11
-1.767761526190727990e-11
-1.818510104803177698e-11
-1.869311083178821304e-11
-1.920112093014900767e-11
-1.970964772202664277e-11
-2.021856352023731319e-11
-2.072779957752458062e-11
-2.123644462033017222e-11
-2.174495812663940654e-11
-2.225345734516820990e-11
-2.276186690481838448e-11
-2.326992377428711857e-11
-2.377691155014754834e-11
-2.428363523905726867e-11
-2.478995712509473427e-11
-2.529586507522986343e-11
-2.580092522567645368e-11
-2.630489464005089986e-11
-2.680837025908766162e-11
-2.731125495082758411e-11
-2.781357476897841446e-11
-2.831492509913614555e-11
-2.881516302015221341e-11
-2.931477903270392267e-11
-2.981373155221606423e-11
-3.031208185722103601e-11
-3.080960534899193317e-11
-3.130604984618860921e-11
-3.180186291252800784e-11
-3.229708913480979980e-11
-3.279175463512199402e-11
-3.328592582956062651e-11
-3.377909105789259774e-11
-3.427158616686170316e-11
-3.476368802148415619e-11
-3.525535370087448433e-11
-3.574667425004543397e-11
-3.623754392424030463e-11
-3.672772862086812487e-11
-3.721755481035985458e-11
-3.770718550765277658e-11
-3.819663916204541843e-11
-3.868598280844762594e-11
-3.917506908609462951e-11
-3.966381412267733415e-11
-4.015242178896212826e-11
-4.064107880070636423e-11
-4.112980429081818974e-11
-4.161865546118064339e-11
-4.210766021893750247e-11
-4.259636608209376879e-11
-4.308521929457215033e-11
-4.357432805675285076e-11
-4.406373928940835718e-11
-4.455348120469152003e-11
-4.504355310062929020e-11
-4.553383227319446482e-11
-4.602406962124690626e-11
-4.651476042105332121e-11
-4.700592325586035326e-11
-4.749757678336088173e-11
-4.798970766397161505e-11
-4.848223486870653392e-11
-4.897503666191877858e-11
-4.946801248273738483e-11
-4.996152680684774083e-11
-5.045555641267062971e-11
-5.095011179147564116e-11
-5.144517912385956574e-11
-5.194075080320736460e-11
-5.243650410037083229e-11
-5.293248138836616618e-11
-5.342877835701826956e-11
-5.392547988696939119e-11
-5.442278091615217869e-11
-5.492053713433366219e-11
-5.541863553962591120e-11
-5.591690561494948957e-11
-5.641496057183559522e-11
-5.691321911025059097e-11
-5.741165076802764219e-11
-5.791029224030492876e-11
-5.840928465261491901e-11
-5.890839272862492065e-11
-5.940748417494073785e-11
-5.990644388535451722e-11
-6.040465239492102387e-11
-6.090271832493698792e-11
-6.140065653837666023e-11
-6.189844443738260001e-11
-6.239602852545489744e-11
-6.289333087057174014e-11
-6.339028971904063416e-11
-6.388623136004592362e-11
-6.438122757557667749e-11
-6.487549584848346371e-11
-6.536894370565373795e-11
-6.586165176741874791e-11
-6.635377340403798177e-11
-6.684499069628064771e-11
-6.733506521065864045e-11
-6.782410129104317574e-11
-6.831129772144210215e-11
-6.879670478911511277e-11
-6.928104526380195403e-11
-6.976380900805389089e-11
-7.024503168755526256e-11
-7.072521265447765630e-11
-7.120336334910362213e-11
-7.167981358207458309e-11
-7.215498231074792090e-11
-7.262608650329593828e-11
-7.309558800464883017e-11
-7.356339117207582556e-11
-7.402813420589220534e-11
-7.449147236759889882e-11
-7.495230613255032643e-11
-7.541047931117973694e-11
-7.586716103844182451e-11
-7.631964689323234515e-11
-7.676974424117394694e-11
-7.721653857611407865e-11
-7.765977198490239391e-11
-7.810142154274722417e-11
-7.853873624890114234e-11
-7.897384916754794552e-11
-7.940605284507925897e-11
-7.983429361433646896e-11
-8.026089731540645892e-11
-8.068138576993824492e-11
-8.109967418849028171e-11
-8.151342933457480256e-11
-8.192358192793910083e-11
-8.233132615144913615e-11
-8.273365616274934820e-11
-8.313441266904000547e-11
-8.352933898215230623e-11
-8.392201983455122006e-11
-8.431029405809536879e-11
-8.469404178970932458e-11
-8.507418613265434367e-11
-8.544862780441682370e-11
-8.582129212058659980e-11
-8.618712422419820189e-11
-8.655162758755631841e-11
-8.690956786639378390e-11
-8.726527364874173216e-11
-8.761567975841385418e-11
-8.796267851590066441e-11
-8.830545758067853902e-11
-8.864276080357602567e-11
-8.897614383273090629e-11
-8.930403209386481664e-11
-8.962961650360591286e-11
-8.994876910528470236e-11
-9.026643293414483426e-11
-9.057659212777194877e-11
-9.088596389321180251e-11
-9.118743859421221588e-11
-9.148838143379518930e-11
-9.178127273822571560e-11
-9.207328621333361064e-11
-9.235705310219810315e-11
-9.263977860075319732e-11
-9.291555186284323603e-11
-9.319010697586012375e-11
-9.345772300982251477e-11
-9.372407782625725454e-11
-9.398346461319837562e-11
-9.424172751458371878e-11
-9.449319637514919222e-11
-9.474369067990302841e-11
-9.498670440510439956e-11
-9.522911744204332039e-11
-9.546391418598841678e-11
-9.569859525629355024e-11
-9.592585504806547833e-11
-9.615311483980983804e-11
-9.637310870091769263e-11
-9.659265417126585224e-11
-9.680586210086033130e-11
-9.701797409253329424e-11
-9.722475153005465855e-11
-9.742972510371225037e-11
-9.762996446381665655e-11
-9.782737488441032713e-11
-9.802145310726449713e-11
-9.821204100653425973e-11
-9.840046645715947461e-11
-9.858459040527258888e-11
-9.876763076087291041e-11
-9.894515619582342964e-11
-9.912268163099452175e-11
-9.929429248069866453e-11
-9.946576607344241197e-11
-9.963273189434585820e-11
-9.979837938041783868e-11
-9.996077612562308458e-11
-1.001205483069398601e-10
-1.002786806788617930e-10
-1.004332619444100556e-10
-1.005875358356673213e-10
-1.007371128469551723e-10
-1.008866898581189462e-10
-1.010324132571549712e-10
-1.011771105908362338e-10
-1.013195971799264645e-10
-1.014598790367879456e-10
-1.015993506845083095e-10
-1.017354594797822664e-10
-1.018715682749597275e-10
-1.020043340569560293e-10
-1.021366003405352114e-10
-1.022669920336888124e-10
-1.023957087085186010e-10
-1.025238625895946612e-10
-1.026492358694718693e-10
-1.027746091493077184e-10
-1.028975605694486612e-10
-1.030198702412396123e-10
-1.031410835159135209e-10
-1.032606144028150312e-10
-1.033801452896751696e-10
-1.034973242382521446e-10
-1.036144559119681871e-10
-1.037304059938996223e-10
-1.038453798718344685e-10
-1.039601557205386538e-10
-1.040730734054799739e-10
-1.041859910904212811e-10
-1.042977938525569144e-10
-1.044089313735032610e-10
-1.045198496929383512e-10
-1.046293922497696831e-10
-1.047389348063804292e-10
-1.048475628669026721e-10
-1.049556528158031982e-10
-1.050636439263398834e-10
-1.051707698062040053e-10
-1.052778956857372550e-10
-1.053844229113346938e-10
-1.054904724408314997e-10
-1.055965219705488785e-10
-1.057015565839826631e-10
-1.058065813685944515e-10
-1.059113416724348603e-10
-1.060157134690767931e-10
-1.061200852656222172e-10
-1.062238297970332942e-10
-1.063274174227597823e-10
-1.064308853907171094e-10
-1.065337888241190962e-10
-1.066366922574108094e-10
-1.067394075847716228e-10
-1.068419559804673910e-10
-1.069445043764940314e-10
-1.070464589391177484e-10
-1.071483204659669166e-10
-1.072500751181858236e-10
-1.073513393308284823e-10
-1.074526035431264910e-10
-1.075536704266228002e-10
-1.076545172656005096e-10
-1.077553641045644284e-10
-1.078556821324359118e-10
-1.079558200924351962e-10
-1.080559580522001042e-10
-1.081554187145218015e-10
-1.082548782574199760e-10
-1.083541666252992550e-10
-1.084528810621823332e-10
-1.085515954992859843e-10
-1.086498667785537351e-10
-1.087475739722046323e-10
-1.088452811656349567e-10
-1.089424015422219165e-10
-1.090391756531462459e-10
-1.091359497639878442e-10
-1.092318663085780716e-10
-1.093275635650787880e-10
-1.094232608214829957e-10
-1.095176381720743183e-10
-1.096119345371893153e-10
-1.097061273667815984e-10
-1.097988601960815738e-10
-1.098915930252850534e-10
-1.099840210136311795e-10
-1.100749423554124035e-10
-1.101658636976072308e-10
-1.102562872750589679e-10
-1.103452032211045785e-10
-1.104341191673845527e-10
-1.105224259063379012e-10
-1.106093499422423523e-10
-1.106962739781468034e-10
-1.107823869869387850e-10
-1.108669326195229689e-10
-1.109514782522312299e-10
-1.110350871604123956e-10
-1.111169829973283584e-10
-1.111988788341340476e-10
-1.112797226096695513e-10
-1.113585530244370241e-10
-1.114373834394526510e-10
-1.115152340356097197e-10
-1.115909027881770463e-10
-1.116665715407305823e-10
-1.117413950539953042e-10
-1.118137287741854574e-10
-1.118860624943480552e-10
-1.119577959844235440e-10
-1.120266728595240123e-10
-1.120955497347347800e-10
-1.121641592974729735e-10
-1.122292340330690203e-10
-1.122943087683755669e-10
-1.123593835039578361e-10
-1.124206476401562682e-10
-1.124816826190216556e-10
-1.125427175980524791e-10
-1.126002269834412523e-10
-1.126568124799264530e-10
-1.127133979765908674e-10
-1.127673085933625792e-10
-1.128195614673121228e-10
-1.128718143410134993e-10
-1.129221928094123415e-10
-1.129699630999294893e-10
-1.130177333903501284e-10
-1.130645957151766917e-10
-1.131076975730447040e-10
-1.131507994310230027e-10
-1.131939012892356779e-10
-1.132325143437969647e-10
-1.132708722056119483e-10
-1.133092300676199235e-10
-1.133442605212641707e-10
-1.133776750860603838e-10
-1.134110896505670838e-10
-1.134426277903614294e-10
-1.134710388845130065e-10
-1.134994499786783613e-10
-1.135276105467609028e-10
-1.135511800799953002e-10
-1.135747496131332018e-10
-1.135983191462573128e-10
-1.136184131791768842e-10
-1.136370394870470576e-10
-1.136556657949034273e-10
-1.136726746971796272e-10
-1.136863825863427145e-10
-1.137000904753127845e-10
-1.137137983643173246e-10
-1.137230580017312797e-10
-1.137319768458338144e-10
-1.137408956899777081e-10
-1.137474211784088467e-10
-1.137515805699888883e-10
-1.137557399616240667e-10
-1.137596692593647553e-10
-1.137592923011241370e-10
-1.137589153430075958e-10
-1.137585383848979434e-10
-1.137556611041388073e-10
-1.137509145957038818e-10
-1.137461680873172172e-10
-1.137411274332427710e-10
-1.137319998933742175e-10
-1.137228723534367236e-10
-1.137137448136095162e-10
-1.137024373775067075e-10
-1.136892375203764438e-10
-1.136760376632048211e-10
-1.136628378059711599e-10
-1.136458815165729583e-10
-1.136288347367728332e-10
-1.136117879570278450e-10
-1.135934130621711191e-10
-1.135729650244043751e-10
-1.135525169864928745e-10
-1.135320689486572031e-10
-1.135090694283401803e-10
-1.134853380086634350e-10
-1.134616065888832920e-10
-1.134374562103602270e-10
-1.134106465781927185e-10
-1.133838369460252101e-10
-1.133570273137405263e-10
-1.133288607603445085e-10
-1.132991474508575372e-10
-1.132694341413085273e-10
-1.132397208318767056e-10
-1.132080526351777518e-10
-1.131758021503665562e-10
-1.131435516656312028e-10
-1.131112019424385369e-10
-1.130767679501913783e-10
-1.130423339580613950e-10
-1.130078999660968607e-10
-1.129730022699158190e-10
-1.129369799818839316e-10
-1.129009576938520571e-10
-1.128649354058132808e-10
-1.128280460985582301e-10
-1.127903230545673776e-10
-1.127526000106178842e-10
-1.127148769666132411e-10
-1.126761411244174581e-10
-1.126369686008377268e-10
-1.125977960773613931e-10
-1.125586235538506022e-10
-1.125184562324466476e-10
-1.124781250444816041e-10
-1.124377938565234624e-10
-1.123974626686756072e-10
-1.123561813756340634e-10
-1.123148895971752457e-10
-1.122735978186543894e-10
-1.122322673778151130e-10
-1.121905462191785325e-10
-1.121488250604936912e-10
-1.121071039018571108e-10
-1.120653539263642013e-10
-1.120234540261430125e-10
-1.119815541259769733e-10
-1.119396542258729728e-10
-1.118976810299773178e-10
-1.118554189849209763e-10
-1.118131569399749211e-10
-1.117708948951391524e-10
-1.117286177851799818e-10
-1.116862851218260089e-10
-1.116439524584513565e-10
-1.116016197950904947e-10
-1.115592965106205126e-10
-1.115170122415647858e-10
-1.114747279724194392e-10
-1.114324437033843919e-10
-1.113901702768398095e-10
-1.113479615278437247e-10
-1.113057527787856013e-10
-1.112635440298308755e-10
-1.112213773061731924e-10
-1.111798419506449215e-10
-1.111383065952200481e-10
-1.110967712395125503e-10
-1.110552358839842794e-10
-1.110140631535453359e-10
-1.109729094783353983e-10
-1.109317558030151612e-10
-1.108906021276949372e-10
-1.108496387395326016e-10
-1.108087210545191201e-10
-1.107678033696228140e-10
-1.107268856845472812e-10
-1.106863121898416195e-10
-1.106459400195853712e-10
-1.106055678494256188e-10
-1.105651956792865459e-10
-1.105249529106079415e-10
-1.104848861720779489e-10
-1.104448194336099820e-10
-1.104047526951282374e-10
-1.103647299236810831e-10
-1.103249018044170338e-10
-1.102850736852081213e-10
-1.102452455660543713e-10
-1.102054174467972109e-10
-1.101662526635531727e-10
-1.101271515155204405e-10
-1.100880503674256827e-10
-1.100489492193791727e-10
-1.100098702106838900e-10
-1.099708054728531979e-10
-1.099317407350362965e-10
-1.098926759973227927e-10
-1.098536068096464141e-10
-1.098145256372120980e-10
-1.097754444647777690e-10
-1.097363632922883032e-10
-1.096972821199091239e-10
-1.096582587557570452e-10
-1.096192417906052578e-10
-1.095802248254534704e-10
-1.095412078602465333e-10
-1.095020180747446977e-10
-1.094626530626106213e-10
-1.094232880505937202e-10
-1.093839230385216824e-10
-1.093445348962394281e-10
-1.093047785903559778e-10
-1.092650222843966984e-10
-1.092252659784994704e-10
-1.091855096725953406e-10
-1.091455132302795026e-10
-1.091053483834277095e-10
-1.090651835365690276e-10
-1.090250186896620848e-10
-1.089847824096088040e-10
-1.089437497995331216e-10
-1.089027171892368663e-10
-1.088616845791818634e-10
-1.088206519690648219e-10
-1.087791047910507572e-10
-1.087371235573239018e-10
-1.086951423237142348e-10
-1.086531610899391316e-10
-1.086111798563777253e-10
-1.085681221467451054e-10
-1.085250287139391066e-10
-1.084819352809676717e-10
-1.084388418481134251e-10
-1.083952582782587222e-10
-1.083507972231954117e-10
-1.083063361681872639e-10
-1.082618751131791031e-10
-1.082174140581709423e-10
-1.081719869510849488e-10
-1.081261722884235132e-10
-1.080803576256380135e-10
-1.080345429629145523e-10
-1.079886781667456071e-10
-1.079413675831911652e-10
-1.078940569996367234e-10
-1.078467464160753798e-10
-1.077994358325760876e-10
-1.077515821485771460e-10
-1.077025615249470781e-10
-1.076535409014066172e-10
-1.076045202777558699e-10
-1.075554996541947424e-10
-1.075054784674225478e-10
-1.074546889982408068e-10
-1.074038995291624505e-10
-1.073531100599807096e-10
-1.073023205908403276e-10
-1.072500858845412019e-10
-1.071974374208728843e-10
-1.071447889571494300e-10
-1.070921404934673217e-10
-1.070394920297990171e-10
-1.069850415658014365e-10
-1.069305014963473074e-10
-1.068759614268104731e-10
-1.068214213572874166e-10
-1.067667312555439730e-10
-1.067105421308216659e-10
-1.066543530060993717e-10
-1.065981638813839664e-10
-1.065419747566478815e-10
-1.064854459037677399e-10
-1.064274892086616142e-10
-1.063695325133280010e-10
-1.063115758181391573e-10
-1.062536191229020527e-10
-1.061952076122072391e-10
-1.061354743346534356e-10
-1.060757410571547689e-10
-1.060160077796561151e-10
-1.059562745021574613e-10
-1.058960497192603528e-10
-1.058345741994483176e-10
-1.057730986796500602e-10
-1.057116231599069654e-10
-1.056501476400673489e-10
-1.055882338577983427e-10
-1.055251365102020741e-10
-1.054620391625713354e-10
-1.053989418149474855e-10
-1.053358444673167468e-10
-1.052724203690338250e-10
-1.052078382349401514e-10
-1.051432561009085034e-10
-1.050786739668423982e-10
-1.050140918327245813e-10
-1.049493835962355428e-10
-1.048838412911389520e-10
-1.048182989859217220e-10
-1.047527566808458107e-10
-1.046872143756596001e-10
-1.046216676345588203e-10
-1.045549378143923392e-10
-1.044882079942155183e-10
-1.044214781740662658e-10
-1.043547483538687654e-10
-1.042880185336643761e-10
-1.042204160533992495e-10
-1.041526435978959090e-10
-1.040848711425235474e-10
-1.040170986871580747e-10
-1.039493262317064330e-10
-1.038810132115807201e-10
-1.038123837429168614e-10
-1.037437542742702443e-10
-1.036751248056236142e-10
-1.036064953370321467e-10
-1.035375972671173002e-10
-1.034682697162913209e-10
-1.033989421653757347e-10
-1.033296146145394286e-10
-1.032602870637272399e-10
-1.031909243017526681e-10
-1.031212400744791680e-10
-1.030515558471918773e-10
-1.029818716198563388e-10
-1.029121873925414668e-10
-1.028425031652059282e-10
-1.027728401063769605e-10
-1.027031832887635823e-10
-1.026335264712329221e-10
-1.025638696535885246e-10
-1.024942128359717085e-10
-1.024244796470919169e-10
-1.023546343488624156e-10
-1.022847890505467452e-10
-1.022149437521759253e-10
-1.021450984539188555e-10
-1.020752531556066232e-10
-1.020054265736826494e-10
-1.019356000462147282e-10
-1.018657735187157878e-10
-1.017959469912478666e-10
-1.017261204638006250e-10
-1.016564019035961887e-10
-1.015867725045661432e-10
-1.015171431056188286e-10
-1.014475137066715011e-10
-1.013778843076449065e-10
-1.013082689618310038e-10
-1.012388874988365171e-10
-1.011695060359213105e-10
-1.011001245728716742e-10
-1.010307431099323372e-10
-1.009613616469344125e-10
-1.008923497944730306e-10
-1.008236740672120002e-10
-1.007549983399992307e-10
-1.006863226128209184e-10
-1.006176468856115997e-10
-1.005489711583746997e-10
-1.004809408549097469e-10
-1.004129455894403541e-10
-1.003449503240054186e-10
-1.002769550585429275e-10
-1.002089597931596908e-10
-1.001411262037427080e-10
-1.000736198100665543e-10
-1.000061134164765696e-10
-9.993860702280731777e-11
-9.987110062918286291e-11
-9.980359423554117942e-11
-9.973655776401889020e-11
-9.966975273593280923e-11
-9.960294770781227103e-11
-9.953614267968829485e-11
-9.946933765157119462e-11
-9.940253262351269496e-11
-9.933633221136663648e-11
-9.927015303144763738e-11
-9.920397385152174941e-11
-9.913779467168891926e-11
-9.907161549179748853e-11
-9.900555802389901587e-11
-9.893993568826475767e-11
-9.887431335260293110e-11
-9.880869101699625421e-11
-9.874306868133442763e-11
-9.867744634575875709e-11
-9.861224470707374099e-11
-9.854760719965214468e-11
-9.848296969225812967e-11
-9.841833218488823214e-11
-9.835369467747007380e-11
-9.828905717009673830e-11
-9.822473457549387999e-11
-9.816062942054549428e-11
-9.809652426564190557e-11
-9.803241911068663099e-11
-9.796831395573135641e-11
-9.790420880080019932e-11
-9.784038301073193465e-11
-9.777667058016936059e-11
-9.771295814955163684e-11
-9.764924571890634471e-11
-9.758553328831964024e-11
-9.752182085770881828e-11
-9.745851694636318782e-11
-9.739532409991732696e-11
-9.733213125347147902e-11
-9.726893840702563108e-11
-9.720574556057977022e-11
-9.714255271416149066e-11
-9.707953034946756492e-11
-9.701654645725410882e-11
-9.695356256498895393e-11
-9.689057867272381197e-11
-9.682759478043797756e-11
-9.676461088823142325e-11
-9.670175853978317731e-11
-9.663893909361218827e-11
-9.657611964742051972e-11
-9.651330020122540027e-11
-9.645048075505786213e-11
-9.638766130883861227e-11
-9.632512694709497864e-11
-9.626269378731484586e-11
-9.620026062755883056e-11
-9.613782746775801826e-11
-9.607539430806060354e-11
-9.601296114827701986e-11
-9.595046131595072431e-11
-9.588792229426788124e-11
-9.582538327266430533e-11
-9.576284425100903064e-11
-9.570030522937788636e-11
-9.563776620777774843e-11
-9.557515036254682551e-11
-9.551244959024812904e-11
-9.544974881794254370e-11
-9.538704804560938998e-11
-9.532434727330380464e-11
-9.526164650099821930e-11
-9.519888767622321590e-11
-9.513597432379416035e-11
-9.507306097145127376e-11
-9.501014761907735497e-11
-9.494723426667588072e-11
-9.488432091430541283e-11
-9.482139864389052787e-11
-9.475811141987287812e-11
-9.469482419586213015e-11
-9.463153697185136926e-11
-9.456824974786475170e-11
-9.450496252382642243e-11
-9.444167529981567447e-11
-9.437818374139692236e-11
-9.431461541057396975e-11
-9.425104707977859845e-11
-9.418747874901423349e-11
-9.412391041822920195e-11
-9.406034208748552943e-11
-9.399668823761612195e-11
-9.393289594043896042e-11
-9.386910364325834799e-11
-9.380531134604671629e-11
-9.374151904884198638e-11
-9.367772675166137395e-11
-9.361393445445319315e-11
-9.354967678745898251e-11
-9.348541362277082869e-11
-9.342115045800339478e-11
-9.335688729331522804e-11
-9.329262412856847365e-11
-9.322836096388030690e-11
-9.316385458372469167e-11
-9.309914595256021454e-11
-9.303443732139572448e-11
-9.296972869017953564e-11
-9.290502005901505851e-11
-9.284031142784711756e-11
-9.277557948636418538e-11
-9.271044259759908162e-11
-9.264530570880640947e-11
-9.258016881996203854e-11
-9.251503193120037275e-11
-9.244989504240770060e-11
-9.238475815361846643e-11
-9.231941379186707145e-11
-9.225387271069448336e-11
-9.218833162943917720e-11
-9.212279054821489032e-11
-9.205724946701818475e-11
-9.199170838582146625e-11
-9.192616730453859171e-11
-9.186055324044851421e-11
-9.179493302063197649e-11
-9.172931280081200080e-11
-9.166369258102303145e-11
-9.159807236117892535e-11
-9.153245214135893673e-11
-9.146680262744765356e-11
-9.140107808045863457e-11
-9.133535353353165411e-11
-9.126962898660122277e-11
-9.120390443963633418e-11
-9.113817989267833445e-11
-9.107245534574446514e-11
-9.100663231614820906e-11
-9.094074046384285862e-11
-9.087484861161678827e-11
-9.080895675936658751e-11
-9.074306490714395513e-11
-9.067717305493167543e-11
-9.061128120267802378e-11
-9.054537495213605899e-11
-9.047946606817845812e-11
-9.041355718430701327e-11
-9.034764830040456208e-11
-9.028173941641937989e-11
-9.021583053251347781e-11
-9.014992430903754767e-11
-9.008406798542853812e-11
-9.001821166181607768e-11
-8.995235533821740788e-11
-8.988649901460838541e-11
-8.982064269105796351e-11
-8.975478636744550306e-11
-8.968895636462018737e-11
-8.962322909093022578e-11
-8.955750181724027711e-11
-8.949177454355376640e-11
-8.942604726986380481e-11
-8.936031999622899289e-11
-8.929459272253903130e-11
-8.922905911258581288e-11
-8.916396678553957220e-11
-8.909887445848644267e-11
-8.903378213143675110e-11
-8.896868980438707246e-11
-8.890359747733738089e-11
-8.883850515031870859e-11
-8.877353739161657691e-11
-8.870879758304631341e-11
-8.864405777442091315e-11
-8.857931796579895086e-11
-8.851457815723212532e-11
-8.844983834861016303e-11
-8.838509854003646156e-11
-8.832049261859961340e-11
-8.825613684504481190e-11
-8.819178107151759171e-11
-8.812742529793522184e-11
-8.806306952435285196e-11
-8.799871375082561885e-11
-8.793435797722947125e-11
-8.787017163644783789e-11
-8.780639930960958088e-11
-8.774262698273341573e-11
-8.767885465589860961e-11
-8.761508232901899356e-11
-8.755131000220831785e-11
-8.748753767534938132e-11
-8.742385476108984653e-11
-8.736058402198909451e-11
-8.729731328294004128e-11
-8.723404254383583837e-11
-8.717077180477989627e-11
-8.710750106567569336e-11
-8.704423032657494134e-11
-8.698096675295726484e-11
-8.691830328745545221e-11
-8.685563982190539168e-11
-8.679297635636912181e-11
-8.673031289084662966e-11
-8.666764942531724865e-11
-8.660498595976718813e-11
-8.654232249423091825e-11
-8.648038010976584089e-11
-8.641862870589106132e-11
-8.635687730204041217e-11
-8.629512589817597236e-11
-8.623337449432188523e-11
-8.617162309045744542e-11
-8.610987168657922789e-11
-8.604839397653768728e-11
-8.598717478192013500e-11
-8.592595558732671314e-11
-8.586473639273329128e-11
-8.580351719814675828e-11
-8.574229800352231715e-11
-8.568107880893234618e-11
-8.561996310234356302e-11
-8.555931146103563759e-11
-8.549865981973115013e-11
-8.543800817842666267e-11
-8.537735653714974358e-11
-8.531670489584525612e-11
-8.525605325452697801e-11
-8.519540161325696072e-11
-8.513522243092450685e-11
-8.507516550871623103e-11
-8.501510858654932716e-11
-8.495505166434105134e-11
-8.489499474216035682e-11
-8.483493782001066865e-11
-8.477488089781274550e-11
-8.471497967957484232e-11
-8.465536752242474964e-11
-8.459575536526087923e-11
-8.453614320813146606e-11
-8.447653105099516403e-11
-8.441691889383129362e-11
-8.435730673668465183e-11
-8.429769457954834979e-11
-8.423856549538658150e-11
-8.417952240748210322e-11
-8.412047931965000325e-11
-8.406143623173173432e-11
-8.400239314387895483e-11
-8.394335005598136541e-11
-8.388430696809067779e-11
-8.382542541880255078e-11
-8.376693860616872093e-11
-8.370845179347974140e-11
-8.364996498089072148e-11
-8.359147816822587235e-11
-8.353299135556791209e-11
-8.347450454296165062e-11
-8.341601773030370329e-11
-8.335772200513880816e-11
-8.329951863113242795e-11
-8.324131525715016523e-11
-8.318311188314034705e-11
-8.312490850915808432e-11
-8.306670513517066464e-11
-8.300850176115911455e-11
-8.295029838717858373e-11
-8.289239187220538589e-11
-8.283448541981702216e-11
-8.277657896744243615e-11
-8.271867251503683087e-11
-8.266076606268120540e-11
-8.260285961029284167e-11
-8.254495315791825566e-11
-8.248710682916133612e-11
-8.242942573684206350e-11
-8.237174464447627489e-11
-8.231406355222422361e-11
-8.225638245984808232e-11
-8.219870136754088136e-11
-8.214102027520266113e-11
-8.208333918288685232e-11
-8.202572757608789105e-11
-8.196819285292134136e-11
-8.191065812978581095e-11
-8.185312340659514377e-11
-8.179558868345617539e-11
-8.173805396026549529e-11
-8.168051923708516788e-11
-8.162298451389450070e-11
-8.156567699823429386e-11
-8.150850688329503486e-11
-8.145133676839023309e-11
-8.139416665343717051e-11
-8.133699653852547988e-11
-8.127982642359999860e-11
-8.122265630869002696e-11
-8.116548619370939600e-11
-8.110846701043397094e-11
-8.105150899273425801e-11
-8.099455097498112732e-11
-8.093759295723660447e-11
-8.088063493955240119e-11
-8.082367692181306114e-11
-8.076671890412885786e-11
-8.070976088638433501e-11
-8.065288224620971185e-11
-8.059603154603001443e-11
-8.053918084583307547e-11
-8.048233014565336512e-11
-8.042547944541851802e-11
-8.036862874530429711e-11
-8.031177804511079612e-11
-8.025492734491730804e-11
-8.019820232228437922e-11
-8.014152943399513738e-11
-8.008485654570934645e-11
-8.002818365740631396e-11
-7.997151076908605286e-11
-7.991483788078647127e-11
-7.985816499249551046e-11
-7.980149210419247797e-11
-7.974491104383210548e-11
-7.968838805448205550e-11
-7.963186506510959410e-11
-7.957534207570611342e-11
-7.951881908635434446e-11
-7.946229609696292253e-11
-7.940577310760081381e-11
-7.934925011822146354e-11
-7.929280414434607503e-11
-7.923644983483147859e-11
-7.918009552530137251e-11
-7.912374121578504416e-11
-7.906738690629802902e-11
-7.901103259677309282e-11
-7.895467828721196747e-11
-7.889832397772493940e-11
-7.884209818550263754e-11
-7.878628326433890295e-11
-7.873046834317173039e-11
-7.867465342204936776e-11
-7.861883850089425394e-11
-7.856302357975810065e-11
-7.850720865861850940e-11
-7.845139373745477481e-11
-7.839557881630656278e-11
-7.834001906811780875e-11
-7.828447073407543305e-11
-7.822892240000374414e-11
-7.817337406597514617e-11
-7.811782573193103856e-11
-7.806227739790244059e-11
-7.800672906385833298e-11
-7.795118072980388561e-11
-7.789581879785886933e-11
-7.784057461678354796e-11
-7.778533043567548833e-11
-7.773008625459501001e-11
-7.767484207348695038e-11
-7.761959789243230852e-11
-7.756435371135181727e-11
-7.750910953023169890e-11
-7.745395340561039361e-11
-7.739913919041185837e-11
-7.734432497519609452e-11
-7.728951075998378155e-11
-7.723469654478696530e-11
-7.717988232957120144e-11
-7.712506811435888848e-11
-7.707025389919827430e-11
-7.701543968398594841e-11
-7.696090966224647206e-11
-7.690648341169176016e-11
-7.685205716117839436e-11
-7.679763091060815990e-11
-7.674320466005516698e-11
-7.668877840952629155e-11
-7.663435215896295888e-11
-7.657992590843408345e-11
-7.652559713084373067e-11
-7.647166935498052340e-11
-7.641774157914489742e-11
-7.636381380332304917e-11
-7.630988602746157381e-11
-7.625595825161215718e-11
-7.620203047577653120e-11
-7.614810269995468296e-11
-7.609417492410526633e-11
-7.604067019583525777e-11
-7.598745539047701735e-11
-7.593424058513258052e-11
-7.588102577980018950e-11
-7.582781097445402076e-11
-7.577459616908028363e-11
-7.572138136374962452e-11
-7.566816655841551452e-11
-7.561495175304177740e-11
-7.556216175125709906e-11
-7.550940595656160449e-11
-7.545665016186267196e-11
-7.540389436714822978e-11
-7.535113857244756534e-11
-7.529838277776241053e-11
-7.524562698306347799e-11
-7.519287118833524517e-11
-7.514021278784790757e-11
-7.508796586446336571e-11
-7.503571894106503320e-11
-7.498347201768049134e-11
-7.493122509428560973e-11
-7.487897817088900913e-11
-7.482673124750446727e-11
-7.477448432409235704e-11
-7.472223740070781518e-11
-7.467020156247977157e-11
-7.461849504901759896e-11
-7.456678853553302786e-11
-7.451508202207258716e-11
-7.446337550859835581e-11
-7.441166899515342475e-11
-7.435996248165506299e-11
-7.430825596819634128e-11
-7.425654945472210993e-11
-7.420508294890202273e-11
-7.415383569674004056e-11
-7.410258844461943034e-11
-7.405134119245572919e-11
-7.400009394027823738e-11
-7.394884668814210460e-11
-7.389759943599219409e-11
-7.384635218381987216e-11
-7.379510493169581105e-11
-7.374421053240618945e-11
-7.369356453761552686e-11
-7.364291854282658327e-11
-7.359227254800835231e-11
-7.354162655323319936e-11
-7.349098055841496841e-11
-7.344033456363808355e-11
-7.338968856881813361e-11
-7.333904257404298066e-11
-7.328873571731501323e-11
-7.323867155947677671e-11
-7.318860740163852726e-11
-7.313854324381234948e-11
-7.308847908596030938e-11
-7.303841492814792225e-11
-7.298835077030967280e-11
-7.293828661245764563e-11
-7.288822245461939618e-11
-7.283836127107329827e-11
-7.278869500610210266e-11
-7.273902874114814860e-11
-7.268936247619418161e-11
-7.263969621120747636e-11
-7.259002994623799974e-11
-7.254036368129610442e-11
-7.249069741632318982e-11
-7.244103115135543218e-11
-7.239152548267815301e-11
-7.234229552847780200e-11
-7.229306557424988261e-11
-7.224383562003919184e-11
-7.219460566581127245e-11
-7.214537571161092145e-11
-7.209614575741057044e-11
-7.204691580316886040e-11
-7.199768584897022837e-11
-7.194851619369640299e-11
-7.189967225164895387e-11
-7.185082830960323666e-11
-7.180198436759714657e-11
-7.175314042556348810e-11
-7.170429648351948988e-11
-7.165545254149962206e-11
-7.160660859946768258e-11
-7.155776465743402411e-11
-7.150892071541587528e-11
-7.146036847446003029e-11
-7.141185829184537447e-11
-7.136334810917728795e-11
-7.131483792653506375e-11
-7.126632774389454560e-11
-7.121781756125058949e-11
-7.116930737861180326e-11
-7.112079719597129805e-11
-7.107228701332906092e-11
-7.102405572710699557e-11
-7.097608098866337620e-11
-7.092810625025766498e-11
-7.088013151182783626e-11
-7.083215677341006629e-11
-7.078418203496644693e-11
-7.073620729654867696e-11
-7.068823255811711633e-11
-7.064025781968728762e-11
-7.059231961932264833e-11
-7.054472423089861076e-11
-7.049712884250212864e-11
-7.044953345407464018e-11
-7.040193806563853095e-11
-7.035434267719897082e-11
-7.030674728880250163e-11
-7.025915190036467341e-11
-7.021155651196819130e-11
-7.016396112353208206e-11
-7.011655006054607760e-11
-7.006926199095573380e-11
-7.002197392139640928e-11
-6.997468585186293414e-11
-6.992739778227259034e-11
-6.988010971271153391e-11
-6.983282164315049040e-11
-6.978553357357565623e-11
-6.973824550402839045e-11
-6.969096911251362803e-11
-6.964406114387981168e-11
-6.959715317528564830e-11
-6.955024520663632231e-11
-6.950333723801630954e-11
-6.945642926940662360e-11
-6.940952130078659790e-11
-6.936261333215107548e-11
-6.931570536355689918e-11
-6.926879739490585421e-11
-6.922201667936697365e-11
-6.917543619521863369e-11
-6.912885571104444434e-11
-6.908227522687024206e-11
-6.903569474268054307e-11
-6.898911425848911218e-11
-6.894253377432871348e-11
-6.889595329013900156e-11
-6.884937280596309323e-11
-6.880279232180096262e-11
-6.875643734718464261e-11
-6.871019204903682617e-11
-6.866394675085110160e-11
-6.861770145271879480e-11
-6.857145615455548166e-11
-6.852521085640766522e-11
-6.847896555827535843e-11
-6.843272026008791487e-11
-6.838647496193837945e-11
-6.834022966376299464e-11
-6.829452417208345413e-11
-6.824889034711848827e-11
-6.820325652216731307e-11
-6.815762269717994871e-11
-6.811198887223049249e-11
-6.806635504727931729e-11
-6.802072122234193273e-11
-6.797508739736490813e-11
-6.792945357241545191e-11
-6.788382621064861366e-11
-6.783855080709625204e-11
-6.779327540354562232e-11
-6.774800000000705134e-11
-6.770272459645814061e-11
-6.765744919289372023e-11
-6.761217378935686824e-11
-6.756689838579072889e-11
-6.752162298223836726e-11
-6.747634757870324718e-11
-6.743110223792906460e-11
-6.738621262154683093e-11
-6.734132300517837498e-11
-6.729643338882370969e-11
-6.725154377245353476e-11
-6.720665415608852971e-11
-6.716176453971835479e-11
-6.711687492334991177e-11
-6.707198530698145582e-11
-6.702709569061128090e-11
-6.698223458735844594e-11
-6.693780559229229570e-11
-6.689337659726922347e-11
-6.684894760221858286e-11
-6.680451860716450429e-11
-6.676008961211213177e-11
-6.671566061707700080e-11
-6.667123162202636019e-11
-6.662680262698779125e-11
-6.658237363194920938e-11
-6.653794463687100040e-11
-6.649390482701224204e-11
-6.644987731069279984e-11
-6.640584979437162573e-11
-6.636182227805390251e-11
-6.631779476173617929e-11
-6.627376724540122745e-11
-6.622973972909901387e-11
-6.618571221275199037e-11
-6.614168469644632589e-11
-6.609765718014239333e-11
-6.605401523793718976e-11
-6.601046982469543178e-11
-6.596692441146573253e-11
-6.592337899825155585e-11
-6.587983358503736624e-11
-6.583628817179388927e-11
-6.579274275856590901e-11
-6.574919734533966066e-11
-6.570565193212375207e-11
-6.566210651888372599e-11
-6.561889098492731024e-11
-6.557594263767066949e-11
-6.553299429042953838e-11
-6.549004594316082597e-11
-6.544709759590762319e-11
-6.540414924865270143e-11
-6.536120090138227003e-11
-6.531825255411700851e-11
-6.527530420684657712e-11
-6.523235585961923666e-11
-6.518950043223018045e-11
-6.514696149227053655e-11
-6.510442255229710200e-11
-6.506188361235124876e-11
-6.501934467237781421e-11
-6.497680573240266067e-11
-6.493426679244301678e-11
-6.489172785246958223e-11
-6.484918891253923862e-11
-6.480664997255374532e-11
-6.476411103261995082e-11
-6.472193572159190837e-11
-6.467983885051935848e-11
-6.463774197940374350e-11
-6.459564510830017434e-11
-6.455354823718627834e-11
-6.451145136611029048e-11
-6.446935449503085173e-11
-6.442725762391350484e-11
-6.438516075282717722e-11
-6.434306388172017008e-11
-6.430111894518697363e-11
-6.425947065864807900e-11
-6.421782237212296209e-11
-6.417617408560474697e-11
-6.413452579906240144e-11
-6.409287751253556554e-11
-6.405122922598288025e-11
-6.400958093945604436e-11
-6.396793265292058769e-11
-6.392628436639375180e-11
-6.388463607985140627e-11
-6.384329038777996600e-11
-6.380203266525686579e-11
-6.376077494269758935e-11
-6.371951722016069848e-11
-6.367825949763587928e-11
-6.363700177507660283e-11
-6.359574405255178363e-11
-6.355448633000111504e-11
-6.351322860744354465e-11
-6.347197088493251611e-11
-6.343077953323971833e-11
-6.339003178440428430e-11
-6.334928403559813765e-11
-6.330853628677821326e-11
-6.326778853798412535e-11
-6.322704078916937084e-11
-6.318629304034254467e-11
-6.314554529154329980e-11
-6.310479754273543416e-11
-6.306404979391722876e-11
-6.302330204510419324e-11
-6.298274650320429493e-11
-6.294247424360159935e-11
-6.290220198399029592e-11
-6.286192972438760034e-11
-6.282165746479697643e-11
-6.278138520518739198e-11
-6.274111294558297742e-11
-6.270084068600613123e-11
-6.266056842639654679e-11
-6.262029616680592287e-11
-6.258002390718944956e-11
-6.253996650780084444e-11
-6.250005451344631827e-11
-6.246014251909351109e-11
-6.242023052473898492e-11
-6.238031853038617773e-11
-6.234040653601097205e-11
-6.230049454168402719e-11
-6.226058254733293899e-11
-6.222067055298703359e-11
-6.218075855863250743e-11
-6.214084656426592252e-11
-6.210122008781758188e-11
-6.206171250172849077e-11
-6.202220491564800750e-11
-6.198269732955891638e-11
-6.194318974347844604e-11
-6.190368215738935492e-11
-6.186417457130888458e-11
-6.182466698523357119e-11
-6.178515939914104210e-11
-6.174565181307263050e-11
-6.170614422698697735e-11
-6.166690958089041370e-11
-6.162777463057863074e-11
-6.158863968022376977e-11
-6.154950472989991514e-11
-6.151036977954677316e-11
-6.147123482922121247e-11
-6.143209987888875000e-11
-6.139296492854249687e-11
-6.135382997820486452e-11
-6.131469502788102282e-11
-6.127556007753305071e-11
-6.123666016459181436e-11
-6.119787337087237234e-11
-6.115908657715121133e-11
-6.112029978343348829e-11
-6.108151298969853663e-11
-6.104272619597737562e-11
-6.100393940227344323e-11
-6.096515260855572019e-11
-6.092636581482076853e-11
-6.088757902110304549e-11
-6.084879222738360347e-11
-6.081028440117533699e-11
-6.077202073064934934e-11
-6.073375706012337461e-11
-6.069549338958360924e-11
-6.065722971906624236e-11
-6.061896604854198662e-11
-6.058070237801601189e-11
-6.054243870748658627e-11
-6.050417503696061154e-11
-6.046591136641911426e-11
-6.042764769588710370e-11
-6.038950360291101212e-11
-6.035163025048693749e-11
-6.031375689806371589e-11
-6.027588354562498466e-11
-6.023801019319487419e-11
-6.020013684077166552e-11
-6.016226348833465326e-11
-6.012439013589937292e-11
-6.008651678346754347e-11
-6.004864343103743301e-11
-6.001077007861249242e-11
-5.997289672617549310e-11
-5.993537394672184644e-11
-5.989785339005589602e-11
-5.986033283339079863e-11
-5.982281227674551480e-11
-5.978529172007438158e-11
-5.974777116342394079e-11
-5.971025060675108859e-11
-5.967273005010667071e-11
-5.963520949343381850e-11
-5.959768893678336479e-11
-5.956016838011051259e-11
-5.952290020999184305e-11
-5.948580408989921755e-11
-5.944870796983244144e-11
-5.941161184974585177e-11
-5.937451572967907566e-11
-5.933741960958041432e-11
-5.930032348952052708e-11
-5.926322736944255818e-11
-5.922613124936199142e-11
-5.918903512928832645e-11
-5.915193900920862564e-11
-5.911488265863377777e-11
-5.907815301774154221e-11
-5.904142337685362349e-11
-5.900469373594674425e-11
-5.896796409505278971e-11
-5.893123445416055415e-11
-5.889450481324678604e-11
-5.885777517236575619e-11
-5.882104553147352063e-11
-5.878431589055802061e-11
-5.874758624967268684e-11
-5.871085660877959825e-11
-5.867433013195887716e-11
-5.863798047061805149e-11
-5.860163080930394117e-11
-5.856528114797949109e-11
-5.852893148665762595e-11
-5.849258182533145688e-11
-5.845623216401131073e-11
-5.841988250269891939e-11
-5.838353284137103134e-11
-5.834718318005088518e-11
-5.831083351873247094e-11
-5.827448385741836061e-11
-5.823861680616006599e-11
-5.820282032479296773e-11
-5.816702384343017339e-11
-5.813122736205790526e-11
-5.809543088068994105e-11
-5.805963439932370228e-11
-5.802383791797555809e-11
-5.798804143662310998e-11
-5.795224495524049562e-11
-5.791644847387684180e-11
-5.788065199251232848e-11
-5.784489955530235392e-11
-5.780946672773999718e-11
-5.777403390019487553e-11
-5.773860107262993386e-11
-5.770316824506413269e-11
-5.766773541750178242e-11
-5.763230258994028518e-11
-5.759686976237276503e-11
-5.756143693482247350e-11
-5.752600410724891752e-11
-5.749057127968656078e-11
-5.745513845213885419e-11
-5.741981124363363005e-11
-5.738475555750396299e-11
-5.734969987139239697e-11
-5.731464418526875928e-11
-5.727958849914943844e-11
-5.724453281303442152e-11
-5.720947712689785914e-11
-5.717442144079835186e-11
-5.713936575467558013e-11
-5.710431006855625929e-11
-5.706925438243434705e-11
-5.703419869632191507e-11
-5.699928764837734085e-11
-5.696464693213525619e-11
-5.693000621589575646e-11
-5.689536549963902165e-11
-5.686072478340727675e-11
-5.682608406716777702e-11
-5.679144335091793754e-11
-5.675680263467154895e-11
-5.672216191844238898e-11
-5.668752120218909861e-11
-5.665288048594701394e-11
-5.661823976970665473e-11
-5.658371521178067317e-11
-5.654943089323487005e-11
-5.651514657468561604e-11
-5.648086225614584230e-11
-5.644657793761382337e-11
-5.641229361905681454e-11
-5.637800930051101143e-11
-5.634372498196779325e-11
-5.630944066342112418e-11
-5.627515634486584080e-11
-5.624087202632779251e-11
-5.620658770777853850e-11
-5.617239108605359810e-11
-5.613852146370198574e-11
-5.610465184136502352e-11
-5.607078221904357094e-11
-5.603691259667817439e-11
-5.600304297436361714e-11
-5.596917335200339047e-11
-5.593530372966125837e-11
-5.590143410732343666e-11
-5.586756448500198408e-11
-5.583369486265726705e-11
-5.579982524030738013e-11
-5.576595772347766809e-11
-5.573255629797071598e-11
-5.569915487246462336e-11
-5.566575344696197517e-11
-5.563235202146363737e-11
-5.559895059596099565e-11
-5.556554917044111238e-11
-5.553214774493243482e-11
-5.549874631943323752e-11
-5.546534489393145529e-11
-5.543194346843225154e-11
-5.539854204292271448e-11
-5.536514061740972654e-11
-5.533197925228882313e-11
-5.529891868098326480e-11
-5.526585810968115090e-11
-5.523279753836008293e-11
-5.519973696705108016e-11
-5.516667639572484231e-11
-5.513361582443479361e-11
-5.510055525311544463e-11
-5.506749468179868704e-11
-5.503443411048881832e-11
-5.500137353917637113e-11
-5.496831296785960708e-11
-5.493536646102183792e-11
-5.490267367248266206e-11
-5.486998088391936225e-11
-5.483728809537932689e-11
-5.480459530682981773e-11
-5.477190251827685767e-11
-5.473920972972734205e-11
-5.470651694117352251e-11
-5.467382415263434664e-11
-5.464113136407880165e-11
-5.460843857553273692e-11
-5.457574578697546648e-11
-5.454305299842940175e-11
-5.451066289953774089e-11
-5.447833864672419464e-11
-5.444601439389428574e-11
-5.441369014108763482e-11
-5.438136588827151010e-11
-5.434904163545193448e-11
-5.431671738263063988e-11
-5.428439312981450870e-11
-5.425206887700182841e-11
-5.421974462417105355e-11
-5.418742037135751377e-11
-5.415509611854827791e-11
-5.412285098188798941e-11
-5.409086036031405508e-11
-5.405886973875046051e-11
-5.402687911717652618e-11
-5.399488849559914741e-11
-5.396289787402693853e-11
-5.393090725246678839e-11
-5.389891663088854367e-11
-5.386692600932150466e-11
-5.383493538775705060e-11
-5.380294476617622094e-11
-5.377095414461952169e-11
-5.373896352304558736e-11
-5.370721425564917238e-11
-5.367565707700744804e-11
-5.364409989835624989e-11
-5.361254271971022162e-11
-5.358098554106333386e-11
-5.354942836241041026e-11
-5.351787118374887236e-11
-5.348631400511146486e-11
-5.345475682645595632e-11
-5.342319964781165350e-11
-5.339164246916992915e-11
-5.336008529051097619e-11
-5.332852811186408842e-11
-5.329728006139906390e-11
-5.326611936462745932e-11
-5.323495866784637447e-11
-5.320379797106787456e-11
-5.317263727428765567e-11
-5.314147657749537157e-11
-5.311031588072807737e-11
-5.307915518394268214e-11
-5.304799448715384894e-11
-5.301683379038999917e-11
-5.298567309360460394e-11
-5.295451239682352555e-11
-5.292335170003813031e-11
-5.289248809334934776e-11
-5.286165569477369991e-11
-5.283082329619546713e-11
-5.279999089761810029e-11
-5.276915849904675637e-11
-5.273832610047110852e-11
-5.270749370188598687e-11
-5.267666130330258420e-11
-5.264582890471918154e-11
-5.261499650614783761e-11
-5.258416410757133027e-11
-5.255333170899309748e-11
-5.252249931040969482e-11
-5.249201337742192115e-11
-5.246155277477504680e-11
-5.243109217213333586e-11
-5.240063156948645504e-11
-5.237017096683010041e-11
-5.233971036420389911e-11
-5.230924976155702475e-11
-5.227878915890066367e-11
-5.224832855626843299e-11
-5.221786795361121888e-11
-5.218740735097123338e-11
-5.215694674832262712e-11
-5.212648614566885744e-11
-5.209632061685809138e-11
-5.206620323559413737e-11
-5.203608585432070956e-11
-5.200596847304297783e-11
-5.197585109178677864e-11
-5.194573371051421678e-11
-5.191561632925026277e-11
-5.188549894797683496e-11
-5.185538156669910323e-11
-5.182526418543945961e-11
-5.179514680416172141e-11
-5.176502942290380324e-11
-5.173491204163210087e-11
-5.170501930541544054e-11
-5.167522857221346006e-11
-5.164543783901923440e-11
-5.161564710581466898e-11
-5.158585637261354799e-11
-5.155606563941587789e-11
-5.152627490620700208e-11
-5.149648417301708681e-11
-5.146669343981510633e-11
-5.143690270661226635e-11
-5.140711197341114536e-11
-5.137732124021347527e-11
-5.134753050700545895e-11
-5.131792976415691737e-11
-5.128859668898264480e-11
-5.125926361379803247e-11
-5.122993053863065523e-11
-5.120059746344518341e-11
-5.117126438826574096e-11
-5.114193131308715800e-11
-5.111259823791374492e-11
-5.108326516274205729e-11
-5.105393208755486002e-11
-5.102459901239006771e-11
-5.099526593719770057e-11
-5.096593286201739862e-11
-5.093661384146804798e-11
-5.090762211150355143e-11
-5.087863038152613018e-11
-5.084963865155301932e-11
-5.082064692158938226e-11
-5.079165519163092154e-11
-5.076266346163885014e-11
-5.073367173168986322e-11
-5.070468000171675236e-11
-5.067568827174019060e-11
-5.064669654177396860e-11
-5.061770481181033800e-11
-5.058871308184497549e-11
-5.055972135186066538e-11
-5.053090949267192024e-11
-5.050223607955187722e-11
-5.047356266642322634e-11
-5.044488925330404927e-11
-5.041621584018314676e-11
-5.038754242705448942e-11
-5.035886901392152816e-11
-5.033019560079976615e-11
-5.030152218767972959e-11
-5.027284877456485645e-11
-5.024417536143189519e-11
-5.021550194830323785e-11
-5.018682853518320129e-11
-5.015815512206229877e-11
-5.012984800776472034e-11
-5.010154608001969553e-11
-5.007324415227983414e-11
-5.004494222453480288e-11
-5.001664029679408200e-11
-4.998833836906284138e-11
-4.996003644132212050e-11
-4.993173451357708924e-11
-4.990343258583636836e-11
-4.987513065809134355e-11
-4.984682873034372735e-11
-4.981852680260559141e-11
-4.979022487487435079e-11
-4.976201790784448620e-11
-4.973402907387478814e-11
-4.970604023987493676e-11
-4.967805140589920287e-11
-4.965006257190624036e-11
-4.962207373792878748e-11
-4.959408490394272030e-11
-4.956609606995234272e-11
-4.953810723596713503e-11
-4.951011840197589796e-11
-4.948212956799930458e-11
-4.945414073399944674e-11
-4.942615190003061464e-11
-4.939816306603075680e-11
-4.937034367587966654e-11
-4.934268318612474211e-11
-4.931502269634999766e-11
-4.928736220658042310e-11
-4.925970171681343347e-11
-4.923204122706453841e-11
-4.920438073729668929e-11
-4.917672024752194485e-11
-4.914905975776701396e-11
-4.912139926799226951e-11
-4.909373877823648560e-11
-4.906607828847552534e-11
-4.903841779870681026e-11
-4.901075730893896114e-11
-4.898336423714023361e-11
-4.895613263692261707e-11
-4.892890103672395459e-11
-4.890166943651323336e-11
-4.887443783630940100e-11
-4.884720623609092496e-11
-4.881997463589312198e-11
-4.879274303569446596e-11
-4.876551143547684941e-11
-4.873827983527215756e-11
-4.871104823506142987e-11
-4.868381663486966272e-11
-4.865658503465894150e-11
-4.862935343445510914e-11
-4.860231086101685670e-11
-4.857538176917270239e-11
-4.854845267731994023e-11
-4.852152358546889706e-11
-4.849459449363680796e-11
-4.846766540178576478e-11
-4.844073630993299616e-11
-4.841380721809574364e-11
-4.838687812622919083e-11
-4.835994903439193185e-11
-4.833301994254778400e-11
-4.830609085070104475e-11
-4.827916175885172702e-11
-4.825223266700412828e-11
-4.822546679057482446e-11
-4.819885199652080917e-11
-4.817223720248316947e-11
-4.814562240842398429e-11
-4.811900761437944280e-11
-4.809239282033232283e-11
-4.806577802629554262e-11
-4.803916323224411226e-11
-4.801254843819785178e-11
-4.798593364416106511e-11
-4.795931885010791577e-11
-4.793270405606337428e-11
-4.790608926201022494e-11
-4.787947446796568344e-11
-4.785296279477305792e-11
-4.782668498895570781e-11
-4.780040718310992335e-11
-4.777412937729343273e-11
-4.774785157145712208e-11
-4.772157376563115119e-11
-4.769529595980001688e-11
-4.766901815396887611e-11
-4.764274034813773534e-11
-4.761646254232641459e-11
-4.759018473648924445e-11
-4.756390693066413951e-11
-4.753762912483299874e-11
-4.751135131900789381e-11
-4.748507351317072366e-11
-4.745908776165109923e-11
-4.743310671122723010e-11
-4.740712566080507995e-11
-4.738114461038121082e-11
-4.735516355996509650e-11
-4.732918250953519800e-11
-4.730320145910701848e-11
-4.727722040868228986e-11
-4.725123935826100566e-11
-4.722525830784403186e-11
-4.719927725741412689e-11
-4.717329620699973802e-11
-4.714731515656897356e-11
-4.712133410613993455e-11
-4.709554377770731169e-11
-4.706990765958003949e-11
-4.704427154145190780e-11
-4.701863542332376964e-11
-4.699299930520166732e-11
-4.696736318706147042e-11
-4.694172706894626342e-11
-4.691609095080606652e-11
-4.689045483269257851e-11
-4.686481871456358732e-11
-4.683918259643717461e-11
-4.681354647830817696e-11
-4.678791036018177071e-11
-4.676227424205277306e-11
-4.673664235551785086e-11
-4.671137502229489401e-11
-4.668610768907968551e-11
-4.666084035585758815e-11
-4.663557302264152662e-11
-4.661030568943407294e-11
-4.658503835621025660e-11
-4.655977102298729329e-11
-4.653450368977036580e-11
-4.650923635655516377e-11
-4.648396902333134096e-11
-4.645870169011699842e-11
-4.643343435690007094e-11
-4.640816702368486891e-11
-4.638289969046966687e-11
-4.635773602599548244e-11
-4.633275749408856864e-11
-4.630777896218855016e-11
-4.628280043028853168e-11
-4.625782189838765371e-11
-4.623284336647471053e-11
-4.620786483456693724e-11
-4.618288630267467358e-11
-4.615790777075311609e-11
-4.613292923885395710e-11
-4.610795070694101393e-11
-4.608297217504702482e-11
-4.605799364315476116e-11
-4.603301511124009900e-11
-4.600803657933404469e-11
-4.598324388424822668e-11
-4.595857792425442699e-11
-4.593391196426579719e-11
-4.590924600427286346e-11
-4.588458004428509961e-11
-4.585991408429819525e-11
-4.583524812430525505e-11
-4.581058216430973639e-11
-4.578591620432283203e-11
-4.576125024433851261e-11
-4.573658428434212798e-11
-4.571191832435350464e-11
-4.568725236435626052e-11
-4.566258640437797047e-11
-4.563792044437814142e-11
-4.561347523892548555e-11
-4.558911701248790230e-11
-4.556475878604342372e-11
-4.554040055960411502e-11
-4.551604233315274111e-11
-4.549168410670653709e-11
-4.546732588026809434e-11
-4.544296765381586095e-11
-4.541860942737741174e-11
-4.539425120093810304e-11
-4.536989297448672914e-11
-4.534553474805087133e-11
-4.532117652160725224e-11
-4.529681829515587834e-11
-4.527246006871656964e-11
-4.524830719928901633e-11
-4.522423162108109854e-11
-4.520015604286024959e-11
-4.517608046465491027e-11
-4.515200488643492727e-11
-4.512792930821924819e-11
-4.510385372999926519e-11
-4.507977815178531157e-11
-4.505570257357308338e-11
-4.503162699536515913e-11
-4.500755141714345068e-11
-4.498347583893725187e-11
-4.495940026071123304e-11
-4.493532468249814536e-11
-4.491124910428246629e-11
-4.488739441488519384e-11
-4.486367439572959177e-11
-4.483995437657916604e-11
-4.481623435741753460e-11
-4.479251433825503720e-11
-4.476879431910719641e-11
-4.474507429994039509e-11
