8.051561447543679462e-07
7.955916593756500878e-07
7.857100103799968166e-07
7.738776647570598255e-07
7.608691547042189686e-07
7.482965333727069049e-07
7.337074879425013026e-07
7.185452963102036565e-07
7.035831464979222644e-07
6.867432308413914277e-07
6.706252396446871042e-07
6.527916112295008026e-07
6.352577022726585962e-07
6.171479930830171858e-07
5.982692162091472425e-07
5.800431980287795904e-07
5.604729099220715493e-07
5.417439453882118188e-07
5.224514250897518798e-07
5.028079611695478875e-07
4.836187890636069729e-07
4.637472614556276752e-07
4.450708476886363068e-07
4.247067094973456876e-07
4.062438063145450024e-07
3.859623877497403339e-07
3.680424290910383886e-07
3.496142226134591993e-07
3.304278776569533041e-07
3.131112924030760375e-07
2.945540273104098319e-07
2.773796200565465010e-07
2.609040561752725667e-07
2.428873637566362573e-07
2.271055138390286472e-07
2.117841024380895284e-07
1.952464856789129604e-07
1.806724515854115613e-07
1.664391052047938618e-07
1.516072953995881902e-07
1.386611845557155584e-07
1.258860395810804595e-07
1.122334584051331094e-07
1.008037145499308226e-07
9.011697580468815642e-08
7.756646799273306429e-08
6.793520250429368864e-08
5.849511531188055762e-08
4.847199014073279272e-08
3.966252682019689570e-08
3.156186522067411386e-08
2.414108969299270294e-08
1.574400828429739177e-08
9.769776874564393849e-09
3.791151518024267353e-09
-2.266058381778899626e-09
-7.767309603583652893e-09
-1.213828052465488510e-08
-1.582980286202426233e-08
-2.071656311243882195e-08
-2.375918301277309799e-08
-2.640883547646314538e-08
-2.841073695943159618e-08
-3.103083291338481768e-08
-3.271682639177797558e-08
-3.388157301786156719e-08
-3.419225116218986542e-08
-3.545441761439942293e-08
-3.581562524102250795e-08
-3.522100847517730832e-08
-3.476046158720784685e-08
-3.367744142119908680e-08
-3.340024900815875165e-08
-3.145315722599401273e-08
-3.052052125498287932e-08
-2.783959424931766236e-08
-2.649608143258600000e-08
-2.426584480758941243e-08
-2.150090809267738090e-08
-1.909065278492991788e-08
-1.582972901649367679e-08
-1.366832202384685318e-08
-1.030589080832562882e-08
-7.093222832019210357e-09
-3.867434156614781619e-09
-1.265681347469417191e-10
2.613451003364489949e-09
6.308673919334828894e-09
9.922390533703174467e-09
1.356047587066608750e-08
1.781455790743763491e-08
2.019296456715216441e-08
2.376438202214073607e-08
2.786654399008145020e-08
3.093705547792719871e-08
3.496300120078109725e-08
3.833231883600686545e-08
4.073485601083349934e-08
4.447199031576194444e-08
4.771472853186550049e-08
5.079405023446175139e-08
5.408046159023241981e-08
5.655743392751940478e-08
5.889287491697722513e-08
6.177351665993075332e-08
6.421488984926373158e-08
6.661739790337145550e-08
6.893464126051547447e-08
7.023888762242054694e-08
7.182619678312355073e-08
7.379696886178133808e-08
7.513786690232020173e-08
7.656691995678146831e-08
7.795718412850858987e-08
7.796967214229746280e-08
7.840592427880863339e-08
7.897162835361809842e-08
7.913531299569157757e-08
7.905811198311139542e-08
7.905130163636092854e-08
7.862333353038157042e-08
7.715348324722396409e-08
7.642407787820332100e-08
7.538405664943764385e-08
7.404242348619813732e-08
7.255028425287850574e-08
7.089249258602368372e-08
6.869197735145114859e-08
6.607887832345014508e-08
6.377986333004187351e-08
6.124858249152410094e-08
5.852249807605015118e-08
5.563337824232890723e-08
5.262324754699887238e-08
4.873232600890299844e-08
4.494358285861372836e-08
4.121081243448567324e-08
3.746350209034069991e-08
3.343232574693285562e-08
2.929841992025253317e-08
2.505158446800948447e-08
2.049369040738983835e-08
1.527237113948251206e-08
1.056004267183508278e-08
5.807073162625148148e-09
1.021984024333080111e-09
-3.855942876968423827e-09
-8.982144535703813864e-09
-1.416212496869483174e-08
-1.952745776375406103e-08
-2.540349570626792147e-08
-3.061533105353128068e-08
-3.583602013457560585e-08
-4.109534984436239842e-08
-4.647783226931814276e-08
-5.174862017609677363e-08
-5.711600796140139941e-08
-6.280273282238814370e-08
-6.840455102266604107e-08
-7.372155508344156346e-08
-7.886369302827290964e-08
-8.404352109274704141e-08
-8.902354447865842820e-08
-9.398993557305211915e-08
-9.888765959274472191e-08
-1.039972067263607368e-07
-1.091390310073007246e-07
-1.139058020253113139e-07
-1.183124703255960025e-07
-1.226379193789588746e-07
-1.269540072614444338e-07
-1.309577865704380624e-07
-1.348885231365268363e-07
-1.385507142423685277e-07
-1.425659873295478429e-07
-1.468544173542136969e-07
-1.499183819343314303e-07
-1.529742556442152779e-07
-1.559065316074632178e-07
-1.587554224761422766e-07
-1.614779552386870097e-07
-1.637211759384740055e-07
-1.659732072457305940e-07
-1.682191766101356020e-07
-1.705037898075313589e-07
-1.724378921169956092e-07
-1.737012524124349689e-07
-1.749356072642103048e-07
-1.761676879375232992e-07
-1.770412110193716448e-07
-1.777781338206889238e-07
-1.780102529688172580e-07
-1.785614450008619680e-07
-1.791494558054378007e-07
-1.791593085651404638e-07
-1.791202065542201008e-07
-1.783384419764449208e-07
-1.778714467844243696e-07
-1.772362575231279375e-07
-1.762423528781155927e-07
-1.752824184545012847e-07
-1.735473922979892660e-07
-1.723859825542631626e-07
-1.712537507810663116e-07
-1.697751698394847728e-07
-1.677880403797850952e-07
-1.655920874321572314e-07
-1.634445970672938156e-07
-1.613588088831520211e-07
-1.594087127566306651e-07
-1.564248677389725536e-07
-1.537720710797299159e-07
-1.505649704432537399e-07
-1.482190655647733354e-07
-1.458200963728261267e-07
-1.428530299265079457e-07
-1.392869819646111051e-07
-1.360798278746530962e-07
-1.326905861111380686e-07
-1.295845260639663199e-07
-1.267186503529508857e-07
-1.227155469934463701e-07
-1.192386333931195502e-07
-1.155182836448206758e-07
-1.122773810681893807e-07
-1.088439572907090608e-07
-1.056293403951352996e-07
-1.014744406914778418e-07
-9.790649228250519600e-08
-9.412343902275352128e-08
-9.077441630896028652e-08
-8.706022196105523628e-08
-8.362473387219864715e-08
-7.952953067822041957e-08
-7.608785699476760968e-08
-7.256768051106200952e-08
-6.941075494027134925e-08
-6.581779934764411902e-08
-6.255592907905207783e-08
-5.873166847602258967e-08
-5.546104264153276483e-08
-5.222421410951412097e-08
-4.929535118084598951e-08
-4.590756455932330740e-08
-4.288274380521908149e-08
-3.953158801548375623e-08
-3.650169352595259133e-08
-3.392864207807445853e-08
-3.133911505270237063e-08
-2.878358076431091882e-08
-2.590663166521021118e-08
-2.347000846070611060e-08
-2.066921316803587811e-08
-1.867193886202090753e-08
-1.658068755680212476e-08
-1.466905519912187822e-08
-1.241827725535687852e-08
-1.051926926264860112e-08
-8.597180487351884452e-09
-6.928095576678733613e-09
-5.672061220093271656e-09
-4.386442917961721694e-09
-3.173198485414004243e-09
-1.711954857296562420e-09
-7.375035325321433659e-10
3.484166470323747187e-10
1.091984518391234687e-09
1.751362357862736117e-09
2.299920805533549924e-09
2.810124860676189079e-09
3.384176901171677800e-09
3.394800711481240554e-09
3.562513228885420913e-09
3.383770519619242592e-09
3.155545194219881130e-09
2.858268561018873610e-09
2.493705908654985551e-09
2.170222227581958942e-09
1.466983954531823398e-09
8.365301273977066108e-10
8.375282838399370554e-12
-9.111693455512635032e-10
-1.848558405619694042e-09
-3.042434060693102183e-09
-4.143191359907606303e-09
-5.587377240539354332e-09
-7.066870746046725854e-09
-8.574870171056145359e-09
-1.025248343250681171e-08
-1.181996940573925815e-08
-1.364211301590329533e-08
-1.544157491081704953e-08
-1.723273230254121652e-08
-1.917890549502929687e-08
-2.101243606987151605e-08
-2.315142086285011446e-08
-2.524782865946192841e-08
-2.734046061890950751e-08
-2.959829321506603166e-08
-3.174014243033213476e-08
-3.418663783718730140e-08
-3.661283965113612036e-08
-3.888911933547617340e-08
-4.130192511291508437e-08
-4.356615035740634220e-08
-4.598050249853548185e-08
-4.842948513646235685e-08
-5.065884505958390808e-08
-5.300987547871941676e-08
-5.522914276066317810e-08
-5.759201735082092238e-08
-6.000671420458500338e-08
-6.224827204631308476e-08
-6.460211696683010967e-08
-6.693943052695939242e-08
-6.914882959490274559e-08
-7.150336657963089860e-08
-7.369837877092264027e-08
-7.577035125782720630e-08
-7.791757923472563256e-08
-7.984273026422836337e-08
-8.179893909736906493e-08
-8.377500450522108182e-08
-8.547535323869233550e-08
-8.727544265988871457e-08
-8.897672405316984096e-08
-9.054846157973774054e-08
-9.218137154755094174e-08
-9.367692483742043481e-08
-9.512685082673258564e-08
-9.661534268692846543e-08
-9.790704814280720710e-08
-9.918726744370947683e-08
-1.005085430064103058e-07
-1.013994887932935146e-07
-1.023313120256224143e-07
-1.032574977896596328e-07
-1.039596303213334434e-07
-1.047163101699164725e-07
-1.053934869988660504e-07
-1.058373390557777372e-07
-1.063634158791736728e-07
-1.067234273642670973e-07
-1.068602986308647138e-07
-1.070684953499967520e-07
-1.072799942838017207e-07
-1.073848637254808848e-07
-1.075528444269493131e-07
-1.074410442915122153e-07
-1.071894120639174041e-07
-1.070624002606653546e-07
-1.065622986066069140e-07
-1.059910969008814953e-07
-1.056104050892429454e-07
-1.050050733784758339e-07
-1.044052601822352254e-07
-1.039525192757782906e-07
-1.029715949188471270e-07
-1.020164814835481235e-07
-1.012332794410732401e-07
-1.000526797298858583e-07
-9.884090071807472148e-08
-9.791130620197722378e-08
-9.688690181234649560e-08
-9.585380754283324755e-08
-9.496113240416931617e-08
-9.344480484404905304e-08
-9.194313912635385636e-08
-9.068392132041141251e-08
-8.909659373045979931e-08
-8.745745676480993705e-08
-8.612660407054963264e-08
-8.467406666340676134e-08
-8.318933448078107430e-08
-8.195797682509801401e-08
-8.013719296535728899e-08
-7.828658027221108740e-08
-7.667626453867540305e-08
-7.498232788351409814e-08
-7.314941287057616290e-08
-7.136451583756534736e-08
-6.999568356930503341e-08
-6.834547167064787385e-08
-6.676191094599435118e-08
-6.518527094535140763e-08
-6.324352183081195189e-08
-6.137747624799576262e-08
-5.982897257618296922e-08
-5.805866940337876921e-08
-5.629084164662654331e-08
-5.483276449135580188e-08
-5.322077864266012235e-08
-5.155212009468001524e-08
-5.013478229142620052e-08
-4.841516006919660810e-08
-4.662324253262571020e-08
-4.497962827334399431e-08
-4.362313059521969498e-08
-4.208495871492010260e-08
-4.056750566239680540e-08
-3.936768372931262629e-08
-3.794714059092828780e-08
-3.655823234225693365e-08
-3.536550767150052174e-08
-3.399954282003164750e-08
-3.254734893419921391e-08
-3.135490695088366164e-08
-3.026535607972711614e-08
-2.910583321905025982e-08
-2.796010751533654042e-08
-2.709106334670531352e-08
-2.604488266651496444e-08
-2.500463547171963041e-08
-2.416823781068153690e-08
-2.328039388670580682e-08
-2.230170393277477525e-08
-2.149448524304337508e-08
-2.092329510557053658e-08
-2.030022858101179429e-08
-1.967023092847947042e-08
-1.924259354408358170e-08
-1.874614159576303206e-08
-1.821761491645883558e-08
-1.781380395464602148e-08
-1.744919870566794256e-08
-1.703212954935556412e-08
-1.660855106656265728e-08
-1.645633611719079325e-08
-1.628082528999899686e-08
-1.607019682088842888e-08
-1.594872251246234807e-08
-1.586942205871286650e-08
-1.575336965859301530e-08
-1.562555189579589906e-08
-1.570903236399310817e-08
-1.581268240713153307e-08
-1.585247207095043784e-08
-1.598360998812413898e-08
-1.638402274520331145e-08
-1.675645129885926621e-08
-1.710031456380065266e-08
-1.752083089719764035e-08
-1.799365684374452552e-08
-1.843213655480599105e-08
-1.885159255364422755e-08
-1.946068511877354748e-08
-2.007087779273865351e-08
-2.064615950046017507e-08
-2.123629201484806022e-08
-2.193750994460385362e-08
-2.263146139453388212e-08
-2.330502022813863209e-08
-2.402322213879099128e-08
-2.482491081865625169e-08
-2.560191943838709047e-08
-2.632380519697896314e-08
-2.719055040028922606e-08
-2.806498867176633207e-08
-2.891173261644246647e-08
-2.972296283568158609e-08
-3.062943392964385708e-08
-3.154700312577507082e-08
-3.244697923501625531e-08
-3.328173249464960614e-08
-3.417665815604044834e-08
-3.509099115208644003e-08
-3.599101669226866526e-08
-3.679456679429772173e-08
-3.766984569097345238e-08
-3.854871060605342718e-08
-3.935534903428977250e-08
-4.017736095959037648e-08
-4.101643939238373708e-08
-4.185090467549216351e-08
-4.261510660055933192e-08
-4.339389098050390849e-08
-4.419202601997967877e-08
-4.498899459607254147e-08
-4.570754634992824527e-08
-4.642440261445423206e-08
-4.716371106918633457e-08
-4.790459754944449635e-08
-4.854941440385227267e-08
-4.917181157603240008e-08
-4.982423005856212804e-08
-5.048269243565308982e-08
-5.100741705327890044e-08
-5.148860265266921117e-08
-5.200354046580892722e-08
-5.252647436060886083e-08
-5.294014562567707224e-08
-5.332192418816850312e-08
-5.373202533355337464e-08
-5.414952292292809028e-08
-5.445322614542327229e-08
-5.470575465663509596e-08
-5.498863103257176038e-08
-5.528406557962266533e-08
-5.546667008119390189e-08
-5.557952744085152252e-08
-5.571018526626667637e-08
-5.585680247311876097e-08
-5.599098053341446738e-08
-5.606377093682324171e-08
-5.615211030091270372e-08
-5.626038394606082166e-08
-5.628152972624583000e-08
-5.616245313442529246e-08
-5.606043122991739448e-08
-5.599144795404814375e-08
-5.589457096681362380e-08
-5.565804079036944807e-08
-5.541931600817376499e-08
-5.521255989963644732e-08
-5.506185371500638807e-08
-5.479968804095682976e-08
-5.452941481329000450e-08
-5.429635192138067657e-08
-5.410360175670180132e-08
-5.366542280658903644e-08
-5.321160352562297624e-08
-5.281272617255285016e-08
-5.249843962306945765e-08
-5.200635116075541713e-08
-5.149419769928046823e-08
-5.099428956279493762e-08
-5.050620388222700502e-08
-5.016071978982268902e-08
-4.970518783766006194e-08
-4.923814564486144636e-08
-4.880182818466170638e-08
-4.836964476055161260e-08
-4.773899690416246105e-08
-4.709219329505729756e-08
-4.648970222342542648e-08
-4.599507911645587121e-08
-4.536576816318815287e-08
-4.470525634070539542e-08
-4.407359020733217513e-08
-4.350949183952675010e-08
-4.298443990178573991e-08
-4.239428395612934481e-08
-4.179093019879527535e-08
-4.121258967584804310e-08
-4.069506507799189434e-08
-4.001626631203361475e-08
-3.930843806592592192e-08
-3.863533981872150666e-08
-3.809733994864135116e-08
-3.747826571648674870e-08
-3.682963569486998226e-08
-3.618982779944836632e-08
-3.555339529266175263e-08
-3.511517355494216462e-08
-3.456416348156157688e-08
-3.398184109937297075e-08
-3.342655037680581701e-08
-3.296966636206451405e-08
-3.237119078212726775e-08
-3.174130563059349758e-08
-3.113278034236907046e-08
-3.052901744676319069e-08
-3.012953408011965152e-08
-2.963792574433793126e-08
-2.910281525155769767e-08
-2.858664128195475016e-08
-2.820648156924094076e-08
-2.777341839907752915e-08
-2.731444379466153990e-08
-2.686689138398007258e-08
-2.641933897329885341e-08
-2.609380957149270989e-08
-2.568602148230122779e-08
-2.523944870249786805e-08
-2.480522619919295833e-08
-2.449328649152683829e-08
-2.422042062411353534e-08
-2.393457929990266944e-08
-2.362736469375609583e-08
-2.332582599919454844e-08
-2.314522320953493885e-08
-2.292130343086598450e-08
-2.267449422579041661e-08
-2.243175914383130103e-08
-2.221358101476684653e-08
-2.207705581431430195e-08
-2.191161038173577877e-08
-2.171306522498708636e-08
-2.151983189111456266e-08
-2.141051175268686592e-08
-2.135094893803153349e-08
-2.128454801161072053e-08
-2.119816235065926652e-08
-2.111437003435675996e-08
-2.110573053053319747e-08
-2.109610359977773893e-08
-2.107435238549578879e-08
-2.104484644150717357e-08
-2.101534049751692714e-08
-2.107374184886164586e-08
-2.112810599694560883e-08
-2.116510990073788967e-08
-2.119413318749608028e-08
-2.123512954592000641e-08
-2.137769537830570954e-08
-2.151711818486875034e-08
-2.164277086081895452e-08
-2.176498294970582185e-08
-2.190095595192592832e-08
-2.206148912480244178e-08
-2.222202229767545462e-08
-2.237331346712958639e-08
-2.252383543299366792e-08
-2.268417962945765607e-08
-2.287339406707801373e-08
-2.306213573911038006e-08
-2.324218884891674619e-08
-2.342066352342481066e-08
-2.360957290952741219e-08
-2.383049610255336754e-08
-2.405154906557304013e-08
-2.426796125410856413e-08
-2.448281178871075926e-08
-2.469458948193414740e-08
-2.492168067705600386e-08
-2.514944766508449907e-08
-2.537570635100308545e-08
-2.560089827739313178e-08
-2.581677238114313985e-08
-2.604157482730247186e-08
-2.626667934510706033e-08
-2.649011483113474193e-08
-2.671278298130245512e-08
-2.693677900379427148e-08
-2.717642071199925871e-08
-2.741700670714109696e-08
-2.766228632758858448e-08
-2.790725020105132674e-08
-2.812856235685231976e-08
-2.831197493085124871e-08
-2.849572415427863120e-08
-2.868902579179123624e-08
-2.888456730806108314e-08
-2.907027458545818776e-08
-2.923237242106969267e-08
-2.939447025668176668e-08
-2.956314432943041727e-08
-2.973474046737489772e-08
-2.990630225017492006e-08
-3.003528900314873258e-08
-3.016390926907058252e-08
-3.029828860951265685e-08
-3.044005797711928286e-08
-3.058202865346967742e-08
-3.067053703982092977e-08
-3.074196137871440204e-08
-3.081460411293582382e-08
-3.090053910265486286e-08
-3.098647409237186372e-08
-3.106265980046296211e-08
-3.110822580667862206e-08
-3.115120009386425686e-08
-3.120754070631783488e-08
-3.126516224744120808e-08
-3.132614484975309262e-08
-3.132605859220701321e-08
-3.132535510849931053e-08
-3.133321408486051408e-08
-3.135033151935662614e-08
-3.139059643484919534e-08
-3.132175535530486950e-08
-3.125291427575981574e-08
-3.118354658462423533e-08
-3.113159759074269210e-08
-3.107964859686277677e-08
-3.103276893219797041e-08
-3.093712486733538816e-08
-3.083393885419116655e-08
-3.074868515453895275e-08
-3.066442848681639715e-08
-3.060736755926106574e-08
-3.047156586567174857e-08
-3.033576417208633568e-08
-3.019819479285630879e-08
-3.007587831174715918e-08
-2.997214439796297677e-08
-2.982535405668958357e-08
-2.964384637999570689e-08
-2.945086153380230626e-08
-2.927733820237277750e-08
-2.910381487094642511e-08
-2.898719139757622339e-08
-2.881246484524181257e-08
-2.863583128572379564e-08
-2.845200389327262133e-08
-2.828116289887137251e-08
-2.814255663776998681e-08
-2.797081064806317263e-08
-2.776857051023991607e-08
-2.755402926388627798e-08
-2.736033879585443244e-08
-2.716664832782144870e-08
-2.701687412022747854e-08
-2.678702383158593261e-08
-2.655717354294593847e-08
-2.631132712121068094e-08
-2.608140764497379135e-08
-2.585148816873486690e-08
-2.571623920752609645e-08
-2.552372357933038970e-08
-2.531881122922013129e-08
-2.512101169174526276e-08
-2.492578106629033436e-08
-2.478957045592276061e-08
-2.457941124229644131e-08
-2.436925202867003599e-08
-2.414489906870372549e-08
-2.393598923762200060e-08
-2.372707940654206904e-08
-2.357711634277325699e-08
-2.337340988995478172e-08
-2.316935083926813959e-08
-2.294256057178584663e-08
-2.272817518653380373e-08
-2.251378980128159870e-08
-2.242209015156751916e-08
-2.228536755817001451e-08
-2.214025227255602109e-08
-2.199233283041434540e-08
-2.184876296649257091e-08
-2.174818552852251283e-08
-2.159739192077623154e-08
-2.143747563711805384e-08
-2.126413289960577767e-08
-2.110161411819207108e-08
-2.093909533677934056e-08
-2.083012263097628401e-08
-2.070304811893335088e-08
-2.057597360688919352e-08
-2.043219548371128018e-08
-2.029264433728667744e-08
-2.015309319086566135e-08
-2.008198172239346652e-08
-2.000396219595054014e-08
-1.992594266950696195e-08
-1.983456797664517731e-08
-1.974905704516494355e-08
-1.966354611368674795e-08
-1.961749386587369091e-08
-1.953774571854675185e-08
-1.945799757121810549e-08
-1.936498804508770722e-08
-1.927842575558943628e-08
-1.919186346609352447e-08
-1.916122811204881230e-08
-1.911961240910315640e-08
-1.907799670615757990e-08
-1.902105845998181509e-08
-1.896800029207794894e-08
-1.891494212417562796e-08
-1.891748614009633713e-08
-1.891024072759764456e-08
-1.890299531509895198e-08
-1.888566286998568985e-08
-1.887244353238524853e-08
-1.885922419478553845e-08
-1.887318145902281872e-08
-1.886706719580602328e-08
-1.886095293258890028e-08
-1.884662441937775405e-08
-1.883631745914418405e-08
-1.882601049891102103e-08
-1.884509659788592358e-08
-1.885835941489491351e-08
-1.887162223190301009e-08
-1.887741879869509153e-08
-1.888509933752273594e-08
-1.889277987635200824e-08
-1.892423713035894368e-08
-1.895309527758860008e-08
-1.898195342481728040e-08
-1.900601371204270514e-08
-1.903217805092305677e-08
-1.905834238980503629e-08
-1.909904883694373590e-08
-1.912706553263778668e-08
-1.915508222832931622e-08
-1.917955543843533188e-08
-1.920563966066805423e-08
-1.923228793709313833e-08
-1.926372870774721896e-08
-1.930650424209115450e-08
-1.934098315785926273e-08
-1.937401845459459992e-08
-1.940462506960051890e-08
-1.943750167271540785e-08
-1.947037827583095193e-08
-1.952181761580584569e-08
-1.955966051731889928e-08
-1.959750341883362047e-08
-1.963347783650431220e-08
-1.967398538043079598e-08
-1.971449292435573459e-08
-1.975991458045581869e-08
-1.977378083802894229e-08
-1.978764709560304196e-08
-1.979824357176416785e-08
-1.981592072790008052e-08
-1.983359788403627775e-08
-1.985971441936941882e-08
-1.988043377110720587e-08
-1.989414100421643202e-08
-1.990671505623794784e-08
-1.991958096264269495e-08
-1.993574623972745572e-08
-1.995191151681164408e-08
-1.997635658351957196e-08
-1.997516335055549164e-08
-1.997397011759242709e-08
-1.997047278052097653e-08
-1.997463055391091230e-08
-1.997878832729909445e-08
-1.999919557249046637e-08
-1.997704496998830442e-08
-1.995489436748675457e-08
-1.993022085939379942e-08
-1.990741998521850652e-08
-1.988815626760842547e-08
-1.986889255000119653e-08
-1.987634837630026032e-08
-1.986142346092755067e-08
-1.984649854555557555e-08
-1.982721166996495858e-08
-1.981552866086046755e-08
-1.980384565175797167e-08
-1.981063915070351823e-08
-1.977378754953767869e-08
-1.973028569721161591e-08
-1.968543945950372211e-08
-1.964167335737891666e-08
-1.960440308370410436e-08
-1.956713281002864354e-08
-1.954847563330397575e-08
-1.949265685072496281e-08
-1.943683806814570833e-08
-1.937456293429286117e-08
-1.932076365727872917e-08
-1.926732056974694711e-08
-1.921387748221378200e-08
-1.919133490266119105e-08
-1.913882914074108069e-08
-1.908632337882052035e-08
-1.902788877479387875e-08
-1.897783345215036878e-08
-1.892777812950644853e-08
-1.890261940427855370e-08
-1.883542900225009407e-08
-1.876319684398828098e-08
-1.868990165783652369e-08
-1.861353805492491055e-08
-1.854482764680017798e-08
-1.847611723867373479e-08
-1.843673573237829602e-08
-1.836241818306920457e-08
-1.828810063376231673e-08
-1.820890788261616073e-08
-1.812949479445508606e-08
-1.805367130201427430e-08
-1.797784780957281072e-08
-1.794530106825258433e-08
-1.788701550823781225e-08
-1.782872994822324531e-08
-1.776376103688425751e-08
-1.770435514488981131e-08
-1.764610166453348210e-08
-1.758784818417605107e-08
-1.755243089156139190e-08
-1.747678592401895049e-08
-1.740114095647740574e-08
-1.731777726104560337e-08
-1.724401896956343427e-08
-1.717026067808098062e-08
-1.709650238659925820e-08
-1.705507853639919916e-08
-1.698367623538279075e-08
-1.691227393436674962e-08
-1.683181256371976363e-08
-1.675735245541420792e-08
-1.668289234710934042e-08
-1.660843223880480048e-08
-1.658185522161159833e-08
-1.652927824911273183e-08
-1.647670127661231685e-08
-1.641630710655264011e-08
-1.636173622516579867e-08
-1.630716534377777602e-08
-1.625259446238983277e-08
-1.622444102311880991e-08
-1.616558066342282537e-08
-1.610672030372883267e-08
-1.604031132392420902e-08
-1.598038818184544638e-08
-1.592046503976562164e-08
-1.586054189768706414e-08
-1.583493670595136650e-08
-1.578720256306198447e-08
-1.573946842017223516e-08
-1.568456707481660253e-08
-1.563121070313355750e-08
-1.557862673020647060e-08
-1.552604275727938370e-08
-1.551422733628575374e-08
-1.548803452983441833e-08
-1.546184172338483324e-08
-1.543199809386703135e-08
-1.540171630933556546e-08
-1.537368534949832886e-08
-1.534565438966239591e-08
-1.533855450207641310e-08
-1.530093778554992152e-08
-1.526332106902346964e-08
-1.522443813511777446e-08
-1.518116969344862855e-08
-1.514266150501039010e-08
-1.510415331657015650e-08
-1.508526201756806209e-08
-1.506519457246519101e-08
-1.504222748085962100e-08
-1.501926038925315432e-08
-1.498928207172737199e-08
-1.496323172667386735e-08
-1.493718138162105754e-08
-1.491113103656832714e-08
-1.491355159225994502e-08
-1.489692287311913436e-08
-1.488029415397930143e-08
-1.485905511812179868e-08
-1.484139575292781234e-08
-1.482413911433300905e-08
-1.480688247573755395e-08
-1.480679154747496871e-08
-1.478569378127313636e-08
-1.476459601507073490e-08
-1.474209324816031693e-08
-1.471601452634938400e-08
-1.469349226274802472e-08
-1.467096999914593256e-08
-1.466161397024529617e-08
-1.465952423176715917e-08
-1.465138194159261744e-08
-1.464323965141848434e-08
-1.462996234056607267e-08
-1.462043639544972548e-08
-1.461091045033398709e-08
-1.460138450521796416e-08
-1.460937575512432119e-08
-1.459695450539439418e-08
-1.458453325566283928e-08
-1.457043987743855983e-08
-1.455583112896787716e-08
-1.454432375242154068e-08
-1.453281637587544738e-08
-1.453290493912435717e-08
-1.452287450287861346e-08
-1.450682907187070973e-08
-1.449078364086203341e-08
-1.447014317323790058e-08
-1.445438272316607102e-08
-1.443862227309359129e-08
-1.442286182302212899e-08
-1.442603248268459685e-08
-1.441241553598624146e-08
-1.439879858928837577e-08
-1.438468881138648639e-08
-1.436734957890029627e-08
-1.435409643099759916e-08
-1.434084328309526602e-08
-1.432759013519293453e-08
-1.432837136694289506e-08
-1.430977159097938903e-08
-1.429117181501555710e-08
-1.426965236326687415e-08
-1.425061858253162518e-08
-1.423324342014837169e-08
-1.421586825776540440e-08
-1.421553083679659754e-08
-1.419420331397651995e-08
-1.417210728711995967e-08
-1.415001126026494621e-08
-1.412301069234106877e-08
-1.410111343735828202e-08
-1.407921618237614708e-08
-1.405731892739340169e-08
-1.405648368292487352e-08
-1.403786566163108988e-08
-1.401924764033661307e-08
-1.400062961904250187e-08
-1.397731383076823106e-08
-1.395907900577724430e-08
-1.394084418078592996e-08
-1.392260935579657109e-08
-1.392145976585736289e-08
-1.389637694614877715e-08
-1.387129412643978608e-08
-1.384578345847614786e-08
-1.381756427435341082e-08
-1.379448893592756550e-08
-1.377141359750143398e-08
-1.374833825907628184e-08
-1.373886900542561270e-08
-1.370665334265715188e-08
-1.367443767988869270e-08
-1.364086898428471561e-08
-1.360487850376863426e-08
-1.357294414112620962e-08
-1.354100977848313316e-08
-1.350907541584030155e-08
-1.350314613263089258e-08
-1.347813287381379545e-08
-1.345311961499633270e-08
-1.342653519361872422e-08
-1.339816294822367936e-08
-1.337319135775246143e-08
-1.334821976728156775e-08
-1.332324817680900483e-08
-1.331392768080708153e-08
-1.328144676122628938e-08
-1.324896584164586285e-08
-1.321514227920888668e-08
-1.317996279796897310e-08
-1.314885296719050166e-08
-1.311774313641231643e-08
-1.308663330563384665e-08
-1.307312240734416936e-08
-1.303875519854859734e-08
-1.300438798975396334e-08
-1.296911848895942010e-08
-1.292870151863460437e-08
-1.289260610231684708e-08
-1.285651068599912783e-08
-1.282041526968108433e-08
-1.281613617562694539e-08
-1.279678612388054052e-08
-1.277743607213413399e-08
-1.275808602038841898e-08
-1.273386861054241811e-08
-1.271438456962585089e-08
-1.269490052871083049e-08
-1.267541648779520129e-08
-1.267121165228862867e-08
-1.263689833552576943e-08
-1.260258501876221867e-08
-1.256827170199935943e-08
-1.252899639931102446e-08
-1.249584802057613697e-08
-1.246269964184222721e-08
-1.242955126310738109e-08
-1.241636842492844279e-08
-1.238830339371335844e-08
-1.236023836249868272e-08
-1.233217333128327412e-08
-1.230015491886474792e-08
-1.226938178490570231e-08
-1.223981218481815412e-08
-1.221024258473093185e-08
-1.218261739965844664e-08
-1.217710724636171959e-08
-1.215447830728381609e-08
-1.213184936820428470e-08
-1.210822329551713107e-08
-1.208182688083489986e-08
-1.205903510320247632e-08
-1.203624332557005443e-08
-1.201345154793726528e-08
-1.200699800916976091e-08
-1.197897644422392437e-08
-1.195095487927808784e-08
-1.192293331433196675e-08
-1.188982460690039321e-08
-1.186141935959473094e-08
-1.183301411228874276e-08
-1.180460886498275458e-08
-1.179001447788632524e-08
-1.177442732177796713e-08
-1.175395438972325622e-08
-1.173348145767013516e-08
-1.171085548579779200e-08
-1.168657392844061734e-08
-1.166463828614914460e-08
-1.164270264385799778e-08
-1.162076700156558702e-08
-1.161981706417992503e-08
-1.160182802638271391e-08
-1.158383898858562355e-08
-1.156584995078853485e-08
-1.154337764555409444e-08
-1.152528246379312472e-08
-1.150718728203198957e-08
-1.148909210027114063e-08
-1.148014819871183179e-08
-1.146770484791435167e-08
-1.144686299890158111e-08
-1.142602114988901238e-08
-1.140407908638272890e-08
-1.137988138797556684e-08
-1.135901283698325192e-08
-1.133814428599093534e-08
-1.131727573499829286e-08
-1.131404543593313031e-08
-1.129598027256717806e-08
-1.127791510920208111e-08
-1.125984994583694280e-08
-1.123846535374827106e-08
-1.121880506374708596e-08
-1.120012202690889361e-08
-1.118143899007070125e-08
-1.116275595323259162e-08
-1.116214500893292943e-08
-1.114562094213940533e-08
-1.112909687534628820e-08
-1.111257280855313137e-08
-1.109195211968979101e-08
-1.107535924152298967e-08
-1.105876636335512788e-08
-1.104217348518795761e-08
-1.103041989099865202e-08
-1.102362470753407959e-08
-1.100543647737590892e-08
-1.098724824721855384e-08
-1.096906001706091422e-08
-1.094658622201163258e-08
-1.092822709993056803e-08
-1.090986797784970696e-08
-1.089150885576839757e-08
-1.088663747291686141e-08
-1.087400548902713027e-08
-1.085850217939896754e-08
-1.084299886977125149e-08
-1.082659635082942837e-08
-1.080741112065387514e-08
-1.079132828664299278e-08
-1.077524545263182586e-08
-1.075916261862098650e-08
-1.076015349878011807e-08
-1.074574381829598955e-08
-1.073133413781104542e-08
-1.071692445732691690e-08
-1.070133180929652993e-08
-1.068467485165430247e-08
-1.067085163950748351e-08
-1.065702842736091106e-08
-1.064320521521401104e-08
-1.064371685206567922e-08
-1.062371114017214913e-08
-1.060370542827866205e-08
-1.058369971638501119e-08
-1.056235321383385192e-08
-1.053970972853472898e-08
-1.051995356847368120e-08
-1.050019740841169704e-08
-1.048044124835036470e-08
-1.047724186131267785e-08
-1.046147686441539314e-08
-1.044571186751741526e-08
-1.042994687062090314e-08
-1.041323643232377444e-08
-1.039434285283735315e-08
-1.037833027611036193e-08
-1.036231769938279995e-08
-1.034630512265592950e-08
-1.034383507385382360e-08
-1.032815618336075415e-08
-1.031011964908263877e-08
-1.029208311480448036e-08
-1.027384096066394096e-08
-1.025252578258859946e-08
-1.023514683287570530e-08
-1.021776788316281279e-08
-1.020038893344959271e-08
-1.018867117344220725e-08
-1.017791096103122683e-08
-1.015731720803415524e-08
-1.013672345503692152e-08
-1.011612970203952402e-08
-1.009098193551145432e-08
-1.006973706927321718e-08
-1.004849220303465248e-08
-1.002724733679625155e-08
-1.000600247055799290e-08
-1.000699940300355866e-08
-9.993917669151806436e-09
-9.980835935300237844e-09
-9.967754201448505470e-09
-9.951660843047837089e-09
-9.937670862662149462e-09
-9.924469974546351558e-09
-9.911269086430350166e-09
-9.898068198314552261e-09
-9.898507701588626904e-09
-9.878414693810413300e-09
-9.858321686031589237e-09
-9.838228678252887597e-09
-9.816922487001220241e-09
-9.794604473443798900e-09
-9.775297992625207273e-09
-9.755991511807105336e-09
-9.736685030987985968e-09
-9.726341240723115791e-09
-9.713621990058512046e-09
-9.694702913690090317e-09
-9.675783837321423744e-09
-9.656864760953225354e-09
-9.633753593698000075e-09
-9.614277382167177147e-09
-9.594801170636049816e-09
-9.575324959104900979e-09
-9.555848747573935776e-09
-9.554393547039420935e-09
-9.539001758614748571e-09
-9.523609970190747877e-09
-9.508218181766381570e-09
-9.491137461627176990e-09
-9.473677622822937940e-09
-9.458228571923006286e-09
-9.442779521022606447e-09
-9.427330470122166903e-09
-9.421490420120048010e-09
-9.408051923171500079e-09
-9.389140956609505618e-09
-9.370229990047550862e-09
-9.351319023485147773e-09
-9.328570517857974875e-09
-9.309778032401848149e-09
-9.290985546945537790e-09
-9.272193061488717887e-09
-9.253400576032754943e-09
-9.250298701129976068e-09
-9.233915115937867461e-09
-9.217531530746815990e-09
-9.201147945555377399e-09
-9.183929018955566939e-09
-9.163885740750880985e-09
-9.146627630046668569e-09
-9.129369519343536451e-09
-9.112111408639507669e-09
-9.094853297936069495e-09
-9.096531643452806647e-09
-9.083851392591490277e-09
-9.071171141730317836e-09
-9.058490890868879044e-09
-9.043644225043694276e-09
-9.029394839427809840e-09
-9.016599235247214993e-09
-9.003803631066413352e-09
-8.991008026885267604e-09
-8.987183798300797676e-09
-8.976712547543842783e-09
-8.960481010601480877e-09
-8.944249473658081686e-09
-8.928017936715496440e-09
-8.908647804525914548e-09
-8.892328892402956638e-09
-8.876468719302094215e-09
-8.860608546201314509e-09
-8.844748373099964049e-09
-8.842801437294931535e-09
-8.827347217268819755e-09
-8.811892997243626145e-09
-8.796438777219124058e-09
-8.780984557193604539e-09
-8.761787838247080710e-09
-8.745925731581847278e-09
-8.730063624916673402e-09
-8.714201518251886647e-09
-8.698339411586856700e-09
-8.697412598928560456e-09
-8.684316497893799816e-09
-8.671220396859284022e-09
-8.658124295823770647e-09
-8.645028194789031514e-09
-8.628464908957081124e-09
-8.615236591967286161e-09
-8.602008274976778168e-09
-8.588779957986677148e-09
-8.575551640997146883e-09
-8.575533211270327828e-09
-8.560674471904989329e-09
-8.545815732539508555e-09
-8.530956993174292478e-09
-8.516098253808993684e-09
-8.497779356665346302e-09
-8.482989591626603442e-09
-8.468199826588575266e-09
-8.453410061550179822e-09
-8.438620296511316193e-09
-8.437561711401458958e-09
-8.423840049362613656e-09
-8.410118387323973496e-09
-8.396396725285434251e-09
-8.382675063246774237e-09
-8.365187638799380812e-09
-8.350881821502522148e-09
-8.336576004205134087e-09
-8.322270186908419352e-09
-8.307964369612354781e-09
-8.308393716526097973e-09
-8.297558677366699832e-09
-8.286723638208137144e-09
-8.275888599049410674e-09
-8.265053559891173895e-09
-8.251554334630125034e-09
-8.240318911967131697e-09
-8.229648446187136952e-09
-8.218977980407183567e-09
-8.208307514626722292e-09
-8.204172065743762971e-09
-8.195929229994129840e-09
-8.180711474288056427e-09
-8.165493718582206353e-09
-8.150275962875848391e-09
-8.133255698645067785e-09
-8.116632986452721766e-09
-8.101693942707408202e-09
-8.086754898961565243e-09
-8.071815855216006833e-09
-8.056876811470531142e-09
-8.056403364985519801e-09
-8.043571090631347116e-09
-8.030738816276686394e-09
-8.017906541922290369e-09
-8.004594230366993969e-09
-7.988785370384286119e-09
-7.975657238394082453e-09
-7.962529106404303957e-09
-7.949400974413772728e-09
-7.936272842422956948e-09
-7.936491065094829484e-09
-7.923650270071440483e-09
-7.910809475047502233e-09
-7.897968680023787323e-09
-7.885127884999829221e-09
-7.869487335925821180e-09
-7.856482737877982651e-09
-7.843830224997835953e-09
-7.831177712118056522e-09
-7.818525199239069531e-09
-7.810294374203776696e-09
-7.804322492836308352e-09
-7.789918841462078668e-09
-7.775515190087708364e-09
-7.761111538713316553e-09
-7.745608116636547139e-09
-7.728648954431991390e-09
-7.713935371867067609e-09
-7.699221789302165335e-09
-7.684508206736834581e-09
-7.669794624172582470e-09
-7.669860516659867912e-09
-7.659210204837595542e-09
-7.648559893015220602e-09
-7.637909581193112013e-09
-7.627259269370981918e-09
-7.613818948009979381e-09
-7.602474222805278297e-09
-7.591565084887146924e-09
-7.580655946968731000e-09
-7.569746809050315076e-09
-7.560094755307921172e-09
-7.559647831790163704e-09
-7.546963537297619772e-09
-7.534279242805156904e-09
-7.521594948312449190e-09
-7.508621628419963529e-09
-7.493155318537226254e-09
-7.480750402033371209e-09
-7.468345485528374655e-09
-7.455940569023847940e-09
-7.443535652519381609e-09
-7.442078065679396082e-09
-7.430563384098509323e-09
-7.417613157395633013e-09
-7.404662930692207455e-09
-7.391712703988842281e-09
-7.377352134086648328e-09
-7.362518721749896876e-09
-7.349448998592040350e-09
-7.336379275434427843e-09
-7.323309552276224728e-09
-7.310239829117471539e-09
-7.310175596112947114e-09
-7.298603998305931663e-09
-7.287032400498936064e-09
-7.275460802691981824e-09
-7.263889204885109475e-09
-7.250228093150922514e-09
-7.237604354193273466e-09
-7.225945224943016334e-09
-7.214286095692759202e-09
-7.202626966443480625e-09
-7.190967837193589934e-09
-7.191142803969851216e-09
-7.178712190616828948e-09
-7.166281577263908422e-09
-7.153850963911333658e-09
-7.141420350558311389e-09
-7.126482151568143617e-09
-7.113536301594268501e-09
-7.101145035152447255e-09
-7.088753768710544945e-09
-7.076362502269538471e-09
-7.063971235828104346e-09
-7.063762880284227969e-09
-7.051784549046909290e-09
-7.039806217810100980e-09
-7.027827886573291844e-09
-7.015849555337154378e-09
-7.001044845172619797e-09
-6.988272989513314001e-09
-6.975904287891869985e-09
-6.963535586270649307e-09
-6.951166884648879382e-09
-6.938798183028005293e-09
-6.940436092093211794e-09
-6.930767630117650760e-09
-6.921099168141561157e-09
-6.911430706166000123e-09
-6.901762244190398557e-09
-6.889641501458065336e-09
-6.879266259052455771e-09
-6.869450597316841033e-09
-6.859634935581225469e-09
-6.849819273845853922e-09
-6.840003612109770174e-09
-6.841610816586639871e-09
-6.830343946413571747e-09
-6.819077076239973401e-09
-6.807810206066415587e-09
-6.796543335892837920e-09
-6.783388120821654614e-09
-6.771324982293764804e-09
-6.760333653576467049e-09
-6.749342324859352927e-09
-6.738350996142421612e-09
-6.727359667425449766e-09
-6.727557823767779656e-09
-6.715835971152457684e-09
-6.704114118536831309e-09
-6.692392265921021300e-09
-6.680670413305088869e-09
-6.667702076848974780e-09
-6.654104220604753594e-09
-6.642212763139267730e-09
-6.630321305673272322e-09
-6.618429848207765777e-09
-6.606538390742054919e-09
-6.603872652092222544e-09
-6.596501307110120415e-09
-6.586606646365281568e-09
-6.576711985620157344e-09
-6.566817324874808954e-09
-6.556721621307190893e-09
-6.544153787559440947e-09
-6.534151110851210214e-09
-6.524148434142999333e-09
-6.514145757434605646e-09
-6.504143080725742947e-09
-6.494140404017511386e-09
-6.494760269496022614e-09
-6.483674621475717211e-09
-6.472588973455045368e-09
-6.461503325434271781e-09
-6.450417677413925020e-09
-6.437186449414435416e-09
-6.425526304691091282e-09
-6.414556028650136491e-09
-6.403585752609018746e-09
-6.392615476567860468e-09
-6.381645200526437493e-09
-6.381758822151190107e-09
-6.370953200704194979e-09
-6.360147579257362806e-09
-6.349341957809858135e-09
-6.338536336362863008e-09
-6.327002415393995094e-09
-6.313661295270101737e-09
-6.302420325955962230e-09
-6.291179356642840982e-09
-6.279938387329230870e-09
-6.268697418015417271e-09
-6.258775480069676626e-09
-6.260411317869090492e-09
-6.252357218188893559e-09
-6.244303118508779344e-09
-6.236249018828236650e-09
-6.228194919147673276e-09
-6.218191559050698092e-09
-6.209383798601847514e-09
-6.201332048385878175e-09
-6.193280298169644139e-09
-6.185228547953898966e-09
-6.177176797737624398e-09
-6.179600279739578777e-09
-6.168765015974070324e-09
-6.157732115504554537e-09
-6.146699215034345572e-09
-6.135666314564341749e-09
-6.124618795528778929e-09
-6.110860071249487573e-09
-6.100068296942017794e-09
-6.089276522634507483e-09
-6.078484748327058383e-09
-6.067692974019527393e-09
-6.056901199712220568e-09
-6.057252275076779573e-09
-6.047364388191156183e-09
-6.037476501305593177e-09
-6.027588614419949107e-09
-6.017700727533877385e-09
-6.006992662141212039e-09
-5.995068452870335317e-09
-5.984985646064909804e-09
-5.974902839259605886e-09
-5.964820032454343327e-09
-5.954737225648876454e-09
-5.944654418843450940e-09
-5.945891349042691516e-09
-5.936485247163233075e-09
-5.927079145284304857e-09
-5.917673043405171497e-09
-5.908266941525591460e-09
-5.897589329529033359e-09
-5.886824473485887997e-09
-5.877435818754254328e-09
-5.868047164023068991e-09
-5.858658509290783503e-09
-5.849269854559618845e-09
-5.842003084414048291e-09
-5.840393927839296565e-09
-5.830222855096256273e-09
-5.820051782354376515e-09
-5.809880709611967361e-09
-5.799709636869598740e-09
-5.787950736575935943e-09
-5.776507732374184507e-09
-5.766217628033299054e-09
-5.755927523691578976e-09
-5.745637419349899429e-09
-5.735347315008322453e-09
-5.728139314026011765e-09
-5.726824797937574200e-09
-5.718180846393609222e-09
-5.709536894849928795e-09
-5.700892943305780183e-09
-5.692248991761957480e-09
-5.682066302080770829e-09
-5.672073338193393523e-09
-5.663200925215209991e-09
-5.654328512236353960e-09
-5.645456099257559141e-09
-5.636583686279009168e-09
-5.629464539531477949e-09
-5.629827946879507828e-09
-5.621216698487114717e-09
-5.612605450094660394e-09
-5.603994201702429410e-09
-5.595382953310219106e-09
-5.585598907982477255e-09
-5.575593568132297063e-09
-5.567049503020318039e-09
-5.558505437908032958e-09
-5.549961372795259013e-09
-5.541417307682953253e-09
-5.532873242570851806e-09
-5.534182885733637177e-09
-5.524838344115126528e-09
-5.515493802496615879e-09
-5.506149260877799173e-09
-5.496804719259451478e-09
-5.486816123585370075e-09
-5.475534300812823381e-09
-5.466235117121845853e-09
-5.456935933430726051e-09
-5.447636749739137237e-09
-5.438337566047997582e-09
-5.429038382356734677e-09
-5.430035632641074134e-09
-5.421163780584225888e-09
-5.412291928527336282e-09
-5.403420076470793265e-09
-5.394548224414290780e-09
-5.385676372357157157e-09
-5.374261375774972315e-09
-5.365298931115493651e-09
-5.356353338901462380e-09
-5.347407746687369897e-09
-5.338462154473461048e-09
-5.329516562259591905e-09
-5.328059382787404310e-09
-5.321835816524813955e-09
-5.313047259018717465e-09
-5.304258701512825289e-09
-5.295470144006871902e-09
-5.286681586500449503e-09
-5.276391804968895829e-09
-5.266566805945522114e-09
-5.257747839897177169e-09
-5.248928873848567526e-09
-5.240109907799673333e-09
-5.231290941751430131e-09
-5.222471975703370564e-09
-5.223593140848887155e-09
-5.214851311678854335e-09
-5.206109482509187956e-09
-5.197367653339032714e-09
-5.188625824169387015e-09
-5.179602829636556871e-09
-5.168508043758825674e-09
-5.159606540324899199e-09
-5.150705036890279547e-09
-5.141803533456128078e-09
-5.132902030022038649e-09
-5.124000526588050135e-09
-5.123687178675317363e-09
-5.117567215926294056e-09
-5.109854949906244884e-09
-5.102142683886296627e-09
-5.094430417866226775e-09
-5.086718151846563896e-09
-5.077607531507756038e-09
-5.068663766285039010e-09
-5.060811292314450712e-09
-5.052958818343638247e-09
-5.045106344373192224e-09
-5.037253870402991046e-09
-5.029401396432260473e-09
-5.031560324333500921e-09
-5.023650959421507364e-09
-5.015741594509453423e-09
-5.007832229597622821e-09
-4.999922864685364567e-09
-4.992013499773188203e-09
-4.981974775438690466e-09
-4.973873881364279971e-09
-4.966061671181411515e-09
-4.958249460998665482e-09
-4.950437250815735815e-09
-4.942625040633030314e-09
-4.936236510442799987e-09
-4.936085791249596650e-09
-4.927603076931406316e-09
-4.919120362613745378e-09
-4.910637648295188602e-09
-4.902154933976998268e-09
-4.893388466603461370e-09
-4.882748801647059648e-09
-4.874265176308125832e-09
-4.865781550969598988e-09
-4.857297925630725556e-09
-4.848814300292280604e-09
-4.840330674953285576e-09
-4.836919393014802693e-09
-4.833439553786869727e-09
-4.825576134180267783e-09
-4.817712714573105011e-09
-4.809849294966228443e-09
-4.801985875359462717e-09
-4.793506548286672854e-09
-4.783851601544284859e-09
-4.775915171656162800e-09
-4.767978741768020889e-09
-4.760042311879705269e-09
-4.752105881991196917e-09
-4.744169452102963189e-09
-4.742862168534668825e-09
-4.737679686430206719e-09
-4.729725527563674031e-09
-4.721771368697731950e-09
-4.713817209831880858e-09
-4.705863050965898245e-09
-4.697208150228248067e-09
-4.687623226178507157e-09
-4.679677583745026814e-09
-4.671731941311362838e-09
-4.663786298877739393e-09
-4.655840656443699049e-09
-4.647895014010279090e-09
-4.646239642945374602e-09
-4.641161770526225788e-09
-4.633178801823699107e-09
-4.625195833121600906e-09
-4.617212864419533311e-09
-4.609229895717516174e-09
-4.600626625806629128e-09
-4.590678142936072310e-09
-4.582461000720398029e-09
-4.574243858504438371e-09
-4.566026716288224768e-09
-4.557809574072897076e-09
-4.549592431857008555e-09
-4.546035783358058778e-09
-4.544429638120541259e-09
-4.538033469473736365e-09
-4.531637300826809048e-09
-4.525241132180299458e-09
-4.518844963533260472e-09
-4.512233859253761564e-09
-4.503751919412703580e-09
-4.497306470386255549e-09
-4.490861021359135847e-09
-4.484415572332820164e-09
-4.477970123306199252e-09
-4.471524674279466671e-09
-4.465630593382046177e-09
-4.467008686511731401e-09
-4.459272325098187957e-09
-4.451535963684797540e-09
-4.443799602271151525e-09
-4.436063240857435200e-09
-4.428326879443952967e-09
-4.418733483727352245e-09
-4.410669814932010855e-09
-4.403057469094321181e-09
-4.395445123256834993e-09
-4.387832777419114713e-09
-4.380220431581272011e-09
-4.372608085743571584e-09
-4.374030182633357621e-09
-4.366642692792933894e-09
-4.359255202951919560e-09
-4.351867713111322953e-09
-4.344480223270460820e-09
-4.337092733429701258e-09
-4.328645346279786323e-09
-4.320017604760283596e-09
-4.312569818490942306e-09
-4.305122032221886394e-09
-4.297674245952464040e-09
-4.290226459683142603e-09
-4.282778673414290177e-09
-4.280713191082689404e-09
-4.277035352830226294e-09
-4.269849493772988837e-09
-4.262663634715872975e-09
-4.255477775658523848e-09
-4.248291916601499803e-09
-4.241044510836898846e-09
-4.231744395095516142e-09
-4.224483543628688243e-09
-4.217269568732568434e-09
-4.210055593836479230e-09
-4.202841618940664650e-09
-4.195627644044667263e-09
-4.188413669148628517e-09
-4.189945180461859630e-09
-4.182708039821597697e-09
-4.175470899180959396e-09
-4.168233758540606473e-09
-4.160996617900121201e-09
-4.153759477259605323e-09
-4.145525201079861515e-09
-4.137004521858028350e-09
-4.129700529158909933e-09
-4.122396536460086819e-09
-4.115092543760896438e-09
-4.107788551062073324e-09
-4.100484558362822558e-09
-4.096292890317838337e-09
-4.095082688992508569e-09
-4.088303507768996858e-09
-4.081524326544782870e-09
-4.074745145320864186e-09
-4.067965964096894217e-09
-4.061186782872853110e-09
-4.052668247665087596e-09
-4.045205789919596799e-09
-4.038269299147097522e-09
-4.031332808374954761e-09
-4.024396317602302456e-09
-4.017459826829844538e-09
-4.010523336057874658e-09
-4.011524582815299237e-09
-4.006407931177506599e-09
-4.000209558453657693e-09
-3.994011185730145450e-09
-3.987812813006633207e-09
-3.981614440282855438e-09
-3.975341440599838137e-09
-3.967125431557884504e-09
-3.960838746203277134e-09
-3.954630091550992816e-09
-3.948421436899196534e-09
-3.942212782247085924e-09
-3.936004127595116762e-09
-3.929795472942913507e-09
-3.932062198533124269e-09
-3.925235885104987991e-09
-3.918409571676739215e-09
-3.911583258248602936e-09
-3.904756944820313629e-09
-3.897930631392228635e-09
-3.890781699713504965e-09
-3.882146719406601875e-09
-3.875386073775332824e-09
-3.868625428144379755e-09
-3.861864782513222373e-09
-3.855104136882024459e-09
-3.848343491250816619e-09
-3.841582845619792413e-09
-3.843244324027361114e-09
-3.836558246798042264e-09
-3.829872169568652276e-09
-3.823186092339171298e-09
-3.816500015109954191e-09
-3.809813937880289579e-09
-3.802771071149121479e-09
-3.794326389536075664e-09
-3.787614109912046527e-09
-3.780901830287517772e-09
-3.774189550663294247e-09
-3.767477271039346174e-09
-3.760764991414960521e-09
-3.754052711790930557e-09
-3.755672045871006739e-09
-3.749086019029271269e-09
-3.742499992187555652e-09
-3.735913965345739119e-09
-3.729327938503871301e-09
-3.722741911662206969e-09
-3.715967516658143234e-09
-3.707467898656795968e-09
-3.700830508681853703e-09
-3.694197341020118073e-09
-3.687564173358443654e-09
-3.680931005696626961e-09
-3.674297838034708110e-09
-3.667664670372891002e-09
-3.669072792700223418e-09
-3.662932842279844310e-09
-3.656550184947214348e-09
-3.650167527614472303e-09
-3.643784870281903552e-09
-3.637402212949273590e-09
-3.631019555616196123e-09
-3.622898331582439707e-09
-3.616050818532053512e-09
-3.609577201967639954e-09
-3.603103585402778478e-09
-3.596629968838201966e-09
-3.590156352273543977e-09
-3.583682735709008410e-09
-3.581472870695292252e-09
-3.579461146431734245e-09
-3.573457401262757154e-09
-3.567453656093586916e-09
-3.561449910924599486e-09
-3.555446165755469780e-09
-3.549442420586614698e-09
-3.542286825814595471e-09
-3.535250973006605223e-09
-3.529147077957068385e-09
-3.523043182907450069e-09
-3.516939287857974028e-09
-3.510835392808600145e-09
-3.504731497758961149e-09
-3.498627602709587265e-09
-3.501035538706651542e-09
-3.495256754571982324e-09
-3.489477970437883033e-09
-3.483699186303926432e-09
-3.477920402169837481e-09
-3.472141618035300612e-09
-3.466017096295075300e-09
-3.458552845495778115e-09
-3.452785528899877669e-09
-3.447018212303468093e-09
-3.441250895707384426e-09
-3.435483579111137805e-09
-3.429716262515033459e-09
-3.423948945918726040e-09
-3.424607570291480205e-09
-3.420081515259471120e-09
-3.413940238517955111e-09
-3.407798961776255882e-09
-3.401657685034739873e-09
-3.395516408293274322e-09
-3.389375131551850131e-09
-3.382052600342376178e-09
-3.375113338001665158e-09
-3.369010167415979443e-09
-3.362906996830191984e-09
-3.356803826244343314e-09
-3.350700655658718810e-09
-3.344597485073124911e-09
-3.338494314487357718e-09
-3.340271896692725396e-09
-3.334205836196280972e-09
-3.328139775699897345e-09
-3.322073715203696939e-09
-3.316007654707588350e-09
-3.309941594210807677e-09
-3.303809392909137926e-09
-3.296007558387413839e-09
-3.289736143915256383e-09
-3.283644801117521344e-09
-3.277553458319796231e-09
-3.271462115522244000e-09
-3.265370772724569759e-09
-3.259279429926845060e-09
-3.255640443996578173e-09
-3.255009364440623946e-09
-3.249085928165498960e-09
-3.243162491890068744e-09
-3.237239055615045501e-09
-3.231315619339829111e-09
-3.225392183064571776e-09
-3.218964169829931649e-09
-3.211562244723518183e-09
-3.205591405402292926e-09
-3.199620566081047403e-09
-3.193649726759415173e-09
-3.187678887438159310e-09
-3.181708048116852576e-09
-3.175737208795444099e-09
-3.174844240718128466e-09
-3.171748813752483554e-09
-3.165993521570588621e-09
-3.160238229388805770e-09
-3.154482937206676331e-09
-3.148727645024649049e-09
-3.142972352842753701e-09
-3.136449916055830698e-09
-3.129396022585911787e-09
-3.123530542792686852e-09
-3.117665062999126082e-09
-3.111799583205890808e-09
-3.105934103412106285e-09
-3.100068623618891277e-09
-3.094203143825320580e-09
-3.094664242652002265e-09
-3.091026797049677992e-09
-3.085793120817287318e-09
-3.080559444585049673e-09
-3.075325768352658999e-09
-3.070092092120115710e-09
-3.064858415888213486e-09
-3.058840933728309364e-09
-3.052415013175610058e-09
-3.047130962337844578e-09
-3.041846911500221788e-09
-3.036562860662445968e-09
-3.031278809824843444e-09
-3.025994758987138762e-09
-3.020710708149363357e-09
-3.021074274385979602e-09
-3.017707605026446925e-09
-3.012243029881577500e-09
-3.006778454737024059e-09
-3.001313879592246451e-09
-2.995849304447611532e-09
-2.990384729302660631e-09
-2.984294753896506348e-09
-2.977535644563261019e-09
-2.972090123811584092e-09
-2.966644603059754551e-09
-2.961199082307915083e-09
-2.955753561556228230e-09
-2.950308040804571570e-09
-2.944862520052884717e-09
-2.943039362124162844e-09
-2.941552498198831599e-09
