-1.381805334285214759e-06
-1.368854462830253348e-06
-1.355005955020084897e-06
-1.340346882335591410e-06
-1.324921774755029722e-06
-1.308826305741068587e-06
-1.292157938577799061e-06
-1.274928006721968759e-06
-1.257247607251426073e-06
-1.239146813261942194e-06
-1.220671466302454139e-06
-1.201907818334713612e-06
-1.182844431848647024e-06
-1.163599401653794465e-06
-1.144131633460416680e-06
-1.124561658355887919e-06
-1.104838981234691278e-06
-1.085092513039139534e-06
-1.065255894010845919e-06
-1.045448945923344017e-06
-1.025614862969868280e-06
-1.005859313846990680e-06
-9.861421646886259571e-07
-9.665255271696703740e-07
-9.470135934737022939e-07
-9.276127260778662779e-07
-9.083879116409176861e-07
-8.892956942634753683e-07
-8.704103866286195137e-07
-8.517031768720472230e-07
-8.331853948333590619e-07
-8.149099535853568595e-07
-7.968468618203822074e-07
-7.790277198768732223e-07
-7.614577250555928865e-07
-7.441290152562401792e-07
-7.270802606991616013e-07
-7.102905531223669693e-07
-6.937605274796952910e-07
-6.775300543261813138e-07
-6.615764755448347231e-07
-6.458972191060203647e-07
-6.305281104227603330e-07
-6.154387215363161985e-07
-6.006283385553422281e-07
-5.861180383272622833e-07
-5.719155981618687589e-07
-5.579961365366564176e-07
-5.443424450563460521e-07
-5.310331598942992740e-07
-5.179881090075315167e-07
-5.052104958665978246e-07
-4.927567589431755464e-07
-4.805675026765862666e-07
-4.686669915788319992e-07
-4.570277910564888299e-07
-4.456857461177602806e-07
-4.346063826382357293e-07
-4.237915313028505489e-07
-4.132316093039944753e-07
-4.029573053639919952e-07
-3.929170044772653580e-07
-3.831403827471172429e-07
-3.735801220562784638e-07
-3.643110492520437637e-07
-3.552462392300570306e-07
-3.464208318186046666e-07
-3.378206079120509003e-07
-3.294433046826273842e-07
-3.212839316344960172e-07
-3.133435103391718436e-07
-3.055865955772843552e-07
-2.980504473518615947e-07
-2.907183272904080696e-07
-2.835666014182266429e-07
-2.765941467631779249e-07
-2.698016951232358838e-07
-2.632135414732447916e-07
-2.567775773068925824e-07
-2.505072536591986521e-07
-2.443883368558903499e-07
-2.384416229540860175e-07
-2.326561071884924983e-07
-2.270062977402025116e-07
-2.214990570675295283e-07
-2.161221381960648394e-07
-2.108829211934121925e-07
-2.057829813570189818e-07
-2.008048515049826658e-07
-1.959512489878362186e-07
-1.912078676356774957e-07
-1.865779460034615664e-07
-1.820646601017455118e-07
-1.776489398114086425e-07
-1.733379898335344713e-07
-1.691241292249288755e-07
-1.649983656623510517e-07
-1.609751888369981653e-07
-1.570375942553071282e-07
-1.531805882970014237e-07
-1.494102892216061085e-07
-1.457137062612673615e-07
-1.420935042177608441e-07
-1.385538520256424967e-07
-1.350802433332763600e-07
-1.316745522327710420e-07
-1.283355754968906088e-07
-1.250551328545519855e-07
-1.218386630894245026e-07
-1.186837936448544903e-07
-1.155823305463498845e-07
-1.125351594511110891e-07
-1.095414565121523184e-07
-1.065948173606485307e-07
-1.036961524331704784e-07
-1.008517923825909868e-07
-9.804971635227106003e-08
-9.529006650455505663e-08
-9.258154605914814758e-08
-8.991043055064075381e-08
-8.727651100494615052e-08
-8.468497847644653668e-08
-8.213318113533846750e-08
-7.961431004337823835e-08
-7.712961223385023104e-08
-7.468771796854512340e-08
-7.227716019470486028e-08
-6.989972392382921418e-08
-6.755651895340894238e-08
-6.524531950305315063e-08
-6.296145647594002124e-08
-6.071507669565436464e-08
-5.850013691853028174e-08
-5.631163936001497837e-08
-5.415136646990439561e-08
-5.202187705086329424e-08
-4.992598038452341126e-08
-4.785733038564835261e-08
-4.581668745068534201e-08
-4.380334497722638036e-08
-4.181504173269249650e-08
-3.985905392986245302e-08
-3.793350527639455846e-08
-3.603437304814467779e-08
-3.415802844094289558e-08
-3.231403414362142253e-08
-3.049967621995755984e-08
-2.870972703440631552e-08
-2.694160283105816345e-08
-2.520903172687473030e-08
-2.350435954421102399e-08
-2.182408754479605922e-08
-2.016854980144667163e-08
-1.854677592940878568e-08
-1.694934419522145930e-08
-1.537561801547154862e-08
-1.383382053671101080e-08
-1.231940045187065780e-08
-1.082825001992485498e-08
-9.367743620241624991e-09
-7.936554557368018312e-09
-6.527191364361514028e-09
-5.144049034583678941e-09
-3.796975789338574714e-09
-2.469522189420875554e-09
-1.162651987635430688e-09
1.028943917783361931e-10
1.348511809362864058e-09
2.573121130186939273e-09
3.762773095848593070e-09
4.931627484035900857e-09
6.076009122438515417e-09
7.186353046527869513e-09
8.279922163240980689e-09
9.350735235145827686e-09
1.038552274000371790e-08
1.140329956622436351e-08
1.239472010476463106e-08
1.336155462594163911e-08
1.431302926149420475e-08
1.522730047989331666e-08
1.612473568728295893e-08
1.700502040751916007e-08
1.785414254495192240e-08
1.868936173263440329e-08
1.949666378226033539e-08
2.028420149960720292e-08
2.105981432999094521e-08
2.180262047616768235e-08
2.253391867027305516e-08
2.324187244263213732e-08
2.393123986068392985e-08
2.461013130361930611e-08
2.525944362466719806e-08
2.589986193760153718e-08
2.651835487479801557e-08
2.712295983861553839e-08
2.771574865486406183e-08
2.828552988866951489e-08
2.884817976719111421e-08
2.938768137069361214e-08
2.992005202376765445e-08
3.043749941933181332e-08
3.094154896473059220e-08
3.143497377391307747e-08
3.191267012821741869e-08
3.238589439323568327e-08
3.284124676702714015e-08
3.329264203442926625e-08
3.372712026361459975e-08
3.415598357081688898e-08
3.457483707453658447e-08
3.498619484362462105e-08
3.539077837288743942e-08
3.578476450582113320e-08
3.617369898834843666e-08
3.655329487483480286e-08
3.693077077935169390e-08
3.729794882470626140e-08
3.766390629144124215e-08
3.801897854258008083e-08
3.837292717793312299e-08
3.872012019506262566e-08
3.906562328571970734e-08
3.940523323476605310e-08
3.974278242156763999e-08
4.007524795162033629e-08
4.040603451440741903e-08
4.073355110394037097e-08
4.105920759601744689e-08
4.138176637460285318e-08
4.170266195929925730e-08
4.202102193962278670e-08
4.233836475717253402e-08
4.265419399900913850e-08
4.296896897353556650e-08
4.328211221172587686e-08
4.359455034564986282e-08
4.390577617347610393e-08
4.421671307678966044e-08
4.452705671212333987e-08
4.483696376379493800e-08
4.514570050764752122e-08
4.545428371615521855e-08
4.576225347525621166e-08
4.607020235563657653e-08
4.637798709363540863e-08
4.668576091095806872e-08
4.699240422967246543e-08
4.729904754838709375e-08
4.760529171043147259e-08
4.791148665253348394e-08
4.821730064475973633e-08
4.852299081592626503e-08
4.882744161175616836e-08
4.913107595863581712e-08
4.943420744085805804e-08
4.973668468066562035e-08
5.003871456729423211e-08
5.033940063821961249e-08
5.063992447902653075e-08
5.093724723678529176e-08
5.123456999454387410e-08
5.152950113662693910e-08
5.182394208724757267e-08
5.211603143807110849e-08
5.240651762715519381e-08
5.269500402881170425e-08
5.297964760993405081e-08
5.326389900382425840e-08
5.354314989404979030e-08
5.382240078427550750e-08
5.409629308110866646e-08
5.436872504430207673e-08
5.463710141385833654e-08
5.490111037757967831e-08
5.516380871740380108e-08
5.541960267255390907e-08
5.567539662770388472e-08
5.592260687806672304e-08
5.616793106138209369e-08
5.640788785976276551e-08
5.664160192434942690e-08
5.687433494992950800e-08
5.709673927135912569e-08
5.731914359278890219e-08
5.753202198422343134e-08
5.774068116638551566e-08
5.794538679609185412e-08
5.813997915046763394e-08
5.833457150484283805e-08
5.851716640903739215e-08
5.869765487683558591e-08
5.887116891297513602e-08
5.903429421469537534e-08
5.919741951641521761e-08
5.934517480380200912e-08
5.949184410808381036e-08
5.963120748731524292e-08
5.976155022993646205e-08
5.989189297255823705e-08
6.000440504764692601e-08
6.011581879422017366e-08
6.021995603827451229e-08
6.031393392951136613e-08
6.040791182074823320e-08
6.048664745216689412e-08
6.056317373023465099e-08
6.063327429794849692e-08
6.068907536857195015e-08
6.074487643919480781e-08
6.078802699224907292e-08
6.082642964974671762e-08
6.086265344640751820e-08
6.088354742569602403e-08
6.090444140498452986e-08
6.091601047745133381e-08
6.091832538394489856e-08
6.092064029043863537e-08
6.090909794430905723e-08
6.089528726342483703e-08
6.087824307400610798e-08
6.084798356853885844e-08
6.081772406307191331e-08
6.077892198238397731e-08
6.073202616655025454e-08
6.068513035071679648e-08
6.062723024555703985e-08
6.056674733489899770e-08
6.050512903426448408e-08
6.043139405587072348e-08
6.035765907747724082e-08
6.027984912156381539e-08
6.019415139929749354e-08
6.010845367703107905e-08
6.001700172809374978e-08
5.992129032167228019e-08
5.982557891525098266e-08
5.972221504202806364e-08
5.961678631851623299e-08
5.951135759500428322e-08
5.939830287272893303e-08
5.928508531142777168e-08
5.917102611808065707e-08
5.905216868847318273e-08
5.893331125886590692e-08
5.881316366265873072e-08
5.868997320303105066e-08
5.856678274340311914e-08
5.844247936895587068e-08
5.831666717668299463e-08
5.819085498440995975e-08
5.806445305791854970e-08
5.793752667891699796e-08
5.781060029991602855e-08
5.768359280469559808e-08
5.755653387922522571e-08
5.742947495375480041e-08
5.730360702651344673e-08
5.717831939245243694e-08
5.705303175839176463e-08
5.692994299196849242e-08
5.680775085016945194e-08
5.668555870837017985e-08
5.656685479802984729e-08
5.644946951708031404e-08
5.633208423613058888e-08
5.621864223881590399e-08
5.610674735425192551e-08
5.599485246968786100e-08
5.588730226562738795e-08
5.578172432287782317e-08
5.567614638012825839e-08
5.557538310967244893e-08
5.547739683547695110e-08
5.537941056128119520e-08
5.528585067387895305e-08
5.519580687840764758e-08
5.510576308293618330e-08
5.501963407459455353e-08
5.493815831030264819e-08
5.485668254601047153e-08
5.477839761387044599e-08
5.470650888926674135e-08
5.463462016466310949e-08
5.456437825791365055e-08
5.450139660302524781e-08
5.443841494813708991e-08
5.437555246517594233e-08
5.432180354567969626e-08
5.426805462618335093e-08
5.421430570668718427e-08
5.416814703472466121e-08
5.412369191497130884e-08
5.407923679521818809e-08
5.403985126665266367e-08
5.400390100787351196e-08
5.396795074909424775e-08
5.393498817398517546e-08
5.390755309729825295e-08
5.388011802061142308e-08
5.385331249621539846e-08
5.383366274434294988e-08
5.381401299247050129e-08
5.379436324059821152e-08
5.378002521465501721e-08
5.376713434943156143e-08
5.375424348420825785e-08
5.374419079966230117e-08
5.373739377292278842e-08
5.373059674618327567e-08
5.372439167812993287e-08
5.372251752635422653e-08
5.372064337457844740e-08
5.371876922280273444e-08
5.371980353564864801e-08
5.372181149952780629e-08
5.372381946340693811e-08
5.372680218059023514e-08
5.373157619855728606e-08
5.373635021652451565e-08
5.374112423449173862e-08
5.374738635585359790e-08
5.375376107349130426e-08
5.376013579112918930e-08
5.376676857599032501e-08
5.377368006545042728e-08
5.378059155491035087e-08
5.378749753096906170e-08
5.379341628972287913e-08
5.379933504847669657e-08
5.380525380723052062e-08
5.381033585309407118e-08
5.381459377202673231e-08
5.381885169095928755e-08
5.382310960989202809e-08
5.382469212814753020e-08
5.382620683267605100e-08
5.382772153720459827e-08
5.382720326827839424e-08
5.382387549370499450e-08
5.382054771913148889e-08
5.381721994455790386e-08
5.380920751873521794e-08
5.380028417456463947e-08
5.379136083039425291e-08
5.378093714609612369e-08
5.376541110231719995e-08
5.374988505853806445e-08
5.373435901475915394e-08
5.371384023417960495e-08
5.368984739160719456e-08
5.366585454903474446e-08
5.364186170646232084e-08
5.361064309996935443e-08
5.357883317032402133e-08
5.354702324067878750e-08
5.351325680093960433e-08
5.347297830096454204e-08
5.343269980098939372e-08
5.339242130101426526e-08
5.334737279883434459e-08
5.329773219194821320e-08
5.324809158506209504e-08
5.319845097817598350e-08
5.314238650008946731e-08
5.308428838597552332e-08
5.302619027186168520e-08
5.296809215774775444e-08
5.290112292810976723e-08
5.283398143994118930e-08
5.276683995177271064e-08
5.269814441141849332e-08
5.262204575497598124e-08
5.254594709853346916e-08
5.246984844209104972e-08
5.239124199328792578e-08
5.230770103938811227e-08
5.222416008548835831e-08
5.214061913158861098e-08
5.205361924084861568e-08
5.196273649576053115e-08
5.187185375067236060e-08
5.178097100558445474e-08
5.168647404857415252e-08
5.158931411719916492e-08
5.149215418582426336e-08
5.139499425444918312e-08
5.129452424182165713e-08
5.119227702830911664e-08
5.109002981479667541e-08
5.098778260128405551e-08
5.088224139909070960e-08
5.077525850788057060e-08
5.066827561667052424e-08
5.056129272546034554e-08
5.045206859213120894e-08
5.034193023070509918e-08
5.023179186927882398e-08
5.012165350785272084e-08
5.001021033801163750e-08
4.989819330440492034e-08
4.978617627079803113e-08
4.967415923719117501e-08
4.956161797069240329e-08
4.944879210154761176e-08
4.933596623240284671e-08
4.922314036325804856e-08
4.911048373564401135e-08
4.899795435305958318e-08
4.888542497047505575e-08
4.877289558789058788e-08
4.866096369937513928e-08
4.854972654845127238e-08
4.843848939752718048e-08
4.832725224660332681e-08
4.821669896555969420e-08
4.810758204169893120e-08
4.799846511783831378e-08
4.788934819397769636e-08
4.778070120283519816e-08
4.767469437076493272e-08
4.756868753869444891e-08
4.746268070662417685e-08
4.735667387455396436e-08
4.725431067906683034e-08
4.715214818295164401e-08
4.704998568683653710e-08
4.694782319072148312e-08
4.684905631055678461e-08
4.675166036191549117e-08
4.665426441327427053e-08
4.655686846463285797e-08
4.646164770210710490e-08
4.636914390125342451e-08
4.627664010039971103e-08
4.618413629954607035e-08
4.609237995201449374e-08
4.600505686303938709e-08
4.591773377406422750e-08
4.583041068508902158e-08
4.574308759611390831e-08
4.566031451758694763e-08
4.557860124396844066e-08
4.549688797035000648e-08
4.541517469673145318e-08
4.533587280769421131e-08
4.525958094142283938e-08
4.518328907515138141e-08
4.510699720888005580e-08
4.503095035141846379e-08
4.496008492903962051e-08
4.488921950666055885e-08
4.481835408428162954e-08
4.474748866190273332e-08
4.467995571758026924e-08
4.461453632153368408e-08
4.454911692548682098e-08
4.448369752944009685e-08
4.441895274294091632e-08
4.435819192680679203e-08
4.429743111067252876e-08
4.423667029453853681e-08
4.417590947840427355e-08
4.411796550143008177e-08
4.406158142769390433e-08
4.400519735395769380e-08
4.394881328022156268e-08
4.389283548919161495e-08
4.384021339835406214e-08
4.378759130751655565e-08
4.373496921667916827e-08
4.368234712584161546e-08
4.363133968823807352e-08
4.358172014801648248e-08
4.353210060779483851e-08
4.348248106757329380e-08
4.343286152735166306e-08
4.338556976008151503e-08
4.333844617312759584e-08
4.329132258617353769e-08
4.324419899921956556e-08
4.319753171464796446e-08
4.315196917565288991e-08
4.310640663665794772e-08
4.306084409766287317e-08
4.301528155866794420e-08
4.297028111742930654e-08
4.292563025931699727e-08
4.288097940120464829e-08
4.283632854309233902e-08
4.279167768497985108e-08
4.274696269789414233e-08
4.270224098574077097e-08
4.265751927358740622e-08
4.261279756143408118e-08
4.256796532215265609e-08
4.252254245716217996e-08
4.247711959217169059e-08
4.243169672718126079e-08
4.238627386219073834e-08
4.234043650568041715e-08
4.229390516169540091e-08
4.224737381771033835e-08
4.220084247372532211e-08
4.215431112974021323e-08
4.210664718111979557e-08
4.205807025890329090e-08
4.200949333668693181e-08
4.196091641447057272e-08
4.191233949225398864e-08
4.186226172416726640e-08
4.181153035123393754e-08
4.176079897830068810e-08
4.171006760536739895e-08
4.165933623243425538e-08
4.160663634527574222e-08
4.155345190724500206e-08
4.150026746921427514e-08
4.144708303118344895e-08
4.139389859315280805e-08
4.133781571794443116e-08
4.128130332907801567e-08
4.122479094021173913e-08
4.116827855134527070e-08
4.111176616247884858e-08
4.105281418998382290e-08
4.099359638014740728e-08
4.093437857031100490e-08
4.087516076047464884e-08
4.081594295063820013e-08
4.075424402001744048e-08
4.069225273184009836e-08
4.063026144366275623e-08
4.056827015548550675e-08
4.050627886730825066e-08
4.044185886011981159e-08
4.037700754676280197e-08
4.031215623340583206e-08
4.024730492004867686e-08
4.018245360669162092e-08
4.011586573325927002e-08
4.004874520018415852e-08
3.998162466710898746e-08
3.991450413403392228e-08
3.984738360095876445e-08
3.977895805303437550e-08
3.970980640434829729e-08
3.964065475566219261e-08
3.957150310697608130e-08
3.950235145828993030e-08
3.943231748326892111e-08
3.936133006427117609e-08
3.929034264527334504e-08
3.921935522627554707e-08
3.914836780727774911e-08
3.907711076471892909e-08
3.900515807632939626e-08
3.893320538793976415e-08
3.886125269955013867e-08
3.878930001116060583e-08
3.871732930744899563e-08
3.864490617393550531e-08
3.857248304042200176e-08
3.850005990690846512e-08
3.842763677339488216e-08
3.835521363988143155e-08
3.828277835562498441e-08
3.821033917591771342e-08
3.813789999621031007e-08
3.806546081650299937e-08
3.799302163679568867e-08
3.792087077452863838e-08
3.784909311312182930e-08
3.777731545171498052e-08
3.770553779030816483e-08
3.763376012890130943e-08
3.756205564052709899e-08
3.749126939715088344e-08
3.742048315377467451e-08
3.734969691039837293e-08
3.727891066702215738e-08
3.720812442364589551e-08
3.713833448489538474e-08
3.706903344962190982e-08
3.699973241434842166e-08
3.693043137907503938e-08
3.686113034380155783e-08
3.679226587852056123e-08
3.672489175601622095e-08
3.665751763351192038e-08
3.659014351100758010e-08
3.652276938850333247e-08
3.645539526599903852e-08
3.638963209241456895e-08
3.632443278214530701e-08
3.625923347187605831e-08
3.619403416160686254e-08
3.612883485133762045e-08
3.606415052016965561e-08
3.600136898018788057e-08
3.593858744020610553e-08
3.587580590022424447e-08
3.581302436024255546e-08
3.575024282026074071e-08
3.568897613464750235e-08
3.562855034006837893e-08
3.556812454548932829e-08
3.550769875091020487e-08
3.544727295633106822e-08
3.538691979902392232e-08
3.532887124731214052e-08
3.527082269560053739e-08
3.521277414388885485e-08
3.515472559217710613e-08
3.509667704046546991e-08
3.503948182377599482e-08
3.498370762990041877e-08
3.492793343602484273e-08
3.487215924214936594e-08
3.481638504827379652e-08
3.476061085439826018e-08
3.470622563268922391e-08
3.465250416295316459e-08
3.459878269321710528e-08
3.454506122348103935e-08
3.449133975374493372e-08
3.443761828400887441e-08
3.438575120054352493e-08
3.433401393268453749e-08
3.428227666482566255e-08
3.423053939696673467e-08
3.417880212910784649e-08
3.412729218533707449e-08
3.407708420225124653e-08
3.402687621916549137e-08
3.397666823607973621e-08
3.392646025299388840e-08
3.387625226990818617e-08
3.382646175092466425e-08
3.377756436762583155e-08
3.372866698432696576e-08
3.367976960102818600e-08
3.363087221772935330e-08
3.358197483443043458e-08
3.353345293466553840e-08
3.348540145776916635e-08
3.343734998087282076e-08
3.338929850397641563e-08
3.334124702708005019e-08
3.329319555018367814e-08
3.324548119207101601e-08
3.319807261850922221e-08
3.315066404494742842e-08
3.310325547138569419e-08
3.305584689782397319e-08
3.300843832426209998e-08
3.296126836835218160e-08
3.291428616795045177e-08
3.286730396754873517e-08
3.282032176714693254e-08
3.277333956674519609e-08
3.272635736634348611e-08
3.267935506967229307e-08
3.263233628837368894e-08
3.258531750707499216e-08
3.253829872577638803e-08
3.249127994447773096e-08
3.244426116317910697e-08
3.239721346059426284e-08
3.235013603701562319e-08
3.230305861343707619e-08
3.225598118985851596e-08
3.220890376627992264e-08
3.216182634270136241e-08
3.211461054739889497e-08
3.206717899966890213e-08
3.201974745193892252e-08
3.197231590420900247e-08
3.192488435647902287e-08
3.187745280874903002e-08
3.182987882326723626e-08
3.178185795447814063e-08
3.173383708568906485e-08
3.168581621689996260e-08
3.163779534811086035e-08
3.158977447932176472e-08
3.154173579228784836e-08
3.149332493411112406e-08
3.144491407593441961e-08
3.139650321775771516e-08
3.134809235958103718e-08
3.129968150140425332e-08
3.125127064322754887e-08
3.120242227854452081e-08
3.115346614433326683e-08
3.110451001012196653e-08
3.105555387591073241e-08
3.100659774169940564e-08
3.095764160748825093e-08
3.090847307046360196e-08
3.085910155400677060e-08
3.080973003754993263e-08
3.076035852109317406e-08
3.071098700463633609e-08
3.066161548817950473e-08
3.061219991973517180e-08
3.056257270390364552e-08
3.051294548807207293e-08
3.046331827224047386e-08
3.041369105640890127e-08
3.036406384057740147e-08
3.031443662474580240e-08
3.026462597790918875e-08
3.021476503334500452e-08
3.016490408878085339e-08
3.011504314421664931e-08
3.006518219965245847e-08
3.001532125508828087e-08
2.996546004168329043e-08
2.991559832578697576e-08
2.986573660989068094e-08
2.981587489399443906e-08
2.976601317809819387e-08
2.971615146220190567e-08
2.966628974630564393e-08
2.961663439843336859e-08
2.956701177740705359e-08
2.951738915638069888e-08
2.946776653535437725e-08
2.941814391432806555e-08
2.936852129330167445e-08
2.931903370827950074e-08
2.926982256880725046e-08
2.922061142933496709e-08
2.917140028986271019e-08
2.912218915039045660e-08
2.907297801091817323e-08
2.902376687144593619e-08
2.897496680706869084e-08
2.892630870249728925e-08
2.887765059792590752e-08
2.882899249335456879e-08
2.878033438878310103e-08
2.873167628421169282e-08
2.868310186423526519e-08
2.863521752049175475e-08
2.858733317674838327e-08
2.853944883300480004e-08
2.849156448926142856e-08
2.844368014551793467e-08
2.839579580177449371e-08
2.834822336773680807e-08
2.830107758257954787e-08
2.825393179742233731e-08
2.820678601226516976e-08
2.815964022710791287e-08
2.811249444195069569e-08
2.806534865679345535e-08
2.801883169365229067e-08
2.797260332339408321e-08
2.792637495313592538e-08
2.788014658287771130e-08
2.783391821261957994e-08
2.778768984236139895e-08
2.774146147210321466e-08
2.769616194229316798e-08
2.765096897526093101e-08
2.760577600822878999e-08
2.756058304119666551e-08
2.751539007416448147e-08
2.747019710713224450e-08
2.742505789907965833e-08
2.738080993868217433e-08
2.733656197828477967e-08
2.729231401788735522e-08
2.724806605748991423e-08
2.720381809709246001e-08
2.715957013669509512e-08
2.711549106971882127e-08
2.707227011827826382e-08
2.702904916683773615e-08
2.698582821539717870e-08
2.694260726395662457e-08
2.689938631251609690e-08
2.685616536107554607e-08
2.681314463074228299e-08
2.677083636847007148e-08
2.672852810619788312e-08
2.668621984392574771e-08
2.664391158165353619e-08
2.660160331938134784e-08
2.655929505710918264e-08
2.651715092695273589e-08
2.647558448849541310e-08
2.643401805003805722e-08
2.639245161158075758e-08
2.635088517312341825e-08
2.630931873466605906e-08
2.626775229620873627e-08
2.622631885110629049e-08
2.618553617213667393e-08
2.614475349316699451e-08
2.610397081419733162e-08
2.606318813522766874e-08
2.602240545625807534e-08
2.598162277728836614e-08
2.594087958073331759e-08
2.590071130441158622e-08
2.586054302808995742e-08
2.582037475176830215e-08
2.578020647544664357e-08
2.574003819912501146e-08
2.569986992280332972e-08
2.565970164648166783e-08
2.562000734940682413e-08
2.558036305683307651e-08
2.554071876425932889e-08
2.550107447168557796e-08
2.546143017911178401e-08
2.542178588653805294e-08
2.538214159396428215e-08
2.534279276868526885e-08
2.530357656960619816e-08
2.526436037052713078e-08
2.522514417144806340e-08
2.518592797236899271e-08
2.514671177328998819e-08
2.510749557421087118e-08
2.506841834542027489e-08
2.502953246317840377e-08
2.499064658093664514e-08
2.495176069869480049e-08
2.491287481645297238e-08
2.487398893421117405e-08
2.483510305196937241e-08
2.479623756057380471e-08
2.475756469965106969e-08
2.471889183872832805e-08
2.468021897780559303e-08
2.464154611688284808e-08
2.460287325596013622e-08
2.456420039503741775e-08
2.452552753411468272e-08
2.448704458695983562e-08
2.444863742101868217e-08
2.441023025507753204e-08
2.437182308913640175e-08
2.433341592319524500e-08
2.429500875725409486e-08
2.425660159131294472e-08
2.421826185776494008e-08
2.418009771939173920e-08
2.414193358101861442e-08
2.410376944264541353e-08
2.406560530427228544e-08
2.402744116589906470e-08
2.398927702752591676e-08
2.395111288915278866e-08
2.391308365121463349e-08
2.387509172199202413e-08
2.383709979276947763e-08
2.379910786354691129e-08
2.376111593432435156e-08
2.372312400510176206e-08
2.368513207587926519e-08
2.364721204333750570e-08
2.360953001360231686e-08
2.357184798386715449e-08
2.353416595413196895e-08
2.349648392439678342e-08
2.345880189466159789e-08
2.342111986492643551e-08
2.338343783519122682e-08
2.334587905294200489e-08
2.330839486048737661e-08
2.327091066803274832e-08
2.323342647557816636e-08
2.319594228312358108e-08
2.315845809066895280e-08
2.312097389821439399e-08
2.308348970575978225e-08
2.304627534609272068e-08
2.300907345456165510e-08
2.297187156303058620e-08
2.293466967149954377e-08
2.289746777996847818e-08
2.286026588843745560e-08
2.282306399690640986e-08
2.278595960548755263e-08
2.274918137745918836e-08
2.271240314943077777e-08
2.267562492140234071e-08
2.263884669337394997e-08
2.260206846534553938e-08
2.256529023731707916e-08
2.252851200928868842e-08
2.249188160209531051e-08
2.245543523329606246e-08
2.241898886449676477e-08
2.238254249569749356e-08
2.234609612689816941e-08
2.230964975809894452e-08
2.227320338929962367e-08
2.223675702050039878e-08
2.220060706843452005e-08
2.216465368153504314e-08
2.212870029463554306e-08
2.209274690773603968e-08
2.205679352083658592e-08
2.202084013393703952e-08
2.198488674703755930e-08
2.194893336013808239e-08
2.191333016912585599e-08
2.187787906850534164e-08
2.184242796788482398e-08
2.180697686726426330e-08
2.177152576664377212e-08
2.173607466602328093e-08
2.170062356540276988e-08
2.166517246478222906e-08
2.163002300578536061e-08
2.159498355259872987e-08
2.155994409941203295e-08
2.152490464622538897e-08
2.148986519303871522e-08
2.145482573985206793e-08
2.141978628666539418e-08
2.138474683347874689e-08
2.135009619921222974e-08
2.131560631227152779e-08
2.128111642533079937e-08
2.124662653839005110e-08
2.121213665144932268e-08
2.117764676450862404e-08
2.114315687756786915e-08
2.110866699062716720e-08
2.107450357511726802e-08
2.104053945550129292e-08
2.100657533588531451e-08
2.097261121626933941e-08
2.093864709665338417e-08
2.090468297703742561e-08
2.087071885742142405e-08
2.083675473780546880e-08
2.080302252023493547e-08
2.076954907107750769e-08
2.073607562192003358e-08
2.070260217276256610e-08
2.066912872360511185e-08
2.063565527444768737e-08
2.060218182529021327e-08
2.056870837613274247e-08
2.053536708704614429e-08
2.050239793134163187e-08
2.046942877563714923e-08
2.043645961993267652e-08
2.040349046422821374e-08
2.037052130852372448e-08
2.033755215281928155e-08
2.030458299711477244e-08
2.027161384141030635e-08
2.023913938186567795e-08
2.020667052142117479e-08
2.017420166097669809e-08
2.014173280053222140e-08
2.010926394008772154e-08
2.007679507964319853e-08
2.004432621919876816e-08
2.001185735875427161e-08
1.997963091138503672e-08
1.994753364509312036e-08
1.991543637880116098e-08
1.988333911250919829e-08
1.985124184621726208e-08
1.981914457992530601e-08
1.978704731363336317e-08
1.975495004734140049e-08
1.972296686199364326e-08
1.969132186487079990e-08
1.965967686774792013e-08
1.962803187062503706e-08
1.959638687350222016e-08
1.956474187637936025e-08
1.953309687925647718e-08
1.950145188213361727e-08
1.946980688501077721e-08
1.943850914123456004e-08
1.940730483962848033e-08
1.937610053802242048e-08
1.934489623641631099e-08
1.931369193481027099e-08
1.928248763320418797e-08
1.925128333159815128e-08
1.922007902999206826e-08
1.918895795232353013e-08
1.915807492186158382e-08
1.912719189139967391e-08
1.909630886093772429e-08
1.906542583047584416e-08
1.903454280001387138e-08
1.900365976955196808e-08
1.897277673909001516e-08
1.894189370862807547e-08
1.891128765286054899e-08
1.888082113502940455e-08
1.885035461719828659e-08
1.881988809936713884e-08
1.878942158153601757e-08
1.875895506370487645e-08
1.872848854587374525e-08
1.869802202804261735e-08
1.866755719425638202e-08
1.863740920058346489e-08
1.860726120691053452e-08
1.857711321323759422e-08
1.854696521956466716e-08
1.851681722589171033e-08
1.848666923221878327e-08
1.845652123854584297e-08
1.842637324487291591e-08
1.839630593537231226e-08
1.836644666633885006e-08
1.833658739730542095e-08
1.830672812827195214e-08
1.827686885923852634e-08
1.824700959020508731e-08
1.821715032117165820e-08
1.818729105213819270e-08
1.815743178310477352e-08
1.812776294546437842e-08
1.809829473036423259e-08
1.806882651526410329e-08
1.803935830016399716e-08
1.800989008506384470e-08
1.798042186996372533e-08
1.795095365486356295e-08
1.792148543976345350e-08
1.789201722466330105e-08
1.786273653904975371e-08
1.783356725375091793e-08
1.780439796845206560e-08
1.777522868315324967e-08
1.774605939785444036e-08
1.771689011255561120e-08
1.768772082725674895e-08
1.765855154195795618e-08
1.762938225665912040e-08
1.760046346942861154e-08
1.757165201956970862e-08
1.754284056971084541e-08
1.751402911985193918e-08
1.748521766999304619e-08
1.745640622013413997e-08
1.742759477027527014e-08
1.739878332041636722e-08
1.736997187055747754e-08
1.734142482753688162e-08
1.731298865950425042e-08
1.728455249147162913e-08
1.725611632343901778e-08
1.722768015540640312e-08
1.719924398737376860e-08
1.717080781934115393e-08
1.714237165130854258e-08
1.711393548327590475e-08
1.708569460992560506e-08
1.705756341328692880e-08
1.702943221664828562e-08
1.700130102000960936e-08
1.697316982337090994e-08
1.694503862673224360e-08
1.691690743009357396e-08
1.688877623345488447e-08
1.686064503681618504e-08
1.683269905901061086e-08
1.680493321606207648e-08
1.677716737311357519e-08
1.674940153016506066e-08
1.672163568721655936e-08
1.669386984426804814e-08
1.666610400131952699e-08
1.663833815837102570e-08
1.661057231542248801e-08
1.658292532390207665e-08
1.655555071241174272e-08
1.652817610092146172e-08
1.650080148943114102e-08
1.647342687794082032e-08
1.644605226645051947e-08
1.641867765496021862e-08
1.639130304346988468e-08
1.636392843197959706e-08
1.633656461804804813e-08
1.630954602154467278e-08
1.628252742504132721e-08
1.625550882853799156e-08
1.622849023203460960e-08
1.620147163553126071e-08
1.617445303902789860e-08
1.614743444252455303e-08
1.612041584602118098e-08
1.609339724951784203e-08
1.606663687081662389e-08
1.603999466120405467e-08
1.601335245159148214e-08
1.598671024197895262e-08
1.596006803236637016e-08
1.593342582275383403e-08
1.590678361314126480e-08
1.588014140352868235e-08
1.585349919391614621e-08
1.582696965287075460e-08
1.580074413094430046e-08
1.577451860901786286e-08
1.574829308709140872e-08
1.572206756516498436e-08
1.569584204323851037e-08
1.566961652131206615e-08
1.564339099938561201e-08
1.561716547745917442e-08
1.559093995553271697e-08
1.556493458743630084e-08
1.553899029510765641e-08
1.551304600277905831e-08
1.548710171045043042e-08
1.546115741812177276e-08
1.543521312579318789e-08
1.540926883346453354e-08
1.538332454113592551e-08
1.535738024880730755e-08
1.533152043915265594e-08
1.530595533391738514e-08
1.528039022868212426e-08
1.525482512344687662e-08
1.522926001821158266e-08
1.520369491297630855e-08
1.517812980774106091e-08
1.515256470250577688e-08
1.512699959727048622e-08
1.510143449203522204e-08
1.507610159062197026e-08
1.505093021271646047e-08
1.502575883481099699e-08
1.500058745690551366e-08
1.497541607900002703e-08
1.495024470109453046e-08
1.492507332318905706e-08
1.489990194528358201e-08
1.487473056737808213e-08
1.484955918947260708e-08
1.482462795860304076e-08
1.479972850360754938e-08
1.477482904861204641e-08
1.474992959361652028e-08
1.472503013862102889e-08
1.470013068362551434e-08
1.467523122862998821e-08
1.465033177363452163e-08
1.462543231863900543e-08
1.460057191206763741e-08
1.457605380746945076e-08
1.455153570287130713e-08
1.452701759827310228e-08
1.450249949367494707e-08
1.447798138907676704e-08
1.445346328447861844e-08
1.442894517988042683e-08
1.440442707528225508e-08
1.437990897068406016e-08
1.435547245569981313e-08
1.433128474606526894e-08
1.430709703643074460e-08
1.428290932679623515e-08
1.425872161716168434e-08
1.423453390752714015e-08
1.421034619789260589e-08
1.418615848825808651e-08
1.416197077862352743e-08
1.413778306898901467e-08
1.411367670905173921e-08
1.408974625201798828e-08
1.406581579498423571e-08
1.404188533795048148e-08
1.401795488091676530e-08
1.399402442388298129e-08
1.397009396684923864e-08
1.394616350981549930e-08
1.392223305278173515e-08
1.389830259574800739e-08
1.387448408614009037e-08
1.385091514857315778e-08
1.382734621100625001e-08
1.380377727343931081e-08
1.378020833587238153e-08
1.375663939830544233e-08
1.373307046073851471e-08
1.370950152317160694e-08
1.368593258560466773e-08
1.366236364803774838e-08
1.363886414489471350e-08
1.361560153690982099e-08
1.359233892892490366e-08
1.356907632094001280e-08
1.354581371295510539e-08
1.352255110497021122e-08
1.349928849698528231e-08
1.347602588900039145e-08
1.345276328101548736e-08
1.342950067303061801e-08
1.340625817690176952e-08
1.338329725763853924e-08
1.336033633837533211e-08
1.333737541911210017e-08
1.331441449984886162e-08
1.329145358058562968e-08
1.326849266132238946e-08
1.324553174205916911e-08
1.322257082279592228e-08
1.319960990353271681e-08
1.317664898426946336e-08
1.315396909374453920e-08
1.313134714498374606e-08
1.310872519622294298e-08
1.308610324746216142e-08
1.306348129870139308e-08
1.304085934994061152e-08
1.301823740117980844e-08
1.299561545241902688e-08
1.297299350365827013e-08
1.295037155489746540e-08
1.292790116667573031e-08
1.290557449828706438e-08
1.288324782989837693e-08
1.286092116150971430e-08
1.283859449312104009e-08
1.281626782473235265e-08
1.279394115634369002e-08
1.277161448795500258e-08
1.274928781956634988e-08
1.272696115117765416e-08
1.270466861746088162e-08
1.268262951803386365e-08
1.266059041860683576e-08
1.263855131917978471e-08
1.261651221975276343e-08
1.259447312032572230e-08
1.257243402089868283e-08
1.255039492147167479e-08
1.252835582204462539e-08
1.250631672261759584e-08
1.248427762319054479e-08
1.246245579918204814e-08
1.244075369877664745e-08
1.241905159837125504e-08
1.239734949796586428e-08
1.237564739756046194e-08
1.235394529715505960e-08
1.233224319674964733e-08
1.231054109634425327e-08
1.228883899593884927e-08
1.226713689553346017e-08
1.224546215907963804e-08
1.222406150322660878e-08
1.220266084737357788e-08
1.218126019152053539e-08
1.215985953566746974e-08
1.213845887981440575e-08
1.211705822396137650e-08
1.209565756810833401e-08
1.207425691225527994e-08
1.205285625640222753e-08
1.203145560054919166e-08
1.201018892252916926e-08
1.198908194252638131e-08
1.196797496252359668e-08
1.194686798252077565e-08
1.192576100251800260e-08
1.190465402251521466e-08
1.188354704251241845e-08
1.186244006250962058e-08
1.184133308250682271e-08
1.182022610250403642e-08
1.179911912250126337e-08
1.177826526061147888e-08
1.175750013719021034e-08
1.173673501376888059e-08
1.171596989034760047e-08
1.169520476692628561e-08
1.167443964350499226e-08
1.165367452008367905e-08
1.163290939666236419e-08
1.161214427324105926e-08
1.159137914981977914e-08
1.157061402639846593e-08
1.155008433662305065e-08
1.152956893285300127e-08
1.150905352908298994e-08
1.148853812531297364e-08
1.146802272154293750e-08
1.144750731777290963e-08
1.142699191400289499e-08
1.140647651023284726e-08
1.138596110646283428e-08
1.136544570269281964e-08
1.134494889303374819e-08
1.132473007209340650e-08
1.130451125115304000e-08
1.128429243021268508e-08
1.126407360927233182e-08
1.124385478833197689e-08
1.122363596739161205e-08
1.120341714645125713e-08
1.118319832551088897e-08
1.116297950457053570e-08
1.114276068363016920e-08
1.112257497650870415e-08
1.110268895741804936e-08
1.108280293832739788e-08
1.106291691923674310e-08
1.104303090014608831e-08
1.102314488105542691e-08
1.100325886196477212e-08
1.098337284287410741e-08
1.096348682378346586e-08
1.094360080469281107e-08
1.092371478560214801e-08
1.090384137520097499e-08
1.088419518360051842e-08
1.086454899200005358e-08
1.084490280039958543e-08
1.082525660879911728e-08
1.080561041719864913e-08
1.078596422559819422e-08
1.076631803399771283e-08
1.074667184239725792e-08
1.072702565079679143e-08
1.070737945919631170e-08
1.068773326759586836e-08
1.066837642964818555e-08
1.064904431704644624e-08
1.062971220444470362e-08
1.061038009184297588e-08
1.059104797924123492e-08
1.057171586663950553e-08
1.055238375403775629e-08
1.053305164143601698e-08
1.051371952883428925e-08
1.049438741623254828e-08
1.047505530363080897e-08
1.045594220171228792e-08
1.043692075854612218e-08
1.041789931537996968e-08
1.039887787221381718e-08
1.037985642904762828e-08
1.036083498588147412e-08
1.034181354271532162e-08
1.032279209954914431e-08
1.030377065638296864e-08
1.028474921321682772e-08
1.026572777005065206e-08
1.024679027511947261e-08
1.022797714753243337e-08
1.020916401994544211e-08
1.019035089235841611e-08
1.017153776477140169e-08
1.015272463718438727e-08
1.013391150959736127e-08
1.011509838201033196e-08
1.009628525442332912e-08
1.007747212683630312e-08
1.005865899924927546e-08
1.003985046899645461e-08
1.002135032311454812e-08
1.000285017723265322e-08
9.984350031350721926e-09
9.965849885468813790e-09
9.947349739586897382e-09
9.928849593705000826e-09
9.910349447823092690e-09
9.891849301941211024e-09
9.873349156059266492e-09
9.854849010177346776e-09
9.836348864295450220e-09
9.818005546988023550e-09
9.799796140257409281e-09
9.781586733526829754e-09
9.763377326796223757e-09
9.745167920065621068e-09
9.726958513335028306e-09
9.708749106604414037e-09
9.690539699873822930e-09
9.672330293143231822e-09
9.654120886412615899e-09
9.635911479682023136e-09
9.617702072951428720e-09
9.599728429154296057e-09
9.581760460334612538e-09
9.563792491514929018e-09
9.545824522695245499e-09
9.527856553875560325e-09
9.509888585055890040e-09
9.491920616236216447e-09
9.473952647416532927e-09
9.455984678596851062e-09
9.438016709777154308e-09
9.420048740957493949e-09
9.402177342204161742e-09
9.384506270227732357e-09
9.366835198251276502e-09
9.349164126274857042e-09
9.331493054298426002e-09
9.313821982322008197e-09
9.296150910345575503e-09
9.278479838369146117e-09
9.260808766392726658e-09
9.243137694416295618e-09
9.225466622439866233e-09
9.207795550463433538e-09
9.190285862801706103e-09
9.172890638943862110e-09
9.155495415086029699e-09
9.138100191228195633e-09
9.120704967370351640e-09
9.103309743512519229e-09
9.085914519654675236e-09
9.068519295796841170e-09
9.051124071938998832e-09
9.033728848081166421e-09
9.016333624223310848e-09
8.998938400365490017e-09
8.981713265039246373e-09
8.964543274933455752e-09
8.947373284827663476e-09
8.930203294721859621e-09
8.913033304616078926e-09
8.895863314510275070e-09
8.878693324404494375e-09
8.861523334298678939e-09
8.844353344192899898e-09
8.827183354087109277e-09
8.810013363981305421e-09
8.792843373875534652e-09
8.775916961192982347e-09
8.759038704971671442e-09
8.742160448750350610e-09
8.725282192529041360e-09
8.708403936307720528e-09
8.691525680086411277e-09
8.674647423865090446e-09
8.657769167643769615e-09
8.640890911422458710e-09
8.624012655201137878e-09
8.607134398979828627e-09
8.590256142758494561e-09
8.573598088595466156e-09
8.556987179907601950e-09
8.540376271219737744e-09
8.523765362531873537e-09
8.507154453844009331e-09
8.490543545156158360e-09
8.473932636468285882e-09
8.457321727780421676e-09
8.440710819092542580e-09
8.424099910404680028e-09
8.407489001716829057e-09
8.390878093028954924e-09
8.374438432666600048e-09
8.358065156721743661e-09
8.341691880776920361e-09
8.325318604832085480e-09
8.308945328887247291e-09
8.292572052942417373e-09
8.276198776997572567e-09
8.259825501052750921e-09
8.243452225107894533e-09
8.227078949163089431e-09
8.210705673218241316e-09
8.194332397273403126e-09
8.178111226835263948e-09
8.162027568769995582e-09
8.145943910704704055e-09
8.129860252639404256e-09
8.113776594574125965e-09
8.097692936508817894e-09
8.081609278443534639e-09
8.065525620378251384e-09
8.049441962312963166e-09
8.033358304247673294e-09
8.017274646182383421e-09
8.001190988117070388e-09
7.985162724349014855e-09
7.969313191017297324e-09
7.953463657685607917e-09
7.937614124353913548e-09
7.921764591022196017e-09
7.905915057690488413e-09
7.890065524358789080e-09
7.874215991027093056e-09
7.858366457695375525e-09
7.842516924363674538e-09
7.826667391031980169e-09
7.810817857700275873e-09
7.794968324368556688e-09
7.779320959014083543e-09
7.763708113366077832e-09
7.748095267718100245e-09
7.732482422070086263e-09
7.716869576422097096e-09
7.701256730774102965e-09
7.685643885126102218e-09
7.670031039478089890e-09
7.654418193830105685e-09
7.638805348182103283e-09
7.623192502534114116e-09
7.607579656886113369e-09
7.592073013696747285e-09
7.576741769752927627e-09
7.561410525809111278e-09
7.546079281865291619e-09
7.530748037921476924e-09
7.515416793977652303e-09
7.500085550033837608e-09
7.484754306090006370e-09
7.469423062146185057e-09
7.454091818202376979e-09
7.438760574258552358e-09
7.423429330314731873e-09
7.408098086370918005e-09
7.392948199719228057e-09
7.377842293145777276e-09
7.362736386572309952e-09
7.347630479998853380e-09
7.332524573425392673e-09
7.317418666851943547e-09
7.302312760278493593e-09
7.287206853705013860e-09
7.272100947131569697e-09
7.256995040558099063e-09
7.241889133984636702e-09
7.226783227411191711e-09
7.211711747014726931e-09
7.196858060276322107e-09
7.182004373537922246e-09
7.167150686799544719e-09
7.152297000061153957e-09
7.137443313322753269e-09
7.122589626584370779e-09
7.107735939845970917e-09
7.092882253107580155e-09
7.078028566369192702e-09
7.063174879630798631e-09
7.048321192892410351e-09
7.033467506154021243e-09
7.018713694321093654e-09
7.004128918561284382e-09
6.989544142801475937e-09
6.974959367041665838e-09
6.960374591281838368e-09
6.945789815522033232e-09
6.931205039762223133e-09
6.916620264002397318e-09
6.902035488242593836e-09
6.887450712482783737e-09
6.872865936722976120e-09
6.858281160963160230e-09
6.843696385203355094e-09
6.829214109239420395e-09
6.814830778096814047e-09
6.800447446954206872e-09
6.786064115811634438e-09
6.771680784669033053e-09
6.757297453526429187e-09
6.742914122383833592e-09
6.728530791241239652e-09
6.714147460098642403e-09
6.699764128956046808e-09
6.685380797813445423e-09
6.670997466670863064e-09
6.656614135528271605e-09
6.642367557968000607e-09
6.628233775347910859e-09
6.614099992727808703e-09
6.599966210107706547e-09
6.585832427487599428e-09
6.571698644867504716e-09
6.557564862247400906e-09
6.543431079627303713e-09
6.529297297007218928e-09
6.515163514387101055e-09
6.501029731767011307e-09
6.486895949146903360e-09
6.472762166526817748e-09
6.458756055714615436e-09
6.444883790825524088e-09
6.431011525936441013e-09
6.417139261047356283e-09
6.403266996158277343e-09
6.389394731269198404e-09
6.375522466380107883e-09
6.361650201491028944e-09
6.347777936601950004e-09
6.333905671712860311e-09
6.320033406823775581e-09
6.306161141934702432e-09
6.292288877045630109e-09
6.278483298063794593e-09
6.264813946346952471e-09
6.251144594630110350e-09
6.237475242913275673e-09
6.223805891196439342e-09
6.210136539479598048e-09
6.196467187762755927e-09
6.182797836045908015e-09
6.169128484329071684e-09
6.155459132612241143e-09
6.141789780895399849e-09
6.128120429178557728e-09
6.114451077461723051e-09
6.100798960082315828e-09
6.087380899796816319e-09
6.073962839511344933e-09
6.060544779225851213e-09
6.047126718940368247e-09
6.033708658654879491e-09
6.020290598369385771e-09
6.006872538083897015e-09
5.993454477798408258e-09
5.980036417512907094e-09
5.966618357227419992e-09
5.953200296941936199e-09
5.939782236656443307e-09
5.926364176370953723e-09
5.913125412381624060e-09
5.899960864192819364e-09
5.886796316004021284e-09
5.873631767815212452e-09
5.860467219626430916e-09
5.847302671437627047e-09
5.834138123248834758e-09
5.820973575060018480e-09
5.807809026871236945e-09
5.794644478682427285e-09
5.781479930493634996e-09
5.768315382304831954e-09
5.755150834116038837e-09
5.742029964190577736e-09
5.729044521953483147e-09
5.716059079716377805e-09
5.703073637479272462e-09
5.690088195242172910e-09
5.677102753005078321e-09
5.664117310767972151e-09
5.651131868530877562e-09
5.638146426293765602e-09
5.625160984056654469e-09
5.612175541819553263e-09
5.599190099582447920e-09
5.586204657345354158e-09
5.573219215108248816e-09
5.560404221016256038e-09
5.547670303298902395e-09
5.534936385581544617e-09
5.522202467864203382e-09
5.509468550146839814e-09
5.496734632429481208e-09
5.484000714712135010e-09
5.471266796994774750e-09
5.458532879277421935e-09
5.445798961560063330e-09
5.433065043842705551e-09
5.420331126125352736e-09
5.407597208407994958e-09
5.394865173224761337e-09
5.382371383761829905e-09
5.369877594298914188e-09
5.357383804835994336e-09
5.344890015373062076e-09
5.332396225910142224e-09
5.319902436447222372e-09
5.307408646984295902e-09
5.294914857521374395e-09
5.282421068058447926e-09
5.269927278595520629e-09
5.257433489132594986e-09
5.244939699669674307e-09
5.232445910206748664e-09
5.219997502924547302e-09
5.207697973525416031e-09
5.195398444126301303e-09
5.183098914727181612e-09
5.170799385328061921e-09
5.158499855928952983e-09
5.146200326529821711e-09
5.133900797130712774e-09
5.121601267731585638e-09
5.109301738332470910e-09
5.097002208933345429e-09
5.084702679534231528e-09
5.072403150135121763e-09
5.060103620736002072e-09
5.047891386701701077e-09
5.035838321780974262e-09
5.023785256860247447e-09
5.011732191939520632e-09
4.999679127018799608e-09
4.987626062098084374e-09
4.975572997177357559e-09
4.963519932256624127e-09
4.951466867335909719e-09
4.939413802415171324e-09
4.927360737494444509e-09
4.915307672573717695e-09
4.903254607653002460e-09
4.891201542732275645e-09
4.879229268065696214e-09
4.867395288948627253e-09
4.855561309831545884e-09
4.843727330714476095e-09
4.831893351597389763e-09
4.820059372480315011e-09
4.808225393363239432e-09
4.796391414246163026e-09
4.784557435129089101e-09
4.772723456011996151e-09
4.760889476894926363e-09
4.749055497777857401e-09
4.737221518660777686e-09
4.725387539543690527e-09
4.713606297578108100e-09
4.701963037842277516e-09
4.690319778106424597e-09
4.678676518370594013e-09
4.667033258634763429e-09
4.655389998898903893e-09
4.643746739163066691e-09
4.632103479427223699e-09
4.620460219691393942e-09
4.608816959955552604e-09
4.597173700219709612e-09
4.585530440483873237e-09
4.573887180748031900e-09
4.562243921012195525e-09
4.550619002501901896e-09
4.539215049113167299e-09
4.527811095724414504e-09
4.516407142335668327e-09
4.505003188946916360e-09
4.493599235558163565e-09
4.482195282169415734e-09
4.470791328780662939e-09
4.459387375391916762e-09
4.447983422003175548e-09
4.436579468614429371e-09
4.425175515225665823e-09
4.413771561836917992e-09
4.402367608448172642e-09
4.390963655059424810e-09
4.379720392780064423e-09
4.368525586108715347e-09
4.357330779437372889e-09
4.346135972766051110e-09
4.334941166094707825e-09
4.323746359423380256e-09
4.312551552752036143e-09
4.301356746080692858e-09
4.290161939409360326e-09
4.278967132738028621e-09
4.267772326066690298e-09
4.256577519395352803e-09
4.245382712724020271e-09
4.234187906052682776e-09
4.223064277073080270e-09
4.212072422542558340e-09
4.201080568012035582e-09
4.190088713481514478e-09
4.179096858950990893e-09
4.168105004420462345e-09
4.157113149889951995e-09
4.146121295359424274e-09
4.135129440828913097e-09
4.124137586298385376e-09
4.113145731767868408e-09
4.102153877237347305e-09
4.091162022706825374e-09
4.080170168176308407e-09
4.069178313645780686e-09
4.058376369541509049e-09
4.047615271421503627e-09
4.036854173301480834e-09
4.026093075181467967e-09
4.015331977061450137e-09
4.004570878941433962e-09
3.993809780821428540e-09
3.983048682701410710e-09
3.972287584581392880e-09
3.961526486461381668e-09
3.950765388341370456e-09
3.940004290221365034e-09
3.929243192101353821e-09
3.918482093981331029e-09
3.907756193447715617e-09
3.897186060461169411e-09
3.886615927474617415e-09
3.876045794488069555e-09
3.865475661501523349e-09
3.854905528514971353e-09
3.844335395528430937e-09
3.833765262541884731e-09
3.823195129555338526e-09
3.812624996568792320e-09
3.802054863582246114e-09
3.791484730595693291e-09
3.780914597609153702e-09
3.770344464622595916e-09
3.759774331636055500e-09
3.749290871936717604e-09
3.738920523315873002e-09
3.728550174695016819e-09
3.718179826074166840e-09
3.707809477453322238e-09
3.697439128832477636e-09
3.687068780211621867e-09
3.676698431590777678e-09
3.666328082969927286e-09
3.655957734349077307e-09
3.645587385728233532e-09
3.635217037107382726e-09
3.624846688486538537e-09
3.614476339865693935e-09
3.604105991244843956e-09
3.593863711981515727e-09
3.583717772058403282e-09
3.573571832135295800e-09
3.563425892212184183e-09
3.553279952289071324e-09
3.543134012365964256e-09
3.532988072442857602e-09
3.522842132519745157e-09
3.512696192596638502e-09
3.502550252673526058e-09
3.492404312750419403e-09
3.482258372827300755e-09
3.472112432904194100e-09
3.461966492981075038e-09
3.451820553057968383e-09
3.441785160520128595e-09
3.431825314130957889e-09
3.421865467741776017e-09
3.411905621352600762e-09
3.401945774963423853e-09
3.391985928574247770e-09
3.382026082185065898e-09
3.372066235795901810e-09
3.362106389406707943e-09
3.352146543017538065e-09
3.342186696628361983e-09
3.332226850239185901e-09
3.322267003850008164e-09
3.312307157460821329e-09
3.302347311071655587e-09
3.292490389403049344e-09
3.282735163696376639e-09
3.272979937989697730e-09
3.263224712283018821e-09
3.253469486576351906e-09
3.243714260869673825e-09
3.233959035163000706e-09
3.224203809456322211e-09
3.214448583749643302e-09
