9.687529870945388015e-07
9.770288730778691642e-07
9.843777667573457901e-07
9.908443696707986537e-07
9.964507998954328787e-07
1.001231277259896283e-06
1.005233837937425926e-06
1.008477190315319674e-06
1.010992710272936633e-06
1.012818154928207569e-06
1.013975332053698327e-06
1.014496347616805126e-06
1.014397898243807187e-06
1.013731889878488239e-06
1.012493773022094018e-06
1.010741185037679328e-06
1.008465859995362700e-06
1.005731892599873843e-06
1.002509509563690911e-06
9.988753965010595703e-07
9.948191288355115227e-07
9.903807495903739394e-07
9.855710059585722538e-07
9.804178110894078092e-07
9.749468275037962540e-07
9.691548751084914425e-07
9.631042900507661116e-07
9.567676462318994572e-07
9.501984520100894542e-07
9.433996214890929625e-07
9.363852343768755097e-07
9.291986445414741630e-07
9.218145335901216069e-07
9.142796868482392058e-07
9.066095839700432667e-07
8.987944082427826373e-07
8.908841681065902812e-07
8.828743817779392793e-07
8.747645258727745258e-07
8.666021059243403774e-07
8.583787064910523745e-07
8.500931116501658869e-07
8.417933768952936421e-07
8.334710954274914005e-07
8.251206853145369130e-07
8.167788488951697128e-07
8.084561647383422975e-07
8.001370745926551794e-07
7.918375873788043145e-07
7.836046787608443054e-07
7.754009199366989750e-07
7.672318125083372186e-07
7.591436535129753522e-07
7.511225274967255049e-07
7.431627332462061732e-07
7.352735065705188347e-07
7.274898636674577181e-07
7.197915893884060668e-07
7.121731541195242469e-07
7.046497020528044353e-07
6.972561835720457744e-07
6.899547759724950613e-07
6.827557487290199115e-07
6.756582181440246095e-07
6.687133084984877232e-07
6.618668942984656571e-07
6.551336163279891089e-07
6.485223231537493929e-07
6.420447300361466045e-07
6.356924733459771925e-07
6.294603875731635321e-07
6.233366238364321189e-07
6.173620534621126944e-07
6.115234637925213757e-07
6.057975584791315129e-07
6.001871330616748038e-07
5.947042894080263509e-07
5.893772592806072029e-07
5.841614980782830419e-07
5.790604954638695938e-07
5.740716337120824396e-07
5.692209266122869592e-07
5.645056235229380460e-07
5.598979806090710139e-07
5.553997997095868390e-07
5.510083928189590451e-07
5.467396738798750773e-07
5.425948936060558901e-07
5.385570187781053852e-07
5.346203394018780817e-07
5.307804745513393217e-07
5.270482061965838021e-07
5.234281673476188711e-07
5.198996959319914591e-07
5.164618440541593123e-07
5.131117932631075042e-07
5.098470262236613668e-07
5.066844482641615943e-07
5.036059572367505190e-07
5.006032832604766804e-07
4.976765435399777335e-07
4.948201590788377777e-07
4.920394773010146110e-07
4.893395695642547942e-07
4.867033725994011579e-07
4.841274413746105544e-07
4.816092787116169007e-07
4.791443144283549572e-07
4.767400813040542774e-07
4.743934139385265288e-07
4.720942435739609336e-07
4.698380986193094758e-07
4.676225049505016004e-07
4.654435956137884842e-07
4.633030715348453448e-07
4.612070851275553260e-07
4.591414443022409078e-07
4.571036372863700818e-07
4.550920508106821105e-07
4.531010777008134513e-07
4.511303178394154497e-07
4.491838518004210380e-07
4.472576602449934584e-07
4.453429547335058738e-07
4.434379351758665714e-07
4.415417814374371132e-07
4.396511701286300579e-07
4.377676371986171953e-07
4.358908988397028260e-07
4.340178361577818064e-07
4.321431354317085466e-07
4.302640277721726909e-07
4.283790196781921395e-07
4.264874617760080210e-07
4.245905152943409127e-07
4.226893267460792447e-07
4.207783459169704113e-07
4.188544144939652024e-07
4.169173224778860134e-07
4.149665156717970509e-07
4.130015348659304227e-07
4.110162823992929161e-07
4.090200136696424767e-07
4.070101091355960663e-07
4.049842344892408011e-07
4.029344949434766666e-07
4.008647923610750806e-07
3.987772234138470231e-07
3.966725001182864377e-07
3.945422998750781679e-07
3.923972308313568062e-07
3.902365422340983422e-07
3.880559577093539823e-07
3.858496858290313792e-07
3.836256650183979784e-07
3.813843349938724511e-07
3.791183427008439977e-07
3.768361948235314251e-07
3.745407824876017111e-07
3.722286626302759014e-07
3.698962897392387752e-07
3.675500795797671072e-07
3.651878949258973660e-07
3.628046733418937883e-07
3.604102810666186081e-07
3.580042354991908864e-07
3.555851746620071629e-07
3.531586008070628630e-07
3.507239628406835673e-07
3.482750104485017718e-07
3.458192626615830032e-07
3.433556895135984848e-07
3.408827397494058376e-07
3.384059527174621097e-07
3.359242214806878279e-07
3.334458527115033869e-07
3.309676961959289497e-07
3.284880255673288850e-07
3.260087436761312771e-07
3.235299719019978548e-07
3.210543428764620554e-07
3.185819477729627812e-07
3.161128469972099204e-07
3.136545840013124890e-07
3.112033541938102153e-07
3.087680906833411151e-07
3.063428033597687532e-07
3.039235352074706582e-07
3.015231420030753964e-07
2.991304000516894189e-07
2.967533443493797173e-07
2.943922261035819709e-07
2.920400908135049699e-07
2.897214810540818379e-07
2.874141388740562956e-07
2.851351519619854400e-07
2.828744486650714034e-07
2.806293014099852789e-07
2.784153086909546868e-07
2.762114430412622073e-07
2.740446778260811202e-07
2.718913171261496700e-07
2.697660086521892016e-07
2.676721078368331161e-07
2.656031138597898581e-07
2.635727864050736200e-07
2.615534530461866834e-07
2.595815255261629690e-07
2.576198591471934330e-07
2.557019908929304986e-07
2.538027159207273132e-07
2.519365874642084381e-07
2.500986129179977816e-07
2.482860823542373679e-07
2.465209078518178574e-07
2.447783074099570628e-07
2.430805444900881727e-07
2.413929602670723571e-07
2.397583530054748821e-07
2.381300741511040398e-07
2.365587736135677355e-07
2.349955611411253681e-07
2.334809772840934417e-07
2.319801940758578147e-07
2.305275367352204382e-07
2.290942939195143281e-07
2.277089444408236064e-07
2.263425422838205543e-07
2.250130421179666472e-07
2.237050937065146252e-07
2.224330365115140008e-07
2.211836155153611133e-07
2.199687042929399002e-07
2.187753918074494441e-07
2.176142190389063468e-07
2.164768009026834379e-07
2.153761488658152840e-07
2.142962715364152509e-07
2.132521127606085001e-07
2.122240243259631227e-07
2.112289341950764164e-07
2.102474289296685889e-07
2.093023393061488249e-07
2.083665084178388557e-07
2.074676707419961859e-07
2.065737171545230425e-07
2.057181608385693552e-07
2.048630848190861140e-07
2.040577286598033875e-07
2.032523725005230168e-07
2.024821123050678715e-07
2.017161797870779885e-07
2.009768626864640507e-07
2.002461964593103934e-07
1.995367845218328113e-07
1.988413740268374518e-07
1.981589597879818911e-07
1.974934540788313309e-07
1.968349327630465271e-07
1.961973920458698904e-07
1.955613156501959017e-07
1.949541328705088515e-07
1.943469500908206630e-07
1.937566499373842608e-07
1.931698100887696626e-07
1.925935952095786330e-07
1.920246237161387319e-07
1.914608828917322177e-07
1.909071933968264543e-07
1.903543333286155924e-07
1.898120486970148043e-07
1.892697640654141486e-07
1.887353863537603983e-07
1.882031634503432944e-07
1.876745265495086731e-07
1.871497513591916551e-07
1.866253148204484404e-07
1.861026623028430517e-07
1.855800097852366571e-07
1.850569285681136972e-07
1.845337531543672620e-07
1.840090771175109238e-07
1.834826557259405829e-07
1.829557673078050389e-07
1.824239618790330946e-07
1.818921564502625798e-07
1.813555127912191168e-07
1.808167261911676161e-07
1.802751803450858904e-07
1.797265762861347730e-07
1.791779722271846614e-07
1.786193558513713807e-07
1.780589815763102096e-07
1.774928759924042718e-07
1.769182333622748744e-07
1.763435907321442329e-07
1.757549695125427544e-07
1.751653606222924245e-07
1.745687866353300828e-07
1.739636128330110089e-07
1.733584390306954555e-07
1.727376828310056339e-07
1.721159667911225655e-07
1.714872314073315498e-07
1.708486957120407792e-07
1.702101600167511468e-07
1.695569291264999185e-07
1.689015681795118055e-07
1.682406090818893341e-07
1.675671921026880699e-07
1.668937751234872292e-07
1.662087033457803004e-07
1.655192573781828672e-07
1.648279012009273955e-07
1.641231053561626143e-07
1.634183095113945774e-07
1.627065369528091115e-07
1.619878406073302031e-07
1.612691442618525388e-07
1.605396749506663585e-07
1.598084421807939541e-07
1.590749684486874901e-07
1.583323359270413390e-07
1.575897034053953203e-07
1.568419792239855535e-07
1.560894309064690510e-07
1.553368825889494515e-07
1.545784803694843647e-07
1.538187041866760766e-07
1.530585465046655273e-07
1.522943175317500910e-07
1.515300885588351312e-07
1.507654138845440955e-07
1.499998764844281680e-07
1.492343390843135375e-07
1.484687441662098891e-07
1.477031066715029679e-07
1.469374691767938497e-07
1.461735145073667861e-07
1.454100139114242039e-07
1.446465133154800865e-07
1.438876523310554748e-07
1.431288904169080900e-07
1.423711748468643024e-07
1.416194245988900878e-07
1.408676743509165086e-07
1.401195834349055292e-07
1.393801230689156768e-07
1.386406627029246862e-07
1.379069172143726920e-07
1.371809195864832436e-07
1.364549219585926835e-07
1.357364131080860706e-07
1.350245640510400214e-07
1.343127149939945280e-07
1.336112852010895848e-07
1.329164615513008982e-07
1.322216379015097500e-07
1.315390911148079409e-07
1.308625260162042429e-07
1.301859609176004920e-07
1.295233275684789457e-07
1.288663751204895842e-07
1.282094226724989520e-07
1.275718950474031024e-07
1.269417104391570227e-07
1.263115258309120811e-07
1.256977230737511779e-07
1.250903475921919729e-07
1.244829721106343826e-07
1.238917927920252728e-07
1.233079656977153193e-07
1.227241386034053657e-07
1.221566772717128893e-07
1.215986553491427408e-07
1.210406334265726187e-07
1.204963394833557329e-07
1.199629503344274582e-07
1.194295611854989718e-07
1.189081425916808568e-07
1.184009525912653010e-07
1.178937625908488319e-07
1.173964170428748011e-07
1.169188052690072452e-07
1.164411934951413039e-07
1.159680925149466255e-07
1.155148780680918072e-07
1.150616636212369889e-07
1.146087656412352402e-07
1.141800691726882792e-07
1.137513727041400608e-07
1.133226762355930468e-07
1.129138189849298873e-07
1.125094144406268284e-07
1.121050098963225653e-07
1.117138182303093488e-07
1.113315799098223370e-07
1.109493415893358149e-07
1.105753160626328097e-07
1.102164849841002368e-07
1.098576539055682860e-07
1.095005932271652912e-07
1.091636557073858577e-07
1.088267181876060668e-07
1.084897806678259981e-07
1.081667953585704102e-07
1.078476112791407590e-07
1.075284271997105387e-07
1.072171629012621590e-07
1.069149833298639774e-07
1.066128037584657164e-07
1.063124106672766452e-07
1.060250879075000976e-07
1.057377651477257999e-07
1.054504423879503111e-07
1.051725838698109016e-07
1.048978936448579615e-07
1.046232034199055772e-07
1.043530504825878805e-07
1.040912357030955476e-07
1.038294209236053984e-07
1.035676061441139654e-07
1.033143230530009574e-07
1.030616855059686415e-07
1.028090479589373049e-07
1.025596843998194614e-07
1.023138566461273392e-07
1.020680288924375331e-07
1.018222322789784982e-07
1.015820115655870495e-07
1.013417908521950450e-07
1.011015701388040199e-07
1.008631847567521395e-07
1.006266070987152666e-07
1.003900294406778908e-07
1.001534517826414282e-07
9.991885503115907279e-08
9.968430848997270671e-08
9.944976194878578475e-08
9.921549362627017484e-08
9.898160979324490286e-08
9.874772596021949854e-08
9.851384212719478243e-08
9.827795621562536657e-08
9.804168100504927550e-08
9.780540579447303884e-08
9.756832636441904637e-08
9.732851194327755277e-08
9.708869752213592683e-08
9.684888310099449941e-08
9.660624473141761854e-08
9.636164139306395265e-08
9.611703805470917503e-08
9.587243471635452975e-08
9.562300535568775633e-08
9.537318105564114223e-08
9.512335675559346933e-08
9.487218801326665137e-08
9.461654442097900747e-08
9.436090082869087388e-08
9.410525723640427553e-08
9.384641043614260852e-08
9.358447989172676306e-08
9.332254934731098378e-08
9.306061880289521773e-08
9.279401027551443340e-08
9.252592081640393657e-08
9.225783135729343973e-08
9.198974189818300907e-08
9.171560779189110500e-08
9.144135631118036915e-08
9.116710483046803188e-08
9.089184765539165533e-08
9.061179960379188857e-08
9.033175155219266443e-08
9.005170350059345353e-08
8.977002576507846024e-08
8.948514135116770256e-08
8.920025693725750074e-08
8.891537252334612101e-08
8.862865585753295124e-08
8.833988238421070813e-08
8.805110891088704889e-08
8.776233543756402493e-08
8.747201716633650479e-08
8.718056067817315426e-08
8.688910419001030666e-08
8.659764770184674438e-08
8.630509445289282139e-08
8.601195234702160391e-08
8.571881024114906293e-08
8.542566813527658813e-08
8.513208838175080019e-08
8.483831708178203049e-08
8.454454578181221523e-08
8.425077448184352493e-08
8.395754232478387415e-08
8.366453009023660774e-08
8.337151785568792520e-08
8.307850562114092350e-08
8.278687206013119747e-08
8.249584484927981091e-08
8.220481763842728615e-08
8.191379042757523784e-08
8.162562083996264789e-08
8.133900263752076912e-08
8.105238443507874477e-08
8.076576623263742186e-08
8.048197158127802069e-08
8.020029982988934733e-08
7.991862807849977401e-08
7.963695632711088889e-08
7.935789799477817642e-08
7.908187842141191488e-08
7.880585884804717535e-08
7.852983927468156232e-08
7.825608892387013586e-08
7.798710470505147363e-08
7.771812048623259964e-08
7.744913626741316979e-08
7.718129445535011829e-08
7.691987087177544948e-08
7.665844728820050274e-08
7.639702370462633685e-08
7.613560012105191951e-08
7.588206821313384410e-08
7.562897099575477259e-08
7.537587377837653487e-08
7.512277656099727806e-08
7.487749472984463674e-08
7.463536824944509288e-08
7.439324176904507257e-08
7.415111528864473463e-08
7.391310126110135098e-08
7.368022397873599285e-08
7.344734669636976122e-08
7.321446941400465456e-08
7.298297390519234082e-08
7.275967390404636703e-08
7.253637390289930798e-08
7.231307390175281803e-08
7.208977390060624866e-08
7.187466822374706184e-08
7.166147119857104243e-08
7.144827417339530095e-08
7.123507714821933448e-08
7.102609171955727075e-08
7.082236343713531129e-08
7.061863515471410621e-08
7.041490687229305995e-08
7.021162955938524138e-08
7.001788932909639385e-08
6.982414909880671253e-08
6.963040886851789147e-08
6.943666863822785280e-08
6.924922267255661236e-08
6.906576870080230091e-08
6.888231472904800269e-08
6.869886075729345301e-08
6.851660058308412249e-08
6.834139049296906079e-08
6.816618040285374763e-08
6.799097031273869917e-08
6.781576022262310808e-08
6.764565383058418377e-08
6.747837375368113536e-08
6.731109367677784872e-08
6.714381359987560764e-08
6.697731406680177515e-08
6.681726145120303179e-08
6.665720883560375903e-08
6.649715622000498920e-08
6.633710360440543851e-08
6.618036525164652863e-08
6.602647571906923242e-08
6.587258618649194944e-08
6.571869665391440177e-08
6.556480712133743643e-08
6.541665614561186456e-08
6.526891977746477901e-08
6.512118340931671407e-08
6.497344704117036967e-08
6.482711643404646892e-08
6.468418928991819813e-08
6.454126214578912001e-08
6.439833500166114039e-08
6.425540785753269754e-08
6.411457916099255807e-08
6.397505554325759371e-08
6.383553192552286758e-08
6.369600830778738706e-08
6.355648469005266093e-08
6.341944409141173237e-08
6.328266388164407011e-08
6.314588367187615639e-08
6.300910346210901030e-08
6.287261129020589047e-08
6.273765831117627313e-08
6.260270533214546466e-08
6.246775235311527822e-08
6.233279937408506532e-08
6.219826360879299292e-08
6.206442638881462158e-08
6.193058916883540320e-08
6.179675194885667451e-08
6.166291472887806494e-08
6.152956942696428880e-08
6.139662065195022336e-08
6.126367187693597262e-08
6.113072310192166895e-08
6.099777432690819908e-08
6.086477283645391885e-08
6.073174838890236954e-08
6.059872394134954968e-08
6.046569949379739157e-08
6.033267504624471729e-08
6.019926739262193718e-08
6.006576541261187522e-08
5.993226343260123092e-08
5.979876145259057338e-08
5.966525947258045848e-08
5.953105624390979115e-08
5.939674909859005098e-08
5.926244195326996669e-08
5.912813480794987579e-08
5.899382766263066501e-08
5.885875622255494176e-08
5.872360149855964097e-08
5.858844677456469090e-08
5.845329205056973421e-08
5.831813732657478414e-08
5.818225024644945527e-08
5.804627687070700634e-08
5.791030349496479565e-08
5.777433011922311435e-08
5.763835674348091027e-08
5.750196564322994438e-08
5.736550036101015215e-08
5.722903507879036654e-08
5.709256979657060740e-08
5.695610451435053724e-08
5.681928843117514694e-08
5.668236474589895489e-08
5.654544106062275623e-08
5.640851737534687521e-08
5.627159369007068316e-08
5.613456604240648615e-08
5.599748055082656709e-08
5.586039505924647597e-08
5.572330956766638485e-08
5.558622407608537391e-08
5.544925101478583328e-08
5.531239944592016161e-08
5.517554787705364290e-08
5.503869630818818298e-08
5.490184473932163118e-08
5.476518946401215772e-08
5.462904063848621454e-08
5.449289181296058901e-08
5.435674298743412305e-08
5.422059416190849751e-08
5.408449838290241810e-08
5.394973479360274878e-08
5.381497120430275521e-08
5.368020761500276825e-08
5.354544402570334378e-08
5.341068043640367446e-08
5.327752409815922323e-08
5.314488303437745042e-08
5.301224197059526071e-08
5.287960090681383862e-08
5.274695984303217169e-08
5.261528492502886221e-08
5.248486059538831758e-08
5.235443626574728325e-08
5.222401193610645406e-08
5.209358760646563149e-08
5.196336363484970511e-08
5.183565394680230483e-08
5.170794425875515601e-08
5.158023457070776234e-08
5.145252488266054072e-08
5.132481519461366984e-08
5.119919656499253249e-08
5.107460405299640164e-08
5.095001154099995978e-08
5.082541902900379585e-08
5.070082651700762530e-08
5.057698540887870077e-08
5.045570940908411930e-08
5.033443340928929961e-08
5.021315740949472476e-08
5.009188140969958081e-08
4.997060540990472802e-08
4.985240121104936364e-08
4.973527220200249085e-08
4.961814319295597541e-08
4.950101418390889086e-08
4.938388517486233571e-08
4.926761418747942462e-08
4.915451349585364256e-08
4.904141280422866121e-08
4.892831211260252843e-08
4.881521142097754709e-08
4.870211072935176503e-08
4.859139552024586107e-08
4.848200448520177200e-08
4.837261345015768293e-08
4.826322241511383871e-08
4.815383138006996140e-08
4.804455840844151308e-08
4.793903130447948250e-08
4.783350420051720708e-08
4.772797709655493165e-08
4.762244999259262314e-08
4.751692288863034772e-08
4.741274284179208269e-08
4.731080599235503494e-08
4.720886914291795411e-08
4.710693229348093945e-08
4.700499544404445418e-08
4.690305859460765128e-08
4.680339217987782730e-08
4.670481074406439219e-08
4.660622930825070562e-08
4.650764787243758814e-08
4.640906643662411333e-08
4.631048500081074439e-08
4.621547953277851365e-08
4.612072439901203336e-08
4.602596926524650599e-08
4.593121413148034335e-08
4.583645899771422041e-08
4.574212318603316766e-08
4.565018897144026504e-08
4.555825475684844769e-08
4.546632054225575683e-08
4.537438632766337699e-08
4.528245211307075892e-08
4.519130347828417290e-08
4.510183553736684653e-08
4.501236759644982456e-08
4.492289965553305406e-08
4.483343171461582695e-08
4.474396377369891748e-08
4.465551879569209477e-08
4.456835543219794240e-08
4.448119206870449810e-08
4.439402870521090821e-08
4.430686534171717936e-08
4.421970197822355638e-08
4.413349965060843451e-08
4.404816903331832821e-08
4.396283841602864543e-08
4.387750779873850605e-08
4.379217718144854534e-08
4.370684656415854492e-08
4.362243188254027743e-08
4.353873790186826795e-08
4.345504392119639743e-08
4.337134994052407030e-08
4.328765595985181597e-08
4.320396197918008442e-08
4.312115252366640174e-08
4.303906862907680588e-08
4.295698473448721003e-08
4.287490083989729653e-08
4.279281694530741612e-08
4.271073305071809819e-08
4.262913149728382804e-08
4.254802562230356181e-08
4.246691974732389115e-08
4.238581387234422710e-08
4.230470799736400058e-08
4.222360212238419095e-08
4.214281945253821869e-08
4.206254073169525988e-08
4.198226201085239371e-08
4.190198329000868050e-08
4.182170456916586727e-08
4.174142584832243200e-08
4.166131772349525994e-08
4.158174482553423776e-08
4.150217192757292441e-08
4.142259902961255073e-08
4.134302613165179324e-08
4.126345323369049312e-08
4.118390759653945058e-08
4.110493135816217518e-08
4.102595511978458214e-08
4.094697888140696924e-08
4.086800264302954164e-08
4.078902640465226623e-08
4.071005016627481216e-08
4.063163228401543253e-08
4.055335193976890882e-08
4.047507159552210056e-08
4.039679125127537832e-08
4.031851090702839801e-08
4.024023056278202650e-08
4.016233862464692960e-08
4.008481786074788885e-08
4.000729709684860325e-08
3.992977633294972131e-08
3.985225556905078644e-08
3.977473480515162657e-08
3.969732950776381684e-08
3.962047896821341170e-08
3.954362842866262276e-08
3.946677788911250218e-08
3.938992734956196470e-08
3.931307681001165221e-08
3.923622627046126693e-08
3.915999793460087793e-08
3.908394021020019433e-08
3.900788248580033791e-08
3.893182476139964770e-08
3.885576703699961261e-08
3.877970931259957752e-08
3.870397232035496583e-08
3.862883480946734180e-08
3.855369729857961190e-08
3.847855978769214669e-08
3.840342227680437708e-08
3.832828476591659423e-08
3.825314725502897020e-08
3.817889776475729945e-08
3.810478910111821586e-08
3.803068043747931094e-08
3.795657177384024720e-08
3.788246311020107758e-08
3.780835444656238441e-08
3.773471390111596577e-08
3.766203168668656298e-08
3.758934947225731239e-08
3.751666725782794268e-08
3.744398504339867223e-08
3.737130282896944149e-08
3.729862061454028355e-08
3.722699854961013171e-08
3.715574259447070060e-08
3.708448663933142169e-08
3.701323068419205676e-08
3.694197472905276462e-08
3.687071877391322763e-08
3.679961542264224133e-08
3.672977046668888746e-08
3.665992551073567256e-08
3.659008055478231869e-08
3.652023559882924275e-08
3.645039064287602785e-08
3.638054568692238943e-08
3.631136375848394422e-08
3.624308875901034608e-08
3.617481375953650310e-08
3.610653876006291159e-08
3.603826376058947227e-08
3.596998876111558959e-08
3.590171376164209733e-08
3.583451551837680232e-08
3.576781144384465129e-08
3.570110736931209659e-08
3.563440329477966763e-08
3.556769922024725190e-08
3.550099514571468396e-08
3.543429107118209618e-08
3.536900813302090599e-08
3.530388823711218323e-08
3.523876834120372517e-08
3.517364844529500903e-08
3.510852854938668993e-08
3.504340865347825172e-08
3.497840202290488895e-08
3.491527317099080210e-08
3.485214431907599394e-08
3.478901546716114608e-08
3.472588661524663571e-08
3.466275776333207902e-08
3.459962891141728410e-08
3.453675669728501492e-08
3.447518841119576701e-08
3.441362012510664483e-08
3.435205183901697341e-08
3.429048355292787108e-08
3.422891526683831215e-08
3.416734698074906424e-08
3.410610633618474486e-08
3.404603157330634835e-08
3.398595681042763420e-08
3.392588204754909211e-08
3.386580728467039781e-08
3.380573252179196160e-08
3.374565775891326068e-08
3.368591315006660719e-08
3.362733057610029384e-08
3.356874800213442387e-08
3.351016542816809067e-08
3.345158285420194276e-08
3.339300028023576838e-08
3.333441770626987855e-08
3.327605754508877787e-08
3.321878569924589654e-08
3.316151385340332624e-08
3.310424200756032580e-08
3.304697016171731212e-08
3.298969831587473520e-08
3.293242647003184064e-08
3.287523735532211675e-08
3.281925292383589804e-08
3.276326849234982492e-08
3.270728406086360622e-08
3.265129962937737428e-08
3.259531519789114234e-08
3.253933076640490378e-08
3.248334633491881080e-08
3.242856869031031886e-08
3.237391836092931793e-08
3.231926803154818465e-08
3.226461770216718372e-08
3.220996737278589162e-08
3.215531704340499657e-08
3.210066671402426033e-08
3.204669334578960077e-08
3.199302384463643766e-08
3.193935434348269883e-08
3.188568484232940337e-08
3.183201534117582336e-08
3.177834584002205145e-08
3.172467633886861040e-08
3.167139613584662131e-08
3.161865195282344950e-08
3.156590776980039679e-08
3.151316358677764187e-08
3.146041940375443035e-08
3.140767522073167543e-08
3.135493103770833818e-08
3.130227029558840404e-08
3.125039781210060978e-08
3.119852532861307359e-08
3.114665284512500139e-08
3.109478036163745197e-08
3.104290787814965109e-08
3.099103539466184359e-08
3.093916291117432726e-08
3.088785303712135242e-08
3.083676766088211318e-08
3.078568228464325776e-08
3.073459690840438248e-08
3.068351153216554690e-08
3.063242615592627457e-08
3.058134077968745223e-08
3.053049598101322249e-08
3.048027765068109287e-08
3.043005932034908236e-08
3.037984099001689979e-08
3.032962265968491575e-08
3.027940432935288539e-08
3.022918599902102046e-08
3.017896766868889083e-08
3.012941160272238061e-08
3.008003869578618259e-08
3.003066578885025589e-08
2.998129288191407772e-08
2.993191997497802529e-08
2.988254706804211182e-08
2.983317416110594027e-08
2.978396932920547999e-08
2.973532088363248057e-08
2.968667243805992121e-08
2.963802399248708061e-08
2.958937554691436243e-08
2.954072710134139941e-08
2.949207865576868123e-08
2.944343021019613842e-08
2.939525421345441474e-08
2.934736414434067587e-08
2.929947407522664253e-08
2.925158400611318490e-08
2.920369393699944603e-08
2.915580386788541269e-08
2.910791379877195506e-08
2.906002372965819965e-08
2.901286645454129542e-08
2.896574303956221259e-08
2.891861962458255074e-08
2.887149620960317013e-08
2.882437279462392848e-08
2.877724937964456441e-08
2.873012596466500844e-08
2.868318001019058783e-08
2.863682770754428748e-08
2.859047540489784154e-08
2.854412310225155773e-08
2.849777079960511510e-08
2.845141849695881144e-08
2.840506619431234896e-08
2.835871389166604861e-08
2.831279108658616264e-08
2.826740301020284969e-08
2.822201493381951689e-08
2.817662685743620394e-08
2.813123878105285790e-08
2.808585070466968392e-08
2.804046262828608973e-08
2.799507455190261797e-08
2.795021270340702669e-08
2.790569981656093553e-08
2.786118692971472526e-08
2.781667404286833632e-08
2.777216115602226501e-08
2.772764826917589261e-08
2.768313538232982130e-08
2.763862249548387242e-08
2.759469097924379582e-08
2.755101195278612563e-08
2.750733292632799884e-08
2.746365389987031212e-08
2.741997487341264193e-08
2.737629584695469051e-08
2.733261682049700378e-08
2.728893779403905566e-08
2.724590780606791406e-08
2.720311451621411700e-08
2.716032122636049531e-08
2.711752793650699604e-08
2.707473464665323207e-08
2.703194135679975265e-08
2.698914806694613096e-08
2.694635477709263169e-08
2.690416276586224572e-08
2.686221933803633678e-08
2.682027591021016315e-08
2.677833248238397298e-08
2.673638905455792508e-08
2.669444562673201284e-08
2.665250219890582267e-08
2.661055877107963249e-08
2.656913703515280885e-08
2.652803376829719649e-08
2.648693050144162383e-08
2.644582723458615374e-08
2.640472396773055792e-08
2.636362070087480989e-08
2.632251743401935635e-08
2.628141416716364141e-08
2.624079814469962933e-08
2.620072581497349716e-08
2.616065348524724257e-08
2.612058115552082916e-08
2.608050882579469699e-08
2.604043649606830012e-08
2.600036416634204553e-08
2.596029183661563543e-08
2.592042751717066027e-08
2.588114890843975498e-08
2.584187029970857177e-08
2.580259169097777236e-08
2.576331308224688362e-08
2.572403447351597834e-08
2.568475586478507305e-08
2.564547725605417108e-08
2.560619864732298455e-08
2.556768904460015374e-08
2.552918814568776131e-08
2.549068724677540859e-08
2.545218634786291359e-08
2.541368544895067998e-08
2.537518455003830741e-08
2.533668365112579586e-08
2.529818275221343983e-08
2.526019240157620688e-08
2.522247412032320864e-08
2.518475583907035267e-08
2.514703755781749340e-08
2.510931927656435619e-08
2.507160099531151677e-08
2.503388271405834317e-08
2.499616443280548720e-08
2.495862691263877436e-08
2.492162525121119449e-08
2.488462358978363117e-08
2.484762192835606784e-08
2.481062026692863025e-08
2.477361860550090811e-08
2.473661694407348706e-08
2.469961528264590389e-08
2.466261362121836042e-08
2.462619402624055189e-08
2.458993105913382016e-08
2.455366809202663513e-08
2.451740512491944679e-08
2.448114215781255955e-08
2.444487919070553003e-08
2.440861622359848397e-08
2.437235325649173569e-08
2.433629229174404849e-08
2.430080911866151628e-08
2.426532594557894767e-08
2.422984277249611767e-08
2.419435959941374428e-08
2.415887642633105656e-08
2.412339325324850781e-08
2.408791008016583663e-08
2.405242690708328788e-08
2.401735923248978299e-08
2.398250088316279005e-08
2.394764253383595593e-08
2.391278418450897953e-08
2.387792583518228437e-08
2.384306748585530797e-08
2.380820913652844076e-08
2.377335078720160333e-08
2.373849571050022216e-08
2.370425635316314514e-08
2.367001699582612106e-08
2.363577763848906390e-08
2.360153828115177512e-08
2.356729892381473450e-08
2.353305956647751852e-08
2.349882020914065326e-08
2.346458085180357624e-08
2.343051154682841961e-08
2.339688071413130313e-08
2.336324988143397491e-08
2.332961904873689483e-08
2.329598821603951366e-08
2.326235738334230785e-08
2.322872655064526087e-08
2.319509571794821388e-08
2.316146488525079631e-08
2.312811544209019618e-08
2.309506244733926129e-08
2.306200945258829331e-08
2.302895645783744776e-08
2.299590346308628456e-08
2.296285046833559452e-08
2.292979747358467948e-08
2.289674447883356922e-08
2.286369148408272036e-08
2.283104592845630099e-08
2.279864240861610487e-08
2.276623888877604771e-08
2.273383536893585158e-08
2.270143184909577457e-08
2.266902832925556190e-08
2.263662480941536577e-08
2.260422128957514979e-08
2.257181776973523491e-08
2.253985397398317634e-08
2.250807859815933853e-08
2.247630322233514338e-08
2.244452784651098793e-08
2.241275247068715342e-08
2.238097709486281599e-08
2.234920171903912707e-08
2.231742634321492861e-08
2.228565096739095183e-08
2.225426871611897073e-08
2.222305131565192943e-08
2.219183391518462345e-08
2.216061651471746635e-08
2.212939911425029933e-08
2.209818171378319517e-08
2.206696431331589911e-08
2.203574691284880488e-08
2.200452951238140294e-08
2.197367996544904565e-08
2.194303700358870512e-08
2.191239404172830834e-08
2.188175107986811339e-08
2.185110811800771992e-08
2.182046515614739262e-08
2.178982219428709510e-08
2.175917923242655936e-08
2.172853627056629492e-08
2.169817884277832124e-08
2.166809911158557705e-08
2.163801938039249206e-08
2.160793964919980081e-08
2.157785991800698382e-08
2.154778018681396832e-08
2.151770045562118111e-08
2.148762072442835751e-08
2.145754099323562986e-08
2.142762877780666062e-08
2.139810046982884660e-08
2.136857216185103921e-08
2.133904385387325166e-08
2.130951554589545750e-08
2.127998723791772290e-08
2.125045892993991881e-08
2.122093062196211141e-08
2.119140231398437019e-08
2.116189386814939605e-08
2.113302045084976474e-08
2.110414703354992497e-08
2.107527361625024072e-08
2.104640019895024875e-08
2.101752678165054796e-08
2.098865336435076113e-08
2.095977994705113974e-08
2.093090652975108491e-08
2.090203311245138411e-08
2.087354680871836120e-08
2.084523766107979267e-08
2.081692851344127708e-08
2.078861936580275488e-08
2.076031021816423929e-08
2.073200107052573363e-08
2.070369192288708570e-08
2.067538277524865283e-08
2.064707362761020672e-08
2.061890778906599374e-08
2.059112864847792914e-08
2.056334950788976860e-08
2.053557036730145585e-08
2.050779122671328538e-08
2.048001208612496601e-08
2.045223294553679554e-08
2.042445380494854566e-08
2.039667466436044798e-08
2.036889552377218817e-08
2.034154153746499074e-08
2.031430549879559415e-08
2.028706946012603544e-08
2.025983342145655614e-08
2.023259738278706029e-08
2.020536134411758430e-08
2.017812530544802559e-08
2.015088926677855621e-08
2.012365322810893794e-08
2.009653059689820223e-08
2.006980356963490180e-08
2.004307654237135654e-08
2.001634951510784436e-08
1.998962248784448107e-08
1.996289546058094243e-08
1.993616843331773134e-08
1.990944140605414968e-08
1.988271437879070698e-08
1.985598735152723120e-08
1.982955700828175938e-08
1.980333304167063517e-08
1.977710907505963670e-08
1.975088510844855882e-08
1.972466114183742799e-08
1.969843717522641959e-08
1.967221320861536156e-08
1.964598924200421419e-08
1.961976527539308337e-08
1.959354130878219739e-08
1.956783444905382243e-08
1.954219601208621403e-08
1.951655757511868503e-08
1.949091913815108324e-08
1.946528070118354432e-08
1.943964226421587636e-08
1.941400382724834405e-08
1.938836539028074557e-08
1.936272695331327613e-08
1.933713608032828357e-08
1.931196215746253380e-08
1.928678823459684028e-08
1.926161431173114344e-08
1.923644038886528779e-08
1.921126646599951485e-08
1.918609254313388750e-08
1.916091862026812118e-08
1.913574469740243428e-08
1.911057077453653892e-08
1.908550999620599611e-08
1.906079424911515415e-08
1.903607850202409382e-08
1.901136275493324194e-08
1.898664700784226101e-08
1.896193126075119737e-08
1.893721551366021645e-08
1.891249976656926861e-08
1.888778401947834725e-08
1.886306827238736632e-08
1.883849809918716730e-08
1.881424270122194945e-08
1.878998730325672167e-08
1.876573190529136485e-08
1.874147650732613707e-08
1.871722110936090268e-08
1.869296571139560542e-08
1.866871031343038757e-08
1.864445491546515979e-08
1.862019951749994194e-08
1.859607892140825504e-08
1.857225884833873324e-08
1.854843877526931070e-08
1.852461870219980544e-08
1.850079862913024394e-08
1.847697855606088757e-08
1.845315848299138893e-08
1.842933840992195315e-08
1.840551833685240157e-08
1.838169826378303528e-08
1.835798248235847164e-08
1.833462252135175723e-08
1.831126256034498987e-08
1.828790259933821259e-08
1.826454263833154450e-08
1.824118267732483671e-08
1.821782271631813222e-08
1.819446275531143435e-08
1.817110279430471001e-08
1.814774283329794266e-08
1.812441503710751151e-08
1.810153756574364875e-08
1.807866009437998451e-08
1.805578262301632357e-08
1.803290515165273874e-08
1.801002768028893554e-08
1.798715020892526468e-08
1.796427273756162029e-08
1.794139526619786010e-08
1.791851779483405689e-08
1.789564032347040589e-08
1.787310434831755763e-08
1.785063878195311553e-08
1.782817321558847492e-08
1.780570764922389386e-08
1.778324208285931281e-08
1.776077651649481116e-08
1.773831095013009113e-08
1.771584538376544059e-08
1.769337981740086946e-08
1.767091425103635789e-08
1.764866126510894040e-08
1.762660986216065200e-08
1.760455845921224118e-08
1.758250705626382374e-08
1.756045565331548241e-08
1.753840425036700210e-08
1.751635284741860121e-08
1.749430144447012091e-08
1.747225004152176965e-08
1.745019863857336214e-08
1.742819589730656777e-08
1.740655444671683020e-08
1.738491299612695365e-08
1.736327154553707711e-08
1.734163009494739578e-08
1.731998864435744645e-08
1.729834719376763277e-08
1.727670574317782571e-08
1.725506429258802857e-08
1.723342284199815203e-08
1.721178139140834497e-08
1.719039475705337869e-08
1.716914853212896134e-08
1.714790230720463003e-08
1.712665608228021930e-08
1.710540985735572917e-08
1.708416363243138792e-08
1.706291740750690771e-08
1.704167118258254000e-08
1.702042495765819876e-08
1.699917873273372517e-08
1.697797235748310448e-08
1.695716512131458382e-08
1.693635788514606315e-08
1.691555064897769138e-08
1.689474341280917072e-08
1.687393617664065005e-08
1.685312894047213932e-08
1.683232170430376093e-08
1.681151446813530313e-08
1.679070723196671960e-08
1.676989999579816585e-08
1.674928117268163262e-08
1.672888693291660936e-08
1.670849269315179787e-08
1.668809845338676799e-08
1.666770421362195650e-08
1.664730997385700273e-08
1.662691573409219123e-08
1.660652149432716798e-08
1.658612725456222413e-08
1.656573301479726374e-08
1.654533877503238276e-08
1.652522040240191894e-08
1.650519874362089318e-08
1.648517708483976155e-08
1.646515542605857036e-08
1.644513376727740563e-08
1.642511210849630047e-08
1.640509044971504641e-08
1.638506879093379897e-08
1.636504713215282615e-08
1.634502547337158202e-08
1.632500381459032796e-08
1.630533619006087972e-08
1.628569004816699987e-08
1.626604390627311340e-08
1.624639776437914753e-08
1.622675162248526106e-08
1.620710548059127533e-08
1.618745933869752121e-08
1.616781319680350240e-08
1.614816705490967549e-08
1.612852091301564675e-08
1.610889751353090558e-08
1.608961412133033264e-08
1.607033072912976630e-08
1.605104733692927276e-08
1.603176394472863033e-08
1.601248055252813679e-08
1.599319716032749105e-08
1.597391376812684862e-08
1.595463037592626574e-08
1.593534698372576228e-08
1.591606359152513639e-08
1.589681526317970512e-08
1.587788427116273633e-08
1.585895327914569805e-08
1.584002228712873256e-08
1.582109129511169429e-08
1.580216030309465601e-08
1.578322931107781957e-08
1.576429831906064894e-08
1.574536732704367022e-08
1.572643633502657239e-08
1.570750534300973595e-08
1.568859571499793352e-08
1.567007108367241278e-08
1.565154645234681262e-08
1.563302182102129850e-08
1.561449718969563548e-08
1.559597255837011473e-08
1.557744792704466347e-08
1.555892329571906994e-08
1.554039866439347971e-08
1.552187403306788617e-08
1.550334940174229594e-08
1.548482477041670241e-08
1.546661861699690357e-08
1.544843967759823175e-08
1.543026073819955332e-08
1.541208179880074915e-08
1.539390285940207733e-08
1.537572392000348823e-08
1.535754498060468407e-08
1.533936604120602218e-08
1.532118710180729080e-08
1.530300816240868847e-08
1.528482922300988761e-08
1.526688295426081915e-08
1.524903406113339596e-08
1.523118516800610512e-08
1.521333627487868193e-08
1.519548738175130176e-08
1.517763848862408040e-08
1.515978959549665721e-08
1.514194070236936637e-08
1.512409180924200605e-08
1.510624291611465234e-08
1.508839402298714975e-08
1.507067980511834573e-08
1.505316510549088832e-08
1.503565040586363273e-08
1.501813570623630435e-08
1.500062100660904876e-08
1.498310630698158473e-08
1.496559160735419679e-08
1.494807690772685187e-08
1.493056220809959628e-08
1.491304750847220173e-08
1.489553280884487501e-08
1.487802279155667460e-08
1.486082686068741183e-08
1.484363092981815568e-08
1.482643499894903352e-08
1.480923906807977737e-08
1.479204313721043519e-08
1.477484720634131965e-08
1.475765127547198574e-08
1.474045534460258235e-08
1.472325941373351148e-08
1.470606348286432647e-08
1.468886755199499256e-08
1.467184474238914586e-08
1.465496975513221629e-08
1.463809476787521890e-08
1.462121978061842995e-08
1.460434479336135314e-08
1.458746980610449471e-08
1.457059481884757507e-08
1.455371983159063723e-08
1.453684484433369940e-08
1.451996985707677148e-08
1.450309486981977243e-08
1.448621988256281805e-08
1.446969602776877799e-08
1.445318062497653507e-08
1.443666522218441458e-08
1.442014981939238177e-08
1.440363441660020007e-08
1.438711901380815899e-08
1.437060361101598556e-08
1.435408820822394448e-08
1.433757280543176277e-08
1.432105740263966048e-08
1.430454199984761940e-08
1.428812422980611186e-08
1.427190899099411356e-08
1.425569375218217811e-08
1.423947851337018808e-08
1.422326327455818977e-08
1.420704803574619974e-08
1.419083279693414022e-08
1.417461755812215018e-08
1.415840231931023128e-08
1.414218708049817011e-08
1.412597184168617180e-08
1.410975660287418342e-08
1.409371529347680629e-08
1.407779734564925281e-08
1.406187939782169271e-08
1.404596144999410448e-08
1.403004350216661386e-08
1.401412555433905211e-08
1.399820760651142087e-08
1.398228965868393026e-08
1.396637171085629075e-08
1.395045376302880013e-08
1.393453581520109775e-08
1.391861786737368655e-08
1.390292367354635636e-08
1.388730202407911268e-08
1.387168037461186900e-08
1.385605872514462367e-08
1.384043707567737999e-08
1.382481542621011811e-08
1.380919377674288270e-08
1.379357212727563903e-08
1.377795047780832421e-08
1.376232882834115001e-08
1.374670717887390633e-08
1.373108552940659152e-08
1.371570223618503862e-08
1.370036606717198527e-08
1.368502989815887071e-08
1.366969372914595633e-08
1.365435756013283184e-08
1.363902139111977849e-08
1.362368522210679462e-08
1.360834905309372308e-08
1.359301288408059859e-08
1.357767671506755351e-08
1.356234054605450016e-08
1.354700437704158577e-08
1.353191592868572830e-08
1.351688051756402672e-08
1.350184510644232679e-08
1.348680969532055737e-08
1.347177428419877803e-08
1.345673887307708637e-08
1.344170346195523755e-08
1.342666805083353762e-08
1.341163263971181949e-08
1.339659722859005835e-08
1.338156181746835014e-08
1.336652640634665021e-08
1.335171102813283109e-08
1.333698094568110503e-08
1.332225086322944017e-08
1.330752078077777532e-08
1.329279069832604925e-08
1.327806061587427852e-08
1.326333053342254418e-08
1.324860045097088926e-08
1.323387036851915326e-08
1.321914028606749006e-08
1.320441020361585168e-08
1.318968012116412561e-08
1.317509109157207820e-08
1.316062958210642294e-08
1.314616807264062872e-08
1.313170656317500820e-08
1.311724505370934467e-08
1.310278354424361828e-08
1.308832203477792828e-08
1.307386052531219527e-08
1.305939901584646887e-08
1.304493750638085001e-08
1.303047599691511535e-08
1.301601448744941707e-08
1.300161608858144954e-08
1.298742131689603194e-08
1.297322654521062262e-08
1.295903177352503131e-08
1.294483700183962199e-08
1.293064223015414318e-08
1.291644745846862136e-08
1.290225268678321203e-08
1.288805791509772495e-08
1.287386314341228088e-08
1.285966837172686494e-08
1.284547360004130672e-08
1.283127882835594206e-08
1.281730787251895945e-08
1.280337513271150189e-08
1.278944239290411381e-08
1.277550965309672574e-08
1.276157691328926818e-08
1.274764417348180896e-08
1.273371143367450030e-08
1.271977869386707748e-08
1.270584595405961992e-08
1.269191321425216236e-08
1.267798047444484377e-08
1.266404773463745569e-08
1.265021111686173292e-08
1.263653324994801356e-08
1.262285538303445136e-08
1.260917751612065589e-08
1.259549964920700932e-08
1.258182178229328003e-08
1.256814391537963512e-08
1.255446604846598027e-08
1.254078818155233039e-08
1.252711031463867555e-08
1.251343244772495949e-08
1.249975458081130796e-08
1.248607671389757867e-08
1.247262312954066534e-08
1.245922393486000440e-08
1.244582474017918134e-08
1.243242554549848567e-08
1.241902635081782473e-08
1.240562715613709431e-08
1.239222796145629276e-08
1.237882876677552264e-08
1.236542957209482696e-08
1.235203037741409654e-08
1.233863118273347035e-08
1.232523198805271346e-08
1.231186818569922578e-08
1.229872828925328195e-08
1.228558839280729345e-08
1.227244849636141910e-08
1.225930859991548354e-08
1.224616870346950331e-08
1.223302880702362566e-08
1.221988891057764047e-08
1.220674901413176281e-08
1.219360911768577431e-08
1.218046922123986522e-08
1.216732932479402065e-08
1.215418942834807185e-08
1.214113867371238430e-08
1.212823878962321889e-08
1.211533890553383511e-08
1.210243902144452082e-08
1.208953913735527104e-08
1.207663925326602292e-08
1.206373936917670862e-08
1.205083948508733312e-08
1.203793960099815448e-08
1.202503971690877401e-08
1.201213983281957055e-08
1.199923994873021655e-08
1.198634006464094196e-08
1.197356158088303822e-08
1.196090028695960188e-08
1.194823899303614404e-08
1.193557769911254226e-08
1.192291640518910592e-08
1.191025511126563154e-08
1.189759381734198509e-08
1.188493252341845611e-08
1.187227122949502970e-08
1.185960993557152387e-08
1.184694864164802632e-08
1.183428734772449734e-08
1.182162605380099152e-08
1.180909228428763780e-08
1.179666369745366678e-08
1.178423511061966102e-08
1.177180652378569332e-08
1.175937793695165282e-08
1.174694935011768180e-08
1.173452076328367273e-08
1.172209217644973149e-08
1.170966358961572243e-08
1.169723500278169020e-08
1.168480641594768279e-08
1.167237782911374320e-08
1.165994924227978211e-08
1.164763196448284771e-08
1.163543137854677948e-08
1.162323079261068644e-08
1.161103020667455204e-08
1.159882962073831837e-08
1.158662903480225511e-08
1.157442844886606942e-08
1.156222786293001112e-08
1.155002727699383867e-08
1.153782669105774397e-08
1.152562610512161122e-08
1.151342551918544704e-08
1.150122493324934903e-08
1.148910880110403907e-08
1.147716519280102779e-08
1.146522158449794207e-08
1.145327797619493410e-08
1.144133436789184837e-08
1.142939075958891154e-08
1.141744715128585891e-08
1.140550354298276491e-08
1.139355993467975694e-08
1.138161632637667121e-08
1.136967271807369964e-08
1.135772910977057752e-08
1.134578550146763573e-08
1.133385708639465725e-08
1.132213500842693104e-08
1.131041293045916512e-08
1.129869085249139920e-08
1.128696877452353236e-08
1.127524669655580284e-08
1.126352461858796578e-08
1.125180254062023626e-08
1.124008046265249681e-08
1.122835838468469615e-08
1.121663630671693023e-08
1.120491422874916431e-08
1.119319215078129417e-08
1.118147007281359939e-08
1.116989996569513717e-08
1.115839276360305137e-08
1.114688556151103671e-08
1.113537835941895256e-08
1.112387115732701235e-08
1.111236395523493151e-08
1.110085675314295324e-08
1.108934955105089061e-08
1.107784234895883955e-08
1.106633514686679015e-08
1.105482794477477549e-08
1.104332074268269134e-08
1.103181354059068164e-08
1.102035831019282438e-08
1.100906422187939221e-08
1.099777013356598981e-08
1.098647604525258410e-08
1.097518195693914861e-08
1.096388786862577269e-08
1.095259378031237194e-08
1.094129969199897450e-08
1.093000560368559030e-08
1.091871151537218460e-08
1.090741742705867797e-08
1.089612333874531693e-08
1.088482925043194100e-08
1.087353516211850552e-08
1.086238173934091756e-08
1.085129522636558842e-08
1.084020871339034034e-08
1.082912220041501617e-08
1.081803568743972673e-08
1.080694917446437112e-08
1.079586266148911809e-08
1.078477614851374924e-08
1.077368963553842176e-08
1.076260312256317699e-08
1.075151660958781311e-08
1.074043009661252864e-08
1.072934358363723921e-08
1.071825871444110293e-08
1.070738187512903032e-08
1.069650503581698418e-08
1.068562819650501580e-08
1.067475135719296800e-08
1.066387451788099631e-08
1.065299767856888399e-08
1.064212083925680642e-08
1.063124399994489594e-08
1.062036716063278693e-08
1.060949032132077553e-08
1.059861348200877240e-08
1.058773664269672626e-08
1.057685980338468343e-08
1.056603544342502818e-08
1.055538324387616335e-08
1.054473104432743748e-08
1.053407884477878110e-08
1.052342664523002049e-08
1.051277444568128635e-08
1.050212224613245626e-08
1.049147004658373536e-08
1.048081784703499626e-08
1.047016564748626543e-08
1.045951344793750979e-08
1.044886124838878061e-08
1.043820904883994887e-08
1.042755684929122300e-08
1.041697397069141584e-08
1.040651748773741488e-08
1.039606100478341393e-08
1.038560452182930875e-08
1.037514803887527306e-08
1.036469155592123240e-08
1.035423507296716197e-08
1.034377859001311304e-08
1.033332210705904095e-08
1.032286562410497051e-08
1.031240914115096956e-08
1.030195265819689416e-08
1.029149617524289321e-08
1.028103969228879134e-08
1.027065421422442321e-08
1.026039028126884664e-08
1.025012634831326677e-08
1.023986241535765547e-08
1.022959848240211530e-08
1.021933454944660987e-08
1.020907061649099857e-08
1.019880668353540877e-08
1.018854275057983386e-08
1.017827881762428873e-08
1.016801488466871217e-08
1.015775095171313726e-08
1.014748701875759709e-08
1.013722308580202053e-08
1.012701157444915091e-08
1.011693721971973636e-08
1.010686286499022255e-08
1.009678851026077822e-08
1.008671415553126275e-08
1.007663980080181346e-08
1.006656544607235590e-08
1.005649109134284209e-08
1.004641673661347221e-08
1.003634238188388726e-08
1.002626802715447271e-08
1.001619367242502838e-08
1.000611931769558405e-08
9.996044962966070240e-09
9.985984863040438021e-09
9.976096497246944846e-09
9.966208131453377224e-09
9.956319765659819529e-09
9.946431399866256870e-09
9.936543034072763695e-09
9.926654668279227506e-09
9.916766302485664848e-09
9.906877936692140239e-09
9.896989570898572618e-09
9.887101205105044701e-09
9.877212839311482042e-09
9.867324473517959089e-09
9.857436107724465913e-09
9.847547741930937996e-09
9.837808471329033546e-09
9.828114159643656602e-09
9.818419847958347486e-09
9.808725536273005282e-09
9.799031224587666388e-09
9.789336912902385396e-09
9.779642601217011760e-09
9.769948289531667903e-09
9.760253977846365404e-09
9.750559666160955372e-09
9.740865354475647911e-09
9.731171042790274275e-09
9.721476731104971776e-09
9.711782419419558436e-09
9.702155675654013031e-09
9.692654023404977884e-09
9.683152371155883180e-09
9.673650718906783512e-09
9.664149066657745056e-09
9.654647414408607339e-09
9.645145762159577155e-09
9.635644109910551934e-09
9.626142457661483699e-09
9.616640805412423736e-09
9.607139153163289328e-09
9.597637500914254180e-09
9.588135848665190909e-09
9.578634196416094550e-09
9.569132544167026316e-09
9.559775302461069529e-09
9.550449120612446229e-09
9.541122938763798114e-09
9.531796756915199630e-09
9.522470575066614380e-09
9.513144393218068836e-09
9.503818211369414103e-09
9.494492029520868558e-09
9.485165847672283309e-09
9.475839665823626922e-09
9.466513483975038364e-09
9.457187302126461387e-09
9.447861120277871174e-09
9.438534938429295851e-09
9.429240471787781142e-09
9.420086361361723960e-09
9.410932250935628729e-09
9.401778140509452434e-09
9.392624030083365474e-09
9.383469919657199105e-09
9.374315809231136961e-09
9.365161698805010297e-09
9.356007588378812495e-09
9.346853477952747042e-09
9.337699367526658428e-09
9.328545257100632679e-09
9.319391146674431569e-09
9.310237036248303250e-09
9.301082925822141844e-09
9.292002296275901026e-09
9.283017561345087442e-09
9.274032826414462456e-09
9.265048091483701812e-09
9.256063356553012305e-09
9.247078621622276477e-09
9.238093886691577044e-09
9.229109151760852796e-09
9.220124416830126894e-09
9.211139681899396028e-09
9.202154946968701559e-09
9.193170212037965730e-09
9.184185477107310966e-09
9.175200742176619805e-09
9.166216007245819456e-09
9.157326467440383115e-09
9.148508537548011246e-09
9.139690607655612908e-09
9.130872677763277435e-09
9.122054747870950235e-09
9.113236817978508883e-09
9.104418888086211461e-09
9.095600958193809814e-09
9.086783028301509083e-09
9.077965098409036298e-09
9.069147168516740530e-09
9.060329238624337229e-09
9.051511308731970323e-09
9.042693378839590183e-09
9.033875448947223277e-09
9.025163542381077379e-09
9.016524090300898139e-09
9.007884638220611367e-09
8.999245186140432127e-09
8.990605734060181750e-09
8.981966281979995893e-09
8.973326829899680996e-09
8.964687377819495139e-09
8.956047925739284467e-09
8.947408473659029127e-09
8.938769021578813492e-09
8.930129569498563115e-09
8.921490117418335899e-09
8.912850665338123572e-09
8.904211213257869886e-09
8.895655348611419387e-09
8.887182073496708582e-09
8.878708798382037483e-09
8.870235523267255541e-09
8.861762248152546391e-09
8.853288973037799191e-09
8.844815697923128092e-09
8.836342422808382546e-09
8.827869147693742879e-09
