5.070873890459907659e-11
5.454468235651266107e-11
5.849517760982969720e-11
6.255394871951129203e-11
6.671238666855700977e-11
7.096894886085679136e-11
7.531754938409581650e-11
7.974773958394386512e-11
8.426072172484906280e-11
8.884560022260520017e-11
9.349663269146176252e-11
9.821277430745503456e-11
1.029805978116609254e-10
1.078025111722823610e-10
1.126637677318784315e-10
1.175682960107296565e-10
1.224997492038079139e-10
1.274646961672039254e-10
1.324450808663406309e-10
1.374479034056049491e-10
1.424557652659214770e-10
1.474758725915592095e-10
1.524929789932848724e-10
1.575093517277176766e-10
1.625181610146792146e-10
1.675116525331174611e-10
1.724958174388302826e-10
1.774536455579373775e-10
1.823934418402576584e-10
1.873047950464943723e-10
1.921840028494569731e-10
1.970368776368751489e-10
2.018480643098954100e-10
2.066236352953622257e-10
2.113611027313369371e-10
2.160518006281477723e-10
2.207040915206191935e-10
2.253101688848821619e-10
2.298656300810225489e-10
2.343798512026071576e-10
2.388432812014139295e-10
2.432530939723078568e-10
2.476200038688551629e-10
2.519365293490235515e-10
2.562013044213078315e-10
2.604189089910891719e-10
2.645873197066501845e-10
2.687076031518780518e-10
2.727780404128138098e-10
2.768087545055003504e-10
2.807904638652478614e-10
2.847274697041866762e-10
2.886227961946362372e-10
2.924793560402625744e-10
2.962954351825465945e-10
3.000704604704682385e-10
3.038177494563031765e-10
3.075262398112331167e-10
3.112070209223673513e-10
3.148521813828645169e-10
3.184807715125150402e-10
3.220776473971904486e-10
3.256566369326933285e-10
3.292116398318538364e-10
3.327556137911761972e-10
3.362807161370133960e-10
3.397982018046524980e-10
3.433009384228649703e-10
3.468025882642776934e-10
3.502934200461747433e-10
3.537891212440203264e-10
3.572797717149856953e-10
3.607798551674858186e-10
3.642812799937138120e-10
3.677920139754064372e-10
3.713166979478481338e-10
3.748465553209225144e-10
3.784023410408742841e-10
3.819659271445884906e-10
3.855561493556172797e-10
3.891643633387745551e-10
3.927957696848915986e-10
3.964569112183544083e-10
4.001393589294574935e-10
4.038564838451663697e-10
4.076004979453115062e-10
4.113771131780438151e-10
4.151893001439370517e-10
4.190302381688580600e-10
4.229162648512045098e-10
4.268350999752461919e-10
4.307903582209982378e-10
4.347881561024877817e-10
4.388166605870880801e-10
4.428929686951440940e-10
4.470114975588261298e-10
4.511624075091705828e-10
4.553614663706576402e-10
4.595967843841583924e-10
4.638691551286648230e-10
4.681922599046049307e-10
4.725495255740121016e-10
4.769444161685623219e-10
4.813835779402173631e-10
4.858546279938838174e-10
4.903651890988970586e-10
4.949157213207612937e-10
4.994950014711607168e-10
5.041095309770694665e-10
5.087582484960579187e-10
5.134329765267666215e-10
5.181380199253322684e-10
5.228728332457707664e-10
5.276273732815127948e-10
5.324024428733262714e-10
5.372068066911035372e-10
5.420253827233839452e-10
5.468550343405481661e-10
5.517081441972557074e-10
5.565657203673733811e-10
5.614269181614117190e-10
5.662991164195405578e-10
5.711778668480933230e-10
5.760520235937445845e-10
5.809216505770417170e-10
5.857866355061210076e-10
5.906355329016634393e-10
5.954733724938375996e-10
6.003012548643157981e-10
6.051143770385019793e-10
6.099031808667733370e-10
6.146625276239086204e-10
6.193903092800419547e-10
6.240834970253484596e-10
6.287452688758301631e-10
6.333797677710995401e-10
6.379703719892330067e-10
6.425097298921709314e-10
6.470032301998504083e-10
6.514486620720170064e-10
6.558413260481183726e-10
6.601564996059105223e-10
6.644304891569930039e-10
6.686537034971644328e-10
6.728175138073823178e-10
6.768916287415559009e-10
6.808964774726467605e-10
6.848345943810255023e-10
6.887048802799774085e-10
6.924731895142463865e-10
6.961823152687359290e-10
6.998270443529995088e-10
7.033868687728070471e-10
7.068377028035197221e-10
7.102133617522500341e-10
7.135143519977933714e-10
7.166979597054691364e-10
7.198009935919726679e-10
7.228360260645493252e-10
7.257822932169337498e-10
7.286154006533286453e-10
7.313725137442398072e-10
7.340426466863053645e-10
7.365868467724450257e-10
7.390560033728764036e-10
7.414448412339018331e-10
7.437202185216581977e-10
7.459280032481444066e-10
7.480630328225446193e-10
7.500599401942775680e-10
7.519931287016956612e-10
7.538531709016243806e-10
7.555880826108213802e-10
7.572595555456764832e-10
7.588443796517113720e-10
7.603467659280772378e-10
7.617968804658676597e-10
7.631481230098648832e-10
7.644128291655775686e-10
7.656275386796828166e-10
7.667501673854699536e-10
7.678145007466986749e-10
7.688194498711927469e-10
7.697327596538822778e-10
7.706130719221232247e-10
7.714337403746476828e-10
7.721906572856939236e-10
7.729091094549733179e-10
7.735492976363402564e-10
7.741681231125290909e-10
7.747445906838993126e-10
7.752717940953292991e-10
7.757712303559091403e-10
7.762226296050160508e-10
7.766603841543414576e-10
7.770648916475769693e-10
7.774401550918451962e-10
7.777905371486491671e-10
7.781330146840631934e-10
7.784726076346581639e-10
7.787989325528617938e-10
7.791177359265787043e-10
7.794207986318240655e-10
7.797314586490943718e-10
7.800481434650317683e-10
7.803662094778187012e-10
7.806846682101524392e-10
7.810064452723634428e-10
7.813414682505826383e-10
7.817368054651403739e-10
7.821427825744360060e-10
7.825677275764078900e-10
7.830112389033236443e-10
7.834715294709538671e-10
7.839818546488846887e-10
7.845160307173048593e-10
7.850908209607251565e-10
7.856748311476294990e-10
7.863258556994233475e-10
7.869872264924260754e-10
7.877673036166789257e-10
7.885580654463596637e-10
7.894130679552228568e-10
7.902883800618035110e-10
7.912345161729212414e-10
7.922117141179888788e-10
7.932655379424091919e-10
7.943506116806954299e-10
7.954965480769486222e-10
7.966914118261518948e-10
7.979677567571903361e-10
7.992999139047479915e-10
8.007171589646195433e-10
8.021763810174904892e-10
8.036980663781795662e-10
8.052679275208081136e-10
8.069123524534316375e-10
8.086009095807145552e-10
8.103653444591754700e-10
8.121659541357564966e-10
8.140408439327630473e-10
8.159582475440165992e-10
8.179896138340090276e-10
8.200458541270589477e-10
8.222014783041464548e-10
8.243689009169764227e-10
8.266290793874285070e-10
8.288904239974764844e-10
8.312724862815941131e-10
8.336545485659322889e-10
8.361271270830764257e-10
8.386108671435077480e-10
8.411653284611738641e-10
8.437427764857294760e-10
8.464016019539659256e-10
8.491140355012770979e-10
8.518596288260944317e-10
8.546483640409714472e-10
8.574546007410429758e-10
8.603134106032023239e-10
8.631760104022286922e-10
8.661133922681113782e-10
8.690507741353175533e-10
8.720299618613392516e-10
8.750177182185363947e-10
8.780339962736799151e-10
8.810697184966556216e-10
8.841213391744592899e-10
8.872035105538863618e-10
8.902863505310500653e-10
8.933777152685969454e-10
8.964690800096731983e-10
8.995641482388603283e-10
9.026602257528028404e-10
9.057551232620583572e-10
9.088487500366045353e-10
9.119378300629183635e-10
9.150029577416217688e-10
9.180680854192223355e-10
9.211015872256185486e-10
9.241281399898179021e-10
9.271276213156634677e-10
9.300956162104567468e-10
9.330568831260793579e-10
9.359473156691727698e-10
9.388377482124868322e-10
9.416744519368116488e-10
9.444873581831330831e-10
9.472732720108926804e-10
9.499901386321883536e-10
9.527070052570131928e-10
9.553244740960927454e-10
9.579244913000724079e-10
9.604696397525341776e-10
9.629330586845709504e-10
9.653964776113137672e-10
9.677221272774746219e-10
9.700380427225533665e-10
9.722842516068990358e-10
9.744443936982468785e-10
9.766045357845212090e-10
9.786297246237451895e-10
9.806466006474347531e-10
9.825925851728404771e-10
9.844395919614332069e-10
9.862865987550994490e-10
9.879762262360073620e-10
9.896430417163060970e-10
9.912493858533012339e-10
9.927211596987528752e-10
9.941929335419988394e-10
9.955286761226709986e-10
9.968133644912495863e-10
9.980751463457830629e-10
9.991757647769101243e-10
1.000276383205169764e-09
1.001294247353574672e-09
1.002229985006769850e-09
1.003165722663494401e-09
1.003941920441699786e-09
1.004692002664849805e-09
1.005406249155403916e-09
1.005974035372939420e-09
1.006541821588269041e-09
1.007022034007962261e-09
1.007419273894982859e-09
1.007816513779797574e-09
1.008082679003044541e-09
1.008318079823659586e-09
1.008541457795534927e-09
1.008636530058201455e-09
1.008731602318000355e-09
1.008784114949216625e-09
1.008754246657370968e-09
1.008724378362216588e-09
1.008619794253071824e-09
1.008459903175171265e-09
1.008300012097711800e-09
1.008060781407809799e-09
1.007800142667681234e-09
1.007539503923361551e-09
1.007199803687110363e-09
1.006858415240962103e-09
1.006505731662078277e-09
1.006088653308315240e-09
1.005671574956427008e-09
1.005242764427948717e-09
1.004786283516950667e-09
1.004329802608710024e-09
1.003858803746997393e-09
1.003368122389182077e-09
1.002877441029932843e-09
1.002372715782361817e-09
1.001855501255447279e-09
1.001338286732503208e-09
1.000844587828305549e-09
1.000365798576937122e-09
9.998870093213775780e-10
9.994260508282329035e-10
9.989737800618530507e-10
9.985215092966866719e-10
9.980927915105956152e-10
9.976736778416570494e-10
9.972545641743728448e-10
9.968895533450560680e-10
9.965449946009419892e-10
9.962004358578207339e-10
9.959016025188858755e-10
9.956207091454268669e-10
9.953398157686589292e-10
9.951160558358787024e-10
9.949182315451573447e-10
9.947204072535535921e-10
9.946223812060130769e-10
9.945819165707093211e-10
9.945414519363981821e-10
9.945588368483524570e-10
9.946221744375501619e-10
9.946855120252039341e-10
9.948025908048143479e-10
9.949835481229424243e-10
9.951645054404089630e-10
9.953913541871367986e-10
9.957101949558142944e-10
9.960290357250433128e-10
9.963708513431417631e-10
9.968139551271032631e-10
9.972570589126086957e-10
9.977021512471450080e-10
9.982993159807898150e-10
9.988964807149863514e-10
9.994936454502855196e-10
1.000233004357202097e-09
1.001004277271888026e-09
1.001775550186463732e-09
1.002621311420067943e-09
1.003517547626255419e-09
1.004413783833104432e-09
1.005356183941847187e-09
1.006383991649902084e-09
1.007411799355971954e-09
1.008449857238354504e-09
1.009604423157966872e-09
1.010758989077358796e-09
1.011913554998515510e-09
1.013154284597136698e-09
1.014418489182179342e-09
1.015682693767994159e-09
1.017008970401668099e-09
1.018406449460892178e-09
1.019803928518351466e-09
1.021213645899144329e-09
1.022712901866212490e-09
1.024212157829861707e-09
1.025711413796709217e-09
1.027261210249726696e-09
1.028827925871647168e-09
1.030394641491141312e-09
1.031984992670901560e-09
1.033618778842576149e-09
1.035252565009618320e-09
1.036886351180410514e-09
1.038561061421368172e-09
1.040238868155597596e-09
1.041916674887180248e-09
1.043606525354364181e-09
1.045309382678058145e-09
1.047012240001972554e-09
1.048715263940024887e-09
1.050448121115993750e-09
1.052180978290970204e-09
1.053913835466718417e-09
1.055640842043294213e-09
1.057362086026097118e-09
1.059083330008017628e-09
1.060804573991482070e-09
1.062492886150109078e-09
1.064180363581589162e-09
1.065867841013951641e-09
1.067539623697505796e-09
1.069189716729656765e-09
1.070839809761697307e-09
1.072489902793848070e-09
1.074077395995218997e-09
1.075652716817638923e-09
1.077228037642595604e-09
1.078782231105515389e-09
1.080264574594578889e-09
1.081746918084524990e-09
1.083229261574581106e-09
1.084645552947925500e-09
1.086015883729341505e-09
1.087386214510647496e-09
1.088756545291181314e-09
1.090011321649102765e-09
1.091256641566647342e-09
1.092501961482316907e-09
1.093717301639803457e-09
1.094832856975721340e-09
1.095948412312631840e-09
1.097063967649542340e-09
1.098114139569606638e-09
1.099101366552742749e-09
1.100088593535327130e-09
1.101075820515926484e-09
1.101951042004981358e-09
1.102790805367845814e-09
1.103630568733136805e-09
1.104470332098538017e-09
1.105159920046511324e-09
1.105846591902907462e-09
1.106533263758421205e-09
1.107193703926140730e-09
1.107729182887956897e-09
1.108264661851648075e-09
1.108800140813353813e-09
1.109287569332489785e-09
1.109680450484358065e-09
1.110073331635454172e-09
1.110466212787542896e-09
1.110800179298624569e-09
1.111068010755564759e-09
1.111335842213938661e-09
1.111603673670106885e-09
1.111803803103753297e-09
1.111954049252954288e-09
1.112104295404360956e-09
1.112254541553561947e-09
1.112328697903062843e-09
1.112362001219897315e-09
1.112395304535518521e-09
1.112428607852904515e-09
1.112397173398573096e-09
1.112337404987949661e-09
1.112277636578870365e-09
1.112217868169239547e-09
1.112104815053890362e-09
1.111970026504235228e-09
1.111835237952704876e-09
1.111700449401946697e-09
1.111521569154299297e-09
1.111323297072772485e-09
1.111125024990473500e-09
1.110926752908394958e-09
1.110708567291940772e-09
1.110479570743290046e-09
1.110250574196183253e-09
1.110021577648414715e-09
1.109776905019098394e-09
1.109520446254215631e-09
1.109263987490215056e-09
1.109007528725222071e-09
1.108743898602544159e-09
1.108471929962948010e-09
1.108199961325722974e-09
1.107927992686788570e-09
1.107669849058450620e-09
1.107440742608102169e-09
1.107211636158305033e-09
1.106982529707625503e-09
1.106757532246088361e-09
1.106555619762979132e-09
1.106353707279814688e-09
1.106151794798249391e-09
1.105949882314312981e-09
1.105784632525485010e-09
1.105621402196103506e-09
1.105458171867108296e-09
1.105294941537837221e-09
1.105179902798754097e-09
1.105084320725154796e-09
1.104988738651169203e-09
1.104893156579003613e-09
1.104823824944886709e-09
1.104787281971267920e-09
1.104750738997593917e-09
1.104714196024416222e-09
1.104689057439919419e-09
1.104731560012340594e-09
1.104774062584761770e-09
1.104816565158396213e-09
1.104859067730762174e-09
1.104998392531783003e-09
1.105160269516975016e-09
1.105322146500457454e-09
1.105484023485318595e-09
1.105681307472913489e-09
1.105922788427049335e-09
1.106164269381681489e-09
1.106405750335431248e-09
1.106651132445665326e-09
1.106979016037006238e-09
1.107306899626527353e-09
1.107634783216103475e-09
1.107962666806837857e-09
1.108346309201329724e-09
1.108765315346218517e-09
1.109184321493313194e-09
1.109603327639415254e-09
1.110033433759325283e-09
1.110529091824535820e-09
1.111024749890683967e-09
1.111520407956776899e-09
1.112016066022483744e-09
1.112571610691673903e-09
1.113160319235175456e-09
1.113749027779118103e-09
1.114337736324274018e-09
1.114935466720252200e-09
1.115607713274849788e-09
1.116279959830881294e-09
1.116952206385478882e-09
1.117624452941454967e-09
1.118322378051976397e-09
1.119042375517338428e-09
1.119762372983307197e-09
1.120482370448669229e-09
1.121202367914141690e-09
1.121965020323942900e-09
1.122730754530167267e-09
1.123496488736281205e-09
1.124262222941402526e-09
1.125036952656607102e-09
1.125833461239441573e-09
1.126629969823489312e-09
1.127426478405772467e-09
1.128222986988551724e-09
1.129026745851310768e-09
1.129835013850509828e-09
1.130643281848716272e-09
1.131451549847474031e-09
1.132259817845680474e-09
1.133079812654556342e-09
1.133901037230036479e-09
1.134722261806068138e-09
1.135543486381548274e-09
1.136361916989018176e-09
1.137165417416565621e-09
1.137968917845877443e-09
1.138772418274252068e-09
1.139575918702681702e-09
1.140365716742706081e-09
1.141132572732068831e-09
1.141899428720659408e-09
1.142666284710077372e-09
1.143433140698557727e-09
1.144180501225956555e-09
1.144912146787591350e-09
1.145643792348895066e-09
1.146375437911136391e-09
1.147107083472385099e-09
1.147799933006969243e-09
1.148475887220598118e-09
1.149151841435495474e-09
1.149827795649179564e-09
1.150503749863249740e-09
1.151126044778835474e-09
1.151735131427924890e-09
1.152344218077069313e-09
1.152953304725717635e-09
1.153562391375082708e-09
1.154111852608481625e-09
1.154652478069197106e-09
1.155193103530794983e-09
1.155733728992392652e-09
1.156274354454045743e-09
1.156742767775479942e-09
1.157203312261529740e-09
1.157663856748130854e-09
1.158124401233298257e-09
1.158584945719072190e-09
1.158974449057843508e-09
1.159355581414015392e-09
1.159736713771124679e-09
1.160117846127682443e-09
1.160498978483854327e-09
1.160823549439849857e-09
1.161138075891264146e-09
1.161452602342127119e-09
1.161767128793982709e-09
1.162081655245286983e-09
1.162336810869115771e-09
1.162573755523192902e-09
1.162810700177214611e-09
1.163047644830409347e-09
1.163284589484486271e-09
1.163476441143402725e-09
1.163643203389298230e-09
1.163809965635800472e-09
1.163976727880868797e-09
1.164143490126378215e-09
1.164284410859783973e-09
1.164397407190893474e-09
1.164510403522499284e-09
1.164623399854325744e-09
1.164736396185490460e-09
1.164835006368513312e-09
1.164896499378473549e-09
1.164957992388544008e-09
1.165019485398614466e-09
1.165080978408243624e-09
1.165141110608268249e-09
1.165167067950859172e-09
1.165193025293835976e-09
1.165218982636371685e-09
1.165244939978907394e-09
1.165270897321443103e-09
1.165280758071601083e-09
1.165285458356962728e-09
1.165290158641938494e-09
1.165294858928182534e-09
1.165299559212275905e-09
1.165295485961582310e-09
1.165280056160874856e-09
1.165264626359395435e-09
1.165249196559515161e-09
1.165233766758477041e-09
1.165218837247578056e-09
1.165210185855934495e-09
1.165201534463850046e-09
1.165192883072261698e-09
1.165184231680011606e-09
1.165175580287982165e-09
1.165180893253891684e-09
1.165193058766361207e-09
1.165205224277893328e-09
1.165217389790363057e-09
1.165229555302722358e-09
1.165245363849469538e-09
1.165273608824950444e-09
1.165301853800045471e-09
1.165330098775526378e-09
1.165358343750621404e-09
1.165386588726157525e-09
1.165438930581304122e-09
1.165499706812187272e-09
1.165560483042408471e-09
1.165621259272960542e-09
1.165682035502630424e-09
1.165749966967517930e-09
1.165844336236016858e-09
1.165938705504515994e-09
1.166033074772904700e-09
1.166127444041459050e-09
1.166221813309461670e-09
1.166337092280213097e-09
1.166463978162962212e-09
1.166590864045711327e-09
1.166717749927633262e-09
1.166844635810768464e-09
1.166973435354523461e-09
1.167162950781758718e-09
1.167352466208993976e-09
1.167541981635788139e-09
1.167731497062582095e-09
1.167921012489376258e-09
1.168125958314763816e-09
1.168356599732246017e-09
1.168587241148845824e-09
1.168817882565886724e-09
1.169048523982431523e-09
1.169279165399582645e-09
1.169530577212561904e-09
1.169791914631291170e-09
1.170053252050406523e-09
1.170314589469632305e-09
1.170575926888802665e-09
1.170837264307918018e-09
1.171134929361219809e-09
1.171435137518118089e-09
1.171735345673968745e-09
1.172035553830977246e-09
1.172335761986993338e-09
1.172639390782775869e-09
1.172962610718738987e-09
1.173285830655088191e-09
1.173609050590499786e-09
1.173932270526628340e-09
1.174255490462591458e-09
1.174584224676953704e-09
1.174924756311115287e-09
1.175265287945056012e-09
1.175605819578335199e-09
1.175946351213048097e-09
1.176286882846547728e-09
1.176641654187552521e-09
1.177014265683497817e-09
1.177386877179442906e-09
1.177759488674560815e-09
1.178132100170120024e-09
1.178504711665348361e-09
1.178875904919049856e-09
1.179245811752161048e-09
1.179615718584610496e-09
1.179985625417721688e-09
1.180355532251108745e-09
1.180725439084054501e-09
1.181091181836195362e-09
1.181453648095213789e-09
1.181816114354563294e-09
1.182178580613581928e-09
1.182541046872710783e-09
1.182903513131232902e-09
1.183262794553814484e-09
1.183619463508135189e-09
1.183976132462456099e-09
1.184332801417273112e-09
1.184689470371593816e-09
1.185046139325528641e-09
1.185391814237106932e-09
1.185726191105101081e-09
1.186060567974418720e-09
1.186394944843570922e-09
1.186729321712116595e-09
1.187063698581213583e-09
1.187389040954267851e-09
1.187700296530936070e-09
1.188011552107218408e-09
1.188322807683224882e-09
1.188634063259617443e-09
1.188945318836451304e-09
1.189250964367719539e-09
1.189539008981334462e-09
1.189827053595225043e-09
1.190115098209060617e-09
1.190403142822675540e-09
1.190691187436566121e-09
1.190977577062118470e-09
1.191229398809817013e-09
1.191481220557956857e-09
1.191733042305104085e-09
1.191984864053629809e-09
1.192236685801824661e-09
1.192488507549302761e-09
1.192715192921986841e-09
1.192935686534973759e-09
1.193156180148126112e-09
1.193376673760561507e-09
1.193597167373272767e-09
1.193817660986645564e-09
1.194023301327434007e-09
1.194214747370285732e-09
1.194406193412972229e-09
1.194597639456237752e-09
1.194789085499282624e-09
1.194980531541913906e-09
1.195166073092101620e-09
1.195323246558069383e-09
1.195480420024505744e-09
1.195637593490032206e-09
1.195794766956441063e-09
1.195951940422767202e-09
1.196109113888762469e-09
1.196249103021556363e-09
1.196384380120487158e-09
1.196519657220079697e-09
1.196654934319175927e-09
1.196790211418548023e-09
1.196925488518030133e-09
1.197054458038577888e-09
1.197171638047145459e-09
1.197288818055740533e-09
1.197405998063618856e-09
1.197523178071965777e-09
1.197640358080450629e-09
1.197757538088825261e-09
1.197857601191212354e-09
1.197954949812380041e-09
1.198052298432968495e-09
1.198149647053722385e-09
1.198246995674200617e-09
1.198344344294706559e-09
1.198439534461988025e-09
1.198530305845381492e-09
1.198621077228775165e-09
1.198711848611424375e-09
1.198802619995479586e-09
1.198893391378652609e-09
1.198984162762377154e-09
1.199069984280331269e-09
1.199154096423152749e-09
1.199238208565009322e-09
1.199322320707582648e-09
1.199406432849714672e-09
1.199490544992260494e-09
1.199574042837451217e-09
1.199652475089313432e-09
1.199730907340982501e-09
1.199809339592844717e-09
1.199887771844734436e-09
1.199966204097010242e-09
1.200044636349120405e-09
1.200130788562468533e-09
1.200227500604406532e-09
1.200324212646510174e-09
1.200420924688420670e-09
1.200517636730579526e-09
1.200614348772490021e-09
1.200711060814565953e-09
1.200812845829386775e-09
1.200916959044764516e-09
1.201021072260390618e-09
1.201125185476209453e-09
1.201229298691394255e-09
1.201333411906992646e-09
1.201437525122563534e-09
1.201546892718039447e-09
1.201656863131285423e-09
1.201766833544200319e-09
1.201876803957225643e-09
1.201986774370664558e-09
1.202096744784324124e-09
1.202207737888165701e-09
1.202335685763646437e-09
1.202463633638934027e-09
1.202591581514414557e-09
1.202719529389426489e-09
1.202847477264493429e-09
1.202975425140415259e-09
1.203104666373691513e-09
1.203240478916476262e-09
1.203376291460088192e-09
1.203512104003259028e-09
1.203647916546457367e-09
1.203783729089600493e-09
1.203919541632771329e-09
1.204057409118652208e-09
1.204202588925732884e-09
1.204347768732813767e-09
1.204492948539398341e-09
1.204638128346286077e-09
1.204783308152898155e-09
1.204928487959979038e-09
1.205079293102562655e-09
1.205249897598901600e-09
1.205420502094744443e-09
1.205591106591552193e-09
1.205761711087643190e-09
1.205932315583982342e-09
1.206102920079990415e-09
1.206273789550403908e-09
1.206445955596400922e-09
1.206618121642618379e-09
1.206790287689249427e-09
1.206962453735908186e-09
1.207134619781463899e-09
1.207306785827874503e-09
1.207479026731345633e-09
1.207652357658851836e-09
1.207825688586606193e-09
1.207999019514277831e-09
1.208172350442032188e-09
1.208345681369759042e-09
1.208519012297182526e-09
1.208692343225157327e-09
1.208869298050944895e-09
1.209046635196109923e-09
1.209223972341495395e-09
1.209401309487349671e-09
1.209578646632514699e-09
1.209755983777872667e-09
1.209933320923037695e-09
1.210105760238241463e-09
1.210276001068208686e-09
1.210446241897514164e-09
1.210616482727674534e-09
1.210786723557365893e-09
1.210956964387084962e-09
1.211127205216583587e-09
1.211295994070172260e-09
1.211462783713613142e-09
1.211629573357054024e-09
1.211796363000963710e-09
1.211963152644321874e-09
1.212129942288231561e-09
1.212296731932141041e-09
1.212463329303817826e-09
1.212628110305376922e-09
1.212792891306715368e-09
1.212957672307419573e-09
1.213122453308951165e-09
1.213287234310289611e-09
1.213452015311214467e-09
1.213616796312552913e-09
1.213771071690088239e-09
1.213921155013472867e-09
1.214071238336554335e-09
1.214221321659856246e-09
1.214371404983020431e-09
1.214521488306377556e-09
1.214671571629265877e-09
1.214818775287819119e-09
1.214958480247621440e-09
1.215098185207809848e-09
1.215237890167943248e-09
1.215377595128352099e-09
1.215517300087906473e-09
1.215657005047846727e-09
1.215796710008283289e-09
1.215928241514479375e-09
1.216057512531413910e-09
1.216186783548348446e-09
1.216316054565090041e-09
1.216445325581859141e-09
1.216574596598821180e-09
1.216703867615369629e-09
1.216829564001506820e-09
1.216943427125695142e-09
1.217057290249911175e-09
1.217171153374182216e-09
1.217285016498618692e-09
1.217398879622641785e-09
1.217512742747078262e-09
1.217626605871101148e-09
1.217737670860164167e-09
1.217847042409204826e-09
1.217956413957197861e-09
1.218065785505576982e-09
1.218175157054176546e-09
1.218284528602610882e-09
1.218393900151431097e-09
1.218503271699561857e-09
1.218606064180167791e-09
1.218708552662827129e-09
1.218811041145072877e-09
1.218913529627732215e-09
1.219016018109950459e-09
1.219118506592609797e-09
1.219220995075020981e-09
1.219320917902796309e-09
1.219412257944433603e-09
1.219503597985602299e-09
1.219594938026991439e-09
1.219686278068628733e-09
1.219777618110514181e-09
1.219868958151407013e-09
1.219960298192796153e-09
1.220050713823482321e-09
1.220139978553831451e-09
1.220229243283849708e-09
1.220318508013923179e-09
1.220407772744630684e-09
1.220497037474676445e-09
1.220586302204777420e-09
1.220675566934602737e-09
1.220761602060149072e-09
1.220845495511691723e-09
1.220929388963620668e-09
1.221013282415301252e-09
1.221097175867064554e-09
1.221181069318579908e-09
1.221264962770977451e-09
1.221348856222520102e-09
1.221428464183906375e-09
1.221506210953786732e-09
1.221583957723225994e-09
1.221661704492913204e-09
1.221739451262628124e-09
1.221817198032094891e-09
1.221894944801809811e-09
1.221972691571497228e-09
1.222058733061922511e-09
1.222147799557803808e-09
1.222236866053684898e-09
1.222325932549841853e-09
1.222414999045530004e-09
1.222504065541411094e-09
1.222593132037292184e-09
1.222682198533200985e-09
1.222770155314233171e-09
1.222857653312221972e-09
1.222945151309604242e-09
1.223032649307372599e-09
1.223120147305389110e-09
1.223207645302936817e-09
1.223295143300704967e-09
1.223382641298280384e-09
1.223468310114998613e-09
1.223552862299818426e-09
1.223637414485051622e-09
1.223721966669843725e-09
1.223806518854883981e-09
1.223891071040062170e-09
1.223975623225074716e-09
1.224060175410114973e-09
1.224147595802542723e-09
1.224238216690598263e-09
1.224328837578929462e-09
1.224419458467426097e-09
1.224510079356143175e-09
1.224600700244005776e-09
1.224691321132309264e-09
1.224781942020612959e-09
1.224871747469967459e-09
1.224959256824180957e-09
1.225046766177760421e-09
1.225134275531725972e-09
1.225221784885526087e-09
1.225309294239960235e-09
1.225396803593760350e-09
1.225484312947753404e-09
1.225571822301746458e-09
1.225658667355785190e-09
1.225745504890752153e-09
1.225832342425967477e-09
1.225919179960989655e-09
1.226006017495956618e-09
1.226092855030978795e-09
1.226179692566166409e-09
1.226266530101188586e-09
1.226360108484767831e-09
1.226457279042735313e-09
1.226554449600206488e-09
1.226651620158394621e-09
1.226748790716334600e-09
1.226845961274302290e-09
1.226943131832214558e-09
1.227040302389934094e-09
1.227136172727015814e-09
1.227228188612822778e-09
1.227320204498905400e-09
1.227412220384932808e-09
1.227504236270794779e-09
1.227596252156574239e-09
1.227688268042629151e-09
1.227780283928243175e-09
1.227872299814298086e-09
1.227961615700639582e-09
1.228050205045766556e-09
1.228138794390893530e-09
1.228227383736020297e-09
1.228315973081395424e-09
1.228404562426522398e-09
1.228493151771676876e-09
1.228581741117024293e-09
1.228670227960907610e-09
1.228758421618922116e-09
1.228846615276991631e-09
1.228934808934978634e-09
1.229023002592827705e-09
1.229111196250952433e-09
1.229199389908829214e-09
1.229287583566843721e-09
1.229375777224940946e-09
1.229459083857103542e-09
1.229539928439333289e-09
1.229620773022003924e-09
1.229701617604454116e-09
1.229782462186601145e-09
1.229863306769354498e-09
1.229944151351446313e-09
1.230024995934227377e-09
1.230105832387780749e-09
1.230185139540001687e-09
1.230264446691615889e-09
1.230343753843505955e-09
1.230423060995175577e-09
1.230502368147120651e-09
1.230581675298542119e-09
1.230660982450955997e-09
1.230740289602846063e-09
1.230819692457988862e-09
1.230899342079885592e-09
1.230978991701533962e-09
1.231058641323540914e-09
1.231138290945437437e-09
1.231217940567664833e-09
1.231297590189589067e-09
1.231377239811596019e-09
1.231456889433630475e-09
1.231532399616901356e-09
1.231603548834637411e-09
1.231674698052594323e-09
1.231745847270578532e-09
1.231816996488425016e-09
1.231888145706161277e-09
1.231959294924338633e-09
1.232030444141771527e-09
1.232101593360059104e-09
1.232170392370153258e-09
1.232237795259487878e-09
1.232305198148767491e-09
1.232372601037964386e-09
1.232440003927050852e-09
1.232507406816192532e-09
1.232574809705499649e-09
1.232642212594916987e-09
1.232709615484196600e-09
1.232774083468475482e-09
1.232837293858471006e-09
1.232900504248714478e-09
1.232963714639013165e-09
1.233026925029008483e-09
1.233090135419224451e-09
1.233153345809578352e-09
1.233216556199463448e-09
1.233279766589817348e-09
1.233337691705759386e-09
1.233393400522551361e-09
1.233449109339674209e-09
1.233504818156797056e-09
1.233560526973947614e-09
1.233616235790739590e-09
1.233671944607641787e-09
1.233727653424681916e-09
1.233783362241556610e-09
1.233841076119172559e-09
1.233899916031056214e-09
1.233958755942801936e-09
1.234017595854575370e-09
1.234076435766459024e-09
1.234135275678232457e-09
1.234194115589978180e-09
1.234252955501861835e-09
1.234311795413193967e-09
1.234369810159835624e-09
1.234427022390198358e-09
1.234484234620244076e-09
1.234541446850482734e-09
1.234598659080983401e-09
1.234655871311235914e-09
1.234713083541295487e-09
1.234770295771685932e-09
1.234827508001828016e-09
1.234882967359117715e-09
1.234934409535282895e-09
1.234985851711710084e-09
1.235037293888123625e-09
1.235088736064440385e-09
1.235140178240426480e-09
1.235191620417074320e-09
1.235243062593487654e-09
1.235294504769652833e-09
1.235345976263732251e-09
1.235398385100711345e-09
1.235450793937773156e-09
1.235503202774752250e-09
1.235555611611607266e-09
1.235608020448682933e-09
1.235660429285510239e-09
1.235712838122379110e-09
1.235765246959454777e-09
1.235817655796516589e-09
1.235867632408138433e-09
1.235916495952748292e-09
1.235965359497054783e-09
1.236014223041650786e-09
1.236063086585805696e-09
1.236111950130429204e-09
1.236160813674942490e-09
1.236209677219235125e-09
1.236258540763734763e-09
1.236306107908867647e-09
1.236350176916179016e-09
1.236394245923958983e-09
1.236438314931159923e-09
1.236482383938733095e-09
1.236526452945947684e-09
1.236570521953838080e-09
1.236614590960804514e-09
1.236658659968501763e-09
1.236702728975840636e-09
1.236753755328201664e-09
1.236806711809535157e-09
1.236859668290648000e-09
1.236912624771885126e-09
1.236965581252722311e-09
1.237018537733849009e-09
1.237071494215058425e-09
1.237124450696267841e-09
1.237177407177146385e-09
1.237229395246221239e-09
1.237278005163606809e-09
1.237326615080606293e-09
1.237375224998170948e-09
1.237423834915322219e-09
1.237472444832680079e-09
1.237521054749927717e-09
1.237569664667175355e-09
1.237618274584436848e-09
1.237666884501643127e-09
1.237712669636624274e-09
1.237756489821899900e-09
1.237800310007423679e-09
1.237844130192699304e-09
1.237887950378305801e-09
1.237931770563705504e-09
1.237975590749091350e-09
1.238019410934366976e-09
1.238063231119780533e-09
1.238107051305345671e-09
1.238152032626601664e-09
1.238197167587543597e-09
1.238242302548485529e-09
1.238287437509523828e-09
1.238332572470383043e-09
1.238377707431324975e-09
1.238422842392473703e-09
1.238467977353429490e-09
1.238513112314371423e-09
1.238557661402324493e-09
1.238597074674829244e-09
1.238636487947099902e-09
1.238675901219604652e-09
1.238715314491971677e-09
1.238754727764559352e-09
1.238794141037064309e-09
1.238833554309665633e-09
1.238872967582170590e-09
1.238912380854454897e-09
1.238951050826266238e-09
1.238987454122759672e-09
1.239023857418798158e-09
1.239060260715291593e-09
1.239096664011757524e-09
1.239133067308058019e-09
1.239169470604316948e-09
1.239205873900755375e-09
1.239242277197234955e-09
1.239278680493397517e-09
1.239316522182516071e-09
1.239357474116177751e-09
1.239398426050032370e-09
1.239439377983886990e-09
1.239480329917534814e-09
1.239521281851279212e-09
1.239562233785023403e-09
1.239603185718891878e-09
1.239644137652746497e-09
1.239685089586256389e-09
1.239724126548644242e-09
1.239758894335083073e-09
1.239793662121645981e-09
1.239828429907974383e-09
1.239863197694468221e-09
1.239897965481141351e-09
1.239932733267497464e-09
1.239967501053743148e-09
1.240002268840099261e-09
1.240037036626662169e-09
1.240070955368795016e-09
1.240101977355979644e-09
1.240132999343522854e-09
1.240164021330597259e-09
1.240195043318181828e-09
1.240226065305393959e-09
1.240257087292578793e-09
1.240288109279901353e-09
1.240319131267196202e-09
1.240350153254711908e-09
1.240381083502203784e-09
1.240410729343606960e-09
1.240440375185575515e-09
1.240470021027213196e-09
1.240499666868713153e-09
1.240529312710447201e-09
1.240558958552098738e-09
1.240588604394053437e-09
1.240618250235525683e-09
1.240647896077149716e-09
1.240677541919007841e-09
1.240702374920183687e-09
1.240726215622689269e-09
1.240750056325098279e-09
1.240773897027603861e-09
1.240797737730233314e-09
1.240821578432642324e-09
1.240845419135492634e-09
1.240869259837873932e-09
1.240893100540503592e-09
1.240916941242912601e-09
1.240941033521703152e-09
1.240965364361395306e-09
1.240989695201363118e-09
1.241014026041317076e-09
1.241038356881408965e-09
1.241062687721583573e-09
1.241087018561441163e-09
1.241111349401519197e-09
1.241135680241390643e-09
1.241160011081344600e-09
1.241184494221462069e-09
1.241210108118924670e-09
1.241235722016387064e-09
1.241261335913863313e-09
1.241286949811394777e-09
1.241312563708650376e-09
1.241338177606209344e-09
1.241363791503795815e-09
1.241389405401272065e-09
1.241415019298720810e-09
1.241440633196279778e-09
1.241462807857259841e-09
1.241483087421896665e-09
1.241503366986643711e-09
1.241523646551377108e-09
1.241543926116234582e-09
1.241564205680760977e-09
1.241584485245604596e-09
1.241604764810296634e-09
1.241625044375167757e-09
1.241645323939804581e-09
1.241665484847629777e-09
1.241684457271353270e-09
1.241703429694869968e-09
1.241722402118483239e-09
1.241741374542551253e-09
1.241760346966164524e-09
1.241779319389777796e-09
1.241798291813501289e-09
1.241817264237114353e-09
1.241836236660961924e-09
1.241855209084644058e-09
1.241873014229592374e-09
1.241889428008856618e-09
1.241905841788465589e-09
1.241922255567729834e-09
1.241938669346883856e-09
1.241955083126382399e-09
1.241971496905536421e-09
1.241987910685131538e-09
1.242004324464409430e-09
1.242020738243673675e-09
1.242037152023034492e-09
1.242049809178407456e-09
1.242061149331812708e-09
1.242072489485314533e-09
1.242083829638719786e-09
1.242095169792262970e-09
1.242106509945668222e-09
1.242117850099087123e-09
1.242129190252382153e-09
1.242140530406021704e-09
1.242151870559440811e-09
1.242163210712625413e-09
1.242178275100548367e-09
1.242193565473152984e-09
1.242208855845426936e-09
1.242224146218017698e-09
1.242239436590622522e-09
1.242254726962978985e-09
1.242270017335459525e-09
1.242285307708091853e-09
1.242300598080668967e-09
1.242315888453053140e-09
1.242331056533042610e-09
1.242344396293504622e-09
1.242357736053856411e-09
1.242371075814083917e-09
1.242384415574325485e-09
1.242397755334677068e-09
1.242411095095235652e-09
1.242424434855477013e-09
1.242437774615677222e-09
1.242451114376249455e-09
1.242464454136587390e-09
1.242477282592090304e-09
1.242485483615571348e-09
1.242493684639479630e-09
1.242501885663263836e-09
1.242510086686827392e-09
1.242518287710404802e-09
1.242526488734326940e-09
1.242534689758000717e-09
1.242542890781812634e-09
1.242551091805376189e-09
1.242559292829174250e-09
1.242567500984165235e-09
1.242575837656457057e-09
1.242584174328418007e-09
1.242592511000379164e-09
1.242600847672326259e-09
1.242609184344301065e-09
1.242617521016248366e-09
1.242625857688319745e-09
1.242634194360280695e-09
1.242642531032338219e-09
1.242650867704299169e-09
1.242659204376163753e-09
1.242663569865549141e-09
1.242667596016482291e-09
1.242671622167167286e-09
1.242675648317769357e-09
1.242679674468592284e-09
1.242683700619525227e-09
1.242687726770375659e-09
1.242691752921198380e-09
1.242695779072021307e-09
1.242699805222747455e-09
1.242703831373584031e-09
1.242704287543246844e-09
1.242703249630749327e-09
1.242702211717810715e-09
1.242701173804968676e-09
1.242700135892085072e-09
1.242699097979477332e-09
1.242698060066525072e-09
1.242697022153806904e-09
1.242695984240978720e-09
1.242694946328246904e-09
1.242693908415404658e-09
1.242695420986292244e-09
1.242700712039029284e-09
1.242706003091876545e-09
1.242711294144834029e-09
1.242716585197791719e-09
1.242721876250514903e-09
1.242727167303486242e-09
1.242732458356181716e-09
1.242737749409139406e-09
1.242743040461876239e-09
1.242748331514930296e-09
1.242753547412146190e-09
1.242753721952576898e-09
1.242753896492814666e-09
1.242754071033259230e-09
1.242754245573579717e-09
1.242754420113927914e-09
1.242754594654372477e-09
1.242754769194803186e-09
1.242754943735357971e-09
1.242755118275650954e-09
1.242755292815874867e-09
1.242755467356223064e-09
1.242753311263717049e-09
1.242749165123205013e-09
1.242745018982692977e-09
1.242740872842070720e-09
1.242736726701448463e-09
1.242732580561046856e-09
1.242728434420300521e-09
1.242724288279802341e-09
1.242720142139276657e-09
1.242715995998654400e-09
1.242711849858032142e-09
1.242707703717588970e-09
1.242703569830599863e-09
1.242699436238445223e-09
1.242695302646387364e-09
1.242691169054563597e-09
1.242687035462505738e-09
1.242682901870461527e-09
1.242678768278417316e-09
1.242674634686262677e-09
1.242670501094204818e-09
1.242666367502270829e-09
1.242662233910336840e-09
1.242656496371933771e-09
1.242647431577064684e-09
1.242638366782181948e-09
1.242629301987436938e-09
1.242620237192347407e-09
1.242611172397726473e-09
1.242602107602526514e-09
1.242593042807878077e-09
1.242583978012816049e-09
1.242574913217836740e-09
1.242565848423216014e-09
1.242556783628126276e-09
1.242546577121421685e-09
1.242535560841238137e-09
1.242524544561054589e-09
1.242513528281063981e-09
1.242502512001004510e-09
1.242491495720724596e-09
1.242480479440651270e-09
1.242469463160577944e-09
1.242458446880518473e-09
1.242447430600459002e-09
1.242436414320275454e-09
1.242425398040202335e-09
1.242416753854749475e-09
1.242408878737424630e-09
1.242401003620320228e-09
1.242393128503105398e-09
1.242385253385890774e-09
1.242377378268662295e-09
1.242369503151337243e-09
1.242361628034343270e-09
1.242353752917018218e-09
1.242345877799803594e-09
1.242338002682699193e-09
1.242330127565374141e-09
1.242318226506833935e-09
1.242305529499925651e-09
1.242292832493127588e-09
1.242280135486219097e-09
1.242267438479310813e-09
1.242254741472512751e-09
1.242242044465507894e-09
1.242229347458682327e-09
1.242216650451663615e-09
1.242203953444768979e-09
1.242191256438081345e-09
1.242178559431062633e-09
1.242163675894296923e-09
1.242148324219130107e-09
1.242132972544170294e-09
1.242117620869045044e-09
1.242102269193933443e-09
1.242086917518973629e-09
1.242071565843862028e-09
1.242056214168750427e-09
1.242040862493763110e-09
1.242025510818541287e-09
1.242010159143539907e-09
1.241994807468566238e-09
1.241978396535878636e-09
1.241961574982049566e-09
1.241944753428413643e-09
1.241927931874653436e-09
1.241911110320824366e-09
1.241894288767119373e-09
1.241877467213373021e-09
1.241860645659433729e-09
1.241843824105728736e-09
1.241827002551954674e-09
1.241810180998070597e-09
1.241793359444475825e-09
1.241774083408465048e-09
1.241752588375633519e-09
1.241731093342788341e-09
1.241709598310053592e-09
1.241688103277097985e-09
1.241666608244363236e-09
1.241645113211421485e-09
1.241623618178576307e-09
1.241602123145620907e-09
1.241580628112899807e-09
1.241559133079944200e-09
1.241537638047181740e-09
1.241516325032080273e-09
1.241495599300379682e-09
1.241474873568816817e-09
1.241454147837019652e-09
1.241433422105305206e-09
1.241412696373494393e-09
1.241391970641669518e-09
1.241371244909955072e-09
1.241350519178254481e-09
1.241329793446595248e-09
1.241309067714729014e-09
1.241288341983069782e-09
1.241267616251189900e-09
1.241246989380972835e-09
1.241226379391306188e-09
1.241205769401584327e-09
1.241185159411807458e-09
1.241164549422030383e-09
1.241143939432198300e-09
1.241123329442324858e-09
1.241102719452616852e-09
1.241082109462826128e-09
1.241061499473118123e-09
1.241040889483341254e-09
1.241020279493398949e-09
1.240997916245882143e-09
1.240972657395555839e-09
1.240947398545381116e-09
1.240922139695054812e-09
1.240896880844824875e-09
1.240871621994498572e-09
1.240846363144282490e-09
1.240821104294121415e-09
1.240795845443905333e-09
1.240770586593579029e-09
1.240745327743514528e-09
1.240720068893188225e-09
1.240694810042958287e-09
1.240668482604789545e-09
1.240641896028512272e-09
1.240615309452234998e-09
1.240588722875806143e-09
1.240562136299653153e-09
1.240535549723279306e-09
1.240508963147029743e-09
1.240482376570656103e-09
1.240455789994558121e-09
1.240429203418018837e-09
1.240402616841810633e-09
1.240376030265547215e-09
1.240349055080369686e-09
1.240319621402163241e-09
1.240290187723736146e-09
1.240260754045516052e-09
1.240231320367185530e-09
1.240201886688758434e-09
1.240172453010317690e-09
1.240143019332000816e-09
1.240113585653739363e-09
1.240084151975257053e-09
1.240054718296981745e-09
1.240025284618671903e-09
1.239995850940244807e-09
1.239964749169098100e-09
1.239930824187941627e-09
1.239896899206681756e-09
1.239862974225304839e-09
1.239829049244024289e-09
1.239795124262826457e-09
1.239761199281394119e-09
1.239727274300134249e-09
1.239693349318991631e-09
1.239659424337614508e-09
1.239625499356361668e-09
1.239591574374991369e-09
1.239557649393779888e-09
1.239525304889510830e-09
1.239494486046993366e-09
1.239463667204599978e-09
1.239432848362089545e-09
1.239402029519620263e-09
1.239371210677026905e-09
1.239340391834502616e-09
1.239309572992109229e-09
1.239278754149591764e-09
1.239247935306970902e-09
1.239217116464556835e-09
1.239186297621991187e-09
1.239155478779466692e-09
1.239123275690546885e-09
1.239089930868987569e-09
1.239056586047545712e-09
1.239023241226117504e-09
1.238989896404675441e-09
1.238956551583274736e-09
1.238923206761763810e-09
1.238889861940383992e-09
1.238856517118879890e-09
1.238823172297437827e-09
1.238789827475789175e-09
1.238756482654388470e-09
1.238723137832953438e-09
1.238687625190700967e-09
1.238649839893179931e-09
1.238612054595817508e-09
1.238574269298337832e-09
1.238536484001023592e-09
1.238498698703550740e-09
1.238460913406105599e-09
1.238423128108694786e-09
1.238385342811380546e-09
1.238347557513894045e-09
1.238309772216538446e-09
1.238271986919120809e-09
1.238234201621751355e-09
1.238196365410725949e-09
1.238158425192512543e-09
1.238120484974375031e-09
1.238082544756058227e-09
1.238044604537975722e-09
1.238006664319658918e-09
1.237968724101569589e-09
1.237930783883294144e-09
1.237892843665156632e-09
1.237854903447060272e-09
1.237816963228757323e-09
1.237779023010550741e-09
1.237741082792295976e-09
1.237702869636189155e-09
1.237660949746397113e-09
1.237619029856653253e-09
1.237577109967061182e-09
1.237535190077262108e-09
1.237493270187518456e-09
1.237451350297891849e-09
1.237409430408092776e-09
1.237367510518376627e-09
1.237325590628632768e-09
1.237283670738999337e-09
1.237241750849207294e-09
1.237199830959518649e-09
1.237157911069885219e-09
1.237113308735426899e-09
1.237067596061364014e-09
1.237021883387135485e-09
1.236976170713017386e-09
1.236930458038782240e-09
1.236884745364843225e-09
1.236839032690725126e-09
1.236793320016524308e-09
1.236747607342420064e-09
1.236701894668343323e-09
1.236656181994121826e-09
1.236610469320175987e-09
1.236564756646051063e-09
1.236520062038961379e-09
1.236478524023937010e-09
1.236436986008947382e-09
1.236395447993971404e-09
1.236353909978988394e-09
1.236312371964019446e-09
1.236270833949029612e-09
1.236229295934053633e-09
1.236187757918946753e-09
1.236146219904074171e-09
1.236104681889153200e-09
1.236063143874053144e-09
1.236021605859084196e-09
1.235980067844156401e-09
1.235935601445699350e-09
1.235889742115071088e-09
1.235843882784505072e-09
1.235798023453890665e-09
1.235752164123221044e-09
1.235706304792606637e-09
1.235660445462095628e-09
1.235614586131453717e-09
1.235568726800784096e-09
1.235522867470279911e-09
1.235477008139555282e-09
1.235431148809037449e-09
1.235385289478305789e-09
1.235339403015912312e-09
1.235290082861648623e-09
1.235240762707384935e-09
1.235191442552956016e-09
1.235142122398747542e-09
1.235092802244490677e-09
1.235043482090103118e-09
1.234994161935901468e-09
1.234944841781562092e-09
1.234895521627353617e-09
1.234846201472924492e-09
1.234796881318716018e-09
1.234747561164335283e-09
1.234698241009961372e-09
1.234648757597507191e-09
1.234598738610842421e-09
1.234548719624232866e-09
1.234498700637506057e-09
1.234448681650786073e-09
1.234398662664128335e-09
1.234348643677415175e-09
1.234298624690688366e-09
1.234248605703885871e-09
1.234198586717345178e-09
1.234148567730625194e-09
1.234098548743905210e-09
1.234048529757123394e-09
1.233998510770465449e-09
1.233947017488979539e-09
1.233892836067006411e-09
1.233838654645171215e-09
1.233784473223205118e-09
1.233730291801190631e-09
1.233676110379341787e-09
1.233621928957430697e-09
1.233567747535512784e-09
1.233513566113656908e-09
1.233459384691697635e-09
1.233405203269745187e-09
1.233351021847772265e-09
1.233296840425875031e-09
1.233242659003963942e-09
1.233187954156540523e-09
1.233132353317375778e-09
1.233076752478204416e-09
1.233021151638936274e-09
1.232965550799716522e-09
1.232909949960510625e-09
1.232854349121290873e-09
1.232798748282050441e-09
1.232743147442775475e-09
1.232687546603672976e-09
1.232631945764391185e-09
1.232576344925116219e-09
1.232520744086013719e-09
1.232465143246800792e-09
1.232409971457148502e-09
1.232355922238799994e-09
1.232301873020671930e-09
1.232247823802268001e-09
1.232193774583919493e-09
1.232139725365791429e-09
1.232085676147373851e-09
1.232031626929190573e-09
1.231977577710890248e-09
1.231923528492658786e-09
1.231869479274365286e-09
1.231815430056119968e-09
1.231761380837778285e-09
1.231707331619539792e-09
1.231652966957188176e-09
1.231594801995877799e-09
1.231536637034519033e-09
1.231478472073312054e-09
1.231420307112008709e-09
1.231362142150698332e-09
1.231303977189491353e-09
1.231245812228118939e-09
1.231187647266815386e-09
1.231129482305560224e-09
1.231071317344256672e-09
1.231013152382946296e-09
1.230954987421697958e-09
1.230896822460380757e-09
1.230838657499077205e-09
1.230778739379033793e-09
1.230718292602525376e-09
1.230657845826031021e-09
1.230597399049688041e-09
1.230536952273083257e-09
1.230476505496726628e-09
1.230416058720225243e-09
1.230355611943882469e-09
1.230295165167325869e-09
1.230234718390879697e-09
1.230174271614495565e-09
1.230113824837980324e-09
1.230053378061478938e-09
1.229992931285094805e-09
1.229931842330867620e-09
1.229869564484415056e-09
1.229807286637969110e-09
1.229745008791461331e-09
1.229682730945043095e-09
1.229620453098528286e-09
1.229558175251972324e-09
1.229495897405574768e-09
1.229433619559066783e-09
1.229371341712559004e-09
1.229309063866044195e-09
1.229246786019660494e-09
1.229184508173152715e-09
1.229122230326693120e-09
1.229059952480185135e-09
1.228994417135868678e-09
1.228928181167939500e-09
1.228861945200065536e-09
1.228795709232177717e-09
1.228729473264255570e-09
1.228663237296333422e-09
1.228597001328459459e-09
1.228530765360592319e-09
1.228464529392718355e-09
1.228398293424789177e-09
1.228332057457032466e-09
1.228265821489048280e-09
1.228199585521174316e-09
1.228133349553196955e-09
1.228067229123801642e-09
1.228001620011952220e-09
1.227936010900089150e-09
1.227870401788212225e-09
1.227804792676307589e-09
1.227739183564396335e-09
1.227673574452595097e-09
1.227607965340635453e-09
1.227542356228827597e-09
1.227476747116916137e-09
1.227411138005066716e-09
1.227345528893155462e-09
1.227279919781292185e-09
1.227214310669442970e-09
1.227148701557476296e-09
1.227082778365031242e-09
1.227016445288779662e-09
1.226950112212383327e-09
1.226883779136042205e-09
1.226817446059700877e-09
1.226751112983359756e-09
1.226684779906853198e-09
1.226618446830456862e-09
1.226552113754177573e-09
1.226485780677726229e-09
1.226419447601495330e-09
1.226353114525098994e-09
1.226286781448702658e-09
1.226220448372361330e-09
1.226154115296020209e-09
1.226085552508346708e-09
1.226015312434985079e-09
1.225945072361609800e-09
1.225874832288303592e-09
1.225804592214935138e-09
1.225734352141449637e-09
1.225664112068253444e-09
1.225593871994836806e-09
1.225523631921523567e-09
1.225453391848148288e-09
1.225383151774786865e-09
1.225312911701363404e-09
1.225242671628056988e-09
1.225172431554729893e-09
1.225102191481354615e-09
1.225031194181879606e-09
1.224959679407622564e-09
1.224888164633193055e-09
1.224816649858873974e-09
1.224745135084609901e-09
1.224673620310235606e-09
1.224602105535861310e-09
1.224530590761549054e-09
1.224459075987222942e-09
1.224387561212745249e-09
1.224316046438419344e-09
1.224244531664113912e-09
1.224173016889767121e-09
1.224101502115399856e-09
1.224029987341032386e-09
1.223957079953902672e-09
1.223882796579272724e-09
1.223808513204704815e-09
1.223734229830185090e-09
1.223659946455610149e-09
1.223585663081042240e-09
1.223511379706522514e-09
1.223437096331954399e-09
1.223362812957372634e-09
