-5.017145011287343762e-10
-5.683676509195843883e-10
-6.389454346767371794e-10
-7.133351801904867431e-10
-7.914044771635237276e-10
-8.730846901914363262e-10
-9.582517125891278865e-10
-1.046659391044648210e-09
-1.138322618430089513e-09
-1.232936496275184614e-09
-1.330422173149967043e-09
-1.430634785170517458e-09
-1.533303030062580890e-09
-1.638384991617257191e-09
-1.745573870795281710e-09
-1.854846064871819066e-09
-1.965872671514609535e-09
-2.078653978979553600e-09
-2.192842097617969950e-09
-2.308492270689274030e-09
-2.425210249948067348e-09
-2.543050761646029755e-09
-2.661716616865608371e-09
-2.781149549780901691e-09
-2.901209086538583765e-09
-3.021696110018016261e-09
-3.142635877873477532e-09
-3.263696115106329076e-09
-3.384974094535541693e-09
-3.506280520179270981e-09
-3.627488041929152494e-09
-3.748638418477721719e-09
-3.869484432660823151e-09
-3.990075958184260524e-09
-4.110370546090702976e-09
-4.230169184993929396e-09
-4.349569027215414264e-09
-4.468516233071689038e-09
-4.586836101731508071e-09
-4.704662608844359625e-09
-4.821950335960099670e-09
-4.938530533063337656e-09
-5.054552914019828965e-09
-5.169993176349644461e-09
-5.284755337716743055e-09
-5.398942570688687048e-09
-5.512533292431874360e-09
-5.625461253337244171e-09
-5.737833473711282485e-09
-5.849643757493862645e-09
-5.960896523475875975e-09
-6.071581170111780925e-09
-6.181761201416866434e-09
-6.291489919524554999e-09
-6.400711818844033455e-09
-6.509475355728522607e-09
-6.617870522120594814e-09
-6.725867010138488001e-09
-6.833471018272254592e-09
-6.940725863075662702e-09
-7.047714179567210691e-09
-7.154413100777820331e-09
-7.260787212595252172e-09
-7.366938721157765705e-09
-7.472893078524291071e-09
-7.578679732164047967e-09
-7.684177666462220063e-09
-7.789527952216833962e-09
-7.894771280241287694e-09
-7.999874725142016013e-09
-8.104793234701215049e-09
-8.209561510625242080e-09
-8.314240155479790803e-09
-8.418842294243311143e-09
-8.523295141738166601e-09
-8.627563259506977172e-09
-8.731704398037269259e-09
-8.835777135676571725e-09
-8.939741557701902324e-09
-9.043462963391215175e-09
-9.146966741814185193e-09
-9.250309641113077939e-09
-9.353526043362839294e-09
-9.456528578870789792e-09
-9.559181073755181686e-09
-9.661525933742902623e-09
-9.763605007846670460e-09
-9.865415623333429474e-09
-9.966870277183983898e-09
-1.006784279421466314e-08
-1.016832613806101373e-08
-1.026839591354276825e-08
-1.036803528986645212e-08
-1.046718457509737658e-08
-1.056566473290850793e-08
-1.066344870235477478e-08
-1.076059487006133042e-08
-1.085712112726984169e-08
-1.095296173219220837e-08
-1.104806638836847943e-08
-1.114213227205618514e-08
-1.123534845536635946e-08
-1.132771046930023310e-08
-1.141919604664099655e-08
-1.150974416178117497e-08
-1.159926087356295917e-08
-1.168753991814345144e-08
-1.177475205245378903e-08
-1.186088663639960942e-08
-1.194590166843697323e-08
-1.202977028965934114e-08
-1.211237209374563183e-08
-1.219363001968530151e-08
-1.227359800927693528e-08
-1.235231432225584326e-08
-1.242974253691821070e-08
-1.250586936730344398e-08
-1.258067962412733222e-08
-1.265388188903956482e-08
-1.272556791893467592e-08
-1.279590391105075086e-08
-1.286483237111008107e-08
-1.293236411272349517e-08
-1.299852185727275235e-08
-1.306326499739573369e-08
-1.312643045580139676e-08
-1.318793816124409901e-08
-1.324806927587629272e-08
-1.330677891316864452e-08
-1.336410344364917574e-08
-1.342008332314140051e-08
-1.347465329876727942e-08
-1.352742727559380758e-08
-1.357891436326715020e-08
-1.362911161806459059e-08
-1.367801844696159873e-08
-1.372560995300934480e-08
-1.377158747688431539e-08
-1.381632641061324764e-08
-1.385986315240802360e-08
-1.390224168965926987e-08
-1.394327922972235552e-08
-1.398296890562176616e-08
-1.402158759170035659e-08
-1.405917890792174277e-08
-1.409560847106800669e-08
-1.413074930869630407e-08
-1.416497213430159098e-08
-1.419831438973651513e-08
-1.423057626166788539e-08
-1.426172073586587065e-08
-1.429207019529895299e-08
-1.432166653023123656e-08
-1.435016416827207364e-08
-1.437791258067565141e-08
-1.440501208607318801e-08
-1.443133977980139205e-08
-1.445680490500547406e-08
-1.448169628554206184e-08
-1.450601639550704237e-08
-1.452946180144421987e-08
-1.455245348218709648e-08
-1.457500788479852041e-08
-1.459688394144559441e-08
-1.461831949214011646e-08
-1.463938756803015496e-08
-1.465986890038686226e-08
-1.467995621178358226e-08
-1.469974559281157639e-08
-1.471905215306352980e-08
-1.473806823714992002e-08
-1.475686647327553465e-08
-1.477527426284519892e-08
-1.479344464532601510e-08
-1.481142356705494513e-08
-1.482904545290872312e-08
-1.484652160956295589e-08
-1.486381593398174672e-08
-1.488084414637272218e-08
-1.489777537626615336e-08
-1.491456231465376857e-08
-1.493118482952911289e-08
-1.494771460420437468e-08
-1.496402985136212620e-08
-1.498028462816544083e-08
-1.499646697757342039e-08
-1.501249743942881336e-08
-1.502846550674972940e-08
-1.504429441012642128e-08
-1.506006797740270848e-08
-1.507578904203703521e-08
-1.509136193463232558e-08
-1.510688305787531281e-08
-1.512227542997773326e-08
-1.513762038782274769e-08
-1.515290904570915448e-08
-1.516805926422978998e-08
-1.518315835469117722e-08
-1.519807822163212954e-08
-1.521294157145552557e-08
-1.522766275274295404e-08
-1.524225174808474778e-08
-1.525672530417195724e-08
-1.527102849167498536e-08
-1.528528073340201903e-08
-1.529928140510404907e-08
-1.531321371885348748e-08
-1.532688246888343682e-08
-1.534040831260378392e-08
-1.535371666329045273e-08
-1.536679084243766823e-08
-1.537969405195318054e-08
-1.539226798347732123e-08
-1.540472955801330254e-08
-1.541680445136801086e-08
-1.542881609580640075e-08
-1.544033323957262321e-08
-1.545175728699757977e-08
-1.546270661708100172e-08
-1.547348308016568704e-08
-1.548380361891854885e-08
-1.549388203156966745e-08
-1.550355073989961778e-08
-1.551290969725621611e-08
-1.552189531333887269e-08
-1.553051151906028944e-08
-1.553878782684918045e-08
-1.554662238742093762e-08
-1.555412828552649099e-08
-1.556114210027279438e-08
-1.556784276712864021e-08
-1.557400437023839471e-08
-1.557985455967735838e-08
-1.558516110046779743e-08
-1.559016377716784168e-08
-1.559461179564569513e-08
-1.559873944312830964e-08
-1.560230920942175160e-08
-1.560552372140399942e-08
-1.560821723360993279e-08
-1.561052182666810746e-08
-1.561234946891371714e-08
-1.561373443874928052e-08
-1.561470943581114138e-08
-1.561518134450744986e-08
-1.561532519721578844e-08
-1.561489479764037540e-08
-1.561422162319818885e-08
-1.561286535005492959e-08
-1.561137708904072317e-08
-1.560910929725505849e-08
-1.560683173633136368e-08
-1.560369298033070717e-08
-1.560055422434328225e-08
-1.559670646087702192e-08
-1.559274455791014277e-08
-1.558823016660640528e-08
-1.558347336109413561e-08
-1.557831972247778605e-08
-1.557278814789477010e-08
-1.556701211267912228e-08
-1.556069871449601375e-08
-1.555431710190284133e-08
-1.554729583491390251e-08
-1.554027456791305560e-08
-1.553268473081795832e-08
-1.552500472913908968e-08
-1.551699753160024173e-08
-1.550878361750938593e-08
-1.550037932930932849e-08
-1.549161415326752814e-08
-1.548281788188346106e-08
-1.547353907240075204e-08
-1.546426026290348463e-08
-1.545461959939854665e-08
-1.544486359077614856e-08
-1.543492986126976729e-08
-1.542476851460855040e-08
-1.541457339805442064e-08
-1.540407735478251428e-08
-1.539358131151193142e-08
-1.538292358251118001e-08
-1.537221065400202761e-08
-1.536140049428660196e-08
-1.535042625700878358e-08
-1.533945201973096520e-08
-1.532827028053130354e-08
-1.531708442960960621e-08
-1.530581136447915486e-08
-1.529447271547886335e-08
-1.528311594937600638e-08
-1.527165024048025085e-08
-1.526018453159640341e-08
-1.524869670279256905e-08
-1.523719920547028107e-08
-1.522570279893760699e-08
-1.521421003543496877e-08
-1.520271727194776905e-08
-1.519119754996986692e-08
-1.517966865714286542e-08
-1.516814659963969433e-08
-1.515664584308373620e-08
-1.514514508653174854e-08
-1.513367434987826182e-08
-1.512221525357372926e-08
-1.511076207363639801e-08
-1.509933603407244589e-08
-1.508790999451555127e-08
-1.507656374601197931e-08
-1.506526682826609023e-08
-1.505397266597881901e-08
-1.504274948703732110e-08
-1.503152630810288070e-08
-1.502032342371963106e-08
-1.500914667749155630e-08
-1.499796993126656857e-08
-1.498689152467384538e-08
-1.497583515679005843e-08
-1.496478820003744546e-08
-1.495378507560225697e-08
-1.494278195117809645e-08
-1.493179599239056582e-08
-1.492082610715788258e-08
-1.490985622192652283e-08
-1.489897472624771815e-08
-1.488811059791276314e-08
-1.487724526057988925e-08
-1.486637215406494842e-08
-1.485549904755000595e-08
-1.484461861601369133e-08
-1.483372776946790161e-08
-1.482283692291813976e-08
-1.481194832456146296e-08
-1.480106083167189781e-08
-1.479017333877924396e-08
-1.477920815328681097e-08
-1.476823499079850979e-08
-1.475725042886404211e-08
-1.474618405433727697e-08
-1.473511767981227538e-08
-1.472402232137271138e-08
-1.471286435251997238e-08
-1.470170638366899693e-08
-1.469046655137021659e-08
-1.467914122398398834e-08
-1.466781589659599488e-08
-1.465637740882100463e-08
-1.464487534256505639e-08
-1.463337327631660902e-08
-1.462171461460013339e-08
-1.461000907962619183e-08
-1.459830354465269034e-08
-1.458638223894186838e-08
-1.457443068939556141e-08
-1.456247913985499011e-08
-1.455030627304433248e-08
-1.453812476164129172e-08
-1.452593699047374662e-08
-1.451350991596778311e-08
-1.450108284146490830e-08
-1.448863710543654204e-08
-1.447592789436840738e-08
-1.446321868329828750e-08
-1.445048532775252948e-08
-1.443748934328872816e-08
-1.442449335883419126e-08
-1.441147388059009409e-08
-1.439818226104833081e-08
-1.438489064150921285e-08
-1.437158380492636274e-08
-1.435799839425015647e-08
-1.434441298357284839e-08
-1.433082734430384716e-08
-1.431701290321112761e-08
-1.430319846211311410e-08
-1.428938402102392495e-08
-1.427533277979065479e-08
-1.426126286338231128e-08
-1.424719294696690861e-08
-1.423291028392275415e-08
-1.421858383727417402e-08
-1.420425739062471210e-08
-1.418975894343893914e-08
-1.417518958890014650e-08
-1.416062023436333745e-08
-1.414592761347686477e-08
-1.413113931992011125e-08
-1.411635102636887170e-08
-1.410148741989339085e-08
-1.408650793967424502e-08
-1.407152845945200884e-08
-1.405653136201561572e-08
-1.404146407060771570e-08
-1.402639677920114081e-08
-1.401132948779699122e-08
-1.399612273218602558e-08
-1.398091355599599171e-08
-1.396570437980242909e-08
-1.395041026278404337e-08
-1.393508640681541217e-08
-1.391976255084986967e-08
-1.390440319193421258e-08
-1.388900438053600764e-08
-1.387360556913449233e-08
-1.385819654122743829e-08
-1.384274149560612140e-08
-1.382728644998833162e-08
-1.381183140436899997e-08
-1.379637666987876482e-08
-1.378092198411873218e-08
-1.376546729836575870e-08
-1.375004367820434150e-08
-1.373464849306535683e-08
-1.371925330792438528e-08
-1.370386063029188679e-08
-1.368848171456735161e-08
-1.367310279884303812e-08
-1.365772388312181332e-08
-1.364238709448892900e-08
-1.362706357859983563e-08
-1.361174006271184406e-08
-1.359644484438011852e-08
-1.358120436244086501e-08
-1.356596388050624537e-08
-1.355072339856677183e-08
-1.353555230810942144e-08
-1.352038935393005636e-08
-1.350522639974716418e-08
-1.349012400446166351e-08
-1.347510421727269092e-08
-1.346008443008371833e-08
-1.344506464289827448e-08
-1.343016731643093094e-08
-1.341528000252145953e-08
-1.340039268861198977e-08
-1.338554484340155665e-08
-1.337075641848212609e-08
-1.335596799355739991e-08
-1.334117956863774767e-08
-1.332651030810579286e-08
-1.331186258978956333e-08
-1.329721487147840607e-08
-1.328259796825498668e-08
-1.326806542586954866e-08
-1.325353288348896288e-08
-1.323900034110926052e-08
-1.322453075856742669e-08
-1.321009348591450601e-08
-1.319565621326048022e-08
-1.318122305483319631e-08
-1.316694031597385740e-08
-1.315265757711628535e-08
-1.313837483825893168e-08
-1.312412337477408023e-08
-1.310992640845996420e-08
-1.309572944214717166e-08
-1.308153247583085037e-08
-1.306737845111747255e-08
-1.305324513300902106e-08
-1.303911181489990948e-08
-1.302497849679233976e-08
-1.301093391543017448e-08
-1.299689336691429382e-08
-1.298285281839708966e-08
-1.296881904972416298e-08
-1.295481078798753270e-08
-1.294080252625023903e-08
-1.292679426450831315e-08
-1.291279769918451200e-08
-1.289881633603438257e-08
-1.288483497288050270e-08
-1.287085360973147672e-08
-1.285691385292199277e-08
-1.284299844295027540e-08
-1.282908303298583557e-08
-1.281516762301786699e-08
-1.280124726896226042e-08
-1.278732566189280021e-08
-1.277340405482135476e-08
-1.275948244775189455e-08
-1.274555208872332955e-08
-1.273162112618401131e-08
-1.271769016364491310e-08
-1.270375877226384163e-08
-1.268981799132843869e-08
-1.267587721039281572e-08
-1.266193642945608928e-08
-1.264799144458499604e-08
-1.263401624450791304e-08
-1.262004104443479885e-08
-1.260606584436124459e-08
-1.259208863508826173e-08
-1.257810166130946018e-08
-1.256411468752536301e-08
-1.255012771374104747e-08
-1.253614165311361391e-08
-1.252215951129094831e-08
-1.250817736946762096e-08
-1.249419522764517704e-08
-1.248020733064501989e-08
-1.246619265613642610e-08
-1.245217798162474527e-08
-1.243816330711835839e-08
-1.242414597448626202e-08
-1.241011149043114565e-08
-1.239607700637095701e-08
-1.238204252231275195e-08
-1.236800727648737718e-08
-1.235396021923665742e-08
-1.233991316198637938e-08
-1.232586610473565962e-08
-1.231181904748670507e-08
-1.229776253821451750e-08
-1.228370559264668676e-08
-1.226964864708326986e-08
-1.225559170151367558e-08
-1.224157134632921022e-08
-1.222755903305752748e-08
-1.221354671978407954e-08
-1.219953440650952814e-08
-1.218554695155888248e-08
-1.217157275459424222e-08
-1.215759855763048538e-08
-1.214362436066496333e-08
-1.212966195412675183e-08
-1.211571380233512642e-08
-1.210176565054680974e-08
-1.208781749875606611e-08
-1.207388211011247647e-08
-1.205999167387223886e-08
-1.204610123762737070e-08
-1.203221080138558957e-08
-1.201832036514093978e-08
-1.200448699780552215e-08
-1.199065617802029331e-08
-1.197682535823396267e-08
-1.196299453844851215e-08
-1.194920696656392842e-08
-1.193544159149293790e-08
-1.192167621641952043e-08
-1.190791084134875160e-08
-1.189419036634153612e-08
-1.188056040358011492e-08
-1.186693044081913709e-08
-1.185330047805683411e-08
-1.183967051529541457e-08
-1.182612649197602887e-08
-1.181258519377515959e-08
-1.179904389557274514e-08
-1.178550259737165417e-08
-1.177201318159338382e-08
-1.175856232886167231e-08
-1.174511147613194605e-08
-1.173166062340299237e-08
-1.171822809917021810e-08
-1.170490415096772652e-08
-1.169158020276159534e-08
-1.167825625455656762e-08
-1.166493230635319261e-08
-1.165167556432840836e-08
-1.163845024644995933e-08
-1.162522492857029931e-08
-1.161199961069074848e-08
-1.159879450325808329e-08
-1.158567886061858007e-08
-1.157256321797764419e-08
-1.155944757533803178e-08
-1.154633193269588159e-08
-1.153331275016786080e-08
-1.152034486910029998e-08
-1.150737698803284834e-08
-1.149440910696572758e-08
-1.148144937703066316e-08
-1.146857547470193200e-08
-1.145570157237474436e-08
-1.144282767004700581e-08
-1.142995376771893640e-08
-1.141712876274153557e-08
-1.140435551680204820e-08
-1.139158227086410601e-08
-1.137880902492362602e-08
-1.136603577898391862e-08
-1.135335309934890716e-08
-1.134068644011400442e-08
-1.132801978088097774e-08
-1.131535312164706762e-08
-1.130270048940758418e-08
-1.129011254553066622e-08
-1.127752460165143049e-08
-1.126493665777186555e-08
-1.125234871389318239e-08
-1.123980645235422922e-08
-1.122731549380215888e-08
-1.121482453525196458e-08
-1.120233357670099770e-08
-1.118984261814892735e-08
-1.117742289598997289e-08
-1.116502980357742442e-08
-1.115263671116653031e-08
-1.114024361875409268e-08
-1.112785052634253683e-08
-1.111551703038917307e-08
-1.110318676742061167e-08
-1.109085650445193777e-08
-1.107852624148425815e-08
-1.106620556715629812e-08
-1.105394756859319697e-08
-1.104168957003086676e-08
-1.102943157146930748e-08
-1.101717357290708811e-08
-1.100493358364285770e-08
-1.099273989208393385e-08
-1.098054620052942219e-08
-1.096835250897281444e-08
-1.095615881741830278e-08
-1.094398585696561668e-08
-1.093184527397731338e-08
-1.091970469098603222e-08
-1.090756410799817063e-08
-1.089542352500964729e-08
-1.088332362577414668e-08
-1.087127085396422803e-08
-1.085921808215375848e-08
-1.084716531034461242e-08
-1.083511253853359196e-08
-1.082309399702354994e-08
-1.081110987318876218e-08
-1.079912574935121826e-08
-1.078714162551499617e-08
-1.077515750167833403e-08
-1.076320093729430945e-08
-1.075127237203445180e-08
-1.073934380677459415e-08
-1.072741524151319133e-08
-1.071548667625333368e-08
-1.070359232136105771e-08
-1.069173890347527878e-08
-1.067988548558850723e-08
-1.066803206770184487e-08
-1.065617864981617678e-08
-1.064434999204303697e-08
-1.063256243516392706e-08
-1.062077487828735164e-08
-1.060898732141077788e-08
-1.059719976453431330e-08
-1.058542947103767185e-08
-1.057370886467459096e-08
-1.056198825830864472e-08
-1.055026765194721819e-08
-1.053854704558303550e-08
-1.052683819002156503e-08
-1.051523430821090290e-08
-1.050363042640001909e-08
-1.049202654458847519e-08
-1.048042266277770222e-08
-1.046881878096527489e-08
-1.045728438253506763e-08
-1.044575735424507530e-08
-1.043423032595695735e-08
-1.042270329766784679e-08
-1.041117626937686184e-08
-1.039970346692549118e-08
-1.038825763415646579e-08
-1.037681180138523349e-08
-1.036536596861477376e-08
-1.035392013584453573e-08
-1.034251483505886530e-08
-1.033117250796380582e-08
-1.031983018086653942e-08
-1.030848785376949305e-08
-1.029714552667145406e-08
-1.028580966725131155e-08
-1.027455352571903971e-08
-1.026329738418632616e-08
-1.025204124265427435e-08
-1.024078510112222420e-08
-1.022952895959017239e-08
-1.021834309781531452e-08
-1.020718485395237174e-08
-1.019602661008965065e-08
-1.018486836622582776e-08
-1.017371012236376841e-08
-1.016259098831553294e-08
-1.015155503104343750e-08
-1.014051907377431992e-08
-1.012948311650123187e-08
-1.011844715923189426e-08
-1.010741120195979882e-08
-1.009645289719050949e-08
-1.008550512888198503e-08
-1.007455736057368225e-08
-1.006360959226515779e-08
-1.005266182395674416e-08
-1.004175255639032217e-08
-1.003090111596140005e-08
-1.002004967553413229e-08
-1.000919823510620444e-08
-9.998346794677282313e-09
-9.987495354248251003e-09
-9.976732643681265483e-09
-9.965982379340858858e-09
-9.955232114999570458e-09
-9.944481850658282059e-09
-9.933731586318646366e-09
-9.923007867813349980e-09
-9.912342657679300514e-09
-9.901677447545141860e-09
-9.891012237410212273e-09
-9.880347027276935394e-09
-9.869681817142665898e-09
-9.859089035529800562e-09
-9.848526601210763142e-09
-9.837964166891727377e-09
-9.827401732574455161e-09
-9.816839298254426779e-09
-9.806282371286813223e-09
-9.795820960881639213e-09
-9.785359550475583428e-09
-9.774898140069747674e-09
-9.764436729662808460e-09
-9.753975319256752675e-09
-9.743542536159092895e-09
-9.733160392037572705e-09
-9.722778247916161703e-09
-9.712396103796626746e-09
-9.702013959675104902e-09
-9.691631815553695554e-09
-9.681305905903550680e-09
-9.671013836562660713e-09
-9.660721767219894700e-09
-9.650429697878232146e-09
-9.640137628535467787e-09
-9.629845559191820000e-09
-9.619623698116887208e-09
-9.609414848581078474e-09
-9.599205999043615379e-09
-9.588997149506814029e-09
-9.578788299970012678e-09
-9.568580870413580799e-09
-9.558447397972260004e-09
-9.548313925531710141e-09
-9.538180453089507570e-09
-9.528046980648075933e-09
-9.517913508207526069e-09
-9.507795271754909586e-09
-9.497763684340777029e-09
-9.487732096927415404e-09
-9.477700509514386306e-09
-9.467668922101244712e-09
-9.457637334687001312e-09
-9.447625376217850313e-09
-9.437677168368588107e-09
-9.427728960517780727e-09
-9.417780752669289453e-09
-9.407832544820247277e-09
-9.397884336971095913e-09
-9.387956864359009790e-09
-9.378083750676702293e-09
-9.368210636994613172e-09
-9.358337523311863961e-09
-9.348464409629114750e-09
-9.338591295946694757e-09
-9.328743004277378566e-09
-9.318961378295366243e-09
-9.309179752313575604e-09
-9.299398126331234063e-09
-9.289616500349994326e-09
-9.279834874367211070e-09
-9.270070596041933124e-09
-9.260367592335711302e-09
-9.250664588627505902e-09
-9.240961584920293118e-09
-9.231258581212638620e-09
-9.221555577505314994e-09
-9.211862266355418701e-09
-9.202237577693565921e-09
-9.192612889032594916e-09
-9.182988200371623911e-09
-9.173363511709660289e-09
-9.163738823049461871e-09
-9.154114134388600054e-09
-9.144597629726139140e-09
-9.135083297245259092e-09
-9.125568964763497270e-09
-9.116054632282177162e-09
-9.106540299801297114e-09
-9.097025967319315262e-09
-9.087573904438862804e-09
-9.078138399340596172e-09
-9.068702894241998668e-09
-9.059267389143841225e-09
-9.049831884046127149e-09
-9.040396378948962322e-09
-9.031006321498440954e-09
-9.021653104083107351e-09
-9.012299886667332033e-09
-9.002946669253321918e-09
-8.993593451837104886e-09
-8.984240234421880471e-09
-8.974912302595817964e-09
-8.965653782498280496e-09
-8.956395262399750411e-09
-8.947136742301221981e-09
-8.937878222203795355e-09
-8.928619702106257887e-09
-8.919361182007838645e-09
-8.910177657691070340e-09
-8.900999456622011354e-09
-8.891821255555157632e-09
-8.882643054486651203e-09
-8.873464853418363150e-09
-8.864286652351180210e-09
-8.855157328701927541e-09
-8.846067663766569562e-09
-8.836977998829888094e-09
-8.827888333895026423e-09
-8.818798668960053911e-09
-8.809709004025137646e-09
-8.800631561064714995e-09
-8.791642356374446921e-09
-8.782653151681695651e-09
-8.773663946990545802e-09
-8.764674742299505142e-09
-8.755685537607471864e-09
-8.746696332916374955e-09
-8.737757737554879017e-09
-8.728847345741508859e-09
-8.719936953928909634e-09
-8.711026562116255814e-09
-8.702116170302720220e-09
-8.693205778489735528e-09
-8.684305006699317405e-09
-8.675479639799359028e-09
-8.666654272898406380e-09
-8.657828905997509980e-09
-8.649003539097053640e-09
-8.640178172196157241e-09
-8.631352805295370029e-09
-8.622573693646002482e-09
-8.613834902274143392e-09
-8.605096110903166077e-09
-8.596357319531747047e-09
-8.587618528160273423e-09
-8.578879736788965235e-09
-8.570140945417933326e-09
-8.561471524953401481e-09
-8.552809372740894232e-09
-8.544147220529267102e-09
-8.535485068316703605e-09
-8.526822916105188972e-09
-8.518160763892734662e-09
-8.509518951136517492e-09
-8.500947028456621906e-09
-8.492375105776835508e-09
-8.483803183097214546e-09
-8.475231260418200734e-09
-8.466659337739352359e-09
-8.458087415059953081e-09
-8.449558411517657302e-09
-8.441073253995582100e-09
-8.432588096473176025e-09
-8.424102938951929658e-09
-8.415617781430185327e-09
-8.407132623908166373e-09
-8.398647466386476637e-09
-8.390215416713611295e-09
-8.381804797370587248e-09
-8.373394178028885035e-09
-8.364983558685363025e-09
-8.356572939342393572e-09
-8.348162320000195052e-09
-8.339751700657280192e-09
-8.331414852280364247e-09
-8.323088204218306273e-09
-8.314761556155750336e-09
-8.306434908093250648e-09
-8.298108260030310899e-09
-8.289781611968747579e-09
-8.281454963904869808e-09
-8.273206032246478313e-09
-8.264957698455813914e-09
-8.256709364665536635e-09
-8.248461030874430521e-09
-8.240212697084318679e-09
-8.231964363293488843e-09
-8.223719986104950391e-09
-8.215545452775671159e-09
-8.207370919445950211e-09
-8.199196386117165632e-09
-8.191021852786948377e-09
-8.182847319457227429e-09
-8.174672786128389911e-09
-8.166503964642815200e-09
-8.158421760941090436e-09
-8.150339557241185470e-09
-8.142257353539902420e-09
-8.134175149838508529e-09
-8.126092946137665539e-09
-8.118010742436822550e-09
-8.109929835045569921e-09
-8.101925183315586389e-09
-8.093920531584170181e-09
-8.085915879853137785e-09
-8.077911228122603351e-09
-8.069906576391241737e-09
-8.061901924661643672e-09
-8.053897272931163832e-09
-8.045959767500164862e-09
-8.038028279046232623e-09
-8.030096790591860324e-09
-8.022165302138038927e-09
-8.014233813684272124e-09
-8.006302325229954419e-09
-7.998370836776022180e-09
-7.990504723533857023e-09
-7.982658739219982733e-09
-7.974812754904290300e-09
-7.966966770589147115e-09
-7.959120786273950991e-09
-7.951274801959138678e-09
-7.943428817644328019e-09
-7.935623741226261402e-09
-7.927851229387889632e-09
-7.920078717549961231e-09
-7.912306205711589461e-09
-7.904533693872612195e-09
-7.896761182033304057e-09
-7.888988670194933941e-09
-7.881237945846779227e-09
-7.873539560813334633e-09
-7.865841175780991844e-09
-7.858142790747160130e-09
-7.850444405714157250e-09
-7.842746020681428995e-09
-7.835047635648424461e-09
-7.827349250615254491e-09
-7.819739598173995078e-09
-7.812132165428948999e-09
-7.804524732683242829e-09
-7.796917299937260381e-09
-7.789309867192821452e-09
-7.781702434446398944e-09
-7.774095001701409113e-09
-7.766530512079168160e-09
-7.758994487672555549e-09
-7.751458463267982766e-09
-7.743922438862253584e-09
-7.736386414455861003e-09
-7.728850390050130167e-09
-7.721314365643959271e-09
-7.713790923263268522e-09
-7.706328550151623193e-09
-7.698866177040197894e-09
-7.691403803928992626e-09
-7.683941430818559943e-09
-7.676479057707134644e-09
-7.669016684595874782e-09
-7.661554311484007768e-09
-7.654146573808820447e-09
-7.646764130857403479e-09
-7.639381687905324767e-09
-7.631999244953853205e-09
-7.624616802002270801e-09
-7.617234359051239299e-09
-7.609851916100098609e-09
-7.602479212698461258e-09
-7.595166806925139295e-09
-7.587854401150440904e-09
-7.580541995376678881e-09
-7.573229589602364301e-09
-7.565917183829098587e-09
-7.558604778054013075e-09
-7.551292372279700150e-09
-7.544020622076088550e-09
-7.536783930028332626e-09
-7.529547237980685890e-09
-7.522310545933039153e-09
-7.515073853885723289e-09
-7.507837161837249372e-09
-7.500600469789437199e-09
-7.493363777742286771e-09
-7.486197842499353882e-09
-7.479041848919513134e-09
-7.471885855340112447e-09
-7.464729861759609955e-09
-7.457573868179327493e-09
-7.450417874599761369e-09
-7.443261881019865201e-09
-7.436116703729979422e-09
-7.429029106810483275e-09
-7.421941509891979745e-09
-7.414853912972539020e-09
-7.407766316053152888e-09
-7.400678719134263892e-09
-7.393591122215649520e-09
-7.386503525296760524e-09
-7.379443778973102204e-09
-7.372429372000552682e-09
-7.365414965027341416e-09
-7.358400558054350180e-09
-7.351386151081359771e-09
-7.344371744108589392e-09
-7.337357337134606367e-09
-7.330342930161946830e-09
-7.323368276473637958e-09
-7.316427011624697962e-09
-7.309485746775097048e-09
-7.302544481924778142e-09
-7.295603217075177229e-09
-7.288661952225796345e-09
-7.281720687375919153e-09
-7.274779422526813721e-09
-7.267881650651178540e-09
-7.261007646330785217e-09
-7.254133642009177592e-09
-7.247259637688232540e-09
-7.240385633367122051e-09
-7.233511629045956142e-09
-7.226637624725065683e-09
-7.219763620403513480e-09
-7.212942208516806674e-09
-7.206144486040484972e-09
-7.199346763564107849e-09
-7.192549041087510696e-09
-7.185751318611188994e-09
-7.178953596134646435e-09
-7.172155873659096493e-09
-7.165358151182278483e-09
-7.158609034572735879e-09
-7.151883697175945272e-09
-7.145158359779540133e-09
-7.138433022383191241e-09
-7.131707684988054996e-09
-7.124982347592201586e-09
-7.118257010194970092e-09
-7.111531672799392133e-09
-7.104845358626664223e-09
-7.098185906123477254e-09
-7.091526453621723789e-09
-7.084867001118592242e-09
-7.078207548616287048e-09
-7.071548096114038102e-09
-7.064888643611292021e-09
-7.058229191108215067e-09
-7.051602529517498341e-09
-7.045015720885788942e-09
-7.038428912255017565e-09
-7.031842103623695286e-09
-7.025255294992041307e-09
-7.018668486361104494e-09
-7.012081677729505937e-09
-7.005494869097907380e-09
-6.998924821338374951e-09
-6.992405511120775866e-09
-6.985886200903506826e-09
-6.979366890686294035e-09
-6.972847580468749544e-09
-6.966328270250764166e-09
-6.959808960033385111e-09
-6.953289649816116899e-09
-6.946770339598683250e-09
-6.940314625006130463e-09
-6.933860037484219971e-09
-6.927405449962419494e-09
-6.920950862440784452e-09
-6.914496274919039396e-09
-6.908041687396908874e-09
-6.901587099875549284e-09
-6.895132512353804228e-09
-6.888727505713776222e-09
-6.882348761536907552e-09
-6.875970017360755220e-09
-6.869591273184492873e-09
-6.863212529008009670e-09
-6.856833784831196421e-09
-6.850455040654768638e-09
-6.844076296478395449e-09
-6.837714621801296896e-09
-6.831401213677518877e-09
-6.825087805552969098e-09
-6.818774397428694771e-09
-6.812460989304585879e-09
-6.806147581179869837e-09
-6.799834173055540916e-09
-6.793520764931321182e-09
-6.787207356806605967e-09
-6.780944831721749732e-09
-6.774694656793281718e-09
-6.768444481865860914e-09
-6.762194306937282885e-09
-6.755944132009255759e-09
-6.749693957081394068e-09
-6.743443782152980648e-09
-6.737193607224843507e-09
-6.730963633588687857e-09
-6.724784707089695406e-09
-6.718605780591033000e-09
-6.712426854092481437e-09
-6.706247927593544407e-09
-6.700069001094606550e-09
-6.693890074595724114e-09
-6.687711148097613437e-09
-6.681532221598400129e-09
-6.675396682333443030e-09
-6.669279977862727698e-09
-6.663163273392563267e-09
-6.657046568921351626e-09
-6.650929864451022587e-09
-6.644813159980638127e-09
-6.638696455509867373e-09
-6.632579751039262883e-09
-6.626465932045012195e-09
-6.620412668005481009e-09
-6.614359403965840636e-09
-6.608306139926144013e-09
-6.602252875887661693e-09
-6.596199611847634198e-09
-6.590146347808048418e-09
-6.584093083768518060e-09
-6.578039819729014998e-09
-6.572009912932425320e-09
-6.566027948907228741e-09
-6.560045984881425012e-09
-6.554064020855786719e-09
-6.548082056830562016e-09
-6.542100092804564727e-09
-6.536118128778926434e-09
-6.530136164753619013e-09
-6.524154200727953423e-09
-6.518205261430399543e-09
-6.512284103480375909e-09
-6.506362945530296853e-09
-6.500441787580300515e-09
-6.494520629630828610e-09
-6.488599471680832273e-09
-6.482678313730974074e-09
-6.476757155780619567e-09
-6.470835997830844087e-09
-6.464958076878259767e-09
-6.459099440930474528e-09
-6.453240804982882022e-09
-6.447382169035427655e-09
-6.441523533087697837e-09
-6.435664897140105331e-09
-6.429806261192348216e-09
-6.423947625245142004e-09
-6.418088989297328641e-09
-6.412280864704424932e-09
-6.406487626010756742e-09
-6.400694387316535996e-09
-6.394901148622454216e-09
-6.389107909928398906e-09
-6.383314671234730716e-09
-6.377521432540648108e-09
-6.371728193846841779e-09
-6.365934955152703751e-09
-6.360188504477441877e-09
-6.354454861848999564e-09
-6.348721219220778108e-09
-6.342987576592666668e-09
-6.337253933964721490e-09
-6.331520291336389192e-09
-6.325786648708140439e-09
-6.320053006079726251e-09
-6.314319363451614810e-09
-6.308631725450887975e-09
-6.302961176033428875e-09
-6.297290626616438787e-09
-6.291620077199145951e-09
-6.285949527782624047e-09
-6.280278978365248492e-09
-6.274608428948147562e-09
-6.268937879531157474e-09
-6.263267330113643780e-09
-6.257635722952968482e-09
-6.252029641483916542e-09
-6.246423560014589152e-09
-6.240817478545068201e-09
-6.235211397075933544e-09
-6.229605315606881605e-09
-6.223999234137857790e-09
-6.218393152668446854e-09
-6.212787071199202182e-09
-6.207204808746585990e-09
-6.201656926686043192e-09
-6.196109044625611236e-09
-6.190561162565730182e-09
-6.185013280505160087e-09
-6.179465398444507274e-09
-6.173917516384158036e-09
-6.168369634323918813e-09
-6.162821752263376015e-09
-6.157282718275085830e-09
-6.151796174813954068e-09
-6.146309631352325997e-09
-6.140823087891194235e-09
-6.135336544430227909e-09
-6.129850000968793399e-09
-6.124363457507468076e-09
-6.118876914046695310e-09
-6.113390370585425409e-09
-6.107903827124183632e-09
-6.102466049675278156e-09
-6.097039824963444216e-09
-6.091613600251362123e-09
-6.086187375539170014e-09
-6.080761150827308778e-09
-6.075334926115585681e-09
-6.069908701403503588e-09
-6.064482476691642352e-09
-6.059056251979450243e-09
-6.053652900840820998e-09
-6.048283661777967540e-09
-6.042914422714784037e-09
-6.037545183652261452e-09
-6.032175944589463415e-09
-6.026806705526251788e-09
-6.021437466463867341e-09
-6.016068227400931165e-09
-6.010698988338326689e-09
-6.005329749274894205e-09
-6.000017647675905998e-09
-5.994710348599293275e-09
-5.989403049522543241e-09
-5.984095750445931346e-09
-5.978788451369650323e-09
-5.973481152293120319e-09
-5.968173853216508423e-09
-5.962866554139979246e-09
-5.957559255063339227e-09
-5.952273750445471210e-09
-5.947025173998111811e-09
-5.941776597550422367e-09
-5.936528021102815641e-09
-5.931279444655594381e-09
-5.926030868207766798e-09
-5.920782291760545538e-09
-5.915533715312966109e-09
-5.910285138865332086e-09
-5.905036562417918093e-09
-5.899829535465588929e-09
-5.894636590407690166e-09
-5.889443645349654091e-09
-5.884250700291838873e-09
-5.879057755233279193e-09
-5.873864810175435851e-09
-5.868671865117537915e-09
-5.863478920058811971e-09
-5.858285975001383047e-09
-5.853095961915109416e-09
-5.847962737501105094e-09
-5.842829513086961805e-09
-5.837696288672736625e-09
-5.832563064258594164e-09
-5.827429839845223462e-09
-5.822296615430749301e-09
-5.817163391016827697e-09
-5.812030166603015280e-09
-5.806896942189120973e-09
-5.801779202611651093e-09
-5.796701829510471344e-09
-5.791624456407885388e-09
-5.786547083306704811e-09
-5.781469710204559742e-09
-5.776392337102745545e-09
-5.771314964000765912e-09
-5.766237590899641584e-09
-5.761160217797110221e-09
-5.756082844695654194e-09
-5.751028926513163367e-09
-5.746006001648231878e-09
-5.740983076783658559e-09
-5.735960151918617056e-09
-5.730937227053712865e-09
-5.725914302188478628e-09
-5.720891377323574437e-09
-5.715868452458312076e-09
-5.710845527593738757e-09
-5.705822602728835393e-09
-5.700830307163043040e-09
-5.695867546457086322e-09
-5.690904785750798733e-09
-5.685942025044842016e-09
-5.680979264338719863e-09
-5.676016503632404976e-09
-5.671053742925979248e-09
-5.666090982219664361e-09
-5.661128221513486787e-09
-5.656165460807364634e-09
-5.651230311552245025e-09
-5.646321517496935902e-09
-5.641412723441903058e-09
-5.636503929386373906e-09
-5.631595135331121032e-09
-5.626686341275867331e-09
-5.621777547220338178e-09
-5.616868753165139898e-09
-5.611959959109555325e-09
-5.607051165054302451e-09
-5.602165790241878740e-09
-5.597310485908286880e-09
-5.592455181574859629e-09
-5.587599877241349660e-09
-5.582744572907729676e-09
-5.577889268574688719e-09
-5.573033964241041438e-09
-5.568178659907642311e-09
-5.563323355574380497e-09
-5.558468051240539656e-09
-5.553629146688261359e-09
-5.548830969366389718e-09
-5.544032792044766231e-09
-5.539234614723501741e-09
-5.534436437402070987e-09
-5.529638260080337485e-09
-5.524840082758713998e-09
-5.520041905437007793e-09
-5.515243728115577039e-09
-5.510445550793926256e-09
-5.505650449244617058e-09
-5.500904582838056299e-09
-5.496158716431440120e-09
-5.491412850024713925e-09
-5.486666983617932309e-09
-5.481921117211288005e-09
-5.477175250804727247e-09
-5.472429384398111067e-09
-5.467683517991329451e-09
-5.462937651584547835e-09
-5.458191785178152513e-09
-5.453485823838208148e-09
-5.448792994379125638e-09
-5.444100164920318580e-09
-5.439407335461896987e-09
-5.434714506003118053e-09
-5.430021676544310994e-09
-5.425328847085448514e-09
-5.420636017626641456e-09
-5.415943188167613540e-09
-5.411250358709468226e-09
-5.406578050861139226e-09
-5.401941094565353479e-09
-5.397304138269815885e-09
-5.392667181973809280e-09
-5.388030225678078953e-09
-5.383393269382348627e-09
-5.378756313086755612e-09
-5.374119356791245315e-09
-5.369482400495211413e-09
-5.364845444199508384e-09
-5.360208487903888072e-09
-5.355617650335870727e-09
-5.351031774714899820e-09
-5.346445899094314379e-09
-5.341860023473591627e-09
-5.337274147852785329e-09
-5.332688272231787125e-09
-5.328102396610815391e-09
-5.323516520990037218e-09
-5.318930645369287168e-09
-5.314344769748039983e-09
-5.309777577431508880e-09
-5.305243815633358040e-09
-5.300710053835345338e-09
-5.296176292037195325e-09
-5.291642530239650808e-09
-5.287108768441472670e-09
-5.282575006643267235e-09
-5.278041244845558109e-09
-5.273507483047379972e-09
-5.268973721249587300e-09
-5.264439959451437287e-09
-5.259945034651061848e-09
-5.255464211285467110e-09
-5.250983387919844248e-09
-5.246502564554222213e-09
-5.242021741188572054e-09
-5.237540917823170876e-09
-5.233060094457603435e-09
-5.228579271092091415e-09
-5.224098447726469379e-09
-5.219617624360791923e-09
-5.215138179899459923e-09
-5.210707327543434041e-09
-5.206276475187242723e-09
-5.201845622830996811e-09
-5.197414770474860087e-09
-5.192983918118779611e-09
-5.188553065762781026e-09
-5.184122213406451569e-09
-5.179691361050315672e-09
-5.175260508693986214e-09
-5.170829656337988457e-09
-5.166411179118956314e-09
-5.162031933961255378e-09
-5.157652688803803424e-09
-5.153273443646267924e-09
-5.148894198488897860e-09
-5.144514953331142330e-09
-5.140135708173524112e-09
-5.135756463016016737e-09
-5.131377217858702094e-09
-5.126997972700725707e-09
-5.122618727543328346e-09
-5.118258504819836261e-09
-5.113930726820355036e-09
-5.109602948821038420e-09
-5.105275170821336338e-09
-5.100947392821716974e-09
-5.096619614822043016e-09
-5.092291836822478246e-09
-5.087964058823024318e-09
-5.083636280823763950e-09
-5.079308502823730996e-09
-5.074980724824194350e-09
-5.070673266877441282e-09
-5.066394289347111925e-09
-5.062115311817029895e-09
-5.057836334286120684e-09
-5.053557356755956763e-09
-5.049278379225653875e-09
-5.044999401695296394e-09
-5.040720424164994334e-09
-5.036441446634664149e-09
-5.032162469104252074e-09
-5.027883491573839171e-09
-5.023623662717087138e-09
-5.019395139872819035e-09
-5.015166617028384668e-09
-5.010938094184309298e-09
-5.006709571340150382e-09
-5.002481048495909575e-09
-4.998252525651888799e-09
-4.994024002807758007e-09
-4.989795479963269047e-09
-4.985566957119138255e-09
-4.981338434274980167e-09
-4.977122653198099338e-09
-4.972943448333601909e-09
-4.968764243469311274e-09
-4.964585038605061999e-09
-4.960405833740661350e-09
-4.956226628876453434e-09
-4.952047424011983302e-09
-4.947868219147582652e-09
-4.943689014283333377e-09
-4.939509809418932728e-09
-4.935330604554613970e-09
-4.931153894006393912e-09
-4.927022419441223198e-09
-4.922890944876327107e-09
-4.918759470311473202e-09
-4.914627995746591174e-09
-4.910496521181433694e-09
-4.906365046616579789e-09
-4.902233572051670463e-09
-4.898102097486527046e-09
-4.893970622921520940e-09
-4.889839148356777050e-09
-4.885707673791826366e-09
-4.881614055506578259e-09
-4.877532354460543054e-09
-4.873450653414645160e-09
-4.869368952368720797e-09
-4.865287251322768310e-09
-4.861205550276663621e-09
-4.857123849230711134e-09
-4.853042148184704052e-09
-4.848960447138764800e-09
-4.844878746092770953e-09
-4.840797045046942543e-09
-4.836733645213624469e-09
-4.832699772689912024e-09
-4.828665900166061440e-09
-4.824632027642252215e-09
-4.820598155118374335e-09
-4.816564282594400501e-09
-4.812530410070688056e-09
-4.808496537546603380e-09
-4.804462665022904170e-09
-4.800428792499040351e-09
-4.796394919974928378e-09
-4.792361047451119153e-09
-4.788369962053046467e-09
-4.784382708016949719e-09
-4.780395453980798376e-09
-4.776408199944825705e-09
-4.772420945908783550e-09
-4.768433691872742223e-09
-4.764446437836755489e-09
-4.760459183800604147e-09
-4.756471929764617413e-09
-4.752484675728576086e-09
-4.748497421692644773e-09
-4.744527916965922391e-09
-4.740589234769674938e-09
-4.736650552573386126e-09
-4.732711870377248688e-09
-4.728773188181442949e-09
-4.724834505984919218e-09
-4.720895823788906684e-09
-4.716957141592507030e-09
-4.713018459396232279e-09
-4.709079777200053482e-09
-4.705141095004040948e-09
-4.701202412807696715e-09
-4.697297213709413787e-09
-4.693404727745758837e-09
-4.689512241782393400e-09
-4.685619755819166103e-09
-4.681727269855607106e-09
-4.677834783892007577e-09
-4.673942297928462642e-09
-4.670049811965083970e-09
-4.666157326001635816e-09
-4.662264840038311738e-09
-4.658372354074711382e-09
-4.654479868111263227e-09
-4.650632753146316440e-09
-4.646785853646161432e-09
-4.642938954145869113e-09
-4.639092054645685981e-09
-4.635245155145530973e-09
-4.631398255645210529e-09
-4.627551356145069584e-09
-4.623704456644652360e-09
-4.619857557144387337e-09
-4.616010657644356406e-09
-4.612163758143925947e-09
-4.608325251217314645e-09
-4.604525993241545608e-09
-4.600726735265721977e-09
-4.596927477289567474e-09
-4.593128219313785202e-09
-4.589328961337644761e-09
-4.585529703361641632e-09
-4.581730445385818001e-09
-4.577931187409828934e-09
-4.574131929433674431e-09
-4.570332671457947580e-09
-4.566533413481944451e-09
-4.562746114905861830e-09
-4.558991685714212298e-09
-4.555237256522507345e-09
-4.551482827330665080e-09
-4.547728398139015549e-09
-4.543973968947324658e-09
-4.540219539755551049e-09
-4.536465110563736081e-09
-4.532710681372003831e-09
-4.528956252180574329e-09
-4.525201822988649346e-09
-4.521447393796889799e-09
-4.517704910188030949e-09
-4.513995315070693171e-09
-4.510285719953658141e-09
-4.506576124836374957e-09
-4.502866529719160429e-09
-4.499156934602111336e-09
-4.495447339484897635e-09
-4.491737744367834481e-09
-4.488028149250799451e-09
-4.484318554133461673e-09
-4.480608959016288503e-09
-4.476899363899073975e-09
-4.473197777385263323e-09
-4.469534090729896927e-09
-4.465870404074599187e-09
-4.462206717419356868e-09
-4.458543030764045893e-09
-4.454879344109010369e-09
-4.451215657453505833e-09
-4.447551970798236217e-09
-4.443888284143200693e-09
-4.440224597487807000e-09
-4.436560910832536557e-09
-4.432897224177239644e-09
-4.429233537521886482e-09
-4.425613226938993843e-09
-4.421993349999622993e-09
-4.418373473060320799e-09
-4.414753596120866404e-09
-4.411133719181426898e-09
-4.407513842242013862e-09
-4.403893965302767089e-09
-4.400274088363244038e-09
-4.396654211423873189e-09
-4.393034334484460980e-09
-4.389414457544979288e-09
-4.385794580605787109e-09
-4.382206050602957063e-09
-4.378630157153050398e-09
-4.375054263703198326e-09
-4.371478370253304895e-09
-4.367902476803549603e-09
-4.364326583353684296e-09
-4.360750689903901707e-09
-4.357174796454022338e-09
-4.353598903004128907e-09
-4.350023009554276835e-09
-4.346447116104411528e-09
-4.342871222654628939e-09
-4.339310493869847751e-09
-4.335779003225689838e-09
-4.332247512581587346e-09
-4.328716021937332653e-09
-4.325184531293216099e-09
-4.321653040649002764e-09
-4.318121550004844851e-09
-4.314590059360742359e-09
-4.311058568716474431e-09
-4.307527078072481953e-09
-4.303995587428365399e-09
-4.300464096784110706e-09
-4.296932606139994152e-09
-4.293438599639871185e-09
-4.289949905619358461e-09
-4.286461211598844911e-09
-4.282972517578511686e-09
-4.279483823557764043e-09
-4.275995129537540833e-09
-4.272506435517014047e-09
-4.269017741496569980e-09
-4.265529047476153210e-09
-4.262040353455736439e-09
-4.258551659435292372e-09
-4.255062965414572853e-09
-4.251587872237924348e-09
-4.248142355231435230e-09
-4.244696838225055300e-09
-4.241251321218758916e-09
-4.237805804212489829e-09
-4.234360287205972587e-09
-4.230914770199593484e-09
-4.227469253193324397e-09
-4.224023736186917170e-09
-4.220578219180565365e-09
-4.217132702174144903e-09
-4.213687185167669020e-09
-4.210241668161468589e-09
-4.206824475627259264e-09
-4.203421991650455610e-09
-4.200019507673720613e-09
-4.196617023696930194e-09
-4.193214539720071119e-09
-4.189812055743156623e-09
-4.186409571766573826e-09
-4.183007087789507956e-09
-4.179604603812800256e-09
-4.176202119836175273e-09
-4.172799635859385681e-09
-4.169397151882567966e-09
-4.165994667905832968e-09
-4.162630030483926772e-09
-4.159269378037310075e-09
-4.155908725590513052e-09
-4.152548073143758215e-09
-4.149187420697306126e-09
-4.145826768250482634e-09
-4.142466115803975124e-09
-4.139105463357288943e-09
-4.135744810910548168e-09
-4.132384158463957940e-09
-4.129023506017147683e-09
-4.125662853570765077e-09
-4.122304471301362292e-09
-4.118985962970736302e-09
-4.115667454639931641e-09
-4.112348946309250230e-09
-4.109030437978514224e-09
-4.105711929647722798e-09
-4.102393421317110043e-09
-4.099074912986429459e-09
-4.095756404655679391e-09
-4.092437896324997980e-09
-4.089119387994192492e-09
-4.085800879663359706e-09
-4.082482371332775075e-09
-4.079168231488410453e-09
-4.075891388264084415e-09
-4.072614545039662424e-09
-4.069337701815474525e-09
-4.066060858591051706e-09
-4.062784015366685136e-09
-4.059507172142538596e-09
-4.056230328918061184e-09
-4.052953485693652427e-09
-4.049676642469437231e-09
-4.046399799245138490e-09
-4.043122956020813279e-09
-4.039846112796418585e-09
-4.036571595776800372e-09
-4.033335613578256501e-09
-4.030099631379781285e-09
-4.026863649181057915e-09
-4.023627666982638120e-09
-4.020391684784190201e-09
-4.017155702585522252e-09
-4.013919720387047036e-09
-4.010683738188433681e-09
-4.007447755989903044e-09
-4.004211773791290516e-09
-4.000975791592677161e-09
-3.997739809394201945e-09
-3.994503827195588590e-09
-3.991305459497671808e-09
-3.988110841102187367e-09
-3.984916222706855127e-09
-3.981721604311440168e-09
-3.978526985916065742e-09
-3.975332367520609424e-09
-3.972137749125194466e-09
-3.968943130729848164e-09
-3.965748512334322363e-09
-3.962553893938961999e-09
-3.959359275543602462e-09
-3.956164657148076661e-09
-3.952970038752620344e-09
-3.949802228484351955e-09
-3.946648144253995710e-09
-3.943494060023722184e-09
-3.940339975793490843e-09
-3.937185891563217317e-09
-3.934031807332916493e-09
-3.930877723102698387e-09
-3.927723638872300784e-09
-3.924569554642110802e-09
-3.921415470411616418e-09
-3.918261386181481031e-09
-3.915107301951208331e-09
-3.911953217720907508e-09
-3.908811597945866481e-09
-3.905697437979493932e-09
-3.902583278012935267e-09
-3.899469118046410517e-09
-3.896354958080017288e-09
-3.893240798113513217e-09
-3.890126638146967788e-09
-3.887012478180409123e-09
-3.883898318213933176e-09
-3.880784158247429105e-09
-3.877669998281069791e-09
-3.874555838314621141e-09
-3.871441678348062476e-09
-3.868327518381517046e-09
-3.865247908750544989e-09
-3.862173873240786712e-09
-3.859099837731056558e-09
-3.856025802221230452e-09
-3.852951766711575572e-09
-3.849877731201735404e-09
-3.846803695691984571e-09
-3.843729660182206441e-09
-3.840655624672372890e-09
-3.837581589162663416e-09
-3.834507553652987857e-09
-3.831433518143230407e-09
-3.828359482633514315e-09
-3.825297539912105666e-09
-3.822262866056845899e-09
-3.819228192201551391e-09
-3.816193518346428936e-09
-3.813158844491079007e-09
-3.810124170635963997e-09
-3.807089496780779503e-09
-3.804054822925526354e-09
-3.801020149070252525e-09
-3.797985475215006821e-09
-3.794950801359843007e-09
-3.791916127504534437e-09
-3.788881453649405364e-09
-3.785846779794124918e-09
-3.782837443487595614e-09
-3.779841759597547299e-09
-3.776846075707408821e-09
-3.773850391817257108e-09
-3.770854707927222028e-09
-3.767859024037311852e-09
-3.764863340147049297e-09
-3.761867656257076256e-09
-3.758871972366972520e-09
-3.755876288477013540e-09
-3.752880604586923866e-09
-3.749884920696882168e-09
-3.746889236806751135e-09
-3.743893552916805390e-09
-3.740932895482913416e-09
-3.737976648484960100e-09
-3.735020401486828112e-09
-3.732064154488834264e-09
-3.729107907490750253e-09
-3.726151660492756405e-09
-3.723195413494893251e-09
-3.720239166496685163e-09
-3.717282919498746322e-09
-3.714326672500828161e-09
-3.711370425502613456e-09
-3.708414178504701912e-09
-3.705457931506645611e-09
-3.702502504186915245e-09
-3.699584602483505126e-09
-3.696666700780232734e-09
-3.693748799076878036e-09
-3.690830897373385200e-09
-3.687912995670064417e-09
-3.684995093966654299e-09
-3.682077192263271891e-09
-3.679159290559916780e-09
-3.676241388856534372e-09
-3.673323487153179261e-09
-3.670405585449734815e-09
-3.667487683746249009e-09
-3.664569782042948906e-09
-3.661653736003941104e-09
-3.658773954131046881e-09
-3.655894172258056292e-09
-3.653014390385182749e-09
-3.650134608512116059e-09
-3.647254826639290906e-09
-3.644375044766279224e-09
-3.641495262893509078e-09
-3.638615481020518489e-09
-3.635735699147569259e-09
-3.632855917274640294e-09
-3.629976135401677416e-09
-3.627096353528748451e-09
-3.624216571655847611e-09
-3.621336789782856608e-09
-3.618493748724545748e-09
-3.615651872647584569e-09
-3.612809996570589062e-09
-3.609968120493793733e-09
-3.607126244416798227e-09
-3.604284368339809337e-09
-3.601442492262958587e-09
-3.598600616185915104e-09
-3.595758740109002315e-09
-3.592916864032006808e-09
-3.590074987955073340e-09
-3.587233111878160552e-09
-3.584391235801227083e-09
-3.581549359724327943e-09
-3.578736770255445237e-09
-3.575932329712009950e-09
-3.573127889168429493e-09
-3.570323448624904458e-09
-3.567519008081296290e-09
-3.564714567537716247e-09
-3.561910126994177149e-09
-3.559105686450541685e-09
-3.556301245907071656e-09
-3.553496805363573918e-09
-3.550692364819938453e-09
-3.547887924276344348e-09
-3.545083483732819312e-09
-3.542279043189238855e-09
-3.539492777819266242e-09
-3.536725656227768289e-09
-3.533958534636297632e-09
-3.531191413044799679e-09
-3.528424291453219008e-09
-3.525657169861776476e-09
-3.522890048270168095e-09
-3.520122926678690821e-09
-3.517355805087192868e-09
-3.514588683495715594e-09
-3.511821561904169251e-09
-3.509054440312671298e-09
-3.506287318721035620e-09
-3.503520197129592674e-09
-3.500756141463858621e-09
-3.498026163089335977e-09
-3.495296184715033777e-09
-3.492566206340648859e-09
-3.489836227966236644e-09
-3.487106249591693321e-09
-3.484376271217281106e-09
-3.481646292842841180e-09
-3.478916314468373544e-09
-3.476186336093961329e-09
-3.473456357719569380e-09
-3.470726379345108775e-09
-3.467996400970668850e-09
-3.465266422596201627e-09
-3.462536444221733991e-09
0.000000000000000000e+00
0.000000000000000000e+00
0.000000000000000000e+00
0.000000000000000000e+00
0.000000000000000000e+00
0.000000000000000000e+00
0.000000000000000000e+00
0.000000000000000000e+00
0.000000000000000000e+00
0.000000000000000000e+00
0.000000000000000000e+00
0.000000000000000000e+00
0.000000000000000000e+00
0.000000000000000000e+00
0.000000000000000000e+00
0.000000000000000000e+00
0.000000000000000000e+00
0.000000000000000000e+00
0.000000000000000000e+00
0.000000000000000000e+00
0.000000000000000000e+00
0.000000000000000000e+00
0.000000000000000000e+00
0.000000000000000000e+00
0.000000000000000000e+00
0.000000000000000000e+00
0.000000000000000000e+00
0.000000000000000000e+00
0.000000000000000000e+00
0.000000000000000000e+00
0.000000000000000000e+00
0.000000000000000000e+00
0.000000000000000000e+00
0.000000000000000000e+00
0.000000000000000000e+00
0.000000000000000000e+00
0.000000000000000000e+00
0.000000000000000000e+00
0.000000000000000000e+00
0.000000000000000000e+00
0.000000000000000000e+00
0.000000000000000000e+00
0.000000000000000000e+00
0.000000000000000000e+00
0.000000000000000000e+00
0.000000000000000000e+00
0.000000000000000000e+00
0.000000000000000000e+00
0.000000000000000000e+00
0.000000000000000000e+00
0.000000000000000000e+00
0.000000000000000000e+00
0.000000000000000000e+00
0.000000000000000000e+00
0.000000000000000000e+00
0.000000000000000000e+00
0.000000000000000000e+00
0.000000000000000000e+00
0.000000000000000000e+00
0.000000000000000000e+00
0.000000000000000000e+00
0.000000000000000000e+00
0.000000000000000000e+00
0.000000000000000000e+00
0.000000000000000000e+00
0.000000000000000000e+00
0.000000000000000000e+00
0.000000000000000000e+00
0.000000000000000000e+00
0.000000000000000000e+00
0.000000000000000000e+00
0.000000000000000000e+00
0.000000000000000000e+00
0.000000000000000000e+00
0.000000000000000000e+00
0.000000000000000000e+00
0.000000000000000000e+00
0.000000000000000000e+00
0.000000000000000000e+00
0.000000000000000000e+00
0.000000000000000000e+00
0.000000000000000000e+00
0.000000000000000000e+00
0.000000000000000000e+00
0.000000000000000000e+00
