7.600220258410839032e-07
7.664610152747344200e-07
7.721759470430656812e-07
7.772011958441692794e-07
7.815411026528070976e-07
7.852346233706177165e-07
7.883222673122150991e-07
7.908039885126250556e-07
7.927212819126680036e-07
7.940941232038148806e-07
7.949386718877578610e-07
7.952909338511472702e-07
7.951475254833493375e-07
7.945687483762046130e-07
7.935308266251095915e-07
7.920996493127444723e-07
7.902474131715567939e-07
7.880477890834554488e-07
7.854538287026960432e-07
7.825477495003618601e-07
7.793015281818715602e-07
7.757651369218935096e-07
7.719316944447878615e-07
7.678331958918376120e-07
7.634859851189259240e-07
7.588841840220191114e-07
7.540874057580549499e-07
7.490608407429781146e-07
7.438585326162976920e-07
7.384750846077122985e-07
7.329217451885332334e-07
7.272393401354265729e-07
7.214000495296701964e-07
7.154452074543307331e-07
7.093864293116716406e-07
7.032137074953271416e-07
6.969704121260097951e-07
6.906494443868257610e-07
6.842505224657728731e-07
6.778146970641849251e-07
6.713309053498540589e-07
6.647994427920518911e-07
6.582604831411292660e-07
6.517038608718878241e-07
6.451279402601884033e-07
6.385599603858249193e-07
6.320074028420709274e-07
6.254617578390123505e-07
6.189305737694248883e-07
6.124548306818642814e-07
6.060022302168571001e-07
5.995797335832232757e-07
5.932214200340450899e-07
5.869150337290945667e-07
5.806615178141903664e-07
5.744628652078554667e-07
5.683483394584549287e-07
5.622994796645061502e-07
5.563193596894173728e-07
5.504119298998419834e-07
5.446069280312444822e-07
5.388731949759542201e-07
5.332264646806549262e-07
5.276568913277826390e-07
5.222065913253134167e-07
5.168330875674501662e-07
5.115538919038587244e-07
5.063687968527803047e-07
5.012873308408675665e-07
4.963024978297736673e-07
4.914174603467370531e-07
4.866172942464255783e-07
4.819322296895569367e-07
4.773512150515879425e-07
4.728615077563080169e-07
4.684657433066267491e-07
4.641673796763956470e-07
4.599893807437973186e-07
4.558967502798005678e-07
4.518988229065717186e-07
4.479893006264440001e-07
4.441855514162658885e-07
4.404853973477900614e-07
4.368692596669889267e-07
4.333425574088377623e-07
4.298996289841273262e-07
4.265501312405580618e-07
4.232955436657542553e-07
4.201232060119665263e-07
4.170344468570075581e-07
4.140214304602264549e-07
4.110901755591293172e-07
4.082444401151528791e-07
4.054684196746462041e-07
4.027665423745006909e-07
4.001345965663839521e-07
3.975672369799410573e-07
3.950777807194409417e-07
3.926521357153784321e-07
3.902855611999004909e-07
3.879816254758121579e-07
3.857317236937170229e-07
3.835391811519810031e-07
3.814079903663131490e-07
3.793251523943894846e-07
3.772905270795691813e-07
3.753024528974540456e-07
3.733550810385308403e-07
3.714537176170486174e-07
3.695960859947860529e-07
3.677744483574641087e-07
3.659872796930731019e-07
3.642329199741223800e-07
3.625065989450250001e-07
3.608092407647554048e-07
3.591460910202478375e-07
3.575058436621811734e-07
3.558866880540579559e-07
3.542905888997315192e-07
3.527099300218662058e-07
3.511443519483859057e-07
3.495976388789646751e-07
3.480667209948201648e-07
3.465445811738680437e-07
3.450303729541890598e-07
3.435244530820726767e-07
3.420223830261364755e-07
3.405259447808535716e-07
3.390353697782299234e-07
3.375481760678474476e-07
3.360597398180289633e-07
3.345689599823800705e-07
3.330742606715152785e-07
3.315745664741900511e-07
3.300713026722656997e-07
3.285660719470134059e-07
3.270542787598505600e-07
3.255327957891893898e-07
3.240020975889529398e-07
3.224616777975683793e-07
3.209107521844972303e-07
3.193446055395166580e-07
3.177722825408305753e-07
3.161908747324668923e-07
3.145977749837554964e-07
3.129870572049099394e-07
3.113623384291213048e-07
3.097247214754022406e-07
3.080744431757018461e-07
3.064060672399816153e-07
3.047286191955003091e-07
3.030406835356747350e-07
3.013381507589169928e-07
2.996172323631467381e-07
2.978838593796413718e-07
2.961383258566626685e-07
2.943749617261215398e-07
2.926010843533581385e-07
2.908186381224680358e-07
2.890255049747713233e-07
2.872178585544056816e-07
2.854006770947409217e-07
2.835727049475879929e-07
2.817305473830267580e-07
2.798806934740659851e-07
2.780227699614145129e-07
2.761580774367665753e-07
2.742887312206935399e-07
2.724143171923148918e-07
2.705301277628069145e-07
2.686422836832516346e-07
2.667503537085083185e-07
2.648529445324615648e-07
2.629533185581889693e-07
2.610508465420238706e-07
2.591535949542320097e-07
2.572573654883536554e-07
2.553607863662620466e-07
2.534655185545806872e-07
2.515714814476691890e-07
2.496833616031406750e-07
2.477983448899895981e-07
2.459164892709249079e-07
2.440442328315290209e-07
2.421778896470582432e-07
2.403247880540802759e-07
2.384797439333263043e-07
2.366395613198641278e-07
2.348158502277342459e-07
2.329989762597052777e-07
2.311961416868860258e-07
2.294059581797732299e-07
2.276229052937250318e-07
2.258657750140062689e-07
2.241172625555344119e-07
2.223903959424386340e-07
2.206774714944066190e-07
2.189764093012427575e-07
2.173013643249271242e-07
2.156346647122610424e-07
2.139975805215841417e-07
2.123706698206385602e-07
2.107650496346893188e-07
2.091825968324542841e-07
2.076185161823000645e-07
2.060830948477694193e-07
2.045558222487196163e-07
2.030639197358425038e-07
2.015804012255461676e-07
2.001328880014519205e-07
1.986993085894933244e-07
1.972905691880762953e-07
1.959026818382993608e-07
1.945336394457665212e-07
1.931983361871276389e-07
1.918791159647491269e-07
1.905928428264013429e-07
1.893140491018527103e-07
1.880748647052367513e-07
1.868405331628725760e-07
1.856512186131271242e-07
1.844678008167452165e-07
1.833198366113336852e-07
1.821817504288591632e-07
1.810781110634180790e-07
1.799881687500027133e-07
1.789320154441092527e-07
1.778895580897262247e-07
1.768737751059891836e-07
1.758742231961936809e-07
1.749017017070855689e-07
1.739462791985217002e-07
1.730169247570260705e-07
1.721029996541392581e-07
1.712120339760202349e-07
1.703376473061462578e-07
1.694889207035844939e-07
1.686547295420802215e-07
1.678455295835187921e-07
1.670478008134929477e-07
1.662736266002755378e-07
1.655097296026904125e-07
1.647733817482726327e-07
1.640437334372048642e-07
1.633408531052339732e-07
1.626414080096581125e-07
1.619689697359381236e-07
1.612968578934441348e-07
1.606585379189602563e-07
1.600202179444760601e-07
1.594065142671186723e-07
1.587958460212675532e-07
1.582039319542823991e-07
1.576181136033989435e-07
1.570485229704927163e-07
1.564896224835946932e-07
1.559397411445085247e-07
1.554015939946430332e-07
1.548682449304101780e-07
1.543493089588276447e-07
1.538313702394131628e-07
1.533331090437814777e-07
1.528348478481499778e-07
1.523484428464301219e-07
1.518644679195294276e-07
1.513882105717247661e-07
1.509172145475283798e-07
1.504502106793079247e-07
1.499908781959296696e-07
1.495321159679301307e-07
1.490806246653226973e-07
1.486291333627155286e-07
1.481832493297048491e-07
1.477388934000259266e-07
1.472972234095935949e-07
1.468584458654431324e-07
1.464199903810710177e-07
1.459832315120328544e-07
1.455464726429944265e-07
1.451101195310192635e-07
1.446738555746061534e-07
1.442369062846522772e-07
1.437991598924027819e-07
1.433611432401090102e-07
1.429202812004061413e-07
1.424794191607032194e-07
1.420360775067758718e-07
1.415916375861872933e-07
1.411456968779694437e-07
1.406959171215348761e-07
1.402461373650997790e-07
1.397904341738989039e-07
1.393336909834987522e-07
1.388735598683006658e-07
1.384083822844182454e-07
1.379432047005357985e-07
1.374697129778921396e-07
1.369956338117999601e-07
1.365174180669324757e-07
1.360340948820510455e-07
1.355507716971692711e-07
1.350593757840780728e-07
1.345674826093122950e-07
1.340715642360950198e-07
1.335700259361164435e-07
1.330684876361384232e-07
1.325585395502701744e-07
1.320473724726741802e-07
1.315330323967965290e-07
1.310116312681800745e-07
1.304902301395637788e-07
1.299623865426283708e-07
1.294321250077283227e-07
1.289008653845926997e-07
1.283625835092283121e-07
1.278243016338638450e-07
1.272827884644979534e-07
1.267380685144561956e-07
1.261933485644145436e-07
1.256431870956792789e-07
1.250921348886207851e-07
1.245400056668116202e-07
1.239834746968202879e-07
1.234269437268290615e-07
1.228682846958880010e-07
1.223076094156008682e-07
1.217469341353139207e-07
1.211841921087036458e-07
1.206209649981761634e-07
1.200576889455659163e-07
1.194938905918443890e-07
1.189300922381232984e-07
1.183667884706674517e-07
1.178044420534991990e-07
1.172420956363309199e-07
1.166807544048641385e-07
1.161201572431057721e-07
1.155595600813474850e-07
1.150019032865876737e-07
1.144450398853574816e-07
1.138881764841273293e-07
1.133366117001626846e-07
1.127851600583187331e-07
1.122346594975126823e-07
1.116895811536268471e-07
1.111445028097411707e-07
1.106022892367957394e-07
1.100668322383156726e-07
1.095313752398355264e-07
1.090001618557134187e-07
1.084747016890672558e-07
1.079492415224214901e-07
1.074293040042629113e-07
1.069142777949049905e-07
1.063992515855468050e-07
1.058923035526675114e-07
1.053904773392558356e-07
1.048886511258440804e-07
1.043956200001707716e-07
1.039068741280902527e-07
1.034181282560100780e-07
1.029390572814535911e-07
1.024639314062799468e-07
1.019888055311061304e-07
1.015261252642152739e-07
1.010681497151913029e-07
1.006101741661671333e-07
1.001630527724256748e-07
9.972018991131567352e-08
9.927732705020584427e-08
9.884514150776713972e-08
9.841780291840162528e-08
9.799046432903628290e-08
9.757450563609526328e-08
9.716511061517265871e-08
9.675571559424998795e-08
9.635513423199779917e-08
9.596155398274755953e-08
9.556797373349716107e-08
9.518186133701984830e-08
9.480462547464944107e-08
9.442738961227896767e-08
9.405611295112724937e-08
9.369678185336841772e-08
9.333745075560978458e-08
9.298091923373375348e-08
9.263673007623208935e-08
9.229254091873031934e-08
9.194855314239238418e-08
9.161996580524402220e-08
9.129137846809528964e-08
9.096279113094692765e-08
9.064696694280598330e-08
9.033400731087226754e-08
9.002104767893853854e-08
8.971605576722249381e-08
8.941646296314899464e-08
8.911687015907556164e-08
8.882213008753625725e-08
8.853636803187410557e-08
8.825060597621176861e-08
8.796587953087292948e-08
8.769292429502035006e-08
8.741996905916778386e-08
8.714701382331527061e-08
8.688249967903854068e-08
8.662028527995221644e-08
8.635807088086589221e-08
8.610085477647394897e-08
8.584937218202705225e-08
8.559788958758026142e-08
8.534750444950223185e-08
8.510514857387840169e-08
8.486279269825451859e-08
8.462043682263058256e-08
8.438373374371182271e-08
8.414892302109342980e-08
8.391411229847519570e-08
8.368195584429535336e-08
8.345467713006748900e-08
8.322739841583962465e-08
8.300011970161168088e-08
8.277818608531788484e-08
8.255665690202569998e-08
8.233512771873339600e-08
8.211571302978344867e-08
8.189858192915817788e-08
8.168145082853299975e-08
8.146434303446473259e-08
8.125140846023549926e-08
8.103847388600635857e-08
8.082553931177712524e-08
8.061397390563247764e-08
8.040375707234333883e-08
8.019354023905404120e-08
7.998332340576499504e-08
7.977480877184318546e-08
7.956633728378906248e-08
7.935786579573487332e-08
7.915006873251106119e-08
7.894320370328169148e-08
7.873633867405232177e-08
7.852947364482285941e-08
7.832242130468276386e-08
7.811533254241939358e-08
7.790824378015599684e-08
7.770100493757410227e-08
7.749325570156758824e-08
7.728550646556110069e-08
7.707775722955478519e-08
7.686936330652580981e-08
7.666052079532344521e-08
7.645167828412108061e-08
7.624283577291872924e-08
7.603264846189440845e-08
7.582235109866237617e-08
7.561205373543058213e-08
7.540142983217965122e-08
7.518971907112067148e-08
7.497800831006151969e-08
7.476629754900247378e-08
7.455386935147711061e-08
7.434075047431889937e-08
7.412763159716062195e-08
7.391451272000234453e-08
7.370025148836617845e-08
7.348562861603883135e-08
7.327100574371147103e-08
7.305638287138404452e-08
7.284038517323364584e-08
7.262436077883815059e-08
7.240833638444248329e-08
7.219212617075009883e-08
7.197503076038332691e-08
7.175793535001662117e-08
7.154083993964992867e-08
7.132355115313541386e-08
7.110588186638395098e-08
7.088821257963230282e-08
7.067054329288062819e-08
7.045289255575412671e-08
7.023526264164187438e-08
7.001763272752960881e-08
6.980000281341740942e-08
6.958276312276999663e-08
6.936581095125689665e-08
6.914885877974379667e-08
6.893190660823070992e-08
6.871554005787184890e-08
6.849948793074115349e-08
6.828343580361036545e-08
6.806738367647986857e-08
6.785248214794885516e-08
6.763808420504735380e-08
6.742368626214582597e-08
6.720928831924445696e-08
6.699648530805653802e-08
6.678433288761604040e-08
6.657218046717552954e-08
6.636002804673505838e-08
6.614969799766100761e-08
6.594016944011895247e-08
6.573064088257689734e-08
6.552111232503480249e-08
6.531406517190580907e-08
6.510836515718164446e-08
6.490266514245757248e-08
6.469696512773356668e-08
6.449341619307162537e-08
6.429148455792515579e-08
6.408955292277865974e-08
6.388762128763211075e-08
6.368756937215948218e-08
6.348970310502447808e-08
6.329183683788948721e-08
6.309397057075453605e-08
6.289769920965225331e-08
6.270477768863234961e-08
6.251185616761255178e-08
6.231893464659270101e-08
6.212672708936601262e-08
6.193853069780715470e-08
6.175033430624820412e-08
6.156213791468942561e-08
6.137394152313052797e-08
6.119046776327269862e-08
6.100725413616817604e-08
6.082404050906361375e-08
6.064082688195917058e-08
6.046174813103868505e-08
6.028433877741998875e-08
6.010692942380122628e-08
5.992952007018266233e-08
5.975437841181790469e-08
5.958206926559783726e-08
5.940976011937782939e-08
5.923745097315784137e-08
5.906588457240266792e-08
5.889872350719028376e-08
5.873156244197805841e-08
5.856440137676583969e-08
5.839724031155356140e-08
5.823454097884537954e-08
5.807288088902697606e-08
5.791122079920877772e-08
5.774956070939064555e-08
5.759005200381475008e-08
5.743322877429185752e-08
5.727640554476898481e-08
5.711958231524611210e-08
5.696297762879205086e-08
5.681099468114291074e-08
5.665901173349367798e-08
5.650702878584455109e-08
5.635504583819522568e-08
5.620609759311179425e-08
5.605907403898382088e-08
5.591205048485582766e-08
5.576502693072794032e-08
5.561858755383359832e-08
5.547559809073774685e-08
5.533260862764193510e-08
5.518961916454607702e-08
5.504662970145023217e-08
5.490624344689592315e-08
5.476729879166726635e-08
5.462835413643871542e-08
5.448940948121013802e-08
5.435086706914671613e-08
5.421564699260564443e-08
5.408042691606433450e-08
5.394520683952321647e-08
5.380998676298213815e-08
5.367641436002609664e-08
5.354425823754846678e-08
5.341210211507108176e-08
5.327994599259365042e-08
5.314778987011617937e-08
5.301859489898726431e-08
5.288961386941544697e-08
5.276063283984382153e-08
5.263165181027203066e-08
5.250343448366656928e-08
5.237706614471993427e-08
5.225069780577333234e-08
5.212432946682677674e-08
5.199796112788032039e-08
5.187293089723567174e-08
5.174873287073690915e-08
5.162453484423812008e-08
5.150033681773954940e-08
5.137613879124070740e-08
5.125383765597403298e-08
5.113173544361164450e-08
5.100963323124920970e-08
5.088753101888681460e-08
5.076569453270749863e-08
5.064527801208797789e-08
5.052486149146841083e-08
5.040444497084902245e-08
5.028402845022950171e-08
5.016416704437349055e-08
5.004523507295579603e-08
4.992630310153796916e-08
4.980737113012023494e-08
4.968843915870253380e-08
4.957036966409774776e-08
4.945299539758295315e-08
4.933562113106812545e-08
4.921824686455339039e-08
4.910087259803855608e-08
4.898438295415161874e-08
4.886827855544433060e-08
4.875217415673693659e-08
4.863606975802960213e-08
4.851996535932213533e-08
4.840474903945745330e-08
4.828975132069425179e-08
4.817475360193100397e-08
4.805975588316763041e-08
4.794475816440436935e-08
4.783086553082075799e-08
4.771713665761865218e-08
4.760340778441658608e-08
4.748967891121442733e-08
4.737595003801236784e-08
4.726325061989295414e-08
4.715066337976949658e-08
4.703807613964598607e-08
4.692548889952258145e-08
4.681290165939898492e-08
4.670135300209387119e-08
4.658992672397194934e-08
4.647850044584994808e-08
4.636707416772801961e-08
4.625564788960605143e-08
4.614551925215725878e-08
4.603562105735110305e-08
4.592572286254482820e-08
4.581582466773871218e-08
4.570592647293256306e-08
4.559701303852660748e-08
4.548840166227024822e-08
4.537979028601393528e-08
4.527117890975762233e-08
4.516256753350134909e-08
4.505490086885456407e-08
4.494775983487008930e-08
4.484061880088540277e-08
4.473347776690090153e-08
4.462633673291639368e-08
4.451998685797337679e-08
4.441449191140884509e-08
4.430899696484430677e-08
4.420350201827980815e-08
4.409800707171522350e-08
4.399295718311582940e-08
4.388905557219906310e-08
4.378515396128240269e-08
4.368125235036559668e-08
4.357735073944883700e-08
4.347351982568353302e-08
4.337146437273000673e-08
4.326940891977639441e-08
4.316735346682287473e-08
4.306529801386929550e-08
4.296324256091573612e-08
4.286263343541281666e-08
4.276248799328873238e-08
4.266234255116465472e-08
4.256219710904054397e-08
4.246205166691649939e-08
4.236271325023741305e-08
4.226441945503507089e-08
4.216612565983276844e-08
4.206783186463037334e-08
4.196953806942803118e-08
4.187138711296448198e-08
4.177502863321989869e-08
4.167867015347522275e-08
4.158231167373059314e-08
4.148595319398595691e-08
4.138959471424124126e-08
4.129453804200598363e-08
4.120012018866349659e-08
4.110570233532110881e-08
4.101128448197863501e-08
4.091686662863620091e-08
4.082287368692686911e-08
4.073033128921790204e-08
4.063778889150898129e-08
4.054524649380010686e-08
4.045270409609121920e-08
4.036016169838225212e-08
4.026906927663741392e-08
4.017848437455635424e-08
4.008789947247522838e-08
3.999731457039414224e-08
3.990672966831296344e-08
3.981654865006053739e-08
3.972785993817042486e-08
3.963917122628036527e-08
3.955048251439021303e-08
3.946179380250011373e-08
3.937310509061009385e-08
3.928549744509273247e-08
3.919848989621774676e-08
3.911148234734280076e-08
3.902447479846782167e-08
3.893746724959282935e-08
3.885051327178285791e-08
3.876525897476959161e-08
3.868000467775637162e-08
3.859475038074314502e-08
3.850949608372988534e-08
3.842424178671669844e-08
3.833958804592548341e-08
3.825593438607593062e-08
3.817228072622633151e-08
3.808862706637681843e-08
3.800497340652726564e-08
3.792131974667771947e-08
3.783865114400329395e-08
3.775645327332688416e-08
3.767425540265061995e-08
3.759205753197434251e-08
3.750985966129807830e-08
3.742766179062184718e-08
3.734701116833992719e-08
3.726646886059408497e-08
3.718592655284827584e-08
3.710538424510244024e-08
3.702484193735668405e-08
3.694449803005643117e-08
3.686529042811739714e-08
3.678608282617837635e-08
3.670687522423925630e-08
3.662766762230023551e-08
3.654846002036119487e-08
3.646966934372608120e-08
3.639177065005419000e-08
3.631387195638218630e-08
3.623597326271028186e-08
3.615807456903826493e-08
3.608017587536634064e-08
3.600288521324167730e-08
3.592635632072562532e-08
3.584982742820961305e-08
3.577329853569363386e-08
3.569676964317756864e-08
3.562024075066154975e-08
3.554434270130010846e-08
3.546901686001488189e-08
3.539369101872968179e-08
3.531836517744455449e-08
3.524303933615926174e-08
3.516771349487414106e-08
3.509309123619656790e-08
3.501902258916089131e-08
3.494495394212519486e-08
3.487088529508950503e-08
3.479681664805382182e-08
3.472274800101809891e-08
3.464939799476672862e-08
3.457663747731228978e-08
3.450387695985781786e-08
3.443111644240333270e-08
3.435835592494877475e-08
3.428559540749432930e-08
3.421342796307956180e-08
3.414186999087010369e-08
3.407031201866065220e-08
3.399875404645118086e-08
3.392719607424177569e-08
3.385563810203234405e-08
3.378455432889510920e-08
3.371420993803974582e-08
3.364386554718428318e-08
3.357352115632882715e-08
3.350317676547339760e-08
3.343283237461801437e-08
3.336279556495948450e-08
3.329372375861491800e-08
3.322465195227038458e-08
3.315558014592591073e-08
3.308650833958135084e-08
3.301743653323685713e-08
3.294842056672578308e-08
3.288057093140378519e-08
3.281272129608172112e-08
3.274487166075965043e-08
3.267702202543760621e-08
3.260917239011563478e-08
3.254132275479354424e-08
3.247448207677282793e-08
3.240788993186125455e-08
3.234129778694976059e-08
3.227470564203818060e-08
3.220811349712667340e-08
3.214152135221514634e-08
3.207560495857183558e-08
3.201033433607713744e-08
3.194506371358237974e-08
3.187979309108761543e-08
3.181452246859284450e-08
3.174925184609808680e-08
3.168418653054598926e-08
3.162010761039751055e-08
3.155602869024897890e-08
3.149194977010040754e-08
3.142787084995195530e-08
3.136379192980344351e-08
3.129971300965487215e-08
3.123661411761499127e-08
3.117378395433674735e-08
3.111095379105851667e-08
3.104812362778040511e-08
3.098529346450216119e-08
3.092246330122393052e-08
3.086005464695393529e-08
3.079843383633413162e-08
3.073681302571438089e-08
3.067519221509459707e-08
3.061357140447485295e-08
3.055195059385510884e-08
3.049032978323533825e-08
3.042967790782297469e-08
3.036917969087313880e-08
3.030868147392334924e-08
3.024818325697353320e-08
3.018768504002373040e-08
3.012718682307391437e-08
3.006708335683202194e-08
3.000778802377848960e-08
2.994849269072493079e-08
2.988919735767137197e-08
2.982990202461781978e-08
2.977060669156424442e-08
2.971131135851068230e-08
2.965281239779317873e-08
2.959458845461764310e-08
2.953636451144210086e-08
2.947814056826653877e-08
2.941991662509101969e-08
2.936169268191550061e-08
2.930357931474745121e-08
2.924637777459781010e-08
2.918917623444814251e-08
2.913197469429850140e-08
2.907477315414888345e-08
2.901757161399923241e-08
2.896037007384962438e-08
2.890359032812409653e-08
2.884738753821447005e-08
2.879118474830487004e-08
2.873498195839531967e-08
2.867877916848572297e-08
2.862257637857612296e-08
2.856637358866656266e-08
2.851079908656763256e-08
2.845551293218244648e-08
2.840022677779729019e-08
2.834494062341206110e-08
2.828965446902690480e-08
2.823436831464169557e-08
2.817908216025652934e-08
2.812459479121843415e-08
2.807019906416863839e-08
2.801580333711893857e-08
2.796140761006920898e-08
2.790701188301950917e-08
2.785261615596980936e-08
2.779827166750638091e-08
2.774477664215280262e-08
2.769128161679921110e-08
2.763778659144563943e-08
2.758429156609204790e-08
2.753079654073847954e-08
2.747730151538488802e-08
2.742394222973002202e-08
2.737127261181615752e-08
2.731860299390226324e-08
2.726593337598835572e-08
2.721326375807451438e-08
2.716059414016063995e-08
2.710792452224673243e-08
2.705542751412532196e-08
2.700354472178642550e-08
2.695166192944767132e-08
2.689977913710887082e-08
2.684789634477007694e-08
2.679601355243123011e-08
2.674413076009242299e-08
2.669242549502071355e-08
2.664134506822685046e-08
2.659026464143304693e-08
2.653918421463914082e-08
2.648810378784533729e-08
2.643702336105145104e-08
2.638594293425764751e-08
2.633499625378440444e-08
2.628470402387345328e-08
2.623441179396248888e-08
2.618411956405154103e-08
2.613382733414061634e-08
2.608353510422964533e-08
2.603324287431869417e-08
2.598300157349298302e-08
2.593350187274250708e-08
2.588400217199203114e-08
2.583450247124162799e-08
2.578500277049108588e-08
2.573550306974067942e-08
2.568600336899022664e-08
2.563650366823977056e-08
2.558778504720591859e-08
2.553914882957220887e-08
2.549051261193851901e-08
2.544187639430484900e-08
2.539324017667109627e-08
2.534460395903739648e-08
2.529596774140369007e-08
2.524788589261164976e-08
2.520005288297750244e-08
2.515221987334340144e-08
2.510438686370927067e-08
2.505655385407510019e-08
2.500872084444095287e-08
2.496088783480682210e-08
2.491340695897466083e-08
2.486641093201570077e-08
2.481941490505674071e-08
2.477241887809766484e-08
2.472542285113870147e-08
2.467842682417967193e-08
2.463143079722070856e-08
2.458451688682088001e-08
2.453837872409785016e-08
2.449224056137477067e-08
2.444610239865174081e-08
2.439996423592868449e-08
2.435382607320561162e-08
2.430768791048255529e-08
2.426154974775950227e-08
2.421600981375676109e-08
2.417070859071728480e-08
2.412540736767776550e-08
2.408010614463825612e-08
2.403480492159877651e-08
2.398950369855928037e-08
2.394420247551978092e-08
2.389914537747040375e-08
2.385472398532356491e-08
2.381030259317668305e-08
2.376588120102979458e-08
2.372145980888291272e-08
2.367703841673607388e-08
2.363261702458921187e-08
2.358819563244230355e-08
2.354444839155591491e-08
2.350088759719679116e-08
2.345732680283768725e-08
2.341376600847858666e-08
2.337020521411950261e-08
2.332664441976037886e-08
2.328308362540125510e-08
2.323971505089696254e-08
2.319698279039792897e-08
2.315425052989885238e-08
2.311151826939984198e-08
2.306878600890081172e-08
2.302605374840178146e-08
2.298332148790275120e-08
2.294058922740373748e-08
2.289836866850511906e-08
2.285645779314314587e-08
2.281454691778125872e-08
2.277263604241926237e-08
2.273072516705730904e-08
2.268881429169533585e-08
2.264690341633338583e-08
2.260499254097140934e-08
2.256383679194104102e-08
2.252271593495581195e-08
2.248159507797058288e-08
2.244047422098540676e-08
2.239935336400020085e-08
2.235823250701499825e-08
2.231711165002976918e-08
2.227616566421849469e-08
2.223580466824621414e-08
2.219544367227397662e-08
2.215508267630171924e-08
2.211472168032941553e-08
2.207436068435717801e-08
2.203399968838492063e-08
2.199363869241261692e-08
2.195361328769867292e-08
2.191400569740330177e-08
2.187439810710795047e-08
2.183479051681259917e-08
2.179518292651723133e-08
2.175557533622185687e-08
2.171596774592653205e-08
2.167636015563116090e-08
2.163717625136970643e-08
2.159827330936963561e-08
2.155937036736958464e-08
2.152046742536955683e-08
2.148156448336946285e-08
2.144266154136941188e-08
2.140375859936938738e-08
2.136485565736929339e-08
2.132641571502020399e-08
2.128817685383970894e-08
2.124993799265930985e-08
2.121169913147883466e-08
2.117346027029841240e-08
2.113522140911798684e-08
2.109698254793754142e-08
2.105874368675711586e-08
2.102096925301558062e-08
2.098336419151142324e-08
2.094575913000724270e-08
2.090815406850313164e-08
2.087054900699897757e-08
2.083294394549486651e-08
2.079533888399070913e-08
2.075773382248657822e-08
2.072056274838081659e-08
2.068357109536320836e-08
2.064657944234553726e-08
2.060958778932792572e-08
2.057259613631025132e-08
2.053560448329261993e-08
2.049861283027496207e-08
2.046162117725733068e-08
2.042500060249889885e-08
2.038860655406525285e-08
2.035221250563163332e-08
2.031581845719807666e-08
2.027942440876441081e-08
2.024303036033083098e-08
2.020663631189721145e-08
2.017024226346358862e-08
2.013413241424033050e-08
2.009833968933801559e-08
2.006254696443568083e-08
2.002675423953334607e-08
1.999096151463098152e-08
1.995516878972866662e-08
1.991937606482632524e-08
1.988358333992394415e-08
1.984794107764992019e-08
1.981272248469157290e-08
1.977750389173320576e-08
1.974228529877487833e-08
1.970706670581648472e-08
1.967184811285815729e-08
1.963662951989979346e-08
1.960141092694139654e-08
1.956619233398305587e-08
1.953153237032093396e-08
1.949687872937090569e-08
1.946222508842088073e-08
1.942757144747087563e-08
1.939291780652080435e-08
1.935826416557075292e-08
1.932361052462074450e-08
1.928895688367069969e-08
1.925466456794821205e-08
1.922056480117174842e-08
1.918646503439521530e-08
1.915236526761870866e-08
1.911826550084222517e-08
1.908416573406569205e-08
1.905006596728918541e-08
1.901596620051267876e-08
1.898200948452446211e-08
1.894847683666178803e-08
1.891494418879918344e-08
1.888141154093651267e-08
1.884787889307386176e-08
1.881434624521122739e-08
1.878081359734857316e-08
1.874728094948594872e-08
1.871374830162331766e-08
1.868066336220987211e-08
1.864769889636267601e-08
1.861473443051552623e-08
1.858176996466839299e-08
1.854880549882121343e-08
1.851584103297404049e-08
1.848287656712689402e-08
1.844991210127971446e-08
1.841709851932495284e-08
1.838471651379114177e-08
1.835233450825732409e-08
1.831995250272349317e-08
1.828757049718972181e-08
1.825518849165588758e-08
1.822280648612205005e-08
1.819042448058823898e-08
1.815804247505446762e-08
1.812603929516862724e-08
1.809422696502560858e-08
1.806241463488263294e-08
1.803060230473960436e-08
1.799878997459658571e-08
1.796697764445358029e-08
1.793516531431057487e-08
1.790335298416755622e-08
1.787154365675650101e-08
1.784029927029606403e-08
1.780905488383564690e-08
1.777781049737520992e-08
1.774656611091481926e-08
1.771532172445438228e-08
1.768407733799394861e-08
1.765283295153350832e-08
1.762158856507311766e-08
1.759050161892932200e-08
1.755982062547839583e-08
1.752913963202744318e-08
1.749845863857650046e-08
1.746777764512555112e-08
1.743709665167460178e-08
1.740641565822365244e-08
1.737573466477269317e-08
1.734505367132176369e-08
1.731464524168445929e-08
1.728452396241559574e-08
1.725440268314666271e-08
1.722428140387777932e-08
1.719416012460887937e-08
1.716403884534001583e-08
1.713391756607110927e-08
1.710379628680220271e-08
1.707367500753327299e-08
1.704390667776797784e-08
1.701434801468756564e-08
1.698478935160720638e-08
1.695523068852683057e-08
1.692567202544647793e-08
1.689611336236608889e-08
1.686655469928568661e-08
1.683699603620533397e-08
1.680743737312497140e-08
1.677825514002214795e-08
1.674923420558589294e-08
1.672021327114963132e-08
1.669119233671339286e-08
1.666217140227714447e-08
1.663315046784087954e-08
1.660412953340465431e-08
1.657510859896837945e-08
1.654608766453214099e-08
1.651744042151509647e-08
1.648894988031361612e-08
1.646045933911215892e-08
1.643196879791070835e-08
1.640347825670923792e-08
1.637498771550778403e-08
1.634649717430631361e-08
1.631800663310484979e-08
1.628951609190341245e-08
1.626134422137566360e-08
1.623335131502232949e-08
1.620535840866898214e-08
1.617736550231562818e-08
1.614937259596228414e-08
1.612137968960895003e-08
1.609338678325560599e-08
1.606539387690224872e-08
1.603740097054891792e-08
1.600965494571050682e-08
1.598214902586395413e-08
1.595464310601740145e-08
1.592713718617082891e-08
1.589963126632427623e-08
1.587212534647770700e-08
1.584461942663116093e-08
1.581711350678457516e-08
1.578960758693805225e-08
1.576224950262543247e-08
1.573523022322100347e-08
1.570821094381660094e-08
1.568119166441220502e-08
1.565417238500776940e-08
1.562715310560335364e-08
1.560013382619895772e-08
1.557311454679453203e-08
1.554609526739011626e-08
1.551908978955661683e-08
1.549252557283766457e-08
1.546596135611866929e-08
1.543939713939971372e-08
1.541283292268075153e-08
1.538626870596178934e-08
1.535970448924281061e-08
1.533314027252384842e-08
1.530657605580487300e-08
1.528001183908592073e-08
1.525376229770732084e-08
1.522765676227205955e-08
1.520155122683680157e-08
1.517544569140153697e-08
1.514934015596627568e-08
1.512323462053101439e-08
1.509712908509577626e-08
1.507102354966052821e-08
1.504491801422525368e-08
1.501893175212558710e-08
1.499326733111529689e-08
1.496760291010499344e-08
1.494193848909468338e-08
1.491627406808437001e-08
1.489060964707408146e-08
1.486494522606375651e-08
1.483928080505345307e-08
1.481361638404316286e-08
1.478795196303287761e-08
1.476260896907857986e-08
1.473735514642891548e-08
1.471210132377921470e-08
1.468684750112957182e-08
1.466159367847992729e-08
1.463633985583023809e-08
1.461108603318057206e-08
1.458583221053089940e-08
1.456057838788125156e-08
1.453542168629543991e-08
1.451060377614907369e-08
1.448578586600273725e-08
1.446096795585641736e-08
1.443615004571007430e-08
1.441133213556376102e-08
1.438651422541740473e-08
1.436169631527106168e-08
1.433687840512477322e-08
1.431206049497840535e-08
1.428749239390265214e-08
1.426309806273730333e-08
1.423870373157202731e-08
1.421430940040667850e-08
1.418991506924138925e-08
1.416552073807606195e-08
1.414112640691073134e-08
1.411673207574540404e-08
1.409233774458009163e-08
1.406794341341476433e-08
1.404392646613687805e-08
1.401995945369509549e-08
1.399599244125325668e-08
1.397202542881147246e-08
1.394805841636964854e-08
1.392409140392786267e-08
1.390012439148606025e-08
1.387615737904424626e-08
1.385219036660243888e-08
1.382826630777780923e-08
1.380471878419714277e-08
1.378117126061649121e-08
1.375762373703583634e-08
1.373407621345518974e-08
1.371052868987452494e-08
1.368698116629386014e-08
1.366343364271321519e-08
1.363988611913255205e-08
1.361633859555188394e-08
1.359289474670243462e-08
1.356976705117838936e-08
1.354663935565430937e-08
1.352351166013025088e-08
1.350038396460620231e-08
1.347725626908211239e-08
1.345412857355805225e-08
1.343100087803400369e-08
1.340787318250994685e-08
1.338474548698585362e-08
1.336174318827815589e-08
1.333901203580502903e-08
1.331628088333191374e-08
1.329354973085878522e-08
1.327081857838563851e-08
1.324808742591249841e-08
1.322535627343936162e-08
1.320262512096621159e-08
1.317989396849307480e-08
1.315716281601997110e-08
1.313455860294341276e-08
1.311223738453189108e-08
1.308991616612037933e-08
1.306759494770885599e-08
1.304527372929734920e-08
1.302295251088583910e-08
1.300063129247434058e-08
1.297831007406282882e-08
1.295598885565131045e-08
1.293366763723978049e-08
1.291143985434163217e-08
1.288953085310051459e-08
1.286762185185938874e-08
1.284571285061827281e-08
1.282380384937713041e-08
1.280189484813601614e-08
1.277998584689490021e-08
1.275807684565377436e-08
1.273616784441267994e-08
1.271425884317153092e-08
1.269237536101421770e-08
1.267084915983547576e-08
1.264932295865671066e-08
1.262779675747796871e-08
1.260627055629918376e-08
1.258474435512045339e-08
1.256321815394168829e-08
1.254169195276292484e-08
1.252016575158415643e-08
1.249863955040542276e-08
1.247711334922664938e-08
1.245591787483528092e-08
1.243479058882072641e-08
1.241366330280613055e-08
1.239253601679159093e-08
1.237140873077705131e-08
1.235028144476247530e-08
1.232915415874793568e-08
1.230802687273336297e-08
1.228689958671880019e-08
1.226577230070424900e-08
1.224483342857446255e-08
1.222407322308333624e-08
1.220331301759219338e-08
1.218255281210105880e-08
1.216179260660994738e-08
1.214103240111881445e-08
1.212027219562769145e-08
1.209951199013655521e-08
1.207875178464544710e-08
1.205799157915430094e-08
1.203727372547626794e-08
1.201687031459409580e-08
1.199646690371192200e-08
1.197606349282972670e-08
1.195566008194757276e-08
1.193525667106536753e-08
1.191485326018320531e-08
1.189444984930101167e-08
1.187404643841884780e-08
1.185364302753667565e-08
1.183323961665449193e-08
1.181307808858566661e-08
1.179304984334348600e-08
1.177302159810132358e-08
1.175299335285914131e-08
1.173296510761694745e-08
1.171293686237477676e-08
1.169290861713260607e-08
1.167288037189043207e-08
1.165285212664823987e-08
1.163282388140604602e-08
1.161282674508947011e-08
1.159314119947999489e-08
1.157345565387044191e-08
1.155377010826093360e-08
1.153408456265139220e-08
1.151439901704188554e-08
1.149471347143237558e-08
1.147502792582284741e-08
1.145534238021332752e-08
1.143565683460380763e-08
1.141597128899428608e-08
1.139644843582423009e-08
1.137711950771940658e-08
1.135779057961456322e-08
1.133846165150971821e-08
1.131913272340490628e-08
1.129980379530007285e-08
1.128047486719523114e-08
1.126114593909038613e-08
1.124181701098557420e-08
1.122248808288074077e-08
1.120315915477589575e-08
1.118408653718005349e-08
1.116510377724685147e-08
1.114612101731366434e-08
1.112713825738046397e-08
1.110815549744725533e-08
1.108917273751406488e-08
1.107018997758087775e-08
1.105120721764767903e-08
1.103222445771448032e-08
1.101324169778128326e-08
1.099425893784808454e-08
1.097557858857495142e-08
1.095691658944166648e-08
1.093825459030836003e-08
1.091959259117505192e-08
1.090093059204174382e-08
1.088226859290845722e-08
1.086360659377516400e-08
1.084494459464185424e-08
1.082628259550854779e-08
1.080762059637524300e-08
1.078897958438865833e-08
1.077065233787501137e-08
1.075232509136137765e-08
1.073399784484777371e-08
1.071567059833412676e-08
1.069734335182049138e-08
1.067901610530687751e-08
1.066068885879322063e-08
1.064236161227960511e-08
1.062403436576596974e-08
1.060570711925232113e-08
1.058741279090342533e-08
1.056941637986801267e-08
1.055141996883257851e-08
1.053342355779716751e-08
1.051542714676175486e-08
1.049743073572633062e-08
1.047943432469090970e-08
1.046143791365549704e-08
1.044344150262007281e-08
1.042544509158462707e-08
1.040744868054922765e-08
1.038946923602148752e-08
1.037179554170933450e-08
1.035412184739714839e-08
1.033644815308500695e-08
1.031877445877284400e-08
1.030110076446068106e-08
1.028342707014849495e-08
1.026575337583634193e-08
1.024807968152418064e-08
1.023040598721201603e-08
1.021273229289986136e-08
1.019505859858772157e-08
1.017767863964659173e-08
1.016032378047038846e-08
1.014296892129422987e-08
1.012561406211801833e-08
1.010825920294186139e-08
1.009090434376564820e-08
1.007354948458948133e-08
1.005619462541327972e-08
1.003883976623710954e-08
1.002148490706093109e-08
1.000413004788475264e-08
9.987006478900104002e-09
9.969979707798013040e-09
9.952952936695923731e-09
9.935926165593841040e-09
9.918899394491748423e-09
9.901872623389678967e-09
9.884845852287576424e-09
9.867819081185487115e-09
9.850792310083406079e-09
9.833765538981316771e-09
9.816738767879224153e-09
9.799826356588495373e-09
9.783083366680161493e-09
9.766340376771824305e-09
9.749597386863498698e-09
9.732854396955173090e-09
9.716111407046827630e-09
9.699368417138511949e-09
9.682625427230163181e-09
9.665882437321837573e-09
9.649139447413480533e-09
9.632396457505176432e-09
9.615658045113557155e-09
9.599226687757498563e-09
9.582795330401463131e-09
9.566363973045416119e-09
9.549932615689370762e-09
9.533501258333313824e-09
9.517069900977266812e-09
9.500638543621211528e-09
9.484207186265172788e-09
9.467775828909115850e-09
9.451344471553068839e-09
9.434913114197021827e-09
9.418651263510233747e-09
9.402534148793465545e-09
9.386417034076697344e-09
9.370299919359927488e-09
9.354182804643159286e-09
9.338065689926402665e-09
9.321948575209634464e-09
9.305831460492887769e-09
9.289714345776107987e-09
9.273597231059364601e-09
9.257480116342594745e-09
9.241363001625805036e-09
9.225516328063242823e-09
9.209676164206973844e-09
9.193836000350689976e-09
9.177995836494417689e-09
9.162155672638147056e-09
9.146315508781851608e-09
9.130475344925579320e-09
9.114635181069307033e-09
9.098795017213013239e-09
9.082954853356740952e-09
9.067114689500447158e-09
9.051374180869267511e-09
9.035840398926838432e-09
9.020306616984407700e-09
9.004772835041978621e-09
8.989239053099529690e-09
8.973705271157110538e-09
8.958171489214671534e-09
8.942637707272244110e-09
8.927103925329803451e-09
8.911570143387354520e-09
8.896036361444935368e-09
8.880502579502496363e-09
8.865134932156668111e-09
8.849885117810394298e-09
8.834635303464132066e-09
8.819385489117848326e-09
8.804135674771584439e-09
8.788885860425315589e-09
8.773636046079030196e-09
8.758386231732769617e-09
8.743136417386509039e-09
8.727886603040236880e-09
8.712636788693976302e-09
8.697386974347702489e-09
8.682335774035671521e-09
8.667348967334408843e-09
8.652362160633147819e-09
8.637375353931863635e-09
8.622388547230612537e-09
8.607401740529339933e-09
8.592414933828078909e-09
8.577428127126814577e-09
8.562441320425541973e-09
8.547454513724280949e-09
8.532467707023019925e-09
8.517480900321748975e-09
8.502736863494928682e-09
8.488040823472936741e-09
8.473344783450936528e-09
8.458648743428946242e-09
8.443952703406931140e-09
8.429256663384942508e-09
8.414560623362938987e-09
8.399864583340945391e-09
8.385168543318945179e-09
8.370472503296941657e-09
8.355776463274951371e-09
8.341080423252961085e-09
8.326604295383210832e-09
8.312175250919526093e-09
8.297746206455819848e-09
8.283317161992115257e-09
8.268888117528422247e-09
8.254459073064727582e-09
8.240030028601022991e-09
8.225600984137341561e-09
8.211171939673632007e-09
8.196742895209937343e-09
8.182313850746234406e-09
8.167884806282549668e-09
8.153649801507366890e-09
8.139490016222149995e-09
8.125330230936959570e-09
8.111170445651744330e-09
8.097010660366530744e-09
8.082850875081315504e-09
8.068691089796125079e-09
8.054531304510919765e-09
8.040371519225704525e-09
8.026211733940505828e-09
8.012051948655290588e-09
7.997892163370098509e-09
7.983874636547058245e-09
7.969985719786282648e-09
7.956096803025548409e-09
7.942207886264784392e-09
7.928318969504033609e-09
7.914430052743267938e-09
7.900541135982517155e-09
7.886652219221754793e-09
7.872763302461008973e-09
7.858874385700246611e-09
7.844985468939480939e-09
7.831096552178716922e-09
7.817267507878103580e-09
7.803631642865953485e-09
7.789995777853813315e-09
7.776359912841676454e-09
7.762724047829542902e-09
7.749088182817394460e-09
7.735452317805264217e-09
7.721816452793120739e-09
7.708180587780972297e-09
7.694544722768842054e-09
7.680908857756703538e-09
7.667272992744556751e-09
7.653637127732408310e-09
7.640215808417868246e-09
7.626831122276442242e-09
7.613446436134999695e-09
7.600061749993560456e-09
7.586677063852147687e-09
7.573292377710713412e-09
7.559907691569277482e-09
7.546523005427844860e-09
7.533138319286418857e-09
7.519753633144981272e-09
7.506368947003560232e-09
7.492984260862134228e-09
7.479697624457660476e-09
7.466572922627142970e-09
7.453448220796613883e-09
7.440323518966088105e-09
7.427198817135566463e-09
7.414074115305063846e-09
7.400949413474552130e-09
7.387824711644021389e-09
7.374700009813504710e-09
7.361575307982973142e-09
7.348450606152466389e-09
7.335325904321948056e-09
7.322201202491414006e-09
7.309276256557519653e-09
7.296399752458275392e-09
7.283523248359009625e-09
7.270646744259760401e-09
7.257770240160521931e-09
7.244893736061256991e-09
7.232017231962024311e-09
7.219140727862775915e-09
7.206264223763510975e-09
7.193387719664262578e-09
7.180511215565025762e-09
7.167634711465769921e-09
7.154791300709153377e-09
7.142157251571610105e-09
7.129523202434061041e-09
7.116889153296512806e-09
7.104255104158961261e-09
7.091621055021395654e-09
7.078987005883846591e-09
7.066352956746303318e-09
7.053718907608755082e-09
7.041084858471211809e-09
7.028450809333662746e-09
7.015816760196112029e-09
7.003182711058553866e-09
6.990643448363902125e-09
6.978264609631785010e-09
6.965885770899672032e-09
6.953506932167543336e-09
6.941128093435424567e-09
6.928749254703292563e-09
6.916370415971170485e-09
6.903991577239053370e-09
6.891612738506935429e-09
6.879233899774816659e-09
6.866855061042687964e-09
6.854476222310558442e-09
6.842097383578440500e-09
6.829830557640448476e-09
6.817671859585121469e-09
6.805513161529799424e-09
6.793354463474483171e-09
6.781195765419161127e-09
6.769037067363847354e-09
6.756878369308520347e-09
6.744719671253204093e-09
6.732560973197871296e-09
6.720402275142555869e-09
6.708243577087244578e-09
6.696084879031921707e-09
6.683926180976612071e-09
6.671896954762979118e-09
6.659974517478691849e-09
6.648052080194383074e-09
6.636129642910096632e-09
6.624207205625808536e-09
6.612284768341504724e-09
6.600362331057204220e-09
6.588439893772923569e-09
6.576517456488616448e-09
6.564595019204325043e-09
6.552672581920044392e-09
6.540750144635731480e-09
6.528827707351445039e-09
6.517025079652133109e-09
6.505348055441706381e-09
6.493671031231277999e-09
6.481994007020850444e-09
6.470316982810417926e-09
6.458639958599985408e-09
6.446962934389565297e-09
6.435285910179121199e-09
6.423608885968694471e-09
6.411931861758273534e-09
6.400254837547832744e-09
6.388577813337416769e-09
6.376900789126972671e-09
6.365292905690161519e-09
6.353826264366934665e-09
6.342359623043709466e-09
6.330892981720477649e-09
6.319426340397258241e-09
6.307959699074028078e-09
6.296493057750820250e-09
6.285026416427580988e-09
6.273559775104355789e-09
6.262093133781135553e-09
6.250626492457914490e-09
6.239159851134683500e-09
6.227693209811454165e-09
6.216242767184152461e-09
6.205012316750324447e-09
6.193781866316479889e-09
6.182551415882638640e-09
6.171320965448794082e-09
6.160090515014969376e-09
6.148860064581135572e-09
6.137629614147279433e-09
6.126399163713449765e-09
6.115168713279615133e-09
6.103938262845769748e-09
6.092707812411935116e-09
6.081477361978089731e-09
6.070246911544245173e-09
6.059177978095374303e-09
6.048175901088042390e-09
6.037173824080715440e-09
6.026171747073377736e-09
6.015169670066034242e-09
6.004167593058702328e-09
5.993165516051370415e-09
5.982163439044025267e-09
5.971161362036680945e-09
5.960159285029349032e-09
5.949157208022012155e-09
5.938155131014669489e-09
5.927153054007336748e-09
5.916198570391369692e-09
5.905391653607977084e-09
5.894584736824600193e-09
5.883777820041202623e-09
5.872970903257810842e-09
5.862163986474418235e-09
5.851357069691037208e-09
5.840550152907645427e-09
5.829743236124256956e-09
5.818936319340864348e-09
5.808129402557471741e-09
5.797322485774084923e-09
5.786515568990693143e-09
5.775708652207300536e-09
5.765055568147672801e-09
5.754475657072891398e-09
5.743895745998109168e-09
5.733315834923342654e-09
5.722735923848566214e-09
5.712156012773784811e-09
5.701576101699018297e-09
5.690996190624234412e-09
5.680416279549470380e-09
5.669836368474688150e-09
5.659256457399916673e-09
5.648676546325133615e-09
5.638096635250368756e-09
5.627518408171399973e-09
5.617153300626520661e-09
5.606788193081646311e-09
5.596423085536767825e-09
5.586057977991900093e-09
5.575692870447033188e-09
5.565327762902147257e-09
5.554962655357274562e-09
5.544597547812405175e-09
5.534232440267525863e-09
5.523867332722646550e-09
5.513502225177779645e-09
5.503137117632905295e-09
5.492772010088033427e-09
5.482453851678085398e-09
5.472289711601150021e-09
5.462125571524232016e-09
5.451961431447296639e-09
5.441797291370372016e-09
5.431633151293447393e-09
5.421469011216517807e-09
5.411304871139587393e-09
5.401140731062656153e-09
5.390976590985730703e-09
5.380812450908801944e-09
5.370648310831876493e-09
5.360484170754941944e-09
5.350320030678022284e-09
5.340231597844237836e-09
5.330281205040508496e-09
5.320330812236779984e-09
5.310380419433045681e-09
5.300430026629310551e-09
5.290479633825582038e-09
5.280529241021843600e-09
5.270578848218112606e-09
5.260628455414384093e-09
5.250678062610649790e-09
5.240727669806910524e-09
5.230777277003187802e-09
5.220826884199458462e-09
5.210876491395724987e-09
5.201001030673268323e-09
5.191253837567557103e-09
5.181506644461856636e-09
5.171759451356138798e-09
5.162012258250422614e-09
5.152265065144711394e-09
5.142517872039001000e-09
5.132770678933283163e-09
5.123023485827576905e-09
5.113276292721872302e-09
5.103529099616154464e-09
5.093781906510438281e-09
5.084034713404727060e-09
5.074287520299020803e-09
5.064592152298107139e-09
5.055032380235052801e-09
5.045472608172010871e-09
5.035912836108958187e-09
5.026353064045909639e-09
5.016793291982861919e-09
5.007233519919802618e-09
4.997673747856754897e-09
4.988113975793723720e-09
4.978554203730665246e-09
4.968994431667616699e-09
4.959434659604569805e-09
4.949874887541516295e-09
4.940315115478468574e-09
4.930771110405443514e-09
4.921417057462657678e-09
4.912063004519857781e-09
4.902708951577076081e-09
4.893354898634282801e-09
4.884000845691489521e-09
4.874646792748700377e-09
4.865292739805912888e-09
4.855938686863112990e-09
4.846584633920327155e-09
4.837230580977533048e-09
4.827876528034739768e-09
4.818522475091963031e-09
4.809168422149164788e-09
4.799814369206371508e-09
4.790610311467606382e-09
4.781451484039572341e-09
4.772292656611554843e-09
4.763133829183519974e-09
4.753975001755501648e-09
4.744816174327483323e-09
4.735657346899447627e-09
4.726498519471430129e-09
4.717339692043412631e-09
4.708180864615378589e-09
4.699022037187359437e-09
4.689863209759331185e-09
4.680704382331318650e-09
4.671545554903288744e-09
4.662451740182237050e-09
4.653478286397801288e-09
4.644504832613362216e-09
4.635531378828938035e-09
4.626557925044512198e-09
4.617584471260067337e-09
4.608611017475637365e-09
4.599637563691209047e-09
4.590664109906779075e-09
4.581690656122333386e-09
4.572717202337914995e-09
4.563743748553480060e-09
4.554770294769051742e-09
4.545796840984621770e-09
4.536823387200186834e-09
4.528014230680276629e-09
4.519240411259098930e-09
4.510466591837911306e-09
4.501692772416721200e-09
4.492918952995532749e-09
4.484145133574361668e-09
4.475371314153166599e-09
4.466597494731990556e-09
4.457823675310802104e-09
4.449049855889623579e-09
4.440276036468441745e-09
4.431502217047248330e-09
4.422728397626064842e-09
4.413954578204877218e-09
4.405213384795448175e-09
4.396616578383578373e-09
4.388019771971708571e-09
4.379422965559832151e-09
4.370826159147957386e-09
4.362229352736081793e-09
4.353632546324207028e-09
4.345035739912331436e-09
4.336438933500456670e-09
4.327842127088587695e-09
4.319245320676711276e-09
4.310648514264842301e-09
4.302051707852965881e-09
4.293454901441091116e-09
4.284858095029217178e-09
4.276339052251733948e-09
4.267921493205124387e-09
4.259503934158520617e-09
4.251086375111901130e-09
4.242668816065291569e-09
4.234251257018682835e-09
4.225833697972079891e-09
4.217416138925460404e-09
4.208998579878857461e-09
4.200581020832253690e-09
4.192163461785634203e-09
4.183745902739018852e-09
4.175328343692420871e-09
4.166910784645818755e-09
4.158493225599204231e-09
4.150184850846861854e-09
4.141958609268878886e-09
4.133732367690907498e-09
4.125506126112930321e-09
4.117279884534948180e-09
4.109053642956976792e-09
4.100827401378993824e-09
4.092601159801022437e-09
4.084374918223045259e-09
4.076148676645073872e-09
4.067922435067091731e-09
4.059696193489114553e-09
4.051469951911132413e-09
4.043243710333154408e-09
4.035017468755178057e-09
4.026891806418088265e-09
4.018834878174206515e-09
4.010777949930319801e-09
4.002721021686447977e-09
3.994664093442566227e-09
3.986607165198683649e-09
3.978550236954801071e-09
3.970493308710919321e-09
3.962436380467043361e-09
3.954379452223155820e-09
3.946322523979279033e-09
3.938265595735396455e-09
3.930208667491518841e-09
3.922151739247631300e-09
3.914094811003754513e-09
3.906127998622966602e-09
3.898250226264133317e-09
3.890372453905305822e-09
3.882494681546471710e-09
3.874616909187650005e-09
3.866739136828811757e-09
3.858861364469994188e-09
3.850983592111155939e-09
3.843105819752333407e-09
