2.925677165995108987e-06
2.926517583835562212e-06
2.924265236243163038e-06
2.919079343058138498e-06
2.911249051991913193e-06
2.900879972090161387e-06
2.888075818151496165e-06
2.873136089822899296e-06
2.856117026256571143e-06
2.837174230977486217e-06
2.816538493151928309e-06
2.794218287607630330e-06
2.770548514015409646e-06
2.745429678777255945e-06
2.719210389412306882e-06
2.691813113424418382e-06
2.663538231349604672e-06
2.634333393335060642e-06
2.604484722089558556e-06
2.573908016849671349e-06
2.542905799591330858e-06
2.511382159136991885e-06
2.479585705751077317e-06
2.447490808631268642e-06
2.415240067009847127e-06
2.382907691585123726e-06
2.350489410362633972e-06
2.318210965213918552e-06
2.285979929462070601e-06
2.253961022261305637e-06
2.222167890474516613e-06
2.190612477542806332e-06
2.159450092575791445e-06
2.128629233195070728e-06
2.098201820371254877e-06
2.068273421593328156e-06
2.038805636415680971e-06
2.009838923763409686e-06
1.981452020441960213e-06
1.953603922039771012e-06
1.926328294840694623e-06
1.899687995406991673e-06
1.873637423069187408e-06
1.848200617585117397e-06
1.823457005916922257e-06
1.799331020601574393e-06
1.775805497232399306e-06
1.753002270273636286e-06
1.730828602205643512e-06
1.709279521953159214e-06
1.688390004132297607e-06
1.668164466045440384e-06
1.648537697198348038e-06
1.629542524333460476e-06
1.611187607495791643e-06
1.593414903451176570e-06
1.576244776840887139e-06
1.559632357063471379e-06
1.543626353875956282e-06
1.528138654935904344e-06
1.513187068302663366e-06
1.498757288473509011e-06
1.484834541438816215e-06
1.471401214799728662e-06
1.458401719814776740e-06
1.445873446417984736e-06
1.433787004427018757e-06
1.422064970845749579e-06
1.410780749368658439e-06
1.399824168781699737e-06
1.389234041906987740e-06
1.378990094844022498e-06
1.369042197245443478e-06
1.359353397336763882e-06
1.349971867522587254e-06
1.340849075836000316e-06
1.331941256981301703e-06
1.323237285293188100e-06
1.314715332160626475e-06
1.306416561335050381e-06
1.298256378917876106e-06
1.290231650849126796e-06
1.282319803284367950e-06
1.274505811992046940e-06
1.266827496299805080e-06
1.259207646084516466e-06
1.251641212508254291e-06
1.244113682525366631e-06
1.236619696351940099e-06
1.229166188133896828e-06
1.221718637893527899e-06
1.214262775727767667e-06
1.206785561190159386e-06
1.199276602808088846e-06
1.191757567991144685e-06
1.184201050898030498e-06
1.176588251618356853e-06
1.168913521035826705e-06
1.161169519431152121e-06
1.153365877606171118e-06
1.145511769098947745e-06
1.137577435676185249e-06
1.129558014384453968e-06
1.121451237789927270e-06
1.113259520234218490e-06
1.104995465680598989e-06
1.096666296770839312e-06
1.088249564579016291e-06
1.079746027821954212e-06
1.071157282712096210e-06
1.062488290840397792e-06
1.053758958558209495e-06
1.044970025710947738e-06
1.036109728784336889e-06
1.027182909251437106e-06
1.018195564511638659e-06
1.009152999711154337e-06
1.000075636760701117e-06
9.909724165219804686e-07
9.818365837333004589e-07
9.726676428399739434e-07
9.634780778230144361e-07
9.542695946197178295e-07
9.450498759184020692e-07
9.358530787135114918e-07
9.266726726522968205e-07
9.175001577237791091e-07
9.083442622775936558e-07
8.992277361891658885e-07
8.901449737268268380e-07
8.811067001649188767e-07
8.721291278897337554e-07
8.632162142593419015e-07
8.543557422801007671e-07
8.455836855977063694e-07
8.368922472537139194e-07
8.282771200503308940e-07
8.197425033905576614e-07
8.113119910291704908e-07
8.030134551282127053e-07
7.948061105928747082e-07
7.866997957395638630e-07
7.787045958336193306e-07
7.708604293140889520e-07
7.631275838404115306e-07
7.555145507763077688e-07
7.480295545482070610e-07
7.407080555525667660e-07
7.335096411395976767e-07
7.264373568316321176e-07
7.195033284966865209e-07
7.127524540686962592e-07
7.061182695809641160e-07
6.996078074014098550e-07
6.932743214035312782e-07
6.870975531351583699e-07
6.810366804647443096e-07
6.750927017638028507e-07
6.693742253684180305e-07
6.637655438892994141e-07
6.582655482832609213e-07
6.529453709085756812e-07
6.477682593461184349e-07
6.427007981910723563e-07
6.377831071627878527e-07
6.330118941446744616e-07
6.283445706040474458e-07
6.238323564777657756e-07
6.194494043796134987e-07
6.151557529973816724e-07
6.110095352397244298e-07
6.069884273818369693e-07
6.030473257551805103e-07
5.992392107092585426e-07
5.955411335631055759e-07
5.919196577212207570e-07
5.884412330538577624e-07
5.850313345155715511e-07
5.816906426594768925e-07
5.784875862914589735e-07
5.753373624800138111e-07
5.722714210473024439e-07
5.692860879816274662e-07
5.663450144814794721e-07
5.635167386557424463e-07
5.607323229861822738e-07
5.579971846836907392e-07
5.553329346102562549e-07
5.526991428098363197e-07
5.501404517451306714e-07
5.476144578724626624e-07
5.451203448498612737e-07
5.426755736436492403e-07
5.402484961681279740e-07
5.378690273208623826e-07
5.355048138718917626e-07
5.331610635725219924e-07
5.308406380959885188e-07
5.285298278403362945e-07
5.262446302327451121e-07
5.239627721138393602e-07
5.216899515727572095e-07
5.194198630879166278e-07
5.171528317656688626e-07
5.148837908719736199e-07
5.126138879135702975e-07
5.103347370989012831e-07
5.080534062215781217e-07
5.057619675575118834e-07
5.034650748484123066e-07
5.011555653279069164e-07
4.988340393728633883e-07
4.964992284351218683e-07
4.941449544476783802e-07
4.917794493058775602e-07
4.893886048173483420e-07
4.869905799727339910e-07
4.845617966611349400e-07
4.821292084025230555e-07
4.796687313776677537e-07
4.772038307384348347e-07
4.747090831022381498e-07
4.722070385091366484e-07
4.696786432113875096e-07
4.671399903650893614e-07
4.645762295621438187e-07
4.620021724831580473e-07
4.594088677999925773e-07
4.568057553550074222e-07
4.541874400207650099e-07
4.515616068524840847e-07
4.489254275180964027e-07
4.462815318333021113e-07
4.436275923231727778e-07
4.409676359953009903e-07
4.382997989635578494e-07
4.356288651252552115e-07
4.329535860277455773e-07
4.302779013007170994e-07
4.276015655970580695e-07
4.249275639945063412e-07
4.222581718391495652e-07
4.195929712992317971e-07
4.169389460119019393e-07
4.142880307448775842e-07
4.116500674355617471e-07
4.090145994135037911e-07
4.064019424344708230e-07
4.037892854554367432e-07
4.012083070672042594e-07
3.986277270902733074e-07
3.960771121809418444e-07
3.935313577805176765e-07
3.910194552937052318e-07
3.885209115360612220e-07
3.860491184433387612e-07
3.835985771633813200e-07
3.811671067134344128e-07
3.787666176917069635e-07
3.763778866627614528e-07
3.740398940294545836e-07
3.717019013961462321e-07
3.694226980411956873e-07
3.671447857554283828e-07
3.649131505459159587e-07
3.626967763475991240e-07
3.605172935790077169e-07
3.583734691586314134e-07
3.562459851447136974e-07
3.541680881589220689e-07
3.520901911731298051e-07
3.500772730669115559e-07
3.480663684191838203e-07
3.461080072458020695e-07
3.441749865671986447e-07
3.422661398722430073e-07
3.403999350127774721e-07
3.385358411666872038e-07
3.367370843115684634e-07
3.349383274564500936e-07
3.331888620274404088e-07
3.314622744686797096e-07
3.297553634653425076e-07
3.280908939387960285e-07
3.264264244122503435e-07
3.248219247129075142e-07
3.232217692933583898e-07
3.216557045817646382e-07
3.201198793481626971e-07
3.185899032347470434e-07
3.171077075988166710e-07
3.156255119628856633e-07
3.141798970283584730e-07
3.127523232964502032e-07
3.113353494278512147e-07
3.099578413457981906e-07
3.085803332637445842e-07
3.072345704674460241e-07
3.059002557154060702e-07
3.045763866116734189e-07
3.032857262680583649e-07
3.019950659244433639e-07
3.007311813438266771e-07
2.994774764266644005e-07
2.982296073407421325e-07
2.970065210600243712e-07
2.957834347793052334e-07
2.945793197694155061e-07
2.933860017062918663e-07
2.921942466241597007e-07
2.910251605249854605e-07
2.898560744258119614e-07
2.886960726228705776e-07
2.875462307838049420e-07
2.863963889447389888e-07
2.852634855933861689e-07
2.841333441648027514e-07
2.830063210634977054e-07
2.818898802915660316e-07
2.807734395196349401e-07
2.796627892899462697e-07
2.785564137548105797e-07
2.774500382196742015e-07
2.763533223724196245e-07
2.752576472348629453e-07
2.741628760712287656e-07
2.730715103086251572e-07
2.719801445460214960e-07
2.708905510199653600e-07
2.698027566615311823e-07
2.687149623030973751e-07
2.676295038672215197e-07
2.665447751633181827e-07
2.654600556185750162e-07
2.643766702795326049e-07
2.632932849404906701e-07
2.622104495430388618e-07
2.611294487407872413e-07
2.600484479385355679e-07
2.589685737770501924e-07
2.578901735037545620e-07
2.568117732304591435e-07
2.557350257829172562e-07
2.546593153184931053e-07
2.535836048540691662e-07
2.525105904903538305e-07
2.514383625031920662e-07
2.503661345160305137e-07
2.492984972507706053e-07
2.482313017847921733e-07
2.471642920614792951e-07
2.461036429695987104e-07
2.450429938777179139e-07
2.439833734161756078e-07
2.429311206080237069e-07
2.418788677998715413e-07
2.408287097333903437e-07
2.397872293859788440e-07
2.387457490385675561e-07
2.377069580049814062e-07
2.366764979226154681e-07
2.356460378402499006e-07
2.346193651331164607e-07
2.336028764975958618e-07
2.325863878620741513e-07
2.315741360138658466e-07
2.305730303933883975e-07
2.295719247729117955e-07
2.285748828648429159e-07
2.275895967083004966e-07
2.266043105517576804e-07
2.256231794080710352e-07
2.246571931234315303e-07
2.236912068387922106e-07
2.227279877895115620e-07
2.217803929305819583e-07
2.208327980716520900e-07
2.198863990642299054e-07
2.189580202486707290e-07
2.180296414331111555e-07
2.171012626175517409e-07
2.161935545419999521e-07
2.152869249205609157e-07
2.143802952991220117e-07
2.134899566180880550e-07
2.126033200607477313e-07
2.117166835034083076e-07
2.108434357956416258e-07
2.099772309651005409e-07
2.091110261345595354e-07
2.082549279556722094e-07
2.074101521661885239e-07
2.065653763767049971e-07
2.057258008547421525e-07
2.049007488628138612e-07
2.040756968708851199e-07
2.032512440569088446e-07
2.024454121874136856e-07
2.016395803179172825e-07
2.008337484484216471e-07
2.000433666307740977e-07
1.992574959038129715e-07
1.984716251768519511e-07
1.976943771387379230e-07
1.969260335719463582e-07
1.961576900051549523e-07
1.953924431492214494e-07
1.946408521437763202e-07
1.938892611383317469e-07
1.931376701328869883e-07
1.924005784381281704e-07
1.916659958152313324e-07
1.909314131923349973e-07
1.902038902270461476e-07
1.894835793561895959e-07
1.887632684853332031e-07
1.880445609956610569e-07
1.873386698955783092e-07
1.866327787954953762e-07
1.859268876954126020e-07
1.852304909631349351e-07
1.845381268062268057e-07
1.838457626493183323e-07
1.831564652400699111e-07
1.824756068764037608e-07
1.817947485127377958e-07
1.811138901490716985e-07
1.804427251686677698e-07
1.797739089386226093e-07
1.791050927085772900e-07
1.784396092622090936e-07
1.777813087388441300e-07
1.771230082154786105e-07
1.764647076921136204e-07
1.758143771742327247e-07
1.751660109411923109e-07
1.745176447081518441e-07
1.738719443549718069e-07
1.732338013357396875e-07
1.725956583165074093e-07
1.719575152972751046e-07
1.713258381999196573e-07
1.706970361097786278e-07
1.700682340196373866e-07
1.694403202467308607e-07
1.688207325144079072e-07
1.682011447820845831e-07
1.675815570497614444e-07
1.669664381070520886e-07
1.663562954482330495e-07
1.657461527894140103e-07
1.651360101305951564e-07
1.645335697664488079e-07
1.639327951272165537e-07
1.633320204879836114e-07
1.627325444845690391e-07
1.621408282881298050e-07
1.615491120916903856e-07
1.609573958952508339e-07
1.603702087627488936e-07
1.597888699404307476e-07
1.592075311181129986e-07
1.586261922957949055e-07
1.580516657429371447e-07
1.574800420914007294e-07
1.569084184398642612e-07
1.563367947883280048e-07
1.557742415693421984e-07
1.552122937281084936e-07
1.546503458868748419e-07
1.540899606754619893e-07
1.535387953339488078e-07
1.529876299924352556e-07
1.524364646509220476e-07
1.518885107357575279e-07
1.513472741733893912e-07
1.508060376110214663e-07
1.502648010486534884e-07
1.497285208311994756e-07
1.491977676071034655e-07
1.486670143830070583e-07
1.481362611589110217e-07
1.476118852683546407e-07
1.470918916564566018e-07
1.465718980445579542e-07
1.460519044326599154e-07
1.455386702821727585e-07
1.450285733425503221e-07
1.445184764029273827e-07
1.440083794633049727e-07
1.435058612084399721e-07
1.430059583999455154e-07
1.425060555914503706e-07
1.420061527829557551e-07
1.415136835431249049e-07
1.410233875577236089e-07
1.405330915723219688e-07
1.400427955869205140e-07
1.395597326909218577e-07
1.390787841276254004e-07
1.385978355643284931e-07
1.381168870010318240e-07
1.376425737417458751e-07
1.371705522181968460e-07
1.366985306946482933e-07
1.362265091710996083e-07
1.357601884319595787e-07
1.352965261476192856e-07
1.348328638632788073e-07
1.343692015789386996e-07
1.339102034185433392e-07
1.334544511450914432e-07
1.329986988716393619e-07
1.325429465981874394e-07
1.320905981271455074e-07
1.316421490985527265e-07
1.311937000699597337e-07
1.307452510413667675e-07
1.302990155465630928e-07
1.298576841715360459e-07
1.294163527965084695e-07
1.289750214214813432e-07
1.285344890923307521e-07
1.280995921661362130e-07
1.276646952399417004e-07
1.272297983137473732e-07
1.267949013875528341e-07
1.263655979876139487e-07
1.259368790498939555e-07
1.255081601121739887e-07
1.250794411744542072e-07
1.246546410206066654e-07
1.242319105500534168e-07
1.238091800795003269e-07
1.233864496089473165e-07
1.229658256023224466e-07
1.225487742529411327e-07
1.221317229035594747e-07
1.217146715541780019e-07
1.212979439680267965e-07
1.208868089341060623e-07
1.204756739001849840e-07
1.200645388662645144e-07
1.196534038323437272e-07
1.192462130649353585e-07
1.188406682246952211e-07
1.184351233844551630e-07
1.180295785442149197e-07
1.176259053820114722e-07
1.172261516767218975e-07
1.168263979714324684e-07
1.164266442661429334e-07
1.160268905608537293e-07
1.156325423033568497e-07
1.152387459671181104e-07
1.148449496308792123e-07
1.144511532946406318e-07
1.140601306764052129e-07
1.136723933173972180e-07
1.132846559583890642e-07
1.128969185993811090e-07
1.125091812403729023e-07
1.121276759624092329e-07
1.117463355042161988e-07
1.113649950460231249e-07
1.109836545878299188e-07
1.106052681623218830e-07
1.102303996138742045e-07
1.098555310654264202e-07
1.094806625169785564e-07
1.091057939685305206e-07
1.087370520326394414e-07
1.083689596687070539e-07
1.080008673047746663e-07
1.076327749408422126e-07
1.072668828010381441e-07
1.069057296632828483e-07
1.065445765255277908e-07
1.061834233877724950e-07
1.058222702500176228e-07
1.054661387852929115e-07
1.051122114068477052e-07
1.047582840284026313e-07
1.044043566499573457e-07
1.040506988824200377e-07
1.037039487924019923e-07
1.033571987023841322e-07
1.030104486123664309e-07
1.026636985223484516e-07
1.023193913898589645e-07
1.019797307688305549e-07
1.016400701478020394e-07
1.013004095267738813e-07
1.009607489057454585e-07
1.006254775432192087e-07
1.002929449791647324e-07
9.996041241511030894e-08
9.962787985105566054e-08
9.929534728700127683e-08
9.896866954010089210e-08
9.864301821171487043e-08
9.831736688332880906e-08
9.799171555494278739e-08
9.766639982906219102e-08
9.734752674753321153e-08
9.702865366600411292e-08
9.670978058447521284e-08
9.639090750294640541e-08
9.607339260118525601e-08
9.576094071583262632e-08
9.544848883048002309e-08
9.513603694512741987e-08
9.482358505977472400e-08
9.451316638342848276e-08
9.420675550129620287e-08
9.390034461916375092e-08
9.359393373703123281e-08
9.328752285489871469e-08
9.298352401120009281e-08
9.268279669007263146e-08
9.238206936894506423e-08
9.208134204781744407e-08
9.178061472668989007e-08
9.148241326483768963e-08
9.118700699069669977e-08
9.089160071655570991e-08
9.059619444241479946e-08
9.030078816827370373e-08
9.000786501238912179e-08
8.971755553140698775e-08
8.942724605042486694e-08
8.913693656944256084e-08
8.884662708846050621e-08
8.855841235111862567e-08
8.827264087415711616e-08
8.798686939719550077e-08
8.770109792023373980e-08
8.741532644327221706e-08
8.713130554821663345e-08
8.684993666585025024e-08
8.656856778348391997e-08
8.628719890111744412e-08
8.600583001875096827e-08
8.572571654614898881e-08
8.544860367055871709e-08
8.517149079496863066e-08
8.489437791937827954e-08
8.461726504378800782e-08
8.434073745606339651e-08
8.406744124653912282e-08
8.379414503701503441e-08
8.352084882749084013e-08
8.324755261796656643e-08
8.297425640844227950e-08
8.270482238057415438e-08
8.243549773682580772e-08
8.216617309307746106e-08
8.189684844932912763e-08
8.162752380558095303e-08
8.136113314364592447e-08
8.109571008909025760e-08
8.083028703453451133e-08
8.056486397997895034e-08
8.029944092542362758e-08
8.003580673792840730e-08
7.977402207984227579e-08
7.951223742175607810e-08
7.925045276366970836e-08
7.898866810558340479e-08
7.872765528875420122e-08
7.846990841553644157e-08
7.821216154231877456e-08
7.795441466910090903e-08
7.769666779588322879e-08
7.743892092266545591e-08
7.718464803489473284e-08
7.693098742039087734e-08
7.667732680588683656e-08
7.642366619138286195e-08
7.617000557687892704e-08
7.591822699434501762e-08
7.566858456044365144e-08
7.541894212654219261e-08
7.516929969264126318e-08
7.491965725873991024e-08
7.467021355880896797e-08
7.442493968467423785e-08
7.417966581053937539e-08
7.393439193640453939e-08
7.368911806226980928e-08
7.344384418813480123e-08
7.320109500205070183e-08
7.296016514697134937e-08
7.271923529189153369e-08
7.247830543681208859e-08
7.223737558173253761e-08
7.199677369175035743e-08
7.176020805549462299e-08
7.152364241923861061e-08
7.128707678298306145e-08
7.105051114672703584e-08
7.081394551047122198e-08
7.057979046365763625e-08
7.034779850106470649e-08
7.011580653847171056e-08
6.988381457587850287e-08
6.965182261328541429e-08
6.941983065069231248e-08
6.919194129894078325e-08
6.896432969314818063e-08
6.873671808735573683e-08
6.850910648156321362e-08
6.828149487577078305e-08
6.805521876523307594e-08
6.783200847742952259e-08
6.760879818962574425e-08
6.738558790182229677e-08
6.716237761401876989e-08
6.693916732621524301e-08
6.671871666037662998e-08
6.649990596276575154e-08
6.628109526515507162e-08
6.606228456754447111e-08
6.584347386993360591e-08
6.562466317232300540e-08
6.540963218563583656e-08
6.519498550585705694e-08
6.498033882607802586e-08
6.476569214629899478e-08
6.455104546651995047e-08
6.433698890824845358e-08
6.412642648251074156e-08
6.391586405677296336e-08
6.370530163103515869e-08
6.349473920529753931e-08
6.328417677955984051e-08
6.307496012249009740e-08
6.286838812111861306e-08
6.266181611974739343e-08
6.245524411837589586e-08
6.224867211700447770e-08
6.204210011563317865e-08
6.183732138781763432e-08
6.163444183974246138e-08
6.143156229166771197e-08
6.122868274359261845e-08
6.102580319551759110e-08
6.082292364744257698e-08
6.062216004203779174e-08
6.042287062839942613e-08
6.022358121476115317e-08
6.002429180112286697e-08
5.982500238748459400e-08
5.962571297384638721e-08
5.942876396886542453e-08
5.923308595215247137e-08
5.903740793543953145e-08
5.884172991872647903e-08
5.864605190201352588e-08
5.845037388530055949e-08
5.825675062310115609e-08
5.806417942285320430e-08
5.787160822260525912e-08
5.767903702235749924e-08
5.748646582210948127e-08
5.729389462186162213e-08
5.710338592187039149e-08
5.691409397540122302e-08
5.672480202893186265e-08
5.653551008246248904e-08
5.634621813599321469e-08
5.615692618952376829e-08
5.596946608127418052e-08
5.578350193163746488e-08
5.559753778200066322e-08
5.541157363236403360e-08
5.522560948272732458e-08
5.503964533309060232e-08
5.485487719628571197e-08
5.467172353921890693e-08
5.448856988215193646e-08
5.430541622508505201e-08
5.412226256801815433e-08
5.393910891095117723e-08
5.375677905529226128e-08
5.357687049273826478e-08
5.339696193018430799e-08
5.321705336763035120e-08
5.303714480507631499e-08
5.285723624252227879e-08
5.267743565770140210e-08
5.250060937005877429e-08
5.232378308241616634e-08
5.214695679477348559e-08
5.197013050713093719e-08
5.179330421948835570e-08
5.161647793184570142e-08
5.144180648183302712e-08
5.126778339309355805e-08
5.109376030435417499e-08
5.091973721561470592e-08
5.074571412687536919e-08
5.057169103813602584e-08
5.039912116957047283e-08
5.022829532863336116e-08
5.005746948769624949e-08
4.988664364675899886e-08
4.971581780582197321e-08
4.954499196488486816e-08
4.937444278209956485e-08
4.920662040503967722e-08
4.903879802797968371e-08
4.887097565091977622e-08
4.870315327385980917e-08
4.853533089679986198e-08
4.836750851974001405e-08
4.820171511364911929e-08
4.803687165150908670e-08
4.787202818936904748e-08
4.770718472722906121e-08
4.754234126508902861e-08
4.737749780294904234e-08
4.721334303493058736e-08
4.705161380307063608e-08
4.688988457121084362e-08
4.672815533935089234e-08
4.656642610749111973e-08
4.640469687563125447e-08
4.624296764377138260e-08
4.608337819930332987e-08
4.592465496413309312e-08
4.576593172896261814e-08
4.560720849379232183e-08
4.544848525862193288e-08
4.528976202345159686e-08
4.513148365985259634e-08
4.497567150900141718e-08
4.481985935815019832e-08
4.466404720729911181e-08
4.450823505644788634e-08
4.435242290559679983e-08
4.419661075474562729e-08
4.404245135878835298e-08
4.388967900596725928e-08
4.373690665314612588e-08
4.358413430032512483e-08
4.343136194750397820e-08
4.327858959468298377e-08
4.312581724186189007e-08
4.297561890530596635e-08
4.282575796079135252e-08
4.267589701627681147e-08
4.252603607176238292e-08
4.237617512724790143e-08
4.222631418273341333e-08
4.207693119426021168e-08
4.192982251290634384e-08
4.178271383155248923e-08
4.163560515019867432e-08
4.148849646884485942e-08
4.134138778749090555e-08
4.119427910613712373e-08
4.104838709018854673e-08
4.090423181377045084e-08
4.076007653735248068e-08
4.061592126093437817e-08
4.047176598451631537e-08
4.032761070809815992e-08
4.018345543168015005e-08
4.004083822271065968e-08
3.989925236624561779e-08
3.975766650978063547e-08
3.961608065331559359e-08
3.947449479685055832e-08
3.933290894038553629e-08
3.919132308392054735e-08
3.905166569996021480e-08
3.891270998792649094e-08
3.877375427589267444e-08
3.863479856385899691e-08
3.849584285182513409e-08
3.835688713979145656e-08
3.821793142775773933e-08
3.808123444910103479e-08
3.794504883300839979e-08
3.780886321691567876e-08
3.767267760082308347e-08
3.753649198473053450e-08
3.740030636863779362e-08
3.726412075254520494e-08
3.712988904110412993e-08
3.699601643993118568e-08
3.686214383875818187e-08
3.672827123758515158e-08
3.659439863641234630e-08
3.646052603523922337e-08
3.632665343406628573e-08
3.619491756488286871e-08
3.606364803696566743e-08
3.593237850904870438e-08
3.580110898113163545e-08
3.566983945321453343e-08
3.553856992529747112e-08
3.540730039738045513e-08
3.527792280039039138e-08
3.514919854877300218e-08
3.502047429715550709e-08
3.489175004553802525e-08
3.476302579392066913e-08
3.463430154230318728e-08
3.450557729068584440e-08
3.437817363847992025e-08
3.425160822869494055e-08
3.412504281891004025e-08
3.399847740912510025e-08
3.387191199934016686e-08
3.374534658955522686e-08
3.361878117977028686e-08
3.349328944171355741e-08
3.336924643185023051e-08
3.324520342198689700e-08
3.312116041212343775e-08
3.299711740226006453e-08
3.287307439239673763e-08
3.274903138253336441e-08
3.262543600593010678e-08
3.250381644332359662e-08
3.238219688071708646e-08
3.226057731811062924e-08
3.213895775550401982e-08
3.201733819289760231e-08
3.189571863029110538e-08
3.177409906768459522e-08
3.165445127332240618e-08
3.153505101870766615e-08
3.141565076409289965e-08
3.129625050947821917e-08
3.117685025486339974e-08
3.105745000024867294e-08
3.093804974563390644e-08
3.081994263073666731e-08
3.070295275989809056e-08
3.058596288905961969e-08
3.046897301822108926e-08
3.035198314738260516e-08
3.023499327654404164e-08
3.011800340570551122e-08
3.000131787291450573e-08
2.988669893085367788e-08
2.977207998879274746e-08
2.965746104673191300e-08
2.954284210467107522e-08
2.942822316261020105e-08
2.931360422054931696e-08
2.919898527848848580e-08
2.908575811385399197e-08
2.897323630255105643e-08
2.886071449124806794e-08
2.874819267994521842e-08
2.863567086864222994e-08
2.852314905733933079e-08
2.841062724603639524e-08
2.829843872837476884e-08
2.818826502180181986e-08
2.807809131522883118e-08
2.796791760865589213e-08
2.785774390208275456e-08
2.774757019550981220e-08
2.763739648893677719e-08
2.752722278236369917e-08
2.741833352214975590e-08
2.731044214831654074e-08
2.720255077448350755e-08
2.709465940065043797e-08
2.698676802681735515e-08
2.687887665298414991e-08
2.677098527915111673e-08
2.666309390531794457e-08
2.655709106829384131e-08
2.645123975007726454e-08
2.634538843186076717e-08
2.623953711364423342e-08
2.613368579542773606e-08
2.602783447721124200e-08
2.592198315899464538e-08
2.581666343454021099e-08
2.571311988035303790e-08
2.560957632616581848e-08
2.550603277197856267e-08
2.540248921779142928e-08
2.529894566360421979e-08
2.519540210941695406e-08
2.509185855522978427e-08
2.498928950511185800e-08
2.488779237498028877e-08
2.478629524484872616e-08
2.468479811471706099e-08
2.458330098458553478e-08
2.448180385445392254e-08
2.438030672432235331e-08
2.427880959419078409e-08
2.417863062027772956e-08
2.407912218640659953e-08
2.397961375253533715e-08
2.388010531866426337e-08
2.378059688479310025e-08
2.368108845092188750e-08
2.358158001705076739e-08
2.348207158317959766e-08
2.338429974836884772e-08
2.328699016675428987e-08
2.318968058513978165e-08
2.309237100352526350e-08
2.299506142191070896e-08
2.289775184029619743e-08
2.280044225868164620e-08
2.270313267706709166e-08
2.260745710268997183e-08
2.251205508093488585e-08
2.241665305917971054e-08
2.232125103742453192e-08
2.222584901566931359e-08
2.213044699391422430e-08
2.203504497215905230e-08
2.193964295040392330e-08
2.184598559670046380e-08
2.175260561439889139e-08
2.165922563209732559e-08
2.156584564979588883e-08
2.147246566749436604e-08
2.137908568519283995e-08
2.128570570289126753e-08
2.119232572058978776e-08
2.110060850044054722e-08
2.100928638275129076e-08
2.091796426506203760e-08
2.082664214737278444e-08
2.073532002968357429e-08
2.064399791199435753e-08
2.055267579430509114e-08
2.046135367661583467e-08
2.037127030330435101e-08
2.028173915220097008e-08
2.019220800109753952e-08
2.010267684999419499e-08
2.001314569889076443e-08
1.992361454778733387e-08
1.983408339668395294e-08
1.974455224558052238e-08
1.965601863281967137e-08
1.956843074143513148e-08
1.948084285005045925e-08
1.939325495866575062e-08
1.930566706728111808e-08
1.921807917589653518e-08
1.913049128451186295e-08
1.904290339312719733e-08
1.895585383583386534e-08
1.887024119053512847e-08
1.878462854523638829e-08
1.869901589993779038e-08
1.861340325463909653e-08
1.852779060934040929e-08
1.844217796404166580e-08
1.835656531874302157e-08
1.827095267344428801e-08
1.818704425565512717e-08
1.810319070626273624e-08
1.801933715687034530e-08
1.793548360747791136e-08
1.785163005808552373e-08
1.776777650869312949e-08
1.768392295930073856e-08
1.760006940990830461e-08
1.751734947681051880e-08
1.743538008372216156e-08
1.735341069063383078e-08
1.727144129754553310e-08
1.718947190445721225e-08
1.710750251136886493e-08
1.702553311828054409e-08
1.694356372519221662e-08
1.686192537741318330e-08
1.678189644526411495e-08
1.670186751311497381e-08
1.662183858096590215e-08
1.654180964881680733e-08
1.646178071666766619e-08
1.638175178451852836e-08
1.630172285236943685e-08
1.622169392022029571e-08
1.614271919396197611e-08
1.606425169422521717e-08
1.598578419448848139e-08
1.590731669475175554e-08
1.582884919501493043e-08
1.575038169527823766e-08
1.567191419554147872e-08
1.559344669580474294e-08
1.551519299379294151e-08
1.543858751054360077e-08
1.536198202729430966e-08
1.528537654404497223e-08
1.520877106079558517e-08
1.513216557754631391e-08
1.505556009429701950e-08
1.497895461104766221e-08
1.490234912779832147e-08
1.482664330792013671e-08
1.475187722005632000e-08
1.467711113219249997e-08
1.460234504432866341e-08
1.452757895646479210e-08
1.445281286860092907e-08
1.437804678073704452e-08
1.430328069287320299e-08
1.422851460500943095e-08
1.415499047218862309e-08
1.408178166203011019e-08
1.400857285187169985e-08
1.393536404171322997e-08
1.386215523155473361e-08
1.378894642139621574e-08
1.371573761123778887e-08
1.364252880107931402e-08
1.356939194197431880e-08
1.349800269673970934e-08
1.342661345150515282e-08
1.335522420627054171e-08
1.328383496103589089e-08
1.321244571580131617e-08
1.314105647056668686e-08
1.306966722533203273e-08
1.299827798009744809e-08
1.292724998023957251e-08
1.285754345076811754e-08
1.278783692129666258e-08
1.271813039182522250e-08
1.264842386235378573e-08
1.257871733288233076e-08
1.250901080341089399e-08
1.243930427393946053e-08
1.236959774446800391e-08
1.230037802666113197e-08
1.223218138024772590e-08
1.216398473383439923e-08
1.209578808742103121e-08
1.202759144100772936e-08
1.195939479459430839e-08
1.189119814818100820e-08
1.182300150176763852e-08
1.175480485535429035e-08
1.168723770890371292e-08
1.162077886673774834e-08
1.155432002457176557e-08
1.148786118240585063e-08
1.142140234023986124e-08
1.135494349807392314e-08
1.128848465590796022e-08
1.122202581374204362e-08
1.115556697157603768e-08
1.108963695821458305e-08
1.102476320604320296e-08
1.095988945387184769e-08
1.089501570170039978e-08
1.083014194952906767e-08
1.076526819735768758e-08
1.070039444518621154e-08
1.063552069301487943e-08
1.057064694084352085e-08
1.050613724653043706e-08
1.044280572692013532e-08
1.037947420730983688e-08
1.031614268769953844e-08
1.025281116808923504e-08
1.018947964847897961e-08
1.012614812886867787e-08
1.006281660925835792e-08
9.999485089648082644e-09
9.936266999632104321e-09
9.874579195542502959e-09
9.812891391452807298e-09
9.751203587363162923e-09
9.689515783273492078e-09
9.627827979183801380e-09
9.566140175094123918e-09
9.504452371004479542e-09
9.442764566914807043e-09
9.381076762825159359e-09
9.320620975006651274e-09
9.260414060302467036e-09
9.200207145598223240e-09
9.140000230893952974e-09
9.079793316189727376e-09
9.019586401485483580e-09
8.959379486781302650e-09
8.899172572077052237e-09
8.838965657372834911e-09
8.779531298215524276e-09
8.720797796649161686e-09
8.662064295082686600e-09
8.603330793516280997e-09
8.544597291949870431e-09
8.485863790383413543e-09
8.427130288816981471e-09
8.368396787250529546e-09
8.309663285684122288e-09
8.251159500273957377e-09
8.194003389262449410e-09
8.136847278250939790e-09
8.079691167239471528e-09
8.022535056227985068e-09
7.965378945216457250e-09
7.908222834204922813e-09
7.851066723193416501e-09
7.793910612181951548e-09
7.736754501170461780e-09
7.680590779430512624e-09
7.624861949917556846e-09
7.569133120404576252e-09
7.513404290891598967e-09
7.457675461378633262e-09
7.401946631865722979e-09
7.346217802352720051e-09
7.290488972839740285e-09
7.234760143326803531e-09
7.179282157608289721e-09
7.125005029539257478e-09
7.070727901470291409e-09
7.016450773401259165e-09
6.962173645332223613e-09
6.907896517263147529e-09
6.853619389194158299e-09
6.799342261125123573e-09
6.745065133056112837e-09
6.690788004987102100e-09
6.637391471627343545e-09
6.584639031901288019e-09
6.531886592175179555e-09
6.479134152449057028e-09
6.426381712722946081e-09
6.373629272996819419e-09
6.320876833270713435e-09
6.268124393544588427e-09
6.215371953818485752e-09
6.162619514092383078e-09
6.111036096548199313e-09
6.059569656752860452e-09
6.008103216957521591e-09
5.956636777162224917e-09
5.905170337366953058e-09
5.853703897571635704e-09
5.802237457776339029e-09
5.750771017981022503e-09
5.699304578185727482e-09
5.648074153652291088e-09
5.598023741060184345e-09
5.547973328468077603e-09
5.497922915875920403e-09
5.447872503283838476e-09
5.397822090691662251e-09
5.347771678099555509e-09
5.297721265507428914e-09
5.247670852915299838e-09
5.197620440323170762e-09
5.148080779651632504e-09
5.099490061195558462e-09
5.050899342739481111e-09
5.002308624283426094e-09
4.953717905827307384e-09
4.905127187371275528e-09
4.856536468915198177e-09
4.807945750459120827e-09
4.759355032003048439e-09
4.710764313546969434e-09
4.662739949121962622e-09
4.615385388703667423e-09
4.568030828285429300e-09
4.520676267867140719e-09
4.473321707448879434e-09
4.425967147030615669e-09
4.378612586612332878e-09
4.331258026194109644e-09
4.283903465775846705e-09
4.236548905357561433e-09
4.189881452249770026e-09
4.143926690807250232e-09
4.097971929364751945e-09
4.052017167922209818e-09
4.006062406479690024e-09
3.960107645037170231e-09
3.914152883594605769e-09
3.868198122152154632e-09
3.822243360709587689e-09
3.776288599267039771e-09
3.730947993801128764e-09
3.686365829919468791e-09
3.641783666037852245e-09
3.597201502156169939e-09
3.552619338274528578e-09
3.508037174392846272e-09
3.463455010511229726e-09
3.418872846629547420e-09
3.374290682747884552e-09
3.329708518866224166e-09
3.285499433897721391e-09
3.242057093070541100e-09
3.198614752243410854e-09
3.155172411416255793e-09
3.111730070589075503e-09
3.068287729761920442e-09
3.024845388934743046e-09
2.981403048107635134e-09
2.937960707280451949e-09
2.894518366453294406e-09
2.851251418320286279e-09
2.809159367892672740e-09
2.767067317465064164e-09
2.724975267037428705e-09
2.682883216609814752e-09
2.640791166182181361e-09
2.598699115754567822e-09
2.556607065326931536e-09
2.514515014899323787e-09
2.472422964471687914e-09
2.430330914044095882e-09
2.389338999209539211e-09
2.348534275837216457e-09
2.307729552464893704e-09
2.266924829092571364e-09
2.226120105720273426e-09
2.185315382347967216e-09
2.144510658975622543e-09
2.103705935603299789e-09
2.062901212230977450e-09
2.022096488858677030e-09
1.981873471428783956e-09
1.942230283881908393e-09
1.902587096335095696e-09
1.862943908788197800e-09
1.823300721241319342e-09
1.783657533694506852e-09
1.744014346147628188e-09
1.704371158600796466e-09
1.664727971053984182e-09
1.625084783507086079e-09
1.585528575247255002e-09
1.547165458588072988e-09
1.508802341928849616e-09
1.470439225269620660e-09
1.432076108610391704e-09
1.393712991951212380e-09
1.355349875291961297e-09
1.316986758632759845e-09
1.278623641973577831e-09
1.240260525314376379e-09
1.201897408655172446e-09
1.164198761420738981e-09
1.127032005823992786e-09
1.089865250227295808e-09
1.052698494630529967e-09
1.015531739033786460e-09
9.783649834370425401e-10
9.411982278402769062e-10
9.040314722435772400e-10
8.668647166468336298e-10
8.296979610500898128e-10
7.925312054533460992e-10
7.564221980835208911e-10
7.203543116038198362e-10
6.842864251241656203e-10
6.482185386444425417e-10
6.121506521647994928e-10
5.760827656851093981e-10
5.400148792054441187e-10
5.039469927257762544e-10
4.678791062460889514e-10
4.318112197664209837e-10
3.960957514145659567e-10
3.612479550383918904e-10
3.264001586622838952e-10
2.915523622860987653e-10
2.567045659099880818e-10
2.218567695338250273e-10
1.870089731577170579e-10
1.521611767815429658e-10
1.173133804053881314e-10
8.246558402928020083e-11
4.761778765312539881e-11
1.337495528027874667e-11
-2.033908372138285665e-11
-5.405312272303067255e-11
-8.776716172468951645e-11
-1.214812007263263044e-10
-1.551952397279961924e-10
-1.889092787296329674e-10
-2.226233177313028296e-10
-2.563373567329396304e-10
-2.900513957346094926e-10
-3.237654347362683430e-10
-3.567193239231329824e-10
-3.893414990793927330e-10
-4.219636742356718189e-10
-4.545858493919481130e-10
-4.872080245481968517e-10
-5.198301997044758859e-10
-5.524523748607329998e-10
-5.850745500169899070e-10
-6.176967251732896207e-10
-6.503189003295467346e-10
-6.829410754858050893e-10
-7.146619712670401883e-10
-7.461227433284137007e-10
-7.775835153897651893e-10
-8.090442874511166779e-10
-8.405050595125247250e-10
-8.719658315738637025e-10
-9.034266036352385590e-10
-9.348873756965692647e-10
-9.663481477579524964e-10
-9.978089198192943690e-10
-1.029269691880678841e-09
-1.059932325261667829e-09
-1.090359847703762440e-09
-1.120787370145850019e-09
-1.151214892587914231e-09
-1.181642415030011529e-09
-1.212069937472130955e-09
-1.242497459914196614e-09
-1.272924982356292259e-09
-1.303352504798367637e-09
-1.333780027240485615e-09
-1.364207549682528941e-09
-1.393920070487241209e-09
-1.423303556052046201e-09
-1.452687041616818312e-09
-1.482070527181602832e-09
-1.511454012746385903e-09
-1.540837498311157808e-09
-1.570220983875963214e-09
-1.599604469440714439e-09
-1.628987955005512607e-09
-1.658371440570319253e-09
-1.687754926135069031e-09
-1.716574004643316776e-09
-1.744856315036213693e-09
-1.773138625429128807e-09
-1.801420935822010628e-09
-1.829703246214904857e-09
-1.857985556607797638e-09
-1.886267867000702826e-09
-1.914550177393586301e-09
-1.942832487786490042e-09
-1.971114798179371863e-09
-1.999397108572275604e-09
-2.027428463384442215e-09
-2.054726354357188426e-09
-2.082024245329901963e-09
-2.109322136302623773e-09
-2.136620027275374120e-09
-2.163917918248075249e-09
-2.191215809220810707e-09
-2.218513700193511423e-09
-2.245811591166255152e-09
-2.273109482138980684e-09
-2.300407373111691740e-09
-2.327705264084428438e-09
-2.354070371558445200e-09
-2.380344715858371201e-09
-2.406619060158339801e-09
-2.432893404458265801e-09
-2.459167748758212481e-09
-2.485442093058138481e-09
-2.511716437358107494e-09
-2.537990781658012402e-09
-2.564265125957978934e-09
-2.590539470257918582e-09
-2.616813814557867744e-09
-2.642588485439304709e-09
-2.667824191349461467e-09
-2.693059897259666201e-09
-2.718295603169867627e-09
-2.743531309080047546e-09
-2.768767014990226224e-09
-2.794002720900406143e-09
-2.819238426810619562e-09
-2.844474132720767221e-09
-2.869709838630978987e-09
-2.894945544541158906e-09
-2.920181250451337584e-09
-2.944558942784177287e-09
-2.968904174215307563e-09
-2.993249405646437425e-09
-3.017594637077567287e-09
-3.041939868508708729e-09
-3.066285099939833215e-09
-3.090630331370951910e-09
-3.114975562802091698e-09
-3.139320794233201294e-09
-3.163666025664318748e-09
-3.188011257095481697e-09
-3.212006181812314566e-09
-3.235373018794844559e-09
-3.258739855777329471e-09
-3.282106692759848296e-09
-3.305473529742331140e-09
-3.328840366724860306e-09
-3.352207203707336532e-09
-3.375574040689852876e-09
-3.398940877672349782e-09
-3.422307714654857027e-09
-3.445674551637363445e-09
-3.469041388619860351e-09
-3.491757350903870108e-09
-3.514143808659698822e-09
-3.536530266415539944e-09
-3.558916724171353355e-09
-3.581303181927180414e-09
-3.603689639682984313e-09
-3.626076097438810132e-09
-3.648462555194626438e-09
-3.670849012950450602e-09
-3.693235470706276421e-09
-3.715621928462092727e-09
-3.738008386217918959e-09
-3.759640626659005274e-09
-3.781170452595580908e-09
-3.802700278532145789e-09
-3.824230104468730523e-09
-3.845759930405307811e-09
-3.867289756341871038e-09
-3.888819582278446672e-09
-3.910349408215014035e-09
-3.931879234151591324e-09
-3.953409060088165304e-09
-3.974938886024740938e-09
-3.996462141824147584e-09
-4.017052413847628636e-09
-4.037642685871098935e-09
-4.058232957894578333e-09
-4.078823229918023816e-09
-4.099413501941514794e-09
-4.120003773964995019e-09
-4.140594045988475244e-09
-4.161184318011945543e-09
-4.181774590035426595e-09
-4.202364862058905992e-09
-4.222955134082364711e-09
-4.243506438421614304e-09
-4.263187454694426220e-09
-4.282868470967243927e-09
-4.302549487240048398e-09
-4.322230503512861969e-09
-4.341911519785663959e-09
-4.361592536058478357e-09
-4.381273552331302681e-09
-4.400954568604115424e-09
-4.420635584876930649e-09
-4.440316601149721058e-09
-4.459997617422547037e-09
-4.479678633695360607e-09
-4.498580047510808815e-09
-4.517471468282609522e-09
-4.536362889054416846e-09
-4.555254309826216726e-09
-4.574145730597991790e-09
-4.593037151369803250e-09
-4.611928572141589895e-09
-4.630819992913401355e-09
-4.649711413685211988e-09
-4.668602834456987880e-09
-4.687494255228798513e-09
-4.706385676000596738e-09
-4.724532533673304291e-09
-4.742537313504497338e-09
-4.760542093335745807e-09
-4.778546873166938028e-09
-4.796551652998174089e-09
-4.814556432829388644e-09
-4.832561212660604852e-09
-4.850565992491818580e-09
-4.868570772323034788e-09
-4.886575552154270850e-09
-4.904580331985474651e-09
-4.922585111816721465e-09
-4.940083217179606559e-09
-4.957242683993264950e-09
-4.974402150806917551e-09
-4.991561617620566843e-09
-5.008721084434235161e-09
-5.025880551247861292e-09
-5.043040018061522992e-09
-5.060199484875158222e-09
-5.077358951688829849e-09
-5.094518418502487413e-09
-5.111677885316148286e-09
-5.128837352129795096e-09
-5.145789850305616999e-09
-5.162169897859026349e-09
-5.178549945412457206e-09
-5.194929992965864075e-09
-5.211310040519285833e-09
-5.227690088072705936e-09
-5.244070135626115286e-09
-5.260450183179544489e-09
-5.276830230732948049e-09
-5.293210278286366498e-09
-5.309590325839775848e-09
-5.325970373393186025e-09
-5.342350420946606956e-09
-5.358035878249687568e-09
-5.373586555757416519e-09
-5.389137233265138024e-09
-5.404687910772847949e-09
-5.420238588280557047e-09
-5.435789265788242984e-09
-5.451339943295952082e-09
-5.466890620803660352e-09
-5.482441298311371104e-09
-5.497991975819091783e-09
-5.513542653326789300e-09
-5.529093330834509978e-09
-5.544401730034484391e-09
-5.559182098728387316e-09
-5.573962467422299340e-09
-5.588742836116197302e-09
-5.603523204810108499e-09
-5.618303573503998190e-09
-5.633083942197898633e-09
-5.647864310891830510e-09
-5.662644679585720200e-09
-5.677425048279608236e-09
-5.692205416973529360e-09
-5.706985785667428149e-09
-5.721766154361328593e-09
-5.736040583909645253e-09
-5.750093930467431363e-09
-5.764147277025195966e-09
-5.778200623582983729e-09
-5.792253970140756604e-09
-5.806307316698531133e-09
-5.820360663256318069e-09
-5.834414009814095080e-09
-5.848467356371872090e-09
-5.862520702929647447e-09
-5.876574049487426111e-09
-5.890627396045203122e-09
-5.904680742602993367e-09
-5.917974858631559259e-09
-5.931254203744086901e-09
-5.944533548856598827e-09
-5.957812893969117371e-09
-5.971092239081645013e-09
-5.984371584194168519e-09
-5.997650929306695334e-09
-6.010930274419224631e-09
-6.024209619531739865e-09
-6.037488964644264199e-09
-6.050768309756791841e-09
-6.064047654869308730e-09
-6.077205616701360340e-09
-6.089765930928784466e-09
-6.102326245156244162e-09
-6.114886559383687313e-09
-6.127446873611126329e-09
-6.140007187838569481e-09
-6.152567502066039930e-09
-6.165127816293472328e-09
-6.177688130520907208e-09
-6.190248444748378484e-09
-6.202808758975820808e-09
-6.215369073203249071e-09
-6.227929387430714556e-09
-6.240307895719744495e-09
-6.252165880312097499e-09
-6.264023864904426515e-09
-6.275881849496777865e-09
-6.287739834089129215e-09
-6.299597818681473947e-09
-6.311455803273818680e-09
-6.323313787866177474e-09
-6.335171772458511453e-09
-6.347029757050852049e-09
-6.358887741643203399e-09
-6.370745726235534070e-09
-6.382603710827895346e-09
-6.394281953400937134e-09
-6.405421852495595392e-09
-6.416561751590250341e-09
-6.427701650684916871e-09
-6.438841549779587537e-09
-6.449981448874229251e-09
-6.461121347968906534e-09
-6.472261247063555693e-09
-6.483401146158222223e-09
-6.494541045252873036e-09
-6.505680944347537084e-09
-6.516820843442193688e-09
-6.527960742536864354e-09
-6.539008423922267681e-09
-6.549500727012977108e-09
-6.559993030103679089e-09
-6.570485333194378589e-09
-6.580977636285086361e-09
-6.591469939375794133e-09
-6.601962242466508522e-09
-6.612454545557212986e-09
-6.622946848647926548e-09
-6.633439151738618603e-09
-6.643931454829338783e-09
-6.654423757920030838e-09
-6.664916061010739437e-09
-6.675408364101442246e-09
-6.685289548075560625e-09
-6.695127814717769806e-09
-6.704966081359985605e-09
-6.714804348002188168e-09
-6.724642614644408103e-09
-6.734480881286627210e-09
-6.744319147928836391e-09
-6.754157414571048881e-09
-6.763995681213263853e-09
-6.773833947855466416e-09
-6.783672214497668980e-09
-6.793510481139888915e-09
-6.803348747782108022e-09
-6.812771136473137976e-09
-6.821944514303189742e-09
-6.831117892133236545e-09
-6.840291269963271768e-09
-6.849464647793317744e-09
-6.858638025623368683e-09
-6.867811403453389016e-09
-6.876984781283444091e-09
-6.886158159113499994e-09
-6.895331536943531080e-09
-6.904504914773582847e-09
-6.913678292603623860e-09
-6.922851670433664873e-09
-6.931894718627702061e-09
-6.940461748560968341e-09
-6.949028778494239585e-09
-6.957595808427504211e-09
-6.966162838360760565e-09
-6.974729868294049180e-09
-6.983296898227323732e-09
-6.991863928160591667e-09
-7.000430958093862910e-09
-7.008997988027133327e-09
-7.017565017960406225e-09
-7.026132047893683258e-09
-7.034699077826950366e-09
-7.043266107760233190e-09
-7.051399495252903642e-09
-7.059348779483033182e-09
-7.067298063713185055e-09
-7.075247347943319558e-09
-7.083196632173444134e-09
-7.091145916403596834e-09
-7.099095200633725547e-09
-7.107044484863878247e-09
-7.114993769094007787e-09
-7.122943053324154697e-09
-7.130892337554282582e-09
-7.138841621784424529e-09
-7.146790906014566477e-09
-7.154687717684773174e-09
-7.162025459354029399e-09
-7.169363201023294724e-09
-7.176700942692546814e-09
-7.184038684361800558e-09
-7.191376426031068365e-09
-7.198714167700333690e-09
-7.206051909369593224e-09
-7.213389651038836215e-09
-7.220727392708102367e-09
-7.228065134377357766e-09
-7.235402876046623090e-09
-7.242740617715884279e-09
-7.250078359385144641e-09
-7.257218928548149834e-09
-7.264017413660458824e-09
-7.270815898772785185e-09
-7.277614383885098311e-09
-7.284412868997427980e-09
-7.291211354109736970e-09
-7.298009839222066640e-09
-7.304808324334370667e-09
-7.311606809446691237e-09
-7.318405294559010153e-09
-7.325203779671324934e-09
-7.332002264783656258e-09
-7.338800749895975174e-09
-7.345599235008278374e-09
-7.352087954296078483e-09
-7.358313524200179921e-09
-7.364539094104291286e-09
-7.370764664008391898e-09
-7.376990233912504089e-09
-7.383215803816603874e-09
-7.389441373720703658e-09
-7.395666943624810060e-09
-7.401892513528904054e-09
-7.408118083433011282e-09
-7.414343653337117684e-09
-7.420569223241229049e-09
-7.426794793145325524e-09
-7.433020363049436889e-09
-7.438904355165486258e-09
-7.444570090825646457e-09
-7.450235826485813273e-09
-7.455901562145970990e-09
-7.461567297806136978e-09
-7.467233033466298004e-09
-7.472898769126463993e-09
-7.478564504786625018e-09
-7.484230240446795970e-09
-7.489895976106950378e-09
-7.495561711767121330e-09
-7.501227447427264158e-09
-7.506893183087431801e-09
-7.512558918747592826e-09
-7.517934013954510820e-09
-7.523092703678270718e-09
-7.528251393402014073e-09
-7.533410083125760736e-09
-7.538568772849520634e-09
-7.543727462573262335e-09
-7.548886152297010652e-09
-7.554044842020762279e-09
-7.559203531744505634e-09
-7.564362221468258914e-09
-7.569520911192017158e-09
-7.574679600915752241e-09
-7.579838290639507176e-09
-7.584996980363260457e-09
-7.589929073967890959e-09
-7.594559639429914497e-09
-7.599190204891944653e-09
-7.603820770353984735e-09
-7.608451335816014890e-09
-7.613081901278036774e-09
-7.617712466740073547e-09
-7.622343032202108666e-09
-7.626973597664132204e-09
-7.631604163126173941e-09
-7.636234728588195825e-09
-7.640865294050237561e-09
-7.645495859512264408e-09
-7.650126424974294563e-09
-7.654668028565497704e-09
-7.658795663399061495e-09
-7.662923298232626941e-09
-7.667050933066212239e-09
-7.671178567899780994e-09
-7.675306202733344785e-09
-7.679433837566920157e-09
-7.683561472400500492e-09
-7.687689107234069247e-09
-7.691816742067639655e-09
-7.695944376901206756e-09
-7.700072011734773856e-09
-7.704199646568342610e-09
-7.708327281401924600e-09
-7.712454916235498317e-09
-7.716208628185825072e-09
-7.719877947922718481e-09
-7.723547267659615199e-09
-7.727216587396505299e-09
-7.730885907133411943e-09
-7.734555226870295426e-09
-7.738224546607197106e-09
-7.741893866344087207e-09
-7.745563186080980616e-09
-7.749232505817872370e-09
-7.752901825554767434e-09
-7.756571145291667460e-09
-7.760240465028559215e-09
-7.763909784765467513e-09
0.000000000000000000e+00
0.000000000000000000e+00
0.000000000000000000e+00
0.000000000000000000e+00
0.000000000000000000e+00
0.000000000000000000e+00
0.000000000000000000e+00
0.000000000000000000e+00
0.000000000000000000e+00
0.000000000000000000e+00
0.000000000000000000e+00
0.000000000000000000e+00
0.000000000000000000e+00
0.000000000000000000e+00
0.000000000000000000e+00
0.000000000000000000e+00
0.000000000000000000e+00
0.000000000000000000e+00
0.000000000000000000e+00
0.000000000000000000e+00
0.000000000000000000e+00
0.000000000000000000e+00
0.000000000000000000e+00
0.000000000000000000e+00
0.000000000000000000e+00
0.000000000000000000e+00
0.000000000000000000e+00
0.000000000000000000e+00
0.000000000000000000e+00
0.000000000000000000e+00
0.000000000000000000e+00
0.000000000000000000e+00
0.000000000000000000e+00
0.000000000000000000e+00
0.000000000000000000e+00
0.000000000000000000e+00
0.000000000000000000e+00
0.000000000000000000e+00
0.000000000000000000e+00
0.000000000000000000e+00
0.000000000000000000e+00
0.000000000000000000e+00
0.000000000000000000e+00
0.000000000000000000e+00
0.000000000000000000e+00
0.000000000000000000e+00
0.000000000000000000e+00
0.000000000000000000e+00
0.000000000000000000e+00
0.000000000000000000e+00
0.000000000000000000e+00
0.000000000000000000e+00
0.000000000000000000e+00
0.000000000000000000e+00
0.000000000000000000e+00
0.000000000000000000e+00
0.000000000000000000e+00
0.000000000000000000e+00
0.000000000000000000e+00
0.000000000000000000e+00
0.000000000000000000e+00
0.000000000000000000e+00
0.000000000000000000e+00
0.000000000000000000e+00
0.000000000000000000e+00
0.000000000000000000e+00
0.000000000000000000e+00
0.000000000000000000e+00
0.000000000000000000e+00
0.000000000000000000e+00
0.000000000000000000e+00
0.000000000000000000e+00
0.000000000000000000e+00
0.000000000000000000e+00
0.000000000000000000e+00
0.000000000000000000e+00
0.000000000000000000e+00
0.000000000000000000e+00
0.000000000000000000e+00
0.000000000000000000e+00
0.000000000000000000e+00
0.000000000000000000e+00
0.000000000000000000e+00
0.000000000000000000e+00
0.000000000000000000e+00
0.000000000000000000e+00
0.000000000000000000e+00
0.000000000000000000e+00
0.000000000000000000e+00
0.000000000000000000e+00
0.000000000000000000e+00
