-1.562958493026905525e-07
-6.506969009637199425e-08
2.774057288899710279e-08
1.209615448210616813e-07
2.151288101860351094e-07
3.106472792896857662e-07
4.056876566072790496e-07
5.015639367173200521e-07
5.977957098437519831e-07
6.932394963107509812e-07
7.896167000808710458e-07
8.846066910351397893e-07
9.799381449617576467e-07
1.074365997213614552e-06
1.168344612179069693e-06
1.261590221651607746e-06
1.353939826884789987e-06
1.445400056733000240e-06
1.535771815347533079e-06
1.624642115868545748e-06
1.712968719963490955e-06
1.799026985529591685e-06
1.884814418507788139e-06
1.967741944516752276e-06
2.050599480961650612e-06
2.130631357026300916e-06
2.209767651154210470e-06
2.287170497192846441e-06
2.361979182996557214e-06
2.436227376230037481e-06
2.507775623249181983e-06
2.577603584560241545e-06
2.646100822857317384e-06
2.711640685223252154e-06
2.776075190860213186e-06
2.838518525066508371e-06
2.898189094358496619e-06
2.956767661194382320e-06
3.013116872584913738e-06
3.066757238730594828e-06
3.119398185613096662e-06
3.169719835242778245e-06
3.217198799060006216e-06
3.263666834726634789e-06
3.308081624430154222e-06
3.349793695701878384e-06
3.390101284816332610e-06
3.428891094803628007e-06
3.464751432643092671e-06
3.499010668279072823e-06
3.531928643076969298e-06
3.562719113938625989e-06
3.591154082749321030e-06
3.618300217749101526e-06
3.644024868686245519e-06
3.667452609654875445e-06
3.688847925519222559e-06
3.709507706253981153e-06
3.728397103163926214e-06
3.745187377979043458e-06
3.760431183528449629e-06
3.774733470639451550e-06
3.787815468951912319e-06
3.798321388562677839e-06
3.808060367569488549e-06
3.816543643040772600e-06
3.823913598439098832e-06
3.829680587219685549e-06
3.833730747686733730e-06
3.837590930525374124e-06
3.840346819156993324e-06
3.841358933713699137e-06
3.841317979695137986e-06
3.840620259990242531e-06
3.839201390805931289e-06
3.836471147921784531e-06
3.832811383521092408e-06
3.828387333614168507e-06
3.823383650600185822e-06
3.817378337543389162e-06
3.810779708251551508e-06
3.803205476607036142e-06
3.795156007732336506e-06
3.786695954529963561e-06
3.777535732766878920e-06
3.767652016518782215e-06
3.757078455338516589e-06
3.746138353957032577e-06
3.735157301281566298e-06
3.723688547777969359e-06
3.711635053606170827e-06
3.699024326190069549e-06
3.686080410138032954e-06
3.673038723999701947e-06
3.659679640492294413e-06
3.646036179383189618e-06
3.631917286734608522e-06
3.617525454382868522e-06
3.603122815302312975e-06
3.588741846317694542e-06
3.574136073213575225e-06
3.559366436874456457e-06
3.544263614813035197e-06
3.529024603107987807e-06
3.514013853791894390e-06
3.499004093141419988e-06
3.483866937924817711e-06
3.468694218758259151e-06
3.453291917302884417e-06
3.437870183377632793e-06
3.422733980205515057e-06
3.407641130777767366e-06
3.392556215984479310e-06
3.377370486469924492e-06
3.362172581402096422e-06
3.347014333496356754e-06
3.332012527422338513e-06
3.317370483988189682e-06
3.302786295966137959e-06
3.288328293882031462e-06
3.273802024889195319e-06
3.259316759091213790e-06
3.245036073220021197e-06
3.231004752755794310e-06
3.217243052013855112e-06
3.203564037607614433e-06
3.190039822979638694e-06
3.176498666031253425e-06
3.163122294801722218e-06
3.150000626420599991e-06
3.137192915067790200e-06
3.124624495097845577e-06
3.112141938775114883e-06
3.099781183375933111e-06
3.087526867444341868e-06
3.075419348592373878e-06
3.063478769004789906e-06
3.051942321770340095e-06
3.040631066806603204e-06
3.029527918248931775e-06
3.018491195987508616e-06
3.007513609540765029e-06
2.996577344350748942e-06
2.985961361310469125e-06
2.975591052053317848e-06
2.965533175071544621e-06
2.955490216181650020e-06
2.945755019821036890e-06
2.936035642349139614e-06
2.926316443503078995e-06
2.916648961014968129e-06
2.907318615370563754e-06
2.898199246452791695e-06
2.889183530674223808e-06
2.880366869058438048e-06
2.871673832000393356e-06
2.862972765210570000e-06
2.854147525578443292e-06
2.845568821225457930e-06
2.837070544784041007e-06
2.828631318215258820e-06
2.820524596981917229e-06
2.812500477992994619e-06
2.804337777290239770e-06
2.796273485850691786e-06
2.788209089681850599e-06
2.780015283612644237e-06
2.771922071840112480e-06
2.763924208621731561e-06
2.756077297043254884e-06
2.748289376208067305e-06
2.740519398968337083e-06
2.732639358251540136e-06
2.724684688673733264e-06
2.716702134768475809e-06
2.708615132756458484e-06
2.700591404606895482e-06
2.692544316475743553e-06
2.684631225053162510e-06
2.676671335747495165e-06
2.668655549066833834e-06
2.660624721903112230e-06
2.652366923594526267e-06
2.644084353375460600e-06
2.635645976732487975e-06
2.627166538915850113e-06
2.618846212855562726e-06
2.610317518372458214e-06
2.601965564419867298e-06
2.593363180012530024e-06
2.584664849928907441e-06
2.576083896485951505e-06
2.567116249378446618e-06
2.558308104710311130e-06
2.549158413488338110e-06
2.540008381981462206e-06
2.531050496957924167e-06
2.521805873854688178e-06
2.512846063035885204e-06
2.503469096914706605e-06
2.494257840397436272e-06
2.484715151657876213e-06
2.475184302051530574e-06
2.465662912203147399e-06
2.455785786535569783e-06
2.446321567619891505e-06
2.436324127725355642e-06
2.426945697213983040e-06
2.416974119880788622e-06
2.407246278119008934e-06
2.397330595118056939e-06
2.387293027279326697e-06
2.377388274020065278e-06
2.367121292877853841e-06
2.357276422395930821e-06
2.346884279781203419e-06
2.337131808518317048e-06
2.326684388828940544e-06
2.316899323105397561e-06
2.306540888583935142e-06
2.296671041857244196e-06
2.286305445824515195e-06
2.276445122544967359e-06
2.265982444672253036e-06
2.255922801465499546e-06
2.245608801827291780e-06
2.235467417994400050e-06
2.225323241516803628e-06
2.215292271974544664e-06
2.205202122310373990e-06
2.195173696219209211e-06
2.185183081143246178e-06
2.175135626241940558e-06
2.165234785664859361e-06
2.155320883985290727e-06
2.145412625797801472e-06
2.135535024903097342e-06
2.125705337043110185e-06
2.115910955577398613e-06
2.106199294566424941e-06
2.096712246468116498e-06
2.087060894240333862e-06
2.077686190157408065e-06
2.068097740579787280e-06
2.058872053027021246e-06
2.049285995529907338e-06
2.040262401327706096e-06
2.030831847900341506e-06
2.021865223779149842e-06
2.012550914266255952e-06
2.003741913177364754e-06
1.994517126421745115e-06
1.985971790494783361e-06
1.977075758449786814e-06
1.968593351140971489e-06
1.959920718324755450e-06
1.951499204080874649e-06
1.943078306179265155e-06
1.934666561608567356e-06
1.926500971865785331e-06
1.918180124869476794e-06
1.910151976837964410e-06
1.901973002736593259e-06
1.894185897397349709e-06
1.886201199672239702e-06
1.878596171152371150e-06
1.870934691011974195e-06
1.863414561821420798e-06
1.855964986263969068e-06
1.848548305809080959e-06
1.841304757799247638e-06
1.834004160072233051e-06
1.826920787529691365e-06
1.819817783140825108e-06
1.812878261339912055e-06
1.805957974641718476e-06
1.799180269289592271e-06
1.792487895590969613e-06
1.785902690779279564e-06
1.779431321507737668e-06
1.773027085383531333e-06
1.766720675408354684e-06
1.760425654146143259e-06
1.754289341785022578e-06
1.748143625022780742e-06
1.742155061261230422e-06
1.736161050801516309e-06
1.730258509291081735e-06
1.724454218038073616e-06
1.718614602296432706e-06
1.713041749224125855e-06
1.707431988198014011e-06
1.701990783145107217e-06
1.696586786608502237e-06
1.691149731728883157e-06
1.685997618089782605e-06
1.680693429749271629e-06
1.675583836539955464e-06
1.670423098537071259e-06
1.665236371023375640e-06
1.660331477221509654e-06
1.655251772343093261e-06
1.650373055962168963e-06
1.645452256442586558e-06
1.640496401347682434e-06
1.635873659585875890e-06
1.631088771301194081e-06
1.626472167426219942e-06
1.621858654491159711e-06
1.617178138142225780e-06
1.612759130462910935e-06
1.608136905602959393e-06
1.603606406070915647e-06
1.599144963511401027e-06
1.594568514937843429e-06
1.590184052482266676e-06
1.585671726150449831e-06
1.581150627693429602e-06
1.576842903944472202e-06
1.572382316778113038e-06
1.568018534519472347e-06
1.563703158154564640e-06
1.559335825820088705e-06
1.555097456684789323e-06
1.550749021104799451e-06
1.546393981237092999e-06
1.542147687018389829e-06
1.537793040918491476e-06
1.533459677079939119e-06
1.529118014023603227e-06
1.524733620478106024e-06
1.520377880259031885e-06
1.515998300607760906e-06
1.511606957641049987e-06
1.507218857979867674e-06
1.502868174990945543e-06
1.498518027460201673e-06
1.494113244217849666e-06
1.489748923100647439e-06
1.485363066289998735e-06
1.480934289072953526e-06
1.476534110618646217e-06
1.472063782891828254e-06
1.467589089932264214e-06
1.463163221013907558e-06
1.458609285808928333e-06
1.454085690766395148e-06
1.449594200412062035e-06
1.444946491880408489e-06
1.440417946826482119e-06
1.435898001453621230e-06
1.431136203185975275e-06
1.426665851951992969e-06
1.422186571601702355e-06
1.417421432326115522e-06
1.412907877792991549e-06
1.408373353659514402e-06
1.403556204620266501e-06
1.399019154535430376e-06
1.394457118029292552e-06
1.389535183010587525e-06
1.384982543234078155e-06
1.380409424398349893e-06
1.375477635332772010e-06
1.370886396963779358e-06
1.366271243595559162e-06
1.361320266714921882e-06
1.356753221697313634e-06
1.352160430015730438e-06
1.347146931381423886e-06
1.342610042483085624e-06
1.338046598968473108e-06
1.333089406853301941e-06
1.328544981264113211e-06
1.323965301262772243e-06
1.318998522068188406e-06
1.314508311044894702e-06
1.309975843514565623e-06
1.305010754305567181e-06
1.300482556403437045e-06
1.295950869837704292e-06
1.291106258089953050e-06
1.286556379209970727e-06
1.282050142279378314e-06
1.277296326693100428e-06
1.272755922680440307e-06
1.268348084044122512e-06
1.263742415918825433e-06
1.259137612279493771e-06
1.254771483912387506e-06
1.250316148625775280e-06
1.245697303652710938e-06
1.241397796558881587e-06
1.237073312799003369e-06
1.232403954665574555e-06
1.228221799948743324e-06
1.224001731883481497e-06
1.219467320142282232e-06
1.215265127284790748e-06
1.211092756064569446e-06
1.206754427711222432e-06
1.202530566623839604e-06
1.198436902991303478e-06
1.194272167306983466e-06
1.190002947424368203e-06
1.186060422479705850e-06
1.182096900443131912e-06
1.177863042051420787e-06
1.174001098800362984e-06
1.170113872875955050e-06
1.166096984372967464e-06
1.162220725777967333e-06
1.158419223844628386e-06
1.154573924391822183e-06
1.150662842946269786e-06
1.147010013446108106e-06
1.143339026266584595e-06
1.139525794205649041e-06
1.135934312489583091e-06
1.132347121464795655e-06
1.128707226712513788e-06
1.125106813879992138e-06
1.121612173101085538e-06
1.118108433759036949e-06
1.114492971684676742e-06
1.111134106044941970e-06
1.107753633492070079e-06
1.104341823170603602e-06
1.100986057110486612e-06
1.097684321890195494e-06
1.094378376918110415e-06
1.091064236813068929e-06
1.087880521483577418e-06
1.084678580422636174e-06
1.081486648267055719e-06
1.078362280885081973e-06
1.075284895065759244e-06
1.072204163436755009e-06
1.069174808215802139e-06
1.066207025829380593e-06
1.063229514897849163e-06
1.060286321700365667e-06
1.057400890723799478e-06
1.054537586620535698e-06
1.051670249928714237e-06
1.048891826149846081e-06
1.046146035853682418e-06
1.043398140098338687e-06
1.040670323834718856e-06
1.038040149684511578e-06
1.035376759579032934e-06
1.032710221137210015e-06
1.030114599868407199e-06
1.027548190361596471e-06
1.024952122398189657e-06
1.022355655485405060e-06
1.019874053095151206e-06
1.017350275395913502e-06
1.014814215002132839e-06
1.012293991354058653e-06
1.009894461723960948e-06
1.007415063414288885e-06
1.004938919139134420e-06
1.002519623797685299e-06
1.000151239120103356e-06
9.977314752118515477e-07
9.953141767502255430e-07
9.929871021622066729e-07
9.906632953306461332e-07
9.883086784202311065e-07
9.859552837923655046e-07
9.837000021623211668e-07
9.813940016749357412e-07
9.790703831864371443e-07
9.767467646979381240e-07
9.745241984268599794e-07
9.722224187188465706e-07
9.699190520478663559e-07
9.676260089109229098e-07
9.653954789256050040e-07
9.631003543172656684e-07
9.608088246055768961e-07
9.585331469085448749e-07
9.562933607354699279e-07
9.540110229633289355e-07
9.517310469128518498e-07
9.494644829396121520e-07
9.472204220815856607e-07
9.449681369249189887e-07
9.427167062043945848e-07
9.404683903819792878e-07
9.382247767195343255e-07
9.359772436979961755e-07
9.337291884352685824e-07
9.314740534812252523e-07
9.292185458902354074e-07
9.269697213850955243e-07
9.247179430160994368e-07
9.224434623597949843e-07
9.201611547682976410e-07
9.179099589525188820e-07
9.156556600541693066e-07
9.133699818950848777e-07
9.110607122901043859e-07
9.087974915331825598e-07
9.065295033677480384e-07
9.042323902165016531e-07
9.019022467667192857e-07
8.996440844261367362e-07
8.973778699267371114e-07
8.950828369230014357e-07
8.927115683620197390e-07
8.904743417711966876e-07
8.882262954885858758e-07
8.859648422573562590e-07
8.835821652022032752e-07
8.813347547834328477e-07
8.790775845794672880e-07
8.768204143755021518e-07
8.744313660248935648e-07
8.721684636098935174e-07
8.699160127883797103e-07
8.676630724462336343e-07
8.652723318553860721e-07
8.629621814769718394e-07
8.607155217356111088e-07
8.584638747799059531e-07
8.561189350452421676e-07
8.537735965724352645e-07
8.515361176069445919e-07
8.492867601696973365e-07
8.469886481575091732e-07
8.445973001104433344e-07
8.423942905548306272e-07
8.401710241996676297e-07
8.379477578445037852e-07
8.355236324405370180e-07
8.332966724040798486e-07
8.310916037310615412e-07
8.288856684626470813e-07
8.265606780068363323e-07
8.242874119778073796e-07
8.221051854965435231e-07
8.199114684499052219e-07
8.176608750663095261e-07
8.153276834381017408e-07
8.131922678877095961e-07
8.110347819649281899e-07
8.088772960421471014e-07
8.065408439463044231e-07
8.043624080307863497e-07
8.022246803514554393e-07
8.000831538585811339e-07
7.978601417011461938e-07
7.956308730674862137e-07
7.935345157036477980e-07
7.914210012437624307e-07
7.892991057362015874e-07
7.870394099072815129e-07
7.849711616741699308e-07
7.829153239328390261e-07
7.808584175403203522e-07
7.787148170040062737e-07
7.765808858312154710e-07
7.745699020120937730e-07
7.725448889292128291e-07
7.705144445341055809e-07
7.683774772783449348e-07
7.663847798134678198e-07
7.644011552068241607e-07
7.624153147450967298e-07
7.603771453270285716e-07
7.583347241675978287e-07
7.564207642898181579e-07
7.544915235811284410e-07
7.525622828724385124e-07
7.505497022594896403e-07
7.486250286729881815e-07
7.467393278335627103e-07
7.448483006823151385e-07
7.429402222814832548e-07
7.409895068210508746e-07
7.391655554436985589e-07
7.373223912991802214e-07
7.354792271546623074e-07
7.336054498345630583e-07
7.317561873541257559e-07
7.299874028573090844e-07
7.282088836582626604e-07
7.264303644592153893e-07
7.246232414877191792e-07
7.228723993331327981e-07
7.211468314988733036e-07
7.194169218326085259e-07
7.176851753339660694e-07
7.159433693048581518e-07
7.142665413765520456e-07
7.125833136286819283e-07
7.108994931529304291e-07
7.092144665530522529e-07
7.075311434734924767e-07
7.059081516619074535e-07
7.042765602591522375e-07
7.026449688563968098e-07
7.010203669308678388e-07
6.994086735050251220e-07
6.978251400674631518e-07
6.962355402991289050e-07
6.946459405307948699e-07
6.930723910747883401e-07
6.915139544695398758e-07
6.899699666508037486e-07
6.884219122517254007e-07
6.868738578526470528e-07
6.853503294386103442e-07
6.838458131367546119e-07
6.823540321861104303e-07
6.808599307013813250e-07
6.793658292166522196e-07
6.779019000472062171e-07
6.764432835941823746e-07
6.749854049754710827e-07
6.735255554596369686e-07
6.720665350485567322e-07
6.706366910389283530e-07
6.692110108850145459e-07
6.677854148931997502e-07
6.663583323100947686e-07
6.649321832250322391e-07
6.635298280173819345e-07
6.621307145326449260e-07
6.607318858004977213e-07
6.593318945088742635e-07
6.579320338068856291e-07
6.565549658975977410e-07
6.551791182108003992e-07
6.538030092333421196e-07
6.524256654357330420e-07
6.510483216381243880e-07
6.496889007515123764e-07
6.483365161440727954e-07
6.469884089926654335e-07
6.456387598906172405e-07
6.442891107885694710e-07
6.429470345387442526e-07
6.416132886356041552e-07
6.402879882274376425e-07
6.389604882444783475e-07
6.376329882615187348e-07
6.363052948649471517e-07
6.349828184652139904e-07
6.336727756993126150e-07
6.323591315778258160e-07
6.310454874563390170e-07
6.297265581755990053e-07
6.284067371962492446e-07
6.271113308653354390e-07
6.258105968504348515e-07
6.245098628355348993e-07
6.232005249326059498e-07
6.218713218422899567e-07
6.205728361061551138e-07
6.192755788303457336e-07
6.179773405918911830e-07
6.166786579280899099e-07
6.153507410909841523e-07
6.140492169811691751e-07
6.127626520654513218e-07
6.114728491433863399e-07
6.101830462213210403e-07
6.088630757010978506e-07
6.075503280749012535e-07
6.062799842707919282e-07
6.050035107218183480e-07
6.037270371728460383e-07
6.024290463319575677e-07
6.010988503357745672e-07
5.998291392576628618e-07
5.985595782161288065e-07
5.972888045282730875e-07
5.960180308404176862e-07
5.946932930001238993e-07
5.934041597560146567e-07
5.921433464869510043e-07
5.908762040634605574e-07
5.896090616399696870e-07
5.883035756148197037e-07
5.869801902341552506e-07
5.857343592625391072e-07
5.844783319645760640e-07
5.832223046666131268e-07
5.819598870438927890e-07
5.806324949819730509e-07
5.793564914468316354e-07
5.781098839420097778e-07
5.768579240774855998e-07
5.756059642129609983e-07
5.743146828251865406e-07
5.730064127115138447e-07
5.717761411595903572e-07
5.705335066509670282e-07
5.692906947417341660e-07
5.680461549133251662e-07
5.667326855235270223e-07
5.654745816501082045e-07
5.642642648007945909e-07
5.630471043029332133e-07
5.618299438050722592e-07
5.605821588753996049e-07
5.592989870672165280e-07
5.580936449632553175e-07
5.568881254064985563e-07
5.556800991259176402e-07
5.544720728453359829e-07
5.532160285961435529e-07
5.519724003439389023e-07
5.507926603635902012e-07
5.496013600748302338e-07
5.484100597860714310e-07
5.472115654323904676e-07
5.459588667796828320e-07
5.447599249552464401e-07
5.435983239100153810e-07
5.424301284096278945e-07
5.412619329092408315e-07
5.400721811117464247e-07
5.388518139503536522e-07
5.376954193121052336e-07
5.365457298659641753e-07
5.353925563372192607e-07
5.342393828084749814e-07
5.330585680720611992e-07
5.318668287717760737e-07
5.307505149104335979e-07
5.296237467186869517e-07
5.284959558539260405e-07
5.273681649891643881e-07
5.262048522690993614e-07
5.250515085427354320e-07
5.239597510267960839e-07
5.228585200622628404e-07
5.217572890977301263e-07
5.206560581331972005e-07
5.195243883948795786e-07
5.184135997138329668e-07
5.173422470251066362e-07
5.162628890897373072e-07
5.151835311543675546e-07
5.141028664026942843e-07
5.129998032208541278e-07
5.119221767693378968e-07
5.108750589800157425e-07
5.098208460442521711e-07
5.087666331084892349e-07
5.077096503939322456e-07
5.066301031517722973e-07
5.055763240485176876e-07
5.045490035952204130e-07
5.035162835852271480e-07
5.024835635752339888e-07
5.014493120275179028e-07
5.004034225704861461e-07
4.993782909291510509e-07
4.983747826426987069e-07
4.973658538982282582e-07
4.963569251537577036e-07
4.953472382117973971e-07
4.943287033505669391e-07
4.933274760200223109e-07
4.923491906546382655e-07
4.913656114062353596e-07
4.903820321578325595e-07
4.893984529094293359e-07
4.884062707850638442e-07
4.874266777419865489e-07
4.864739377680280953e-07
4.855160162215958063e-07
4.845580946751631997e-07
4.836001731287306990e-07
4.826393019748543398e-07
4.816827576449141618e-07
4.807509501732026390e-07
4.798125426134109002e-07
4.788740618026729981e-07
4.779355809919355195e-07
4.769942013065765648e-07
4.760511670257701065e-07
4.751386109635028811e-07
4.742220698845012992e-07
4.733044004888200762e-07
4.723867310931390120e-07
4.714659730194664873e-07
4.705413533936036784e-07
4.696380747982331724e-07
4.687389622066733861e-07
4.678375182319469846e-07
4.669360742572204242e-07
4.660336070598690892e-07
4.651269714527759634e-07
4.642320959125261151e-07
4.633492184189300008e-07
4.624625523445816514e-07
4.615758862702335138e-07
4.606892201958855350e-07
4.597960435729516876e-07
4.589068600381594856e-07
4.580454927559968184e-07
4.571797864334227749e-07
4.563136603751540983e-07
4.554475343168854216e-07
4.545752756173423322e-07
4.536978878401982427e-07
4.528419724199095728e-07
4.519902375535993192e-07
4.511361207386220034e-07
4.502820039236449524e-07
4.494265660269379296e-07
4.485596769404097837e-07
4.477031690543987056e-07
4.468657779473209710e-07
4.460233088861232020e-07
4.451808398249258566e-07
4.443383707637282994e-07
4.434844817669226361e-07
4.426259703588922333e-07
4.417959779294194648e-07
4.409677710920875409e-07
4.401374349388636323e-07
4.393070987856400414e-07
4.384739850069960004e-07
4.376215656305950483e-07
4.367809887260386399e-07
4.359624168587730589e-07
4.351389404141810956e-07
4.343154639695891323e-07
4.334919875249968513e-07
4.326565712682367657e-07
4.318138186965621825e-07
4.309981142374933964e-07
4.301887365150481610e-07
4.293763354992985432e-07
4.285639344835489254e-07
4.277515334677995193e-07
4.269144811542234758e-07
4.260832033456346922e-07
4.252897431149867734e-07
4.244914631979978933e-07
4.236922343649148250e-07
4.228930055318315449e-07
4.220858942909204251e-07
4.212600414687748119e-07
4.204527920024476601e-07
4.196668011912654802e-07
4.188758029598307048e-07
4.180848047283953471e-07
4.172938064969604658e-07
4.164878895645147009e-07
4.156729762813094470e-07
4.148865687290698675e-07
4.141087014941178807e-07
4.133267879838837203e-07
4.125448744736497718e-07
4.117629609634153997e-07
4.109557844488983731e-07
4.101447609807754268e-07
4.093750444506563080e-07
4.086046748402828957e-07
4.078320512801686891e-07
4.070594277200543765e-07
4.062868041599406463e-07
4.054873288640016726e-07
4.046931248588016323e-07
4.039358728289872911e-07
4.031737932444506624e-07
4.024103186335055269e-07
4.016468440225608679e-07
4.008805248613135740e-07
4.000921565783495604e-07
3.993141200378468714e-07
3.985682864446004780e-07
3.978169218433764641e-07
3.970648117857243501e-07
3.963127017280719713e-07
3.955553453029661935e-07
3.947762184572896202e-07
3.940110782178635563e-07
3.932793125539103973e-07
3.925420769807573803e-07
3.918044548198140314e-07
3.910668326588705236e-07
3.903244590896886584e-07
3.895651975971265249e-07
3.888175474714538326e-07
3.880965350076387731e-07
3.873695507076137223e-07
3.866421422935773458e-07
3.859147338795409693e-07
3.851836214451329843e-07
3.844367527044005303e-07
3.837002094316232590e-07
3.829926885706309296e-07
3.822799632990648119e-07
3.815665278346356104e-07
3.808530923702060913e-07
3.801374710411561124e-07
3.794027574327327393e-07
3.786743137217444564e-07
3.779777647660231288e-07
3.772769284370503934e-07
3.765748279564941447e-07
3.758727274759380548e-07
3.751706269953818590e-07
3.744534325665036059e-07
3.737363563858951611e-07
3.730515335191194654e-07
3.723635438753469507e-07
3.716734605292877509e-07
3.709833771832284451e-07
3.702932938371694040e-07
3.695926094020295281e-07
3.688896550487299997e-07
3.682142204445157388e-07
3.675440903103535413e-07
3.668708960037639729e-07
3.661977016971745632e-07
3.655245073905853653e-07
3.648436128513970230e-07
3.641562528684424556e-07
3.634854261583154992e-07
3.628285892737199052e-07
3.621674408925522838e-07
3.615062925113850329e-07
3.608451441302177821e-07
3.601815136215301408e-07
3.595096133193222562e-07
3.588439343520960113e-07
3.582003121181869156e-07
3.575527910258398867e-07
3.569042628740496736e-07
3.562557347222595134e-07
3.556072065704693533e-07
3.549496445799730586e-07
3.542912881085532991e-07
3.536561049684894322e-07
3.530234044814068681e-07
3.523879635710891114e-07
3.517525226607714078e-07
3.511170817504539688e-07
3.504758461538522770e-07
3.498280211126088193e-07
3.491909347975071082e-07
3.485689822520142885e-07
3.479429609981795393e-07
3.473168219197071284e-07
3.466906828412347704e-07
3.460645437627626241e-07
3.454294989142025762e-07
3.447947150039499892e-07
3.441831310772923696e-07
3.435713772071721003e-07
3.429573988167024771e-07
3.423434204262327481e-07
3.417294420357631249e-07
3.411105917930589904e-07
3.404865237489285196e-07
3.398728161098003347e-07
3.392753658905831722e-07
3.386741207523603040e-07
3.380725532387390476e-07
3.374709857251181617e-07
3.368694182114971700e-07
3.362576963095701355e-07
3.356451567463019584e-07
3.350525377872276737e-07
3.344642143299313289e-07
3.338731994764625132e-07
3.332821846229937504e-07
3.326911697695249347e-07
3.320977223550919984e-07
3.314966123007823152e-07
3.308988701965714213e-07
3.303214148059667286e-07
3.297410575408509808e-07
3.291590734771283550e-07
3.285770894134052527e-07
3.279951053496824681e-07
3.274059891568675374e-07
3.268114514460988175e-07
3.262275812140001114e-07
3.256587276372486218e-07
3.250863794227408579e-07
3.245136968348471068e-07
3.239410142469536204e-07
3.233683316590598163e-07
3.227853287945474906e-07
3.222002255960452618e-07
3.216305574095080948e-07
3.210693373863005255e-07
3.205046424008770253e-07
3.199399474154537369e-07
3.193752524300303426e-07
3.188105574446071072e-07
3.182338840639834052e-07
3.176575939984983770e-07
3.170999998065452987e-07
3.165460410929060652e-07
3.159892163155643752e-07
3.154323915382228440e-07
3.148755667608814187e-07
3.143176603058245345e-07
3.137467290387105239e-07
3.131767263546281686e-07
3.126326948749880978e-07
3.120900295663461702e-07
3.115449474051552820e-07
3.109998652439642878e-07
3.104547830827732937e-07
3.099077997618074669e-07
3.093491156072347102e-07
3.087911730916660852e-07
3.082555664178122807e-07
3.077195332539475768e-07
3.071810581249757954e-07
3.066425829960039081e-07
3.061041078670318620e-07
3.055638044685852168e-07
3.050123834746921047e-07
3.044618308280794028e-07
3.039342505059825498e-07
3.034068307041364016e-07
3.028768902422911450e-07
3.023469497804461531e-07
3.018170093186013729e-07
3.012859201826397220e-07
3.007412822104573233e-07
3.001975342197451251e-07
2.996755791909556347e-07
2.991562136451885567e-07
2.986340656877742857e-07
2.981119177303604383e-07
2.975897697729462203e-07
2.970676218155320023e-07
2.965325408204060676e-07
2.959977459120667368e-07
2.954796027308640015e-07
2.949675643286826165e-07
2.944522624933905435e-07
2.939369606580983117e-07
2.934216588228062387e-07
2.929063569875142186e-07
2.923818050831484710e-07
2.918555102420104278e-07
2.913420366682979714e-07
2.908406016261346281e-07
2.903357078175323605e-07
2.898305322914857617e-07
2.893253567654390569e-07
2.888201812393926698e-07
2.883078031550864817e-07
2.877895181458003735e-07
2.872776649401503087e-07
2.867841539524029540e-07
2.862882212769918539e-07
2.857909779900389662e-07
2.852937347030864491e-07
2.847964914161336143e-07
2.842967982348748807e-07
2.837884368843534503e-07
2.832805804201997233e-07
2.827935089428272116e-07
2.823070096915971547e-07
2.818179640030340632e-07
2.813289183144711835e-07
2.808398726259081450e-07
2.803508269373451595e-07
2.798531861728855368e-07
2.793547528806292943e-07
2.788680380141369120e-07
2.783915629202839810e-07
2.779116960434124930e-07
2.774314816599302934e-07
2.769512672764480938e-07
2.764710528929656295e-07
2.759856730931450357e-07
2.754930816366806197e-07
2.750025138324706223e-07
2.745318320027893710e-07
2.740596600108984994e-07
2.735855926430631795e-07
2.731115252752278596e-07
2.726374579073926986e-07
2.721633905395573257e-07
2.716812755836601500e-07
2.711988467802188189e-07
2.707280066912217752e-07
2.702662790692585481e-07
2.698014899763694739e-07
2.693363928351937458e-07
2.688712956940178589e-07
2.684061985528421308e-07
2.679380034151942271e-07
2.674640383634063281e-07
2.669904402397990956e-07
2.665371039764177886e-07
2.660832404044309799e-07
2.656270988078739639e-07
2.651709572113169480e-07
2.647148156147598791e-07
2.642586740182030220e-07
2.637955235325022760e-07
2.633298995940301554e-07
2.628711902335076072e-07
2.624265741379440415e-07
2.619799020330511553e-07
2.615321201447853541e-07
2.610843382565193941e-07
2.606365563682534341e-07
2.601887078116005241e-07
2.597329575767097837e-07
2.592776497170260669e-07
2.588335917403391408e-07
2.583967188818943786e-07
2.579566965613623448e-07
2.575164036860931079e-07
2.570761108108238709e-07
2.566358179355545810e-07
2.561933349904671677e-07
2.557443293005634136e-07
2.552958016912539314e-07
2.548630590062980865e-07
2.544332115301825225e-07
2.540006826315943626e-07
2.535681537330062556e-07
2.531356248344179899e-07
2.527030959358297771e-07
2.522667281169474676e-07
2.518251779079215139e-07
2.513838859050599214e-07
2.509606568176127030e-07
2.505370154496296956e-07
2.501111118035771538e-07
2.496852081575247708e-07
2.492593045114723349e-07
2.488334008654198461e-07
2.484032806210726290e-07
2.479695483617693776e-07
2.475371260851958531e-07
2.471210504836431628e-07
2.467039944341496900e-07
2.462849763046556790e-07
2.458659581751617210e-07
2.454469400456677101e-07
2.450279219161736991e-07
2.446041825128248578e-07
2.441770133411484727e-07
2.437516239681111786e-07
2.433444836545547853e-07
2.429363659088476378e-07
2.425263071538971375e-07
2.421162483989465313e-07
2.417061896439956074e-07
2.412961308890448953e-07
2.408814744300142457e-07
2.404628218792059980e-07
2.400448132830765181e-07
2.396437241076529143e-07
2.392418369649038881e-07
2.388377692743617472e-07
2.384337015838195005e-07
2.380296338932772273e-07
2.376255662027349805e-07
2.372180960835757131e-07
2.368060600276873785e-07
2.363943883069036184e-07
2.359982990702958923e-07
2.356035519488171468e-07
2.352062262552151773e-07
2.348089005616132078e-07
2.344115748680113177e-07
2.340142491744091894e-07
2.336147937619131055e-07
2.332086836429779413e-07
2.328030891840298213e-07
2.324098964431533389e-07
2.320218338224808116e-07
2.316311067115158073e-07
2.312401654721011331e-07
2.308492242326863000e-07
2.304582829932713346e-07
2.300673417538567663e-07
2.296672605234846831e-07
2.292677146399797470e-07
2.288755418361992570e-07
2.284925779529462720e-07
2.281078204590427054e-07
2.277220940586002302e-07
2.273363676581578609e-07
2.269506412577155974e-07
2.265649148572732281e-07
2.261738778058678356e-07
2.257808013704652067e-07
2.253897911278937609e-07
2.250138673104162932e-07
2.246371285392724887e-07
2.242585068342153052e-07
2.238798851291582540e-07
2.235012634241012557e-07
2.231226417190441516e-07
2.227414320667531061e-07
2.223542221301174609e-07
2.219674438434342853e-07
2.215930746694966628e-07
2.212238632813602068e-07
2.208522229579381301e-07
2.204802623062302273e-07
2.201083016545223510e-07
2.197363410028144747e-07
2.193643803511065719e-07
2.189856582838553550e-07
2.186061002225177367e-07
2.182303521941110687e-07
2.178671273909504776e-07
2.175028479659595624e-07
2.171369394133177580e-07
2.167710308606764037e-07
2.164051223080349170e-07
2.160392137553933244e-07
2.156710987005350099e-07
2.152982205909328307e-07
2.149257305328073629e-07
2.145639177235283485e-07
2.142071106116807754e-07
2.138480044039427977e-07
2.134884271693608226e-07
2.131288499347789799e-07
2.127692727001970048e-07
2.124096954656150562e-07
2.120439696865407801e-07
2.116760971788321109e-07
2.113093100765163401e-07
2.109573249951930239e-07
2.106048430431962303e-07
2.102502957153825650e-07
2.098957483875693761e-07
2.095412010597560019e-07
2.091866537319424689e-07
2.088318898013751396e-07
2.084703995552730092e-07
2.081093432008904875e-07
2.077538349138300999e-07
2.074080406360115890e-07
2.070610263935956622e-07
2.067127129985218190e-07
2.063643996034479493e-07
2.060160862083740268e-07
2.056677728133002895e-07
2.053175617899149298e-07
2.049626672789142284e-07
2.046081474568201469e-07
2.042625486962136312e-07
2.039230455355905231e-07
2.035818139970979226e-07
2.032398434438794352e-07
2.028978728906608684e-07
2.025559023374421693e-07
2.022139317842234173e-07
2.018685123678057362e-07
2.015192310229611411e-07
2.011702070169866938e-07
2.008329639706763390e-07
2.004996474735503578e-07
2.001642763688574774e-07
1.998285196291182477e-07
1.994927628893786210e-07
1.991570061496393119e-07
1.988212494098998969e-07
1.984819996482551593e-07
1.981402276746167727e-07
1.977986422429490951e-07
1.974686781439546551e-07
1.971410811730742496e-07
1.968112012722141174e-07
1.964810904898851379e-07
1.961509797075559995e-07
1.958208689252269671e-07
1.954907581428978023e-07
1.951568936643734031e-07
1.948206771434992274e-07
1.944846957337543768e-07
1.941605068986780238e-07
1.938386351439140135e-07
1.935146256556621969e-07
1.931903746000416652e-07
1.928661235444214246e-07
1.925418724888011047e-07
1.922176214331805465e-07
1.918895194460152654e-07
1.915582908809666954e-07
1.912272728981645441e-07
1.909068453733339508e-07
1.905896811957146872e-07
1.902705986381300266e-07
1.899510729080508726e-07
1.896315471779719039e-07
1.893120214478926970e-07
1.889924957178135694e-07
1.886704860677212080e-07
1.883450330110189960e-07
1.880198447742244324e-07
1.877028540303814537e-07
1.873909693665116661e-07
1.870776411803888984e-07
1.867635328824368205e-07
1.864494245844843719e-07
1.861353162865317911e-07
1.858212079885796337e-07
1.855058705246882050e-07
1.851858143535794662e-07
1.848661828810550655e-07
1.845520782978705598e-07
1.842466029805378675e-07
1.839402157671743670e-07
1.836325075185425843e-07
1.833247992699106163e-07
1.830170910212789131e-07
1.827093827726471303e-07
1.824016745240151624e-07
1.820879044298419617e-07
1.817739700550751086e-07
1.814612366552843768e-07
1.811606043933616867e-07
1.808597699529272878e-07
1.805568757678833729e-07
1.802539815828391139e-07
1.799510873977951725e-07
1.796481932127509399e-07
1.793452990277068132e-07
1.790391535651492152e-07
1.787306710051049470e-07
1.784224012496203779e-07
1.781232474271287868e-07
1.778279264527508286e-07
1.775310686299734077e-07
1.772335253957430920e-07
1.769359821615128292e-07
1.766384389272823017e-07
1.763408956930520919e-07
1.760426383985040346e-07
1.757391997373860842e-07
1.754362263203490611e-07
1.751363159679181727e-07
1.748459924040102315e-07
1.745551974820589873e-07
1.742626748359463832e-07
1.739701521898335409e-07
1.736776295437207251e-07
1.733851068976082269e-07
1.730925842514953317e-07
1.727961509756013213e-07
1.724973279706091062e-07
1.721986961105503211e-07
1.719087374197468923e-07
1.716224890337213877e-07
1.713348428311369723e-07
1.710464671811259339e-07
1.707580915311150544e-07
1.704697158811040954e-07
1.701813402310931365e-07
1.698929606850888622e-07
1.695992698024428352e-07
1.693059388086042611e-07
1.690136099830523748e-07
1.687327038186223116e-07
1.684517594094986651e-07
1.681688631530260389e-07
1.678859668965534127e-07
1.676030706400806012e-07
1.673201743836079750e-07
1.670372781271351899e-07
1.667525424228157563e-07
1.664639893586414400e-07
1.661757757310832122e-07
1.658922858351821778e-07
1.656166786027121599e-07
1.653404454557907283e-07
1.650627524817076114e-07
1.647850595076246799e-07
1.645073665335418277e-07
1.642296735594586580e-07
1.639519805853758058e-07
1.636711299560113609e-07
1.633879323919268019e-07
1.631049338668712254e-07
1.628290522748149016e-07
1.625581253309981839e-07
1.622861843690874936e-07
1.620132257275236445e-07
1.617402670859596366e-07
1.614673084443958670e-07
1.611943498028318591e-07
1.609213911612680630e-07
1.606448781548505145e-07
1.603671503214351705e-07
1.600895709392800247e-07
1.598203316713144212e-07
1.595543030399129745e-07
1.592870091410764030e-07
1.590189252123447495e-07
1.587508412836133078e-07
1.584827573548816544e-07
1.582146734261501862e-07
1.579465894974185327e-07
1.576740058722877949e-07
1.574004596187912283e-07
1.571270525185210966e-07
1.568623928409838197e-07
1.566003236517213835e-07
1.563369796978785538e-07
1.560729463221592009e-07
1.558089129464398480e-07
1.555448795707206805e-07
1.552808461950011688e-07
1.550168128192819747e-07
1.547487941075155318e-07
1.544798126986611213e-07
1.542109452829805680e-07
1.539504056354047686e-07
1.536928321947107438e-07
1.534341074456855364e-07
1.531746107890820581e-07
1.529151141324784210e-07
1.526556174758749162e-07
1.523961208192714644e-07
1.521366241626677213e-07
1.518738707351528177e-07
1.516097638139850101e-07
1.513458214744675138e-07
1.510886993989437870e-07
1.508357764299585260e-07
1.505820046623514480e-07
1.503272518842941953e-07
1.500724991062372337e-07
1.498177463281799809e-07
1.495629935501229929e-07
1.493082407720659254e-07
1.490509215271826725e-07
1.487911401304460421e-07
1.485315883398907476e-07
1.482768325767741658e-07
1.480288211540258417e-07
1.477803501230869264e-07
1.475304555727169409e-07
1.472805610223466907e-07
1.470306664719767316e-07
1.467807719216065343e-07
1.465308773712364958e-07
1.462798902953865226e-07
1.460253241484493496e-07
1.457710359227225773e-07
1.455180848958029670e-07
1.452743528806907419e-07
1.450306208655784108e-07
1.447851247883400050e-07
1.445395132489808643e-07
1.442939017096214323e-07
1.440482901702622651e-07
1.438026786309029655e-07
1.435570670915439042e-07
1.433074539729852670e-07
1.430575622397431555e-07
1.428077735842867030e-07
1.425658575345210330e-07
1.423265441521806804e-07
1.420862351099263458e-07
1.418451005907637670e-07
1.416039660716012148e-07
1.413628315524384772e-07
1.411216970332759514e-07
1.408805625141132139e-07
1.406371799366696048e-07
1.403910598215342696e-07
1.401451749792089028e-07
1.399022366414668787e-07
1.396665285978274741e-07
1.394306975166276678e-07
1.391931767595903456e-07
1.389556560025529704e-07
1.387181352455155687e-07
1.384806144884782730e-07
1.382430937314410037e-07
1.380055729744036549e-07
1.377639289831378463e-07
1.375221338543362356e-07
1.372804175289807838e-07
1.370461712071208969e-07
1.368145497551396958e-07
1.365820721594352860e-07
1.363487430483251815e-07
1.361154139372153416e-07
1.358820848261052371e-07
1.356487557149952914e-07
1.354154266038854516e-07
1.351808245952874974e-07
1.349433491942142669e-07
1.347061700895477375e-07
1.344700403448627397e-07
1.342431271217867716e-07
1.340162138987109887e-07
1.337878717305023782e-07
1.335592704364754276e-07
1.333306691424484506e-07
1.331020678484214736e-07
1.328734665543946025e-07
1.326448652603677314e-07
1.324134142461901548e-07
1.321801978706056191e-07
1.319471580633144962e-07
1.317178741827223790e-07
1.314948349057440373e-07
1.312716177630448655e-07
1.310468452787485000e-07
1.308220727944519757e-07
1.305973003101555573e-07
1.303725278258590330e-07
1.301477553415625881e-07
1.299229828572661432e-07
1.296948907585900772e-07
1.294661912571809418e-07
1.292376041265649088e-07
1.290144484681329054e-07
1.287955714106535798e-07
1.285762413968815756e-07
1.283556808282533718e-07
1.281351202596249827e-07
1.279145596909967788e-07
1.276939991223684426e-07
1.274734385537402652e-07
1.272528779851119555e-07
1.270285837240899943e-07
1.268042337861710888e-07
1.265799781351481422e-07
1.263618165011281945e-07
1.261468944746679303e-07
1.259313940536381672e-07
1.257147960435552669e-07
1.254981980334724724e-07
1.252816000233897838e-07
1.250650020133068570e-07
1.248484040032241949e-07
1.246318059931411887e-07
1.244107506709304643e-07
1.241896949548084176e-07
1.239687149170620427e-07
1.237537602244677947e-07
1.235419718975606954e-07
1.233296414805195953e-07
1.231162109093093469e-07
1.229027803380992573e-07
1.226893497668891678e-07
1.224759191956790782e-07
1.222624886244689357e-07
1.220490580532587667e-07
1.218322725489109492e-07
1.216152495640786240e-07
1.213983140820381192e-07
1.211866190743979539e-07
1.209789342345928022e-07
1.207709094860762136e-07
1.205617025046276824e-07
1.203524955231792837e-07
1.201432885417309114e-07
1.199340815602824861e-07
1.197248745788340609e-07
1.195156675973855827e-07
1.193035889545538886e-07
1.190906336928541933e-07
1.188778345630756279e-07
1.186685768519624797e-07
1.184649726969114319e-07
1.182613306594175006e-07
1.180561521421669137e-07
1.178509736249164063e-07
1.176457951076659122e-07
1.174406165904152856e-07
1.172354380731647518e-07
1.170302595559141649e-07
1.168231110919031333e-07
1.166139525242420442e-07
1.164049843504598395e-07
1.161970183651502165e-07
1.159970984385251310e-07
1.157971785119001514e-07
1.155961098441971702e-07
1.153946198324648305e-07
1.151931298207324776e-07
1.149916398090001379e-07
1.147901497972678380e-07
1.145886597855354056e-07
1.143866511155466844e-07
1.141815991040462955e-07
1.139767604193594527e-07
1.137719511154465563e-07
1.135736155167082046e-07
1.133775235066853298e-07
1.131809008962967349e-07
1.129832724253010470e-07
1.127856439543052267e-07
1.125880154833095255e-07
1.123903870123138111e-07
1.121927585413179908e-07
1.119951300703222897e-07
1.117947752915413096e-07
1.115934298202629274e-07
1.113922525312643817e-07
1.111934080583838431e-07
1.110005612676244651e-07
1.108077144768650738e-07
1.106135552919135345e-07
1.104191902913053296e-07
1.102248252906972041e-07
1.100304602900891051e-07
1.098360952894808473e-07
1.096417302888727483e-07
1.094466905458077829e-07
1.092485223633814895e-07
1.090505543890296182e-07
1.088526108238117542e-07
1.086607420518733696e-07
1.084712093556112678e-07
1.082812447405007403e-07
1.080902134085352555e-07
1.078991820765699295e-07
1.077081507446044845e-07
1.075171194126391320e-07
1.073260880806737796e-07
1.071350567487083080e-07
1.069421438576729863e-07
1.067477531203894559e-07
1.065535410268353984e-07
1.063598984192521737e-07
1.061739919064260526e-07
1.059880853935999977e-07
1.058013408176116133e-07
1.056140736568246534e-07
1.054268064960375215e-07
1.052395393352504690e-07
1.050522721744634694e-07
1.048650050136762978e-07
1.046777378528893379e-07
1.044875569881429516e-07
1.042968971027034143e-07
1.041063598562983342e-07
1.039185013866663404e-07
1.037363817386058501e-07
1.035542620905452408e-07
1.033709084822528650e-07
1.031873317438714339e-07
1.030037550054900557e-07
1.028201782671087966e-07
1.026366015287273257e-07
1.024530247903459475e-07
1.022694293141245593e-07
1.020824181087690969e-07
1.018955536032191666e-07
1.017087551057014920e-07
1.015257381871469082e-07
1.013469766613052173e-07
1.011682151354635924e-07
1.009880464965963708e-07
1.008078495489407648e-07
1.006276526012850793e-07
1.004474556536293541e-07
1.002672587059737348e-07
1.000870617583179434e-07
9.990658542496953145e-08
9.972316293970834836e-08
9.953992128101439807e-08
9.935673647864872597e-08
9.917771217829268366e-08
9.900245688915794893e-08
9.882718025808780891e-08
9.865054109799320560e-08
9.847390193789854936e-08
9.829726277780393282e-08
9.812062361770931628e-08
9.794398445761462033e-08
9.776734529752001702e-08
9.759046681209326039e-08
9.741036467628528658e-08
9.723043521042656286e-08
9.705056859057619409e-08
9.687426317851433660e-08
9.670181613921741757e-08
9.652936909992052501e-08
9.635559519634526066e-08
9.618175372696270298e-08
9.600791225758017178e-08
9.583407078819761410e-08
9.566022931881505643e-08
9.548638784943239287e-08
9.531254638004983520e-08
9.513556999510575192e-08
9.495856042913652618e-08
9.478163164171878437e-08
9.460727756661426640e-08
9.443801998084840780e-08
9.426876239508250950e-08
9.409845609643337726e-08
9.392786747808170050e-08
9.375727885972990463e-08
9.358669024137820140e-08
9.341610162302644523e-08
9.324551300467483464e-08
9.307492438632298583e-08
9.290213701405239671e-08
9.272864001651795023e-08
9.255527895225242541e-08
9.238260970999553517e-08
9.221685924351005023e-08
9.205110877702473735e-08
9.188469497264156103e-08
9.171767788041521126e-08
9.155066078818882180e-08
9.138364369596233968e-08
9.121662660373591051e-08
9.104960951150944163e-08
9.088259241928311834e-08
9.071423659428512845e-08
9.054401986931971696e-08
9.037400429071634570e-08
9.020398871211286858e-08
9.003954458887074279e-08
8.987700732950545509e-08
8.971425931621500660e-08
8.955038993851802394e-08
8.938652056082089569e-08
8.922265118312383362e-08
8.905878180542669214e-08
8.889491242772959036e-08
8.873104305003255476e-08
8.856717367233538681e-08
8.840034158157897942e-08
8.823362048031835001e-08
8.806697242272608078e-08
8.790250338342881309e-08
8.774318723207859394e-08
8.758387108072836155e-08
8.742366289249145255e-08
8.726305512296690261e-08
8.710244735344237914e-08
8.694183958391789537e-08
8.678123181439330572e-08
8.662062404486880872e-08
8.646001627534433819e-08
8.629806950355625150e-08
8.613466127314259323e-08
8.597144800586220242e-08
8.580823473858194396e-08
8.565028857786502930e-08
8.549412943108805073e-08
8.533781764128369863e-08
8.518038860327631075e-08
8.502295956526909492e-08
8.486553052726177321e-08
8.470810148925455739e-08
8.455067245124738127e-08
8.439324341324000662e-08
8.423581437523283050e-08
8.407563182322653314e-08
8.391505168153367485e-08
8.375458165235437544e-08
8.359473986323015741e-08
8.344105043331532986e-08
8.328736100340031702e-08
8.313310634607375480e-08
8.297814994123101955e-08
8.282319353638836372e-08
8.266823713154572112e-08
8.251328072670297264e-08
8.235832432186033004e-08
8.220336791701754185e-08
8.204808321170482531e-08
8.189038696539278978e-08
8.173281582694270083e-08
8.157529559310440651e-08
8.142011184501146621e-08
8.126957972742009680e-08
8.111904760982868769e-08
8.096772650641922727e-08
8.081601258123726852e-08
8.066429865605534949e-08
8.051258473087340398e-08
8.036087080569136583e-08
8.020915688050944679e-08
8.005744295532748805e-08
7.990495837425615391e-08
7.975054376274376609e-08
7.959630352596090733e-08
7.944209037350467039e-08
7.929110722712926045e-08
7.914375226537555226e-08
7.899639730362177791e-08
7.884811572404590666e-08
7.869957864272197079e-08
7.855104156139790257e-08
7.840250448007400641e-08
7.825396739875001760e-08
7.810543031742601555e-08
7.795689323610190763e-08
7.780736666706377163e-08
7.765596337764162130e-08
7.750472301089446420e-08
7.735349785979674858e-08
7.720566729271745368e-08
7.706120819824863481e-08
7.691674910377978947e-08
7.677132875584894226e-08
7.662565913021663273e-08
7.647998950458430996e-08
7.633431987895205336e-08
7.618865025331979676e-08
7.604298062768754017e-08
7.589731100205532328e-08
7.575087636995364508e-08
7.560264499842540686e-08
7.545455482642939338e-08
7.530648820356101875e-08
7.516124474550739839e-08
7.501980909067045796e-08
7.487837343583358371e-08
7.473612479517064338e-08
7.459352347367189138e-08
7.445092215217299380e-08
7.430832083067418886e-08
7.416571950917543686e-08
7.402311818767655252e-08
7.388051686617780052e-08
7.373753685865776565e-08
7.359231935040082182e-08
7.344724250813487999e-08
7.330222822433042599e-08
7.315873381256585092e-08
7.301999232693033780e-08
7.288125084129504967e-08
7.274193751164426986e-08
7.260203644333705992e-08
7.246213537502991615e-08
7.232223430672258710e-08
7.218233323841544333e-08
7.204243217010812751e-08
7.190253110180094404e-08
7.176263003349369439e-08
7.162028174420824520e-08
7.147767573755467882e-08
7.133516298396924522e-08
7.119265023038383809e-08
7.105607206800433887e-08
7.091980289891760520e-08
7.078332553404202466e-08
7.064590205760411468e-08
7.050847858116625765e-08
7.037105510472826826e-08
7.023363162829039799e-08
7.009620815185243507e-08
6.995878467541453833e-08
6.982136119897662835e-08
6.968269022361856730e-08
6.954283543829682775e-08
6.940313357361078686e-08
6.926343170892489155e-08
6.912720762368333324e-08
6.899383393131328664e-08
6.886046023894321356e-08
6.872629490544198071e-08
6.859187720051870538e-08
6.845745949559532417e-08
6.832304179067203561e-08
6.818862408574865440e-08
6.805420638082537908e-08
6.791978867590213022e-08
6.778529488191872933e-08
6.764843807267686814e-08
6.751167963053311550e-08
6.737500328434697889e-08
6.723856689678664156e-08
6.710810002359764960e-08
6.697763315040872381e-08
6.684691731166396603e-08
6.671534892924533374e-08
6.658378054682667499e-08
6.645221216440805594e-08
6.632064378198945013e-08
6.618907539957077814e-08
6.605750701715215909e-08
6.592593863473343417e-08
6.579328575782510529e-08
6.565925224620777495e-08
6.552535872054029053e-08
6.539147373985008791e-08
6.526013234800711847e-08
6.513234871935082583e-08
6.500456509069444054e-08
6.487613956056475611e-08
6.474725449620619312e-08
6.461836943184756394e-08
6.448948436748900095e-08
6.436059930313041148e-08
6.423171423877186172e-08
6.410282917441325902e-08
6.397394411005470926e-08
6.384336478183505600e-08
6.371221691995684368e-08
6.358118851320754742e-08
6.345016010645823791e-08
6.332325541183667266e-08
6.319826058102473635e-08
6.307326575021272064e-08
6.294740774702954601e-08
6.282137007470946665e-08
6.269533240238944023e-08
6.256929473006938734e-08
6.244325705774930798e-08
6.231721938542932127e-08
6.219118171310921544e-08
6.206514404078920225e-08
6.193691049427280022e-08
6.180856019108954746e-08
6.168031171709573432e-08
6.155206324310202706e-08
6.142845554485262843e-08
6.130574826213512985e-08
6.118304097941775038e-08
6.105931260649775657e-08
6.093554162768295243e-08
6.081177064886812182e-08
6.068799967005325150e-08
6.056422869123846060e-08
6.044045771242356381e-08
6.031668673360873320e-08
6.019291575479382318e-08
6.006677116182201252e-08
5.994067779258707244e-08
5.981466048431986760e-08
5.968864317605272893e-08
5.956769039740553975e-08
5.944744027551190289e-08
5.932719015361816677e-08
5.920592613318062858e-08
5.908463996826155675e-08
5.896335380334239227e-08
5.884206763842333367e-08
5.872078147350421552e-08
5.859949530858513045e-08
5.847820914366605862e-08
5.835692297874690737e-08
5.823358741101813976e-08
5.811020747787403748e-08
5.798691325393648439e-08
5.786361902999884527e-08
5.774495614787332229e-08
5.762741822908602756e-08
5.750988031029864019e-08
5.739151201123372015e-08
5.727303356313148495e-08
5.715455511502922989e-08
5.703607666692693513e-08
5.691759821882470655e-08
5.679911977072250443e-08
5.668064132262015011e-08
5.656216287451794800e-08
