-1.460721464054409754e-08
-1.181249501147908724e-08
-9.382921382489565949e-09
-6.539372152175625832e-09
-3.906786723268089041e-09
-1.548833956168543633e-09
7.005581342914209297e-10
3.167499284649473624e-09
4.948503646657213372e-09
7.303737985915797989e-09
9.250342403338419959e-09
1.052649719563698698e-08
1.205817424088672749e-08
1.361771321614754773e-08
1.472459812366856598e-08
1.584466877065714179e-08
1.650915864241405324e-08
1.790322752861278583e-08
1.817794921728462983e-08
1.847316048998979367e-08
1.896145237835854193e-08
1.884651989269688270e-08
1.817446812697763853e-08
1.831276539155502983e-08
1.805187922070934641e-08
1.681247189016844075e-08
1.639706004571749205e-08
1.503491309825480348e-08
1.379126825370124068e-08
1.255178281916431639e-08
1.097402366499263665e-08
9.420419177125452340e-09
7.564863749661491874e-09
5.075326198756437881e-09
2.890906796622059191e-09
4.616521436288320135e-10
-2.064180892881790790e-09
-4.755343413673074346e-09
-7.393416530168970194e-09
-1.020896539524489221e-08
-1.319610563241057265e-08
-1.670437087267338635e-08
-1.982955600234045821e-08
-2.339140492638516813e-08
-2.734919686948182691e-08
-3.077810445909142673e-08
-3.445396335145613508e-08
-3.848458049624873307e-08
-4.234367122925258022e-08
-4.635079046039390107e-08
-5.088616648722101739e-08
-5.505583132680437180e-08
-5.958889373098467626e-08
-6.395330696050510914e-08
-6.814491807431127190e-08
-7.296834174988468861e-08
-7.725681372314891088e-08
-8.216490920806752467e-08
-8.700369140370398273e-08
-9.178378778074109629e-08
-9.605967846243186498e-08
-1.011001312370860282e-07
-1.059354317225908011e-07
-1.109150648092618206e-07
-1.154831874815355365e-07
-1.204040814656385222e-07
-1.251522717589439410e-07
-1.303039794783306788e-07
-1.350444830058160259e-07
-1.396767993119757864e-07
-1.447346368660587715e-07
-1.497758423816819000e-07
-1.545844360052351894e-07
-1.591011677342827108e-07
-1.639248521444716596e-07
-1.686548538799698167e-07
-1.732440276575784691e-07
-1.775535863745812461e-07
-1.822940333969871552e-07
-1.870930252403241098e-07
-1.918302485916505458e-07
-1.957955071623883392e-07
-1.999915660829611819e-07
-2.044098600036360845e-07
-2.089027083886291461e-07
-2.132408257450121406e-07
-2.175870545652649612e-07
-2.215041323821372715e-07
-2.245910986049110549e-07
-2.286917973064625278e-07
-2.327459914027072354e-07
-2.366153266278100435e-07
-2.399486181164014290e-07
-2.435519392377331637e-07
-2.473813842953624270e-07
-2.508319208611591341e-07
-2.541341859799603163e-07
-2.573436159543817053e-07
-2.601709028388461846e-07
-2.633471070970899604e-07
-2.663727702684343877e-07
-2.691325669695272713e-07
-2.719278161847192965e-07
-2.745058051057721976e-07
-2.767344855176046625e-07
-2.791700137644495893e-07
-2.814744205605375901e-07
-2.836087916153666749e-07
-2.857331806934992253e-07
-2.876040148966578120e-07
-2.893941503762939554e-07
-2.911761878130847431e-07
-2.927371929716099915e-07
-2.942784454035207614e-07
-2.957580604365175291e-07
-2.970845962544105874e-07
-2.989078956774217019e-07
-2.999361062223678875e-07
-3.009826354527859771e-07
-3.017089250475065686e-07
-3.024174777246576345e-07
-3.029850307561935466e-07
-3.032185558198446561e-07
-3.036485324208464317e-07
-3.047642544758916012e-07
-3.048605523957382221e-07
-3.048449297208500338e-07
-3.048823586614306560e-07
-3.046730157551452442e-07
-3.041951945018039909e-07
-3.044964089663354203e-07
-3.039898563895314121e-07
-3.033538655911413469e-07
-3.026342098359403352e-07
-3.018882151248119943e-07
-3.016961414919001292e-07
-3.004924942632330183e-07
-2.993469727886500546e-07
-2.982337419739579317e-07
-2.969674546927627512e-07
-2.961923990138720978e-07
-2.947691993369451449e-07
-2.932535706706879290e-07
-2.913990798492177857e-07
-2.900441153874161610e-07
-2.882109950803524777e-07
-2.863666718727758504e-07
-2.843993767265392731e-07
-2.826706426913473143e-07
-2.805434743771868933e-07
-2.783385251412180072e-07
-2.759414470712140065e-07
-2.738840523550262325e-07
-2.715538291048323835e-07
-2.691610779744351186e-07
-2.668379668788614338e-07
-2.642382303956270939e-07
-2.616593757601338100e-07
-2.589724495018974999e-07
-2.563444023015137768e-07
-2.535392150968410027e-07
-2.508325041683930162e-07
-2.480133204008600180e-07
-2.451840827569271838e-07
-2.423497228886582576e-07
-2.393647235462584041e-07
-2.364662595273106017e-07
-2.334558002923911795e-07
-2.303596905888341636e-07
-2.273691264635869386e-07
-2.244365535469361684e-07
-2.212386979182633353e-07
-2.182643407937311664e-07
-2.153010614914442937e-07
-2.120302720620262978e-07
-2.090536933070855334e-07
-2.059485323648851010e-07
-2.026628416913456432e-07
-1.997212222532301645e-07
-1.964190926902157784e-07
-1.935418218682098424e-07
-1.906816232487944831e-07
-1.874356546769324796e-07
-1.846060587904550415e-07
-1.817403962132886851e-07
-1.785755986292488069e-07
-1.757193970950838134e-07
-1.725936921540232382e-07
-1.699407112445111050e-07
-1.673408156311382052e-07
-1.643053604420879325e-07
-1.617765292255194703e-07
-1.588461409868283204e-07
-1.564181567381208172e-07
-1.538672820485899933e-07
-1.512103499458606065e-07
-1.488491683480502177e-07
-1.462225157083839632e-07
-1.440584835915226897e-07
-1.415133774209125842e-07
-1.394935986185606485e-07
-1.374918592747154323e-07
-1.351984241581670382e-07
-1.333182809976431473e-07
-1.311767952575832038e-07
-1.293125495365720454e-07
-1.273127466982509764e-07
-1.256655499838730657e-07
-1.238543895778541882e-07
-1.223532459051534091e-07
-1.208864138122503902e-07
-1.193550052676898777e-07
-1.180589554833048972e-07
-1.166934639410880384e-07
-1.155427538436105587e-07
-1.143265755541623942e-07
-1.131164777694163687e-07
-1.120752678900284771e-07
-1.112094626157341187e-07
-1.103377440762107997e-07
-1.096090020307198001e-07
-1.089144415384138890e-07
-1.082748496783097049e-07
-1.077185059877485234e-07
-1.072846911364746250e-07
-1.067586491536572630e-07
-1.065068210962376215e-07
-1.058971984054835811e-07
-1.059008465681992834e-07
-1.056109319054371326e-07
-1.057539293049225063e-07
-1.055311362992929087e-07
-1.058322422037277908e-07
-1.056793255923972183e-07
-1.061384431627472291e-07
-1.061379063172605550e-07
-1.067422099593304786e-07
-1.066568886134539944e-07
-1.074311013081839117e-07
-1.075220559253709243e-07
-1.083448425014605556e-07
-1.088531716100486137e-07
-1.095891526292708069e-07
-1.104589727351288977e-07
-1.109195088380095767e-07
-1.120676635285183999e-07
-1.124573158923565059e-07
-1.136790355468909678e-07
-1.141888923206867628e-07
-1.155056817380189828e-07
-1.158152532619770597e-07
-1.172301030958146345e-07
-1.177392175796310376e-07
-1.192408784973057319e-07
-1.198371345830486170e-07
-1.214083638489803199e-07
-1.218088658728316541e-07
-1.234787789654611024e-07
-1.247255097653805530e-07
-1.257549262176774086e-07
-1.274305892897319236e-07
-1.280741693198170524e-07
-1.297936801762689142e-07
-1.301502762865606488e-07
-1.319007443924433699e-07
-1.325419744470245578e-07
-1.342976607900617098e-07
-1.350791154529522268e-07
-1.366343283738907751e-07
-1.383932896146726225e-07
-1.388177424347441169e-07
-1.405650685104577587e-07
-1.411307269685328954e-07
-1.428651844390787005e-07
-1.432836938529721032e-07
-1.450087280254139706e-07
-1.468050680389330805e-07
-1.469665265948303922e-07
-1.486146183984599701e-07
-1.490552360011296932e-07
-1.506647418819929282e-07
-1.509354072683550348e-07
-1.525574474949260770e-07
-1.541424468980368853e-07
-1.543568356228865830e-07
-1.558630387935058943e-07
-1.561722934186597798e-07
-1.576034251206633290e-07
-1.585085623091661054e-07
-1.590718565933355056e-07
-1.604152342129541407e-07
-1.604730655581687532e-07
-1.617254146636019210e-07
-1.618946218558810366e-07
-1.630172204714892042e-07
-1.641642714273290918e-07
-1.640414906793065902e-07
-1.650567693313079403e-07
-1.649131233484669046e-07
-1.658802946395959630e-07
-1.667737925818605695e-07
-1.666093240949274495e-07
-1.673876242585962759e-07
-1.670302322428927876e-07
-1.676585433538581145e-07
-1.682949470406934006e-07
-1.679412250275058370e-07
-1.684406556945526290e-07
-1.685588456881315129e-07
-1.684824527073770513e-07
-1.688527718587840733e-07
-1.682695649246119444e-07
-1.684931282319641150e-07
-1.687409211586660727e-07
-1.681230978384197444e-07
-1.682088537935852117e-07
-1.675746610380306985e-07
-1.675483295578018625e-07
-1.674901160007492505e-07
-1.666308883425222790e-07
-1.664201619025670534e-07
-1.662509270029112497e-07
-1.653830441178517109e-07
-1.650355805480359894e-07
-1.641902114712388005e-07
-1.637191974344231727e-07
-1.632271112459092706e-07
-1.622604359213206631e-07
-1.616172712072220719e-07
-1.609754258161116690e-07
-1.599566246961277214e-07
-1.591830252664488395e-07
-1.582811584461731264e-07
-1.572565192591527399e-07
-1.563524001641202481e-07
-1.552242342401428032e-07
-1.541955349116798155e-07
-1.531632938742658610e-07
-1.520260308131695930e-07
-1.508799710331262004e-07
-1.497339112530791020e-07
-1.485257820538804202e-07
-1.472689971708071145e-07
-1.460098138209960595e-07
-1.447640713520516202e-07
-1.434105267477690906e-07
-1.420938182995866364e-07
-1.407765016354392006e-07
-1.393403680583168822e-07
-1.380369868505423729e-07
-1.365633539554300167e-07
-1.350496152945381990e-07
-1.337996395295739531e-07
-1.322120630399630772e-07
-1.306422433641260910e-07
-1.293892768794656701e-07
-1.277698770843847201e-07
-1.261567733911608273e-07
-1.249241857601194493e-07
-1.232724315370248926e-07
-1.216206773139358416e-07
-1.203805458624389032e-07
-1.187101691829828995e-07
-1.170397925035072553e-07
-1.158082340304916796e-07
-1.141384605989435884e-07
-1.124686871673887607e-07
-1.112387647166157197e-07
-1.095854041844663800e-07
-1.079320436522968041e-07
-1.067624259667011597e-07
-1.051337556772938096e-07
-1.035050853878870551e-07
-1.023845622508747073e-07
-1.007919588938485642e-07
-9.920997450817046637e-08
-9.819814362214738672e-08
-9.664511096848461238e-08
-9.512679536254112567e-08
-9.397877326537377572e-08
-9.262965342800158077e-08
-9.117598262956108562e-08
-8.984876355760024065e-08
-8.879587748461705003e-08
-8.742733332781953453e-08
-8.603710724651367528e-08
-8.516231264917365956e-08
-8.390064974728885072e-08
-8.263898684541140048e-08
-8.182140293390904462e-08
-8.065760761449426302e-08
-7.949381229506905233e-08
-7.873029775972174027e-08
-7.768400001204684271e-08
-7.663770226436887465e-08
-7.593207901940040619e-08
-7.500137527873538998e-08
-7.408663551524183665e-08
-7.324287185499226245e-08
-7.260024163944646913e-08
-7.180702675188791084e-08
-7.101381186430543711e-08
-7.044961769822617182e-08
-6.979302822154646088e-08
-6.913643874486000014e-08
-6.857741547072015320e-08
-6.806354032139481205e-08
-6.754966517207866916e-08
-6.706238139859223891e-08
-6.668183868751869259e-08
-6.629744335834858458e-08
-6.591331594987065539e-08
-6.555965000602268254e-08
-6.531543607395011176e-08
-6.507122214188920093e-08
-6.471938161058160004e-08
-6.461081295137547009e-08
-6.450224429217639434e-08
-6.434469219197524554e-08
-6.418949005009019061e-08
-6.420350866066949841e-08
-6.421752727124206966e-08
-6.391654956190595504e-08
-6.405799567520217465e-08
-6.419944178848918279e-08
-6.407102594630797789e-08
-6.419148341353675856e-08
-6.444742753316632640e-08
-6.470337165277994619e-08
-6.457926160266560221e-08
-6.493659842432429686e-08
-6.529393524599035010e-08
-6.523110522687291174e-08
-6.553020407395644906e-08
-6.598769222778611463e-08
-6.644518038161179650e-08
-6.634802705491061639e-08
-6.688689344319342383e-08
-6.742575983146210965e-08
-6.769964943788818885e-08
-6.793167858788971439e-08
-6.853976052837837815e-08
-6.914784246886150973e-08
-6.891898617974479740e-08
-6.958715700230832370e-08
-7.025532782487093680e-08
-7.096687894071337206e-08
-7.087611523536499123e-08
-7.159091559429819956e-08
-7.230571595324030173e-08
-7.226885553209054671e-08
-7.298068064700441019e-08
-7.372762013377177585e-08
-7.447455962054496487e-08
-7.429932071890969005e-08
-7.506753208608836958e-08
-7.583574345325753324e-08
-7.665275135801552328e-08
-7.653734417362979930e-08
-7.731164032681603131e-08
-7.808593648000287212e-08
-7.828034257260170374e-08
-7.873214178704455370e-08
-7.949756741320736053e-08
-8.026299303937538191e-08
-7.998779943063419746e-08
-8.076285291339714399e-08
-8.150660234271014132e-08
-8.225035177202128576e-08
-8.212549234292803901e-08
-8.283891691550203947e-08
-8.355234148807390911e-08
-8.429180937704445434e-08
-8.405955527738654816e-08
-8.472988653407637724e-08
-8.540021779077541781e-08
-8.602500056530988598e-08
-8.578869281823890514e-08
-8.640275257229647065e-08
-8.701681232635127007e-08
-8.725864112683061939e-08
-8.739227245268708394e-08
-8.794546941970318918e-08
-8.849866638671745476e-08
-8.839274730224586483e-08
-8.869154357211206668e-08
-8.917146629058516887e-08
-8.965138900905030366e-08
-8.933400564862176861e-08
-8.973283821742559682e-08
-9.013324901228549206e-08
-9.053365980714815339e-08
-9.021050330747000516e-08
-9.057743122558805422e-08
-9.089555173859972797e-08
-9.121367225161600747e-08
-9.080458317268697029e-08
-9.107356247604413473e-08
-9.129646623629266065e-08
-9.151936999654179538e-08
-9.111186630347842443e-08
-9.128442122385924452e-08
-9.141283043945957074e-08
-9.154123965505775290e-08
-9.121782494636943769e-08
-9.122627288135891090e-08
-9.126755129198653029e-08
-9.130882970261384529e-08
-9.101464777195086290e-08
-9.081689426717757546e-08
-9.076556901488593423e-08
-9.071424376259952078e-08
-9.053524518769900552e-08
-9.016555717419437297e-08
-9.001425464818509013e-08
-8.986295212217365001e-08
-8.973308873241823428e-08
-8.921312342355330867e-08
-8.895815332583711792e-08
-8.870318322812153597e-08
-8.845166985885544327e-08
-8.790130905994532569e-08
-8.755590385744099578e-08
-8.721049865493450859e-08
-8.686509345242771699e-08
-8.635790648885261272e-08
-8.595793043959775679e-08
-8.555795439033769954e-08
-8.515797834107580264e-08
-8.467809313165239091e-08
-8.422400645962273093e-08
-8.376952124694869495e-08
-8.331503603427649862e-08
-8.285176013946937057e-08
-8.230462801340145951e-08
-8.176834679206001183e-08
-8.123206557071149671e-08
-8.069520430799427667e-08
-8.022155946618422674e-08
-7.962208880325403429e-08
-7.902261814032906963e-08
-7.842314747740133887e-08
-7.797247869881572590e-08
-7.732143066098629571e-08
-7.667999581226273856e-08
-7.603856096354132547e-08
-7.544256789057623788e-08
-7.494033923663532340e-08
-7.427473049515353902e-08
-7.360912175367145025e-08
-7.294351301218905707e-08
-7.250240691098103636e-08
-7.182516807781255950e-08
-7.114792924464162095e-08
-7.047069041148050269e-08
-6.995890901605618325e-08
-6.936391187153810642e-08
-6.868429141247820984e-08
-6.800467095341802210e-08
-6.732345239323890891e-08
-6.691864180702799136e-08
-6.625238432005409234e-08
-6.558612683308325057e-08
-6.491986934610657222e-08
-6.445479326029140553e-08
-6.388354806559233191e-08
-6.323618811503529803e-08
-6.258882816447825092e-08
-6.194146821391782891e-08
-6.159278403702523784e-08
-6.097755596342558972e-08
-6.036232788983114292e-08
-5.974709981622720670e-08
-5.924472068897203544e-08
-5.882808561668208551e-08
-5.825972423029615995e-08
-5.769136284390993660e-08
-5.712300145752646611e-08
-5.680450505631764817e-08
-5.628293505218396372e-08
-5.576768021332265775e-08
-5.525242537446626855e-08
-5.472490918288332316e-08
-5.444848720149648425e-08
-5.399942374458949226e-08
-5.355036028768250027e-08
-5.310129683077059814e-08
-5.273486034871398532e-08
-5.240708381502787751e-08
-5.203011718457066721e-08
-5.165315055410609169e-08
-5.127618392364182057e-08
-5.102003076594648906e-08
-5.070869450505685738e-08
-5.040058841910731988e-08
-5.009248233315901323e-08
-4.978384807690281164e-08
-4.955568777778603843e-08
-4.932282629197524979e-08
-4.908996480616262150e-08
-4.885710332035458572e-08
-4.862340831258686409e-08
-4.842194188315823357e-08
-4.826196172929963893e-08
-4.810198157544473021e-08
-4.794200142158583118e-08
-4.775659091762424667e-08
-4.761187344936103604e-08
-4.752189064256309640e-08
-4.743190783577067571e-08
-4.734192502897795062e-08
-4.712157344699716286e-08
-4.705081994390402325e-08
-4.703469258869149002e-08
-4.701856523347834798e-08
-4.700243787826489493e-08
-4.678798863527593264e-08
-4.682829478571002033e-08
-4.687229400834848132e-08
-4.691629323098510928e-08
-4.696029245362049977e-08
-4.674605265230554914e-08
-4.686354525805478049e-08
-4.695995889370663794e-08
-4.705637252935879980e-08
-4.715278616501342334e-08
-4.689059823007440154e-08
-4.706533153831277891e-08
-4.721465329609215386e-08
-4.736397505387307069e-08
-4.751329681165612494e-08
-4.729305790400732177e-08
-4.750966702725025063e-08
-4.769917737054509378e-08
-4.788868771384728892e-08
-4.807819805715102591e-08
-4.786794778062620132e-08
-4.810191268590881266e-08
-4.832294680858006482e-08
-4.854398093125054935e-08
-4.876501505391704356e-08
-4.857429400716292400e-08
-4.872280980353884527e-08
-4.896637330970036499e-08
-4.920993681586341994e-08
-4.945350032202770575e-08
-4.947148400682066880e-08
-4.950607991345500990e-08
-4.976024837435320885e-08
-5.001441683524772851e-08
-5.026858529614854136e-08
-5.046824108914853661e-08
-5.030748759661444075e-08
-5.056591091120992256e-08
-5.082433422579942881e-08
-5.108275754038784980e-08
-5.136385369781839112e-08
-5.107068313493483935e-08
-5.132442089236949744e-08
-5.157815864980307689e-08
-5.183189640723773498e-08
-5.208563416466717191e-08
-5.184500250246839413e-08
-5.210263749603918329e-08
-5.234212642085690953e-08
-5.258161534568321860e-08
-5.282110427050308889e-08
-5.269836760900553966e-08
-5.278080114342226630e-08
-5.299697326303100990e-08
-5.321314538264021671e-08
-5.342931750225141538e-08
-5.365716466570785115e-08
-5.332703622135877614e-08
-5.351357796113785352e-08
-5.370011970091908158e-08
-5.388666144070306910e-08
-5.407320318048184208e-08
-5.381057803015082171e-08
-5.397891531395287359e-08
-5.413291842784248867e-08
-5.428692154173578306e-08
-5.444092465562907744e-08
-5.438257300794475631e-08
-5.428627366367830417e-08
-5.440133635920639687e-08
-5.451639905473311315e-08
-5.463146175025767214e-08
-5.475552258458887157e-08
-5.444949982977750668e-08
-5.452154860424146635e-08
-5.459359737870174671e-08
-5.466564615316202707e-08
-5.473769492762490809e-08
-5.460605766261884746e-08
-5.451944773630970060e-08
-5.454931169248548374e-08
-5.457917564866479398e-08
-5.460903960483857865e-08
-5.464455846703455353e-08
-5.432696180427986401e-08
-5.431138726330425148e-08
-5.429519876704165154e-08
-5.427901027078134784e-08
-5.426282177451829130e-08
-5.414728129929689688e-08
-5.393899939813535020e-08
-5.387839661806964647e-08
-5.381779383800056121e-08
-5.375719105793117818e-08
-5.369658827786178853e-08
-5.343091424918188903e-08
-5.334110876080257357e-08
-5.324094955932949192e-08
-5.314079035785380300e-08
-5.304063115638179339e-08
-5.295186438138085898e-08
-5.266047260981801000e-08
-5.252050806918301037e-08
-5.238054352854417262e-08
-5.224057898790794214e-08
-5.210061444727171828e-08
-5.191872904234217734e-08
-5.169626659494125861e-08
-5.152311619513454830e-08
-5.134996579532660713e-08
-5.117681539551866597e-08
-5.100366499571088363e-08
-5.077602676494180870e-08
-5.057359478749320447e-08
-5.037344988761426070e-08
-5.017330498773531692e-08
-4.997316008785653196e-08
-4.977301518797651616e-08
-4.952597065578813445e-08
-4.930422938964214328e-08
-4.908153289962679666e-08
-4.885883640960792293e-08
-4.863613991959349613e-08
-4.841320352652283347e-08
-4.819662152663802301e-08
-4.795998403207704723e-08
-4.772334653751607807e-08
-4.748670904295371924e-08
-4.725007154839151923e-08
-4.701052291900949557e-08
-4.681269612801093068e-08
-4.656876351505847963e-08
-4.632483090211062769e-08
-4.608089828916323899e-08
-4.583696567621308418e-08
-4.559656808064516239e-08
-4.540647665164782681e-08
-4.516221590796032168e-08
-4.491795516426822404e-08
-4.467369442058102993e-08
-4.442943367689015652e-08
-4.419336482307543524e-08
-4.401229814831686502e-08
-4.377550443177811710e-08
-4.353871071524657558e-08
-4.330191699871135476e-08
-4.306512328217383106e-08
-4.283459685156599264e-08
-4.266839825022305161e-08
-4.244521857238845384e-08
-4.222203889454510780e-08
-4.199885921670805496e-08
-4.177567953886931466e-08
-4.155071858786263885e-08
-4.138484928459222215e-08
-4.118170273523449997e-08
-4.097855618588275997e-08
-4.077540963653086114e-08
-4.057226308717543522e-08
-4.036546783685174137e-08
-4.022670507912181290e-08
-4.004559767696173536e-08
-3.986449027480273646e-08
-3.968338287264143470e-08
-3.950227547048166156e-08
-3.932042404342626768e-08
-3.918002932520478406e-08
-3.902609433649619807e-08
-3.887248167270870627e-08
-3.871886900892228648e-08
-3.856525634513601890e-08
-3.841164368134959912e-08
-3.826265281328484993e-08
-3.814276413944052621e-08
-3.802158552158588671e-08
-3.790040690373246482e-08
-3.777922828588012156e-08
-3.765804966802639527e-08
-3.752529738792766857e-08
-3.741865739941587060e-08
-3.732693309916555096e-08
-3.723520879891368946e-08
-3.714348449865799646e-08
-3.705176019840874886e-08
-3.696098481378059509e-08
-3.681793638435213711e-08
-3.675587597959160990e-08
-3.669381557482555711e-08
-3.663175517006840479e-08
-3.656969476530665335e-08
-3.650763436054581511e-08
-3.633497255062265306e-08
-3.631072303379662890e-08
-3.627827970219510622e-08
-3.624583637058959323e-08
-3.621339303898821614e-08
-3.618094970738393399e-08
-3.609083049611782560e-08
-3.601516869543514199e-08
-3.600797538937524487e-08
-3.600078208332118434e-08
-3.599358877726235925e-08
-3.598639547120691568e-08
-3.598581728623530938e-08
-3.581542821433806512e-08
-3.583620075891015568e-08
-3.585348819834368360e-08
-3.587077563777184477e-08
-3.588806307720414846e-08
-3.590535051663522793e-08
-3.580702480793798142e-08
-3.576382966644266772e-08
-3.580025671851924751e-08
-3.583668377059537069e-08
-3.587311082266858220e-08
-3.590953787474562521e-08
-3.595325474206287980e-08
-3.577564576149760631e-08
-3.583120169879598053e-08
-3.588027246087721926e-08
-3.592934322295707494e-08
-3.597841398504198636e-08
-3.602748474712414491e-08
-3.598628470305566328e-08
-3.587867393611383880e-08
-3.593665018679441601e-08
-3.599462643747867913e-08
-3.605260268815986514e-08
-3.611057893883921811e-08
-3.616855518952209819e-08
-3.596827515915093275e-08
-3.603311622638562864e-08
-3.609404376020650749e-08
-3.615497129403397069e-08
-3.621589882785883324e-08
-3.627682636168108852e-08
-3.635190740664157918e-08
-3.615678251868023558e-08
-3.621967388985211815e-08
-3.627931654565277972e-08
-3.633895920145221044e-08
-3.639860185725041693e-08
-3.645824451304831241e-08
-3.645894881016186021e-08
-3.630609681232675673e-08
-3.636013251420985142e-08
-3.641416821609294610e-08
-3.646820391797696722e-08
-3.652223961986113393e-08
-3.657627532174422861e-08
-3.648705191471597596e-08
-3.643385041715722062e-08
-3.647827267373332637e-08
-3.652269493031372685e-08
-3.656711718689275090e-08
-3.661153944347054410e-08
-3.665596170004833730e-08
-3.650801544127155464e-08
-3.650996794177114066e-08
-3.654199087391277753e-08
-3.657401380605672388e-08
-3.660603673819682550e-08
-3.663805967034306811e-08
-3.667008260248716666e-08
-3.643745987748557640e-08
-3.646255733812293447e-08
-3.647870018363594451e-08
-3.649484302915248826e-08
-3.651098587466749677e-08
-3.652712872017912376e-08
-3.654415686115771428e-08
-3.635264196080466181e-08
-3.636644073036809262e-08
-3.636640472318621452e-08
-3.636636871600678487e-08
-3.636633270882996911e-08
-3.636629670164946744e-08
-3.636706920231284288e-08
-3.618018548241133599e-08
-3.617619375810795872e-08
-3.615961827928963742e-08
-3.614304280046917207e-08
-3.612646732165147281e-08
-3.610989184283008764e-08
-3.609331636401130974e-08
-3.590675266036839126e-08
-3.587205589310805835e-08
-3.583772462716976093e-08
-3.580339336123238335e-08
-3.576906209529700423e-08
-3.573473082935993766e-08
-3.570039956342287109e-08
-3.556780647148158266e-08
-3.549620533519440750e-08
-3.544728813205177360e-08
-3.539837092891236240e-08
-3.534945372577034392e-08
-3.530053652262894087e-08
-3.525161931948814662e-08
-3.514561862800820654e-08
-3.503361344716196774e-08
-3.497139800525252121e-08
-3.490918256333816453e-08
-3.484696712142734157e-08
-3.478475167951589657e-08
-3.472253623760154651e-08
-3.464566885271562320e-08
-3.448946233686812692e-08
-3.441581376401533268e-08
-3.434216519116146642e-08
-3.426851661830713693e-08
-3.419486804545311847e-08
-3.412121947259694934e-08
-3.405091986600183549e-08
-3.390667312307006778e-08
-3.382784289820759369e-08
-3.374655273493649501e-08
-3.366526257166048618e-08
-3.358397240838799784e-08
-3.350268224511061258e-08
-3.342139208183582798e-08
-3.329998082360140268e-08
-3.320417027583541768e-08
-3.311777824823193993e-08
-3.303138622062983862e-08
-3.294499419302651308e-08
-3.285860216542579481e-08
-3.277221013782078843e-08
-3.267928781509490145e-08
-3.255744077456962895e-08
-3.246945517108090283e-08
-3.238146956759140908e-08
-3.229348396410145212e-08
-3.220549836061119737e-08
-3.211751275712169701e-08
-3.202994827621480332e-08
-3.190998964296537156e-08
-3.182605018859272542e-08
-3.173980925668374631e-08
-3.165356832477599804e-08
-3.156732739286717113e-08
-3.148108646095927066e-08
-3.139484552905244222e-08
-3.130024445985042907e-08
-3.119235011852828961e-08
-3.111040388108027507e-08
-3.102845764362796580e-08
-3.094651140617887923e-08
-3.086456516872748979e-08
-3.078261893128085168e-08
-3.070078450037462403e-08
-3.057948274400459782e-08
-3.050309040155416742e-08
-3.042782542817444018e-08
-3.035256045479916648e-08
-3.027729548142204651e-08
-3.020203050804185605e-08
-3.012676553466903081e-08
-3.005190695822694579e-08
-2.994785068214833226e-08
-2.988172351499850376e-08
-2.981508426973954749e-08
-2.974844502448258307e-08
-2.968180577922040741e-08
-2.961516653396007140e-08
-2.954852728870188276e-08
-2.945863472227693704e-08
-2.937663138100441322e-08
-2.932057190107337851e-08
-2.926451242114495106e-08
-2.920845294121514057e-08
-2.915239346128533339e-08
-2.909633398135698205e-08
-2.904034550975345197e-08
-2.893131591722568478e-08
-2.888124727582943517e-08
-2.883589500628918378e-08
-2.879054273675000441e-08
-2.874519046721067284e-08
-2.869983819767149347e-08
-2.865448592812985903e-08
-2.861200217766861402e-08
-2.849800142819739455e-08
-2.846704133448502507e-08
-2.843161375387196086e-08
-2.839618617326135503e-08
-2.836075859265005436e-08
-2.832533101203683795e-08
-2.828990343142776406e-08
-2.826208839355947938e-08
-2.812244673720958537e-08
-2.810046044022748859e-08
-2.807538649600746460e-08
-2.805031255179043169e-08
-2.802523860757109922e-08
-2.800016466335498614e-08
-2.797509071913557426e-08
-2.794434285701676094e-08
-2.783104182161765025e-08
-2.781575008471448030e-08
-2.779937675971829666e-08
-2.778300343472257625e-08
-2.776663010972647202e-08
-2.775025678473121151e-08
-2.773388345973319153e-08
-2.770691700884176456e-08
-2.760169881186696587e-08
-2.759258434112804787e-08
-2.758288810983583456e-08
-2.757319187853763907e-08
-2.756349564724304678e-08
-2.755379941594914601e-08
-2.754410318465355780e-08
-2.752737216966792729e-08
-2.740112658343142242e-08
-2.739851682567282502e-08
-2.739413405507438666e-08
-2.738975128447855225e-08
-2.738536851387995838e-08
-2.738098574328243984e-08
-2.737660297268522570e-08
-2.738206022527338455e-08
-2.724411911125827114e-08
-2.724705652215995243e-08
-2.724566782284815250e-08
-2.724427912353320928e-08
-2.724289042422094613e-08
-2.724150172490677054e-08
-2.724011302559251554e-08
-2.724495853350541901e-08
-2.710443918473003091e-08
-2.711309334907982622e-08
-2.711304415620857879e-08
-2.711299496333549171e-08
-2.711294577046585562e-08
-2.711289657759346006e-08
-2.711284738472397618e-08
-2.711356683779800619e-08
-2.698310124745202315e-08
-2.696011490709379483e-08
-2.695944811408132946e-08
-2.695878132106940011e-08
-2.695811452805617043e-08
-2.695744773504492929e-08
-2.695678094203469070e-08
-2.695611414902092169e-08
-2.690018581072831318e-08
-2.682658279466261904e-08
-2.682350720958872159e-08
-2.682043162451773581e-08
-2.681735603944299463e-08
-2.681428045436909718e-08
-2.681120486929642726e-08
-2.680812928422306582e-08
-2.681314809992940428e-08
-2.667498700108796564e-08
-2.667287919752761130e-08
-2.666619998943531167e-08
-2.665952078134178450e-08
-2.665284157324802903e-08
-2.664616236515511397e-08
-2.663948315706158680e-08
-2.663303675621935129e-08
-2.652311138285830087e-08
-2.648561015052226566e-08
-2.647393832194623113e-08
-2.646226649336836025e-08
-2.645059466479125369e-08
-2.643892283621337951e-08
-2.642725100763535312e-08
-2.641557917905878588e-08
-2.639175478062283782e-08
-2.628137344131986409e-08
-2.626649842773695261e-08
-2.624995741855385615e-08
-2.623341640937459449e-08
-2.621687540019226896e-08
-2.620033439101231578e-08
-2.618379338183259422e-08
-2.616749941394633034e-08
-2.607151510074364802e-08
-2.602805410429584562e-08
-2.600656457609054893e-08
-2.598507504788609595e-08
-2.596358551968072316e-08
-2.594209599147619077e-08
-2.592060646326982205e-08
-2.589911693506398603e-08
-2.588612100130402361e-08
-2.574159799837085857e-08
-2.571984316612298775e-08
-2.569328704395208900e-08
-2.566673092178196118e-08
-2.564017479961252157e-08
-2.561361867744154672e-08
-2.558706255527264643e-08
-2.556050643310251530e-08
-2.550379398011865619e-08
-2.542848067895729002e-08
-2.539809943587926556e-08
-2.536771819280024518e-08
-2.533733694972306444e-08
-2.530695570664527159e-08
-2.527657446356747543e-08
-2.524619322048883886e-08
-2.521621638934959146e-08
-2.512773159108318380e-08
-2.507714931420499707e-08
-2.504375421642201358e-08
-2.501035911863956279e-08
-2.497696402085481245e-08
-2.494356892307244107e-08
-2.491017382528830284e-08
-2.487677872750600756e-08
-2.484668307910415112e-08
-2.473639851559777118e-08
-2.470377038770896992e-08
-2.466837794672104296e-08
-2.463298550573541556e-08
-2.459759306474917604e-08
-2.456220062376301594e-08
-2.452680818277808006e-08
-2.449141574178946488e-08
-2.446025413669273465e-08
-2.435911393622517206e-08
-2.432663603006496445e-08
-2.429048454669936330e-08
-2.425433306333077107e-08
-2.421818157996447840e-08
-2.418203009659626998e-08
-2.414587861323013282e-08
-2.410972712986322804e-08
-2.407782686295100555e-08
-2.396730409974313541e-08
-2.393509608221468521e-08
-2.389934742364794495e-08
-2.386359876508189291e-08
-2.382785010651637688e-08
-2.379210144794963662e-08
-2.375635278938335628e-08
-2.372060413081722813e-08
-2.368876125187344702e-08
-2.358508139126639406e-08
-2.355429764402545652e-08
-2.352010070201133153e-08
-2.348590375999682273e-08
-2.345170681798108639e-08
-2.341750987596788123e-08
-2.338331293395452386e-08
-2.334911599193863202e-08
-2.331883542533254427e-08
-2.322212865088878562e-08
-2.319414933658686558e-08
-2.316218328664076154e-08
-2.313021723669634826e-08
-2.309825118675216327e-08
-2.306628513680605923e-08
-2.303431908686179815e-08
-2.300235303691700106e-08
-2.297308812597549280e-08
-2.287892459480863934e-08
-2.284929256434280371e-08
-2.282012354362364917e-08
-2.279095452290257226e-08
-2.276178550218219019e-08
-2.273261648146295624e-08
-2.270344746074265027e-08
-2.267427844002464386e-08
-2.264551740263160707e-08
-2.257323015583193048e-08
-2.252889170234418981e-08
-2.250279543226105705e-08
-2.247669916217914852e-08
-2.245060289209463602e-08
-2.242450662201211868e-08
-2.239841035192821829e-08
-2.237231408184508553e-08
-2.234621781176187667e-08
-2.229919301178746138e-08
-2.223312275429096954e-08
-2.221028855216586344e-08
-2.218725865826920479e-08
-2.216422876437269834e-08
-2.214119887047611249e-08
-2.211816897658022147e-08
-2.209513908268294740e-08
-2.207210918878636154e-08
-2.205482504656227305e-08
-2.194477955023644528e-08
-2.193043180268704047e-08
-2.191048923147073765e-08
-2.189054666025451093e-08
-2.187060408903766879e-08
-2.185066151782205749e-08
-2.183071894660529145e-08
-2.181077637538952795e-08
-2.179083380417391334e-08
-2.172427396386914243e-08
-2.167825732455221439e-08
-2.166086824743689458e-08
-2.164347917032272620e-08
-2.162609009321039746e-08
-2.160870101609500155e-08
-2.159131193898152469e-08
-2.157392286186681699e-08
-2.155653378475188098e-08
-2.154002486660580147e-08
-2.144790757671845725e-08
-2.143657291633820328e-08
-2.142111189420896608e-08
-2.140565087207911346e-08
-2.139018984995117990e-08
-2.137472882782201549e-08
-2.135926780569400583e-08
-2.134380678356361719e-08
-2.132834576143498880e-08
-2.126838976245432240e-08
-2.121592395102689603e-08
-2.120195905755917138e-08
-2.118799416409159893e-08
-2.117402927062441030e-08
-2.116006437715676175e-08
-2.114609948368911321e-08
-2.113213459022085255e-08
-2.111816969675381611e-08
-2.110848121010589783e-08
-2.101407494411653430e-08
-2.100015192303605682e-08
-2.098690939107722142e-08
-2.097366685911954077e-08
-2.096042432716116529e-08
-2.094718179520355743e-08
-2.093393926324587347e-08
-2.092069673128634986e-08
-2.090745419932935743e-08
-2.088758916641028270e-08
-2.080360244855059630e-08
-2.079393262855860832e-08
-2.078082936620351227e-08
-2.076772610384971987e-08
-2.075462284149377679e-08
-2.074151957913936896e-08
-2.072841631678603647e-08
-2.071531305443032500e-08
-2.070220979207645650e-08
-2.065549598935493125e-08
-2.057988870149866490e-08
-2.056740415971371801e-08
-2.055398476804171663e-08
-2.054056537637147880e-08
-2.052714598470062885e-08
-2.051372659302916348e-08
-2.050030720135831023e-08
-2.048688780968753638e-08
-2.047346841801675923e-08
-2.042277038479242000e-08
-2.037474142987788855e-08
-2.036063950851589261e-08
-2.034653758715396945e-08
-2.033243566579204960e-08
-2.031833374442943492e-08
-2.030423182306812719e-08
-2.029012990170559192e-08
-2.027602798034489630e-08
-2.026229061024548525e-08
-2.020406070060237736e-08
-2.015951785901520908e-08
-2.014448267990231519e-08
-2.012944750079057274e-08
-2.011441232167645462e-08
-2.009937714256639961e-08
-2.008434196345343293e-08
-2.006930678434184268e-08
-2.005427160522948811e-08
-2.003949745056983039e-08
-1.997995172571090465e-08
-1.993140213643195154e-08
-1.991523540540009535e-08
-1.989906867437199457e-08
-1.988290194334136592e-08
-1.986673521231265302e-08
-1.985056848128317249e-08
-1.983440175025323206e-08
-1.981823501922513458e-08
-1.980206828819458203e-08
-1.975572339041768454e-08
-1.970389094099654246e-08
-1.968675001973843118e-08
-1.966960909848101143e-08
-1.965246817722228803e-08
-1.963532725596417675e-08
-1.961818633470606547e-08
-1.960104541344733877e-08
-1.958390449218991901e-08
-1.956676357093180773e-08
-1.953153098449517954e-08
-1.946027951382528994e-08
-1.944428537020562957e-08
-1.942623455122631763e-08
-1.940818373224692296e-08
-1.939013291326875914e-08
-1.937208209429059532e-08
-1.935403127531120396e-08
-1.933598045633311624e-08
-1.931792963735433700e-08
-1.930218340060635180e-08
-1.920704686133843638e-08
-1.919327822373395042e-08
-1.917449001241573370e-08
-1.915570180109644495e-08
-1.913691358977692460e-08
-1.911812537846001151e-08
-1.909933716714064667e-08
-1.908054895582189393e-08
-1.906176074450428933e-08
-1.904510025465469006e-08
-1.897914305424143892e-08
-1.894645710001934760e-08
-1.892736003997801979e-08
-1.890826297993845554e-08
-1.888916591989820307e-08
-1.887006885985940644e-08
-1.885097179981923007e-08
-1.883187473977912980e-08
-1.881277767974018097e-08
-1.879368061969946858e-08
-1.875768865330549889e-08
-1.869587200836524744e-08
-1.867840139994620924e-08
-1.865923760988632520e-08
-1.864007381982582904e-08
-1.862091002976556450e-08
-1.860174623970537605e-08
-1.858258244964564752e-08
-1.856341865958537966e-08
-1.854425486952526732e-08
-1.852833998003753255e-08
-1.845456501816162298e-08
-1.842953573368124886e-08
-1.841063303970575866e-08
-1.839173034572858432e-08
-1.837282765175248201e-08
-1.835392495777645580e-08
-1.833502226380050569e-08
-1.831611956982501550e-08
-1.829721687584906539e-08
-1.827831418187119953e-08
-1.824645136526816676e-08
-1.818462314659511138e-08
-1.816841054419965268e-08
-1.815005116465274288e-08
-1.813169178510437723e-08
-1.811333240555885047e-08
-1.809497302601186456e-08
-1.807661364646418712e-08
-1.805825426691804825e-08
-1.803989488736975870e-08
-1.802292908411211786e-08
-1.796545199583363110e-08
-1.792725491907887038e-08
-1.790965619449799409e-08
-1.789205746991796482e-08
-1.787445874533785615e-08
-1.785686002075736366e-08
-1.783926129617587525e-08
-1.782166257159753012e-08
-1.780406384701573731e-08
-1.778646512243647236e-08
-1.777302003264814329e-08
-1.769359664789451841e-08
-1.767448772745578378e-08
-1.765782971619740607e-08
-1.764117170494217495e-08
-1.762451369368525638e-08
-1.760785568242910543e-08
-1.759119767117265008e-08
-1.757453965991665134e-08
-1.755788164865973277e-08
-1.754122363740327411e-08
-1.752221739477118900e-08
-1.745266828586077612e-08
-1.744061747339268273e-08
-1.742481740618384035e-08
-1.740901733897430975e-08
-1.739321727176493136e-08
-1.737741720455478535e-08
-1.736161713734640288e-08
-1.734581707013641237e-08
-1.733001700292772219e-08
-1.731421693571773169e-08
-1.728850524904005569e-08
-1.722188064668337248e-08
-1.721017342705583601e-08
-1.719527344376782747e-08
-1.718037346047897852e-08
-1.716547347718936194e-08
-1.715057349390181662e-08
-1.713567351061265996e-08
-1.712077352732427092e-08
-1.710587354403404223e-08
-1.709097356074542157e-08
-1.706460042074104691e-08
-1.700206150887108233e-08
-1.699088816859272358e-08
-1.697679699060790204e-08
-1.696270581262277278e-08
-1.694861463463979089e-08
-1.693452345665373851e-08
-1.692043227866960849e-08
-1.690634110068485974e-08
-1.689224992270034591e-08
-1.687815874471674860e-08
-1.685650061822791704e-08
-1.679366222535642383e-08
-1.678348582834122427e-08
-1.677003074774534354e-08
-1.675657566714838748e-08
-1.674312058655173913e-08
-1.672966550595547459e-08
-1.671621042535867073e-08
-1.670275534476148637e-08
-1.668930026416476192e-08
-1.667584518356795806e-08
-1.666308270468074702e-08
-1.657630255406775860e-08
-1.656896535288654506e-08
-1.655599943931866652e-08
-1.654303352575155230e-08
-1.653006761218444139e-08
-1.651710169861701946e-08
-1.650413578505021295e-08
-1.649116987148141459e-08
-1.647820395791460808e-08
-1.646523804434649793e-08
-1.645555182039264377e-08
-1.639273669421830569e-08
-1.637061788973155568e-08
-1.635790328740968299e-08
-1.634518868508750591e-08
-1.633247408276586153e-08
-1.631975948044314512e-08
-1.630704487812088863e-08
-1.629433027579955196e-08
-1.628161567347675945e-08
-1.626890107115557829e-08
-1.625682494011312790e-08
-1.621618273377839157e-08
-1.617470335141463914e-08
-1.616288892526165902e-08
-1.615029987174117465e-08
-1.613771081821950245e-08
-1.612512176469710233e-08
-1.611253271117661796e-08
-1.609994365765490605e-08
-1.608735460413323385e-08
-1.607476555061182965e-08
-1.606217649708977364e-08
-1.604563379118680345e-08
-1.597287962457481287e-08
-1.596473101025471155e-08
-1.595205687551445739e-08
-1.593938274077359112e-08
-1.592670860603402849e-08
-1.591403447129407874e-08
-1.590136033655294446e-08
-1.588868620181330242e-08
-1.587601206707212844e-08
-1.586333793233218200e-08
-1.585230802957076806e-08
-1.580574055564213136e-08
-1.577280620169850896e-08
-1.576004374720045690e-08
-1.574728129270087290e-08
-1.573451883820312524e-08
-1.572175638370354124e-08
-1.570899392920586968e-08
-1.569623147470659008e-08
-1.568346902020754210e-08
-1.567070656571017825e-08
-1.565794411121189789e-08
-1.564466578719826975e-08
-1.557525427097355617e-08
-1.556580189391076942e-08
-1.555298534737352106e-08
-1.554016880083534958e-08
-1.552735225429840563e-08
-1.551453570776023415e-08
-1.550171916122336630e-08
-1.548890261468611464e-08
-1.547608606814967031e-08
-1.546326952161119111e-08
-1.545045297507363174e-08
-1.541582600728934517e-08
-1.536302462845703923e-08
-1.535212986113351021e-08
-1.533906447558239755e-08
-1.532599909003101689e-08
-1.531293370447982482e-08
-1.529986831892813645e-08
-1.528680293337748371e-08
-1.527373754782579534e-08
-1.526067216227468268e-08
-1.524760677672357003e-08
-1.523635463606183757e-08
-1.519025098744597874e-08
-1.515843672285874353e-08
-1.514541247899466661e-08
-1.513234859291540788e-08
-1.511928470683557344e-08
-1.510622082075554709e-08
-1.509315693467694018e-08
-1.508009304859798917e-08
-1.506702916251873044e-08
-1.505396527643885960e-08
-1.504090139035932956e-08
-1.503076725877021237e-08
-1.497666201348895055e-08
-1.495338809213284857e-08
-1.494037248671033900e-08
-1.492735688128629418e-08
-1.491434127586520404e-08
-1.490132567044265807e-08
-1.488831006501968858e-08
-1.487529445959829074e-08
-1.486227885417474553e-08
-1.484926324875308134e-08
-1.483624764332926813e-08
-1.482684659714280410e-08
-1.476680903896200628e-08
-1.474657917726664270e-08
-1.473366917787406365e-08
-1.472075917847960689e-08
-1.470784917908334688e-08
-1.469493917969049982e-08
-1.468202918029607946e-08
-1.466911918090166075e-08
-1.465620918150570680e-08
-1.464329918211282169e-08
-1.463038918271778756e-08
-1.462069324787053735e-08
-1.456569278271937235e-08
-1.454502535844266808e-08
-1.453233230179408766e-08
-1.451963924514738659e-08
-1.450694618850072358e-08
-1.449425313185245087e-08
-1.448156007520513604e-08
-1.446886701855904875e-08
-1.445617396191108210e-08
-1.444348090526280774e-08
-1.443078784861511075e-08
-1.442061818209233179e-08
-1.437140707931131044e-08
-1.434522212550749730e-08
-1.433281064350721293e-08
-1.432039916150512696e-08
-1.430798767950361671e-08
-1.429557619750302463e-08
-1.428316471550185848e-08
-1.427075323349935065e-08
-1.425834175149837641e-08
-1.424593026949843780e-08
-1.423351878749543035e-08
-1.422239882979773199e-08
-1.418192559760734564e-08
-1.414213556779121192e-08
-1.413132818036643771e-08
-1.411925388328703950e-08
-1.410717958620852472e-08
-1.409510528912966253e-08
-1.408303099205038013e-08
-1.407095669497243941e-08
-1.405888239789239104e-08
-1.404680810081295479e-08
-1.403473380373497602e-08
-1.402265950665527176e-08
-1.400150291215814113e-08
-1.395176373095674365e-08
-1.394302166990863159e-08
-1.393129418732406951e-08
-1.391956670474027340e-08
-1.390783922215601738e-08
-1.389611173957141560e-08
-1.388438425698712153e-08
-1.387265677440340152e-08
-1.386092929181853338e-08
-1.384920180923458342e-08
-1.383747432665120917e-08
-1.382899757972601512e-08
-1.377618653876731359e-08
-1.375556596538815079e-08
-1.374416807143445691e-08
-1.373277017748172256e-08
-1.372137228352864244e-08
-1.370997438957556233e-08
-1.369857649562217616e-08
-1.368717860166944181e-08
-1.367578070771609204e-08
-1.366438281376243787e-08
-1.365298491980966547e-08
-1.364168591647179788e-08
-1.361486807014625177e-08
-1.356936191850790167e-08
-1.356074881730784686e-08
-1.354964594130087340e-08
-1.353854306529573793e-08
-1.352744018928964623e-08
-1.351633731328420470e-08
-1.350523443727753729e-08
-1.349413156127267148e-08
-1.348302868526615627e-08
-1.347192580925979492e-08
-1.346082293325500521e-08
-1.345235141477935658e-08
-1.340693901799111475e-08
-1.338429275935145793e-08
-1.337344925679641384e-08
-1.336260575424194547e-08
-1.335176225168597990e-08
-1.334091874913181759e-08
-1.333007524657658325e-08
-1.331923174402092539e-08
-1.330838824146680113e-08
-1.329754473891141128e-08
-1.328670123635567732e-08
-1.327585773380094095e-08
-1.326126390385828654e-08
-1.320174944257556934e-08
-1.319290004975830426e-08
-1.318226212151555108e-08
-1.317162419327153066e-08
-1.316098626502728194e-08
-1.315034833678368503e-08
-1.313971040854127596e-08
-1.312907248029702558e-08
-1.311843455205339063e-08
-1.310779662381040584e-08
-1.309715869556615712e-08
-1.308652739335424556e-08
-1.306258069657042936e-08
-1.301658873938226213e-08
-1.300891806285569737e-08
-1.299844612860917133e-08
-1.298797419436264529e-08
-1.297750226011550548e-08
-1.296703032586805961e-08
-1.295655839162214734e-08
-1.294608645737439376e-08
-1.293561452312725560e-08
-1.292514258888042185e-08
-1.291467065463347395e-08
-1.290499530961671800e-08
-1.287588172444864745e-08
-1.283783095633770442e-08
-1.282944698971844656e-08
-1.281911437145505477e-08
-1.280878175319227510e-08
-1.279844913492799989e-08
-1.278811651666368662e-08
-1.277778389840029484e-08
-1.276745128013747712e-08
-1.275711866187312580e-08
-1.274678604360977207e-08
-1.273645342534637863e-08
-1.272715723856800171e-08
-1.269617978973284505e-08
-1.265862344501307464e-08
-1.265028185520513042e-08
-1.264005072794529840e-08
-1.262981960068481456e-08
-1.261958847342456068e-08
-1.260935734616465256e-08
-1.259912621890420677e-08
-1.258889509164403064e-08
-1.257866396438385286e-08
-1.256843283712367508e-08
-1.255820170986353700e-08
-1.254858716279727683e-08
-1.252207847345452157e-08
-1.248288179474181837e-08
-1.247498739400686652e-08
-1.246486026043153209e-08
-1.245473312685650372e-08
-1.244460599328086159e-08
-1.243447885970579517e-08
-1.242435172613107451e-08
-1.241422459255535627e-08
-1.240409745898063396e-08
-1.239397032540587525e-08
-1.238384319183084688e-08
-1.237371605825447517e-08
-1.235470500820207220e-08
-1.230815331715450597e-08
-1.230134765416776895e-08
-1.229132719856740334e-08
-1.228130674296677137e-08
-1.227128628736517988e-08
-1.226126583176450821e-08
-1.225124537616322277e-08
-1.224122492056132356e-08
-1.223120446496023169e-08
-1.222118400935986607e-08
-1.221116355375862034e-08
-1.220114309815672113e-08
-1.219285467669559450e-08
-1.214004826851957254e-08
-1.212457265141121113e-08
-1.211464808955129930e-08
-1.210472352769134776e-08
-1.209479896582986263e-08
-1.208487440396964143e-08
-1.207494984211022756e-08
-1.206502528024935620e-08
-1.205510071838848484e-08
-1.204517615652887741e-08
-1.203525159466831376e-08
-1.202532703280686668e-08
-1.201714050378901110e-08
-1.198298243555134907e-08
-1.195245027236975849e-08
-1.194399198455651154e-08
-1.193421336670470787e-08
-1.192443474885244263e-08
-1.191465613099948917e-08
-1.190487751314779965e-08
-1.189509889529641784e-08
-1.188532027744350078e-08
-1.187554165959150520e-08
-1.186576304173977763e-08
-1.185598442388720633e-08
-1.184620580603486665e-08
-1.183227046478828935e-08
-1.178724764821406937e-08
-1.177804530679575943e-08
-1.176841024343058035e-08
-1.175877518006566929e-08
-1.174914011670010640e-08
-1.173950505333492732e-08
-1.172986998997032397e-08
-1.172023492660453113e-08
-1.171059986323900794e-08
-1.170096479987375111e-08
-1.169132973650853399e-08
-1.168169467314362292e-08
-1.167358393796706623e-08
-1.164197610354673369e-08
-1.160919077328207899e-08
-1.160140342561563654e-08
-1.159190705967687644e-08
-1.158241069373834796e-08
-1.157291432779985586e-08
-1.156341796186063585e-08
-1.155392159592214541e-08
-1.154442522998396103e-08
-1.153492886404489488e-08
-1.152543249810602063e-08
-1.151593613216756824e-08
-1.150643976622938386e-08
-1.149996161156780628e-08
-1.145746885610926916e-08
-1.143911880258742150e-08
-1.142984264806726346e-08
-1.142052494218793600e-08
-1.141120723630891460e-08
-1.140188953042931747e-08
-1.139257182454941429e-08
-1.138325411867043094e-08
-1.137393641279171559e-08
-1.136461870691146665e-08
-1.135530100103279101e-08
-1.134598329515380766e-08
-1.133666558927409638e-08
-1.132458345741827077e-08
-1.128145012635192269e-08
-1.127062850827439471e-08
-1.126149138342168110e-08
-1.125235425857019337e-08
-1.124321713371870564e-08
-1.123408000886568432e-08
-1.122494288401419659e-08
-1.121580575916240280e-08
-1.120666863430991915e-08
-1.119753150945747354e-08
-1.118839438460629187e-08
-1.117925725975453614e-08
-1.117012013490212858e-08
-1.115336504233822840e-08
-1.110484609930723269e-08
-1.109797874990415808e-08
-1.108899234423193652e-08
-1.108000593856059839e-08
-1.107101953288826268e-08
-1.106203312721634884e-08
-1.105304672154500905e-08
-1.104406031587248144e-08
-1.103507391020087365e-08
-1.102608750452922946e-08
-1.101710109885696985e-08
-1.100811469318440419e-08
-1.099912828751279640e-08
-1.098381047187291451e-08
-1.094305010067666207e-08
-1.093586416881232713e-08
-1.092705968227780594e-08
-1.091825519574232687e-08
-1.090945070920688585e-08
-1.090064622267205860e-08
-1.089184173613780541e-08
-1.088303724960236439e-08
-1.087423276306657761e-08
-1.086542827653267019e-08
-1.085662378999711502e-08
-1.084781930346167400e-08
-1.083901481692715281e-08
-1.082700637504742382e-08
-1.078551781142346343e-08
-1.077492309211833941e-08
-1.076627783522150877e-08
-1.075763257832433238e-08
-1.074898732142780780e-08
-1.074034206453162898e-08
-1.073169680763345666e-08
-1.072305155073693209e-08
-1.071440629384010145e-08
-1.070576103694265539e-08
-1.069711578004613247e-08
-1.068847052314930018e-08
-1.067982526625246955e-08
-1.067430403252155980e-08
-1.063320277749228661e-08
-1.061524909156487311e-08
-1.060701154608944227e-08
-1.059850598979206598e-08
-1.059000043349465165e-08
-1.058149487719635553e-08
-1.057298932089898090e-08
-1.056448376460160461e-08
-1.055597820830392227e-08
-1.054747265200623992e-08
-1.053896709570851787e-08
-1.053046153941052947e-08
-1.052195598311338314e-08
-1.051497904506686784e-08
-1.048756748279127543e-08
-1.045908182065367335e-08
-1.045242702839332725e-08
-1.044407054790955336e-08
-1.043571406742512600e-08
-1.042735758694127602e-08
-1.041900110645750047e-08
-1.041064462597303672e-08
-1.040228814548976079e-08
-1.039393166500564114e-08
-1.038557518452178950e-08
-1.037721870403801561e-08
-1.036886222355358991e-08
-1.036050574306943221e-08
-1.034737112160331636e-08
-1.030605180212973505e-08
-1.029652299714768071e-08
-1.028828970995319357e-08
-1.028005642275931854e-08
-1.027182313556563707e-08
-1.026358984837114827e-08
-1.025535656117631537e-08
-1.024712327398274805e-08
-1.023888998678918073e-08
-1.023065669959407817e-08
-1.022242341240047280e-08
-1.021419012520659942e-08
-1.020595683801153491e-08
-1.019956695893481995e-08
-1.016990157350707371e-08
-1.014109487193315310e-08
-1.013475095709686417e-08
-1.012663580761324959e-08
-1.011852065812871352e-08
-1.011040550864448516e-08
-1.010229035916090863e-08
-1.009417520967702438e-08
-1.008606006019218225e-08
-1.007794491070795390e-08
-1.006982976122456927e-08
-1.006171461173941943e-08
-1.005359946225549713e-08
-1.004548431277161454e-08
-1.003854103998009311e-08
-1.000107058854584711e-08
-9.985747906444650104e-09
-9.977948494263535744e-09
-9.969956415814649680e-09
-9.961964337365455904e-09
-9.953972258917373859e-09
-9.945980180467260258e-09
-9.937988102019255968e-09
-9.929996023570675960e-09
-9.922003945121174473e-09
-9.914011866672250358e-09
-9.906019788223402343e-09
-9.898027709774438524e-09
-9.890060101674917179e-09
-9.876205520759789440e-09
-9.839057910328579025e-09
-9.830857231393823291e-09
-9.822983502119613310e-09
-9.815109772844175794e-09
-9.807236043569621706e-09
-9.799362314294797957e-09
-9.791488585020128064e-09
-9.783614855745458172e-09
-9.775741126470942134e-09
-9.767867397196120040e-09
-9.759993667920950530e-09
-9.752119938646088731e-09
-9.744246209371304687e-09
-9.736939120507177409e-09
-9.719154491480289988e-09
-9.682922245151901658e-09
-9.678079306341872498e-09
-9.670328330562198109e-09
-9.662577354782369864e-09
-9.654826379002965136e-09
-9.647075403223060791e-09
-9.639324427443694113e-09
-9.631573451664441587e-09
-9.623822475883999574e-09
-9.616071500104786752e-09
-9.608320524324920457e-09
-9.600569548545399924e-09
-9.592818572764959566e-09
-9.585697869109911391e-09
-9.567842628029146908e-09
-9.532626728620131738e-09
-9.527843329517351898e-09
-9.520222769239934097e-09
-9.512602208962784304e-09
-9.504981648686172178e-09
-9.497361088408984334e-09
-9.489740528132256402e-09
-9.482119967854454790e-09
-9.474499407578494482e-09
-9.466878847301420789e-09
-9.459258287023581127e-09
-9.451637726747275057e-09
-9.444017166470087213e-09
-9.436669135651567912e-09
-9.421705075238110359e-09
-9.384735876496487940e-09
-9.377288384219244621e-09
-9.369795253610169175e-09
-9.362302123002359314e-09
-9.354808992394049837e-09
-9.347315861785358202e-09
-9.339822731177088429e-09
