5.953152437659123260e-08
6.027920821265417941e-08
6.097546714132424609e-08
6.162144238434904311e-08
6.221864543719342742e-08
6.276952747295851834e-08
6.327506782322111137e-08
6.373665120106868251e-08
6.415616819864518361e-08
6.453404899560141723e-08
6.487319134005856148e-08
6.517318997615202396e-08
6.543612919082512367e-08
6.566341962076517665e-08
6.585582003485801281e-08
6.601514567746904369e-08
6.614183494695010941e-08
6.623752755124749892e-08
6.630247839358635985e-08
6.633894278318848474e-08
6.634760904204014176e-08
6.632841999905415367e-08
6.628452809601508494e-08
6.621403124450837510e-08
6.612137828222773348e-08
6.600372060848298226e-08
6.586515982663625714e-08
6.570540379987197700e-08
6.552412718129806754e-08
6.532452991711041460e-08
6.510549119954140848e-08
6.486938370872675706e-08
6.461651297576111571e-08
6.434639358940362346e-08
6.406211851672903428e-08
6.376275896668215676e-08
6.344915747042153354e-08
6.312386803281167501e-08
6.278556817698890923e-08
6.243513377281719984e-08
6.207498626647006074e-08
6.170400405171502331e-08
6.132323715205656085e-08
6.093477843457361334e-08
6.053773540019118547e-08
6.013198378994494155e-08
5.972062386506018219e-08
5.930283947637441658e-08
5.887845758190459675e-08
5.844903888989420571e-08
5.801585133519181889e-08
5.757773667512926136e-08
5.713544858486973748e-08
5.669126458402772754e-08
5.624404298804403174e-08
5.579416692938320083e-08
5.534257055765255480e-08
5.489061526506424828e-08
5.443728069766690217e-08
5.398285188184497224e-08
5.352869019086710508e-08
5.307567460989682272e-08
5.262274943876841044e-08
5.217026392732160329e-08
5.171948786347394394e-08
5.127131332862930856e-08
5.082447035119080183e-08
5.037952928605973258e-08
4.993696822139538938e-08
4.949817896015600533e-08
4.906235648668139523e-08
4.862923329514945406e-08
4.819897247343998476e-08
4.777395463398160222e-08
4.735285423798110666e-08
4.693531977277976486e-08
4.652145386182226058e-08
4.611235520010022483e-08
4.570917556291867661e-08
4.531009565307676277e-08
4.491542723063205918e-08
4.452537257130873718e-08
4.414111992622195117e-08
4.376286733026417477e-08
4.338941780767317531e-08
4.302101423590936602e-08
4.265756710998810981e-08
4.230003164594188757e-08
4.194894278293994474e-08
4.160323339929251274e-08
4.126300933807718985e-08
4.092806522579993061e-08
4.059894320509182627e-08
4.027637145000795707e-08
3.995923640476245260e-08
3.964759964113492108e-08
3.934151502900373500e-08
3.904077032196847767e-08
3.874662613327700395e-08
3.845837369941699087e-08
3.817539280788308635e-08
3.789794935622337855e-08
3.762578599926020292e-08
3.735913209631917330e-08
3.709871032383340825e-08
3.684371999862322635e-08
3.659381867133921426e-08
3.634906851866256487e-08
3.610929158123222109e-08
3.587487316557994392e-08
3.564599781414294518e-08
3.542212550208901133e-08
3.520290395858750386e-08
3.498837077821986573e-08
3.477828360526598386e-08
3.457257517665741793e-08
3.437288298434830541e-08
3.417765359322666677e-08
3.398641569616206647e-08
3.379938424848212490e-08
3.361634176131911002e-08
3.343709109615430944e-08
3.326184694880707355e-08
3.309112119005161845e-08
3.292421787065195531e-08
3.276095972742277114e-08
3.260111444715681098e-08
3.244443718088508982e-08
3.229089419534304309e-08
3.214065009464973529e-08
3.199425934796297603e-08
3.185089953363729086e-08
3.171018405003157911e-08
3.157201977053807265e-08
3.143626703727001229e-08
3.130291234872052378e-08
3.117289809675383182e-08
3.104520245290750701e-08
3.091953861219551760e-08
3.079569964466266109e-08
3.067415346373576820e-08
3.055448484823640134e-08
3.043630489217414509e-08
3.031969766383579012e-08
3.020530331103806739e-08
3.009256351627148474e-08
2.998093626705753886e-08
2.987036710981685876e-08
2.976106454614015110e-08
2.965284641726080918e-08
2.954543698020254165e-08
2.943886180229178203e-08
2.933374504000313728e-08
2.922920759773537458e-08
2.912510948373984392e-08
2.902145883761671956e-08
2.891829364239235678e-08
2.881534984576233069e-08
2.871261883794269661e-08
2.861032390008443374e-08
2.850828088932065305e-08
2.840636456312525458e-08
2.830437309387310763e-08
2.820220460905501949e-08
2.809987108806935939e-08
2.799724815136054802e-08
2.789424900023195613e-08
2.779105152526719006e-08
2.768762794304667596e-08
2.758374007413997716e-08
2.747949998851599479e-08
2.737462472728762938e-08
2.726899846817107475e-08
2.716288854238252333e-08
2.705589864773624075e-08
2.694819940228444938e-08
2.684002182086587692e-08
2.673099691895538003e-08
2.662134808844744741e-08
2.651103809563235950e-08
2.639950007333379738e-08
2.628735900513030753e-08
2.617411949724906201e-08
2.605988526620854826e-08
2.594510676394620739e-08
2.582897836231293224e-08
2.571231146605217737e-08
2.559489989742745316e-08
2.547631936314904269e-08
2.535721959032447553e-08
2.523670268175464144e-08
2.511547942946033615e-08
2.499332287916032885e-08
2.487005128445824756e-08
2.474633817311624361e-08
2.462135071612775898e-08
2.449595173432903694e-08
2.436970478737470033e-08
2.424263552590741793e-08
2.411501653261859510e-08
2.398618719120978387e-08
2.385702353967174665e-08
2.372670551029906209e-08
2.359600161775391530e-08
2.346454048393543396e-08
2.333263575882218241e-08
2.320037790553990218e-08
2.306747300783122252e-08
2.293436644534738097e-08
2.280045996156483453e-08
2.266641082214071451e-08
2.253167790033385779e-08
2.239677407311499998e-08
2.226146490051425910e-08
2.212595779053859121e-08
2.199020555321644107e-08
2.185453851288855882e-08
2.171893246570190297e-08
2.158323407663018458e-08
2.144749697036953649e-08
2.131177069562822859e-08
2.117604692806279105e-08
2.104049179148498267e-08
2.090495434861827958e-08
2.076975868688798709e-08
2.063459906265969608e-08
2.050005050646397591e-08
2.036560853383606231e-08
2.023216783922443084e-08
2.009883917059480311e-08
1.996625837824289125e-08
1.983383577699880516e-08
1.970231429723551534e-08
1.957098675764121186e-08
1.944073070712014939e-08
1.931066781470768156e-08
1.918177258878843661e-08
1.905309330640582256e-08
1.892607158154152074e-08
1.879919793305545118e-08
1.867420178603430652e-08
1.854923396960423395e-08
1.842608376727350493e-08
1.830293356494298105e-08
1.818178717191159531e-08
1.806076443684206505e-08
1.794163443226872139e-08
1.782283173358835480e-08
1.770572929580463383e-08
1.758920179629308042e-08
1.747455612770597961e-08
1.736103495125977570e-08
1.724883288463658173e-08
1.713801252482821322e-08
1.702807498079605522e-08
1.691989351775565297e-08
1.681220464796465111e-08
1.670702282037630991e-08
1.660184099278812753e-08
1.649944763220015083e-08
1.639711898226445960e-08
1.629706942943490701e-08
1.619768641733273906e-08
1.610037439510117053e-08
1.600473443620820152e-08
1.591005195809344353e-08
1.581744296227106891e-08
1.572502598968135054e-08
1.563554325462052767e-08
1.554606051955986032e-08
1.545923452847192061e-08
1.537311592376159388e-08
1.528856479100258346e-08
1.520557686715836519e-08
1.512324594243480859e-08
1.504364195685974903e-08
1.496403797128454388e-08
1.488760460387950228e-08
1.481164497597343719e-08
1.473731679485712195e-08
1.466444637374464200e-08
1.459211674086497555e-08
1.452245898587867699e-08
1.445280123089244958e-08
1.438567537822903443e-08
1.431922043317539516e-08
1.425393861155450885e-08
1.419045691100625851e-08
1.412697521045808757e-08
1.406672356532310549e-08
1.400653684619278184e-08
1.394804366641179117e-08
1.389094965054295948e-08
1.383411806156843725e-08
1.377974890190166937e-08
1.372537974223488329e-08
1.367277790487847940e-08
1.362123057623851467e-08
1.357003824516690432e-08
1.352107396638981491e-08
1.347210968761269904e-08
1.342465689395199377e-08
1.337809349455282950e-08
1.333180921840677728e-08
1.328796838589602242e-08
1.324412755338517988e-08
1.320150190283215035e-08
1.315984590627665532e-08
1.311818990972115036e-08
1.307848216317831930e-08
1.303879328438707391e-08
1.299991706485786925e-08
1.296223459596800161e-08
1.292455212707822166e-08
1.288819916609728126e-08
1.285217877171518658e-08
1.281642908555228794e-08
1.278195657501427602e-08
1.274748406447621117e-08
1.271388298611721402e-08
1.268105524250479051e-08
1.264822749889238685e-08
1.261638502708105673e-08
1.258469691739877889e-08
1.255318894418288691e-08
1.252250760470388091e-08
1.249182626522502381e-08
1.246155446797027259e-08
1.243173935738235259e-08
1.240192424679428204e-08
1.237257992845974399e-08
1.234339592211132415e-08
1.231421191576289603e-08
1.228557243083937209e-08
1.225693384589916585e-08
1.222838668130882130e-08
1.220014603814525886e-08
1.217190539498161866e-08
1.214371768686420521e-08
1.211559735865356549e-08
1.208747703044291584e-08
1.205933747781469572e-08
1.203118658135032661e-08
1.200303568488594757e-08
1.197473324787498280e-08
1.194639206050773485e-08
1.191805087314040584e-08
1.188941638550576429e-08
1.186076390185825825e-08
1.183208446924244877e-08
1.180302501704154643e-08
1.177396556484043399e-08
1.174481192359515811e-08
1.171519276249923383e-08
1.168557360140331782e-08
1.165578876817144739e-08
1.162550214625826203e-08
1.159521552434514781e-08
1.156467691179289155e-08
1.153356636222748224e-08
1.150245581266186116e-08
1.147105239387157678e-08
1.143908298144266192e-08
1.140711356901386784e-08
1.137482968268916574e-08
1.134197068997682472e-08
1.130911169726463259e-08
1.127592781725469443e-08
1.124212219098856529e-08
1.120831656472248083e-08
1.117421269603218795e-08
1.113944470611688234e-08
1.110467671620156846e-08
1.106966379063311881e-08
1.103392936636438824e-08
1.099819494209566428e-08
1.096227705700261556e-08
1.092548604526840330e-08
1.088869503353434158e-08
1.085183906140919562e-08
1.081412407991935181e-08
1.077640909842965854e-08
1.073869411693977999e-08
1.070014266235762655e-08
1.066154090496327129e-08
1.062293914756889949e-08
1.058369422444646023e-08
1.054428075852197960e-08
1.050486729259746258e-08
1.046500022162120731e-08
1.042485203125029444e-08
1.038470384087952219e-08
1.034427298289124060e-08
1.030344880153524769e-08
1.026262462017937058e-08
1.022168487418625498e-08
1.018026650112300331e-08
1.013884812805969044e-08
1.009742975499630808e-08
1.005560112705735353e-08
1.001374917574188695e-08
9.971897224426504732e-09
9.929854071279071580e-09
9.887718064783753292e-09
9.845582058288578933e-09
9.803403182263627701e-09
9.761152864535008058e-09
9.718902546806287499e-09
9.676650256455370186e-09
9.634361816682340331e-09
9.592073376909183091e-09
9.549784937136060592e-09
9.507561537071729377e-09
9.465365603670344103e-09
9.423169670268844678e-09
9.381054397423728344e-09
9.339103747186635586e-09
9.297153096949565989e-09
9.255202446712579110e-09
9.213598263534181085e-09
9.172020624187987943e-09
9.130442984841837813e-09
9.089192320249832654e-09
9.048264906400064575e-09
9.007337492550410647e-09
8.966446864406743358e-09
8.926244688096139995e-09
8.886042511785617695e-09
8.845840335475072234e-09
8.806081802153965916e-09
8.766654933907151596e-09
8.727228065660274410e-09
8.687865728456564842e-09
8.649399991225728319e-09
8.610934253994878561e-09
8.572468516763884874e-09
8.534550040310712027e-09
8.497106654302958807e-09
8.459663268295091435e-09
8.422219882287232336e-09
8.385847571648152076e-09
8.349501062623878871e-09
8.313154553599751250e-09
8.277380013892417954e-09
8.242498299166647274e-09
8.207616584440855086e-09
8.172734869715092678e-09
8.138846451181811944e-09
8.105242962274610174e-09
8.071639473367295907e-09
8.038216781584284663e-09
8.005941661695155411e-09
7.973666541805953368e-09
7.941391421916822462e-09
7.909811312347535528e-09
7.879023445870260069e-09
7.848235579393021006e-09
7.817447712915776980e-09
7.787734138616852051e-09
7.758340555963678651e-09
7.728946973310573079e-09
7.699620468850822538e-09
7.671702781710414980e-09
7.643785094569997496e-09
7.615867407429621371e-09
7.588430656513674085e-09
7.562160289667633992e-09
7.535889922821598863e-09
7.509619555975558770e-09
7.484057067930350970e-09
7.459175284960278651e-09
7.434293501990285742e-09
7.409411719020288697e-09
7.385514607292272788e-09
7.362042049570138406e-09
7.338569491847974247e-09
7.315096934125761283e-09
7.292831215367432870e-09
7.270764291222630546e-09
7.248697367077766183e-09
7.226630442932932426e-09
7.205814306161573757e-09
7.185011973372276881e-09
7.164209640582984142e-09
7.143526200018958638e-09
7.124044272989259027e-09
7.104562345959695901e-09
7.085080418930106306e-09
7.065797880295497668e-09
7.047552692130845710e-09
7.029307503966127578e-09
7.011062315801366432e-09
6.993023599528278150e-09
6.975798562084313204e-09
6.958573524640388789e-09
6.941348487196463547e-09
6.924334574971508616e-09
6.908099201176771037e-09
6.891863827382107904e-09
6.875628453587375288e-09
6.859559264502266992e-09
6.844181394968673787e-09
6.828803525435076447e-09
6.813425655901483242e-09
6.798151357002821893e-09
6.783494875406299965e-09
6.768838393809777210e-09
6.754181912213290852e-09
6.739570359438456523e-09
6.725633792999516749e-09
6.711697226560577802e-09
6.697760660121567718e-09
6.683824093682589067e-09
6.670382917844676334e-09
6.656967773676336208e-09
6.643552629507886894e-09
6.630137485339507890e-09
6.617036902704427284e-09
6.604011871375304487e-09
6.590986840046102281e-09
6.577961808716943916e-09
6.565140508043024191e-09
6.552438373907765146e-09
6.539736239772480459e-09
6.527034105637287588e-09
6.514416900184646745e-09
6.501915226805765003e-09
6.489413553426989140e-09
6.476911880048147103e-09
6.464429324874883112e-09
6.452031410621061654e-09
6.439633496367240196e-09
6.427235582113383169e-09
6.414837667859565847e-09
6.402453800043744541e-09
6.390071279731963242e-09
6.377688759420255563e-09
6.365306239108513969e-09
6.352832109783999115e-09
6.340298928903461778e-09
6.327765748022846686e-09
6.315232567142301077e-09
6.302639233504275128e-09
6.289883888051255076e-09
6.277128542598265630e-09
6.264373197145237306e-09
6.251617851692282601e-09
6.238588509449859382e-09
6.225528838114422261e-09
6.212469166778880089e-09
6.199409495443404090e-09
6.186187678568365966e-09
6.172801458604453160e-09
6.159415238640500650e-09
6.146029018676622586e-09
6.132621290375054880e-09
6.118871215675743819e-09
6.105121140976516303e-09
6.091371066277319393e-09
6.077620991577981863e-09
6.063639343306123363e-09
6.049495295653542245e-09
6.035351248000856075e-09
6.021207200348179004e-09
6.007031358938587839e-09
5.992501084051284543e-09
5.977970809163949815e-09
5.963440534276677125e-09
5.948910259389339088e-09
5.934167174915292902e-09
5.919244578273255979e-09
5.904321981631180179e-09
5.889399384989104378e-09
5.874476788347032714e-09
5.859193030504176885e-09
5.843897287367723291e-09
5.828601544231339180e-09
5.813305801094846708e-09
5.797898315025041701e-09
5.782290777189320159e-09
5.766683239353638323e-09
5.751075701517887003e-09
5.735468163682270513e-09
5.719675026584755949e-09
5.703807431764596588e-09
5.687939836944362781e-09
5.672072242124238989e-09
5.656198247196994921e-09
5.640139681429954308e-09
5.624081115662848347e-09
5.608022549895701854e-09
5.591963984128630635e-09
5.575864054365773520e-09
5.559675247335240667e-09
5.543486440304751655e-09
5.527297633274258507e-09
5.511108826243725654e-09
5.494881679069985524e-09
5.478625092418103266e-09
5.462368505766177166e-09
5.446111919114281673e-09
5.429855332462342339e-09
5.413613001745139756e-09
5.397374752363357383e-09
5.381136502981481540e-09
5.364898253599760379e-09
5.348660004217942438e-09
5.332509749979411213e-09
5.316363871353354445e-09
5.300217992727248047e-09
5.284072114101186317e-09
5.267946799639875345e-09
5.252026948677076779e-09
5.236107097714308818e-09
5.220187246751492881e-09
5.204267395788706723e-09
5.188398515674844647e-09
5.172743860802647569e-09
5.157089205930446356e-09
5.141434551058226944e-09
5.125779896186030694e-09
5.110205005566841082e-09
5.094861922640017850e-09
5.079518839713217778e-09
5.064175756786464856e-09
5.048832673859646586e-09
5.033603890954073663e-09
5.018665967999323934e-09
5.003728045044665194e-09
4.988790122089936971e-09
4.973852199135243490e-09
4.959031263673583356e-09
4.944526262908968366e-09
4.930021262144450155e-09
4.915516261379869907e-09
4.901011260615351696e-09
4.886611619386594417e-09
4.872585382394430330e-09
4.858559145402300985e-09
4.844532908410136897e-09
4.830506671417917389e-09
4.816562210991731117e-09
4.803158638231785147e-09
4.789755065471861510e-09
4.776351492711832821e-09
4.762947919951906702e-09
4.749546358856549693e-09
4.736681311347299031e-09
4.723816263838019418e-09
4.710951216328753867e-09
4.698086168819542083e-09
4.685221121310280667e-09
4.672827520978654752e-09
4.660525748229427058e-09
4.648223975480203500e-09
4.635922202730990695e-09
4.623620429981820076e-09
4.611700022521344315e-09
4.600002867661330040e-09
4.588305712801343890e-09
4.576608557941337887e-09
4.564911403081292180e-09
4.553429091357534846e-09
4.542290303784052824e-09
4.531151516210577419e-09
4.520012728637103669e-09
4.508873941063592696e-09
4.497792944629568073e-09
4.487239561778033836e-09
4.476686178926521106e-09
4.466132796074991004e-09
4.455579413223566782e-09
4.445026030372054052e-09
4.434935823369807652e-09
4.424982178267995826e-09
4.415028533166131061e-09
4.405074888064341570e-09
4.395121242962494176e-09
4.385366206698043056e-09
4.375902719078690239e-09
4.366439231459468117e-09
4.356975743840136807e-09
4.347512256220860091e-09
4.338048768601599091e-09
4.329060366745634208e-09
4.320073347053452156e-09
4.311086327361265140e-09
4.302099307669063236e-09
4.293112287976879529e-09
4.284362589793529554e-09
4.275808875854859312e-09
4.267255161916235393e-09
4.258701447977589139e-09
4.250147734038942886e-09
4.241614625953545710e-09
4.233424454908653763e-09
4.225234283863765126e-09
4.217044112818895513e-09
4.208853941774023419e-09
4.200663770729173659e-09
4.192659938768202354e-09
4.184825564315960827e-09
4.176991189863757350e-09
4.169156815411550564e-09
4.161322440959309864e-09
4.153488066507068336e-09
4.145917149519685595e-09
4.138360534803825610e-09
4.130803920087930884e-09
4.123247305372020441e-09
4.115690690656123234e-09
4.108199181547916736e-09
4.100839431530262854e-09
4.093479681512541972e-09
4.086119931494890572e-09
4.078760181477219320e-09
4.071400431459498437e-09
4.064145336661732514e-09
4.056941786051709942e-09
4.049738235441618714e-09
4.042534684831601105e-09
4.035331134221527248e-09
4.028127583611487305e-09
4.021016717020551791e-09
4.013909105204152613e-09
4.006801493387756743e-09
3.999693881571412158e-09
3.992586269754995609e-09
3.985489715682338111e-09
3.978432694114131743e-09
3.971375672545929510e-09
3.964318650977687572e-09
3.957261629409501056e-09
3.950204607841277317e-09
3.943160163895317321e-09
3.936132585839490684e-09
3.929105007783628477e-09
3.922077429727804321e-09
3.915049851671975202e-09
3.908022273616147738e-09
3.900979903130631162e-09
3.893927318834660992e-09
3.886874734538675106e-09
3.879822150242709899e-09
3.872769565946724013e-09
3.865716981650753843e-09
3.858628560919759223e-09
3.851525598648170653e-09
3.844422636376562231e-09
3.837319674104973661e-09
3.830216711833330498e-09
3.823113749561755163e-09
3.815951537129243706e-09
3.808773216246812462e-09
3.801594895364404379e-09
3.794416574482008703e-09
3.787238253599594830e-09
3.780059932717148696e-09
3.772819040402905273e-09
3.765564027666193379e-09
3.758309014929498856e-09
3.751054002192786962e-09
3.743798989456105674e-09
3.736543976719395435e-09
3.729228028913233637e-09
3.721896839777057997e-09
3.714565650640849685e-09
3.707234461504696379e-09
3.699903272368483517e-09
3.692572083232292988e-09
3.685195756507983203e-09
3.677803406406786509e-09
3.670411056305594778e-09
3.663018706204415455e-09
3.655626356103188569e-09
3.648234006002011728e-09
3.640807433469089911e-09
3.633360745440528129e-09
3.625914057411930777e-09
3.618467369383333840e-09
3.611020681354774125e-09
3.603573993326209861e-09
3.596109963293461103e-09
3.588626761961652913e-09
3.581143560629888978e-09
3.573660359298085752e-09
3.566177157966264741e-09
3.558693956634500806e-09
3.551207648631796385e-09
3.543713071104950948e-09
3.536218493578125364e-09
3.528723916051297298e-09
3.521229338524469645e-09
3.513734760997641993e-09
3.506240668075008821e-09
3.498766406613695287e-09
3.491292145152419389e-09
3.483817883691107923e-09
3.476343622229794389e-09
3.468869360768483337e-09
3.461395099307169803e-09
3.453965308640863061e-09
3.446552226501799900e-09
3.439139144362716887e-09
3.431726062223651245e-09
3.424312980084548380e-09
3.416899897945482737e-09
3.409527415450911119e-09
3.402220660007254278e-09
3.394913904563615221e-09
3.387607149119943077e-09
3.380300393676319323e-09
3.372993638232680267e-09
3.365686882789043278e-09
3.358497019473548235e-09
3.351308537085702692e-09
3.344120054697850945e-09
3.336931572310023186e-09
3.329743089922175574e-09
3.322554607534295290e-09
3.315449747682455906e-09
3.308414425969762891e-09
3.301379104257067394e-09
3.294343782544414083e-09
3.287308460831756224e-09
3.280273139119062795e-09
3.273247691190652760e-09
3.266393771262489342e-09
3.259539851334338746e-09
3.252685931406172433e-09
3.245832011478041689e-09
3.238978091549858006e-09
3.232124171621727262e-09
3.225370037169805020e-09
3.218710516251070416e-09
3.212050995332370966e-09
3.205391474413638016e-09
3.198731953494896794e-09
3.192072432576181629e-09
3.185412911657447024e-09
3.178977461979073429e-09
3.172560911447342498e-09
3.166144360915628939e-09
3.159727810383880637e-09
3.153311259852186930e-09
3.146894709320436147e-09
3.140545424099750870e-09
3.134368430495905984e-09
3.128191436892091705e-09
3.122014443288247233e-09
3.115837449684437503e-09
3.109660456080607920e-09
3.103483462476745664e-09
3.097438343150355057e-09
3.091485381427391279e-09
3.085532419704482923e-09
3.079579457981536929e-09
3.073626496258628159e-09
3.067673534535715253e-09
3.061720572812771328e-09
3.055969418322416554e-09
3.050255174557339965e-09
3.044540930792265857e-09
3.038826687027206639e-09
3.033112443262147834e-09
3.027398199497071245e-09
3.021695051865422658e-09
3.016200029199265919e-09
3.010705006533089742e-09
3.005209983866946652e-09
2.999714961200772542e-09
2.994219938534614149e-09
2.988724915868472714e-09
2.983271423636228789e-09
2.977980023655706286e-09
2.972688623675165998e-09
2.967397223694658798e-09
2.962105823714118511e-09
2.956814423733615860e-09
2.951523023753058201e-09
2.946300922166999806e-09
2.941236724181251108e-09
2.936172526195520193e-09
2.931108328209751642e-09
2.926044130224002943e-09
2.920979932238289399e-09
2.915915734252520848e-09
2.910911461107969679e-09
2.906016845573117638e-09
2.901122230038265183e-09
2.896227614503408179e-09
2.891332998968557793e-09
2.886438383433690036e-09
2.881543767898818143e-09
2.876700551143254154e-09
2.871953365178144709e-09
2.867206179213056771e-09
2.862458993247929542e-09
2.857711807282824233e-09
2.852964621317679633e-09
2.848217435352572256e-09
2.843510263727337213e-09
2.838900868339882980e-09
2.834291472952413031e-09
2.829682077564921574e-09
2.825072682177414815e-09
2.820463286789958101e-09
2.815853891402488565e-09
2.811263029787601239e-09
2.806757605357456502e-09
2.802252180927291912e-09
2.797746756497182330e-09
2.793241332067033044e-09
2.788735907636868454e-09
2.784230483206741088e-09
2.779726114091684589e-09
2.775310127684331826e-09
2.770894141276996848e-09
2.766478154869634987e-09
2.762062168462300009e-09
2.757646182054966685e-09
2.753230195647587867e-09
2.748814209240252475e-09
2.744463922069457352e-09
2.740131035547290287e-09
2.735798149025076899e-09
2.731465262502921000e-09
2.727132375980734082e-09
2.722799489458540547e-09
2.718466602936362728e-09
2.714157643432935092e-09
2.709871284016761536e-09
2.705584924600546620e-09
2.701298565184347008e-09
2.697012205768175933e-09
2.692725846351995759e-09
2.688439486935772158e-09
2.684159611567423388e-09
2.679908812237802292e-09
2.675658012908183264e-09
2.671407213578570853e-09
2.667156414248964646e-09
2.662905614919370019e-09
2.658654815589748510e-09
2.654404016260134031e-09
2.650174014582334958e-09
2.645949394798709984e-09
2.641724775015102380e-09
2.637500155231459621e-09
2.633275535447819343e-09
2.629050915664209671e-09
2.624826295880576011e-09
2.620608246264768721e-09
2.616402394026395391e-09
2.612196541788006759e-09
2.607990689549604892e-09
2.603784837311215019e-09
2.599578985072843757e-09
2.595373132834480354e-09
2.591167280596072697e-09
2.586980711884928880e-09
2.582797576010746328e-09
2.578614440136492638e-09
2.574431304262292716e-09
2.570248168388091552e-09
2.566065032513871777e-09
2.561881896639654070e-09
2.557706389191058821e-09
2.553549522606360982e-09
2.549392656021671000e-09
2.545235789436971920e-09
2.541078922852274081e-09
2.536922056267555561e-09
2.532765189682876333e-09
2.528608323098159055e-09
2.524467389967794783e-09
2.520334157359633740e-09
2.516200924751467321e-09
2.512067692143335229e-09
2.507934459535174187e-09
2.503801226927026379e-09
2.499667994318876503e-09
2.495534761710708843e-09
2.491433639890451953e-09
2.487332524841921556e-09
2.483231409793372548e-09
2.479130294744842151e-09
2.475029179696325816e-09
2.470928064647786733e-09
2.466826949599238552e-09
2.462736956137463813e-09
2.458677527885100583e-09
2.454618099632776644e-09
2.450558671380404728e-09
2.446499243128056800e-09
2.442439814875710941e-09
2.438380386623382866e-09
2.434320958371025012e-09
2.430285252653605358e-09
2.426275795172202464e-09
2.422266337690788817e-09
2.418256880209387165e-09
2.414247422727956974e-09
2.410237965246588408e-09
2.406228507765150360e-09
2.402219050283771868e-09
2.398255602901667069e-09
2.394319979520432086e-09
2.390384356139139201e-09
2.386448732757877748e-09
2.382513109376606369e-09
2.378577485995337471e-09
2.374641862614084704e-09
2.370706239232811671e-09
2.366825483198505504e-09
2.362966962340304328e-09
2.359108441482129207e-09
2.355249920623925549e-09
2.351391399765742984e-09
2.347532878907529399e-09
2.343674358049343525e-09
2.339815837191178331e-09
2.336015636114245019e-09
2.332235962941792159e-09
2.328456289769347984e-09
2.324676616596902981e-09
2.320896943424441436e-09
2.317117270251988575e-09
2.313337597079552258e-09
2.309557923907072928e-09
2.305843284256316677e-09
2.302155622196430226e-09
2.298467960136568590e-09
2.294780298076691238e-09
2.291092636016794033e-09
2.287404973956915853e-09
2.283717311897053804e-09
2.280029649837185137e-09
2.276398589519501373e-09
2.272803323505177177e-09
2.269208057490807899e-09
2.265612791476465091e-09
2.262017525462124352e-09
2.258422259447755074e-09
2.254826993433423020e-09
2.251231727419060773e-09
2.247679348797631393e-09
2.244178015033088824e-09
2.240676681268547496e-09
2.237175347504004927e-09
2.233674013739462359e-09
2.230172679974933852e-09
2.226671346210382598e-09
2.223170012445849955e-09
2.219696690399646974e-09
2.216312922107090772e-09
2.212929153814516373e-09
2.209545385521917572e-09
2.206161617229378328e-09
2.202777848936805997e-09
2.199394080644214640e-09
2.196010312351686149e-09
2.192626544059083212e-09
2.189332451875787841e-09
2.186042371000258686e-09
2.182752290124728291e-09
2.179462209249216921e-09
2.176172128373677840e-09
2.172882047498149099e-09
2.169591966622619944e-09
2.166301885747108574e-09
2.163066871610696813e-09
2.159866643327117532e-09
2.156666415043530393e-09
2.153466186759951112e-09
2.150265958476374313e-09
2.147065730192777248e-09
2.143865501909191350e-09
2.140665273625612482e-09
2.137483648537772018e-09
2.134374256753224171e-09
2.131264864968729678e-09
2.128155473184207887e-09
2.125046081399674930e-09
2.121936689615135768e-09
2.118827297830622663e-09
2.115717906046110799e-09
2.112608514261569983e-09
2.109555429187059729e-09
2.106522904096688058e-09
2.103490379006308529e-09
2.100457853915955469e-09
2.097425328825583798e-09
2.094392803735223294e-09
2.091360278644850382e-09
2.088327753554478297e-09
2.085309697562714823e-09
2.082351167168881700e-09
2.079392636775056849e-09
2.076434106381223726e-09
2.073475575987381504e-09
2.070517045593566992e-09
2.067558515199726011e-09
2.064599984805900332e-09
2.061641454412059351e-09
2.058727129938876542e-09
2.055843100664479937e-09
2.052959071390040732e-09
2.050075042115635855e-09
2.047191012841195409e-09
2.044306983566773989e-09
2.041422954292351328e-09
2.038538925017938179e-09
2.035654895743515518e-09
2.032820240328399648e-09
2.029989560717230568e-09
2.027158881106071000e-09
2.024328201494894062e-09
2.021497521883726636e-09
2.018666842272558797e-09
2.015836162661382686e-09
2.013005483050204507e-09
2.010184224316646950e-09
2.007402767485774240e-09
2.004621310654937926e-09
2.001839853824075555e-09
1.999058396993227247e-09
1.996276940162364463e-09
1.993495483331510365e-09
1.990714026500657921e-09
1.987932569669802581e-09
1.985168679728771193e-09
1.982432196789220725e-09
1.979695713849714097e-09
1.976959230910180172e-09
1.974222747970664858e-09
1.971486265031139619e-09
1.968749782091623064e-09
1.966013299152090380e-09
1.963276816212581684e-09
1.960560524520029548e-09
1.957862678092313932e-09
1.955164831664589631e-09
1.952466985236875256e-09
1.949769138809150955e-09
1.947071292381435340e-09
1.944373445953709798e-09
1.941675599525992942e-09
1.938977753098268641e-09
1.936304627097724501e-09
1.933648903999623711e-09
1.930993180901507618e-09
1.928337457803417994e-09
1.925681734705317204e-09
1.923026011607209797e-09
1.920370288509101148e-09
1.917714565411002839e-09
1.915058842312902049e-09
1.912426839202315167e-09
1.909811810932080807e-09
1.907196782661843965e-09
1.904581754391600506e-09
1.901966726121373590e-09
1.899351697851121445e-09
1.896736669580885431e-09
1.894121641310649830e-09
1.891506613040405130e-09
1.888909202891143477e-09
1.886328711628654397e-09
1.883748220366165317e-09
1.881167729103676651e-09
1.878587237841188812e-09
1.876006746578700973e-09
1.873426255316214375e-09
1.870845764053716609e-09
1.868265272791221326e-09
1.865698522911876660e-09
1.863155364473197967e-09
1.860612206034517826e-09
1.858069047595836858e-09
1.855525889157158165e-09
1.852982730718470579e-09
1.850439572279809464e-09
1.847896413841130563e-09
1.845353255402443185e-09
1.842816089791026680e-09
1.840311295276591315e-09
1.837806500762163809e-09
1.835301706247736303e-09
1.832796911733301145e-09
1.830292117218882325e-09
1.827787322704445926e-09
1.825282528190002083e-09
1.822777733675584296e-09
1.820272939161156790e-09
1.817802394677475752e-09
1.815336788458515665e-09
1.812871182239546893e-09
1.810405576020594457e-09
1.807939969801626719e-09
1.805474363582665598e-09
1.803008757363704477e-09
1.800543151144743356e-09
1.798077544925783269e-09
1.795638373326245643e-09
1.793223518077142671e-09
1.790808662828029773e-09
1.788393807578900538e-09
1.785978952329778954e-09
1.783564097080667297e-09
1.781149241831546747e-09
1.778734386582416478e-09
1.776319531333302546e-09
1.773909215167536589e-09
1.771541486149265887e-09
1.769173757130986292e-09
1.766806028112698219e-09
1.764438299094426483e-09
1.762070570076139237e-09
1.759702841057858609e-09
1.757335112039570536e-09
1.754967383021290941e-09
1.752599654003026857e-09
1.750259365819004632e-09
1.747937387874766025e-09
1.745615409930518732e-09
1.743293431986262547e-09
1.740971454042022906e-09
1.738649476097774373e-09
1.736327498153527080e-09
1.734005520209280821e-09
1.731683542265040973e-09
1.729363122325842411e-09
1.727091854824115109e-09
1.724820587322405384e-09
1.722549319820695659e-09
1.720278052318968357e-09
1.718006784817250981e-09
1.715735517315532571e-09
1.713464249813822847e-09
1.711192982312105264e-09
1.708921714810377961e-09
1.706669150449754848e-09
1.704446015274302370e-09
1.702222880098866435e-09
1.699999744923413957e-09
1.697776609747970370e-09
1.695553474572526577e-09
1.693330339397091883e-09
1.691107204221631753e-09
1.688884069046215464e-09
1.686660933870754300e-09
1.684469893245182159e-09
1.682294461781809702e-09
1.680119030318436211e-09
1.677943598855061479e-09
1.675768167391680336e-09
1.673592735928299194e-09
1.671417304464934388e-09
1.669241873001543319e-09
1.667066441538171896e-09
1.664891010074797371e-09
1.662767377505339647e-09
1.660650621954781767e-09
1.658533866404232573e-09
1.656417110853671178e-09
1.654300355303103373e-09
1.652183599752563071e-09
1.650066844201996299e-09
1.647950088651438420e-09
1.645833333100869373e-09
1.643717390848026124e-09
1.641645737313553798e-09
1.639574083779072580e-09
1.637502430244591569e-09
1.635430776710126894e-09
1.633359123175653328e-09
1.631287469641172316e-09
1.629215816106690064e-09
1.627144162572217739e-09
1.625072509037744379e-09
1.623004302431572896e-09
1.620976882352013500e-09
1.618949462272462789e-09
1.616922042192903392e-09
1.614894622113352888e-09
1.612867202033801143e-09
1.610839781954241747e-09
1.608812361874682557e-09
1.606784941795140738e-09
1.604757521715590027e-09
1.602732889190261894e-09
1.600750501289356440e-09
1.598768113388444576e-09
1.596785725487538295e-09
1.594803337586626430e-09
1.592820949685729869e-09
1.590838561784806010e-09
1.588856173883900556e-09
1.586873785982988692e-09
1.584891398082073519e-09
1.582909010181170547e-09
1.580965076012536333e-09
1.579022356519514488e-09
1.577079637026493678e-09
1.575136917533481553e-09
1.573194198040450816e-09
1.571251478547430006e-09
1.569308759054408162e-09
1.567366039561395003e-09
1.565423320068372952e-09
1.563480600575352141e-09
1.561570209061595152e-09
1.559667910899913206e-09
1.557765612738240978e-09
1.555863314576586328e-09
1.553961016414914101e-09
1.552058718253242080e-09
1.550156420091577504e-09
1.548254121929904242e-09
1.546351823768240907e-09
1.544449525606567646e-09
1.542570500917694575e-09
1.540710326648588588e-09
1.538850152379482600e-09
1.536989978110374337e-09
1.535129803841285927e-09
1.533269629572187591e-09
1.531409455303089255e-09
1.529549281033989884e-09
1.527689106764883690e-09
1.525828932495786594e-09
1.523976238463360995e-09
1.522149022300440299e-09
1.520321806137519396e-09
1.518494589974591049e-09
1.516667373811687724e-09
1.514840157648759170e-09
1.513012941485828548e-09
1.511185725322908886e-09
1.509358509159995842e-09
1.507531292997057362e-09
1.505704076834136666e-09
1.503903703670431459e-09
1.502109120920433548e-09
1.500314538170427778e-09
1.498519955420438553e-09
1.496725372670458219e-09
1.494930789920451416e-09
1.493136207170446887e-09
1.491341624420448769e-09
1.489547041670458509e-09
1.487752458920460391e-09
1.485968674967336478e-09
1.484205975503119523e-09
1.482443276038902775e-09
1.480680576574685820e-09
1.478917877110468865e-09
1.477155177646261836e-09
1.475392478182054807e-09
1.473629778717833509e-09
1.471867079253628755e-09
1.470104379789416350e-09
1.468341680325190503e-09
1.466601890882317396e-09
1.464868761784417578e-09
1.463135632686497908e-09
1.461402503588561694e-09
1.459669374490647608e-09
1.457936245392723595e-09
1.456203116294801857e-09
1.454469987196877844e-09
1.452736858098953625e-09
1.451003729001052773e-09
1.449274975160429234e-09
1.447575464234794283e-09
1.445875953309150440e-09
1.444176442383511147e-09
1.442476931457861720e-09
1.440777420532218084e-09
1.439077909606584167e-09
1.437378398680935981e-09
1.435678887755296481e-09
1.433979376829651604e-09
1.432279865904017687e-09
1.430593558241800576e-09
1.428926710084087637e-09
1.427259861926371182e-09
1.425593013768640665e-09
1.423926165610914284e-09
1.422259317453183767e-09
1.420592469295452009e-09
1.418925621137734520e-09
1.417258772980021581e-09
1.415591924822279897e-09
1.413925076664549380e-09
1.412275533839283487e-09
1.410637702269886266e-09
1.408999870700480360e-09
1.407362039131075487e-09
1.405724207561668546e-09
1.404086375992262433e-09
1.402448544422866453e-09
1.400810712853451654e-09
1.399172881284053399e-09
1.397535049714638807e-09
1.395897218145224008e-09
1.394281192403008270e-09
1.392674246662821523e-09
1.391067300922607273e-09
1.389460355182419492e-09
1.387853409442237708e-09
1.386246463702023457e-09
1.384639517961819133e-09
1.383032572221631352e-09
1.381425626481430336e-09
1.379818680741242969e-09
1.378211735001046296e-09
1.376626961046972566e-09
1.375050285696519422e-09
1.373473610346067932e-09
1.371896934995619131e-09
1.370320259645167641e-09
1.368743584294714497e-09
1.367166908944254115e-09
1.365590233593797042e-09
1.364013558243348447e-09
1.362436882892883722e-09
1.360860207542431612e-09
1.359303536362336877e-09
1.357756492826440948e-09
1.356209449290532818e-09
1.354662405754633166e-09
1.353115362218738271e-09
1.351568318682839033e-09
1.350021275146944138e-09
1.348474231611051932e-09
1.346927188075138425e-09
1.345380144539243737e-09
1.343833101003330230e-09
1.342305229710049765e-09
1.340794138191412723e-09
1.339283046672736391e-09
1.337771955154072053e-09
1.336260863635413298e-09
1.334749772116754336e-09
1.333238680598073661e-09
1.331727589079418008e-09
1.330216497560750361e-09
1.328705406042095948e-09
1.327194314523428301e-09
1.325692712915890526e-09
1.324212597815470516e-09
1.322732482715028171e-09
1.321252367614581898e-09
1.319772252514143483e-09
1.318292137413710445e-09
1.316812022313286092e-09
1.315331907212847057e-09
1.313851792112399750e-09
1.312371677011978705e-09
1.310891561911542358e-09
1.309411446811103737e-09
1.307960247753570372e-09
1.306509232037483318e-09
1.305058216321390267e-09
1.303607200605285635e-09
1.302156184889202510e-09
1.300705169173095604e-09
1.299254153456994901e-09
1.297803137740907847e-09
1.296352122024807144e-09
1.294901106308710784e-09
1.293450090592622696e-09
1.292017376179087690e-09
1.290597137629761050e-09
1.289176899080431102e-09
1.287756660531083576e-09
1.286336421981753213e-09
1.284916183432412305e-09
1.283495944883078013e-09
1.282075706333739173e-09
1.280655467784413153e-09
1.279235229235074519e-09
1.277814990685725959e-09
1.276397767975532371e-09
1.275005320619980515e-09
1.273612873264433416e-09
1.272220425908877011e-09
1.270827978553334254e-09
1.269435531197782399e-09
1.268043083842225993e-09
1.266650636486673311e-09
1.265258189131122489e-09
1.263865741775574976e-09
1.262473294420014022e-09
1.261080847064460925e-09
1.259702974642850729e-09
1.258337786915612549e-09
1.256972599188376850e-09
1.255607411461147975e-09
1.254242223733903384e-09
1.252877036006669754e-09
1.251511848279425783e-09
1.250146660552195874e-09
1.248781472824951904e-09
1.247416285097726958e-09
1.246051097370481333e-09
1.244685909643249357e-09
1.243348570340329703e-09
1.242015303186542672e-09
1.240682036032748817e-09
1.239348768878953514e-09
1.238015501725155523e-09
1.236682234571376764e-09
1.235348967417579187e-09
1.234015700263788227e-09
1.232682433109999542e-09
1.231349165956205894e-09
1.230015898802409971e-09
1.228685622955834745e-09
1.227377053746517762e-09
1.226068484537180514e-09
1.224759915327859603e-09
1.223451346118540346e-09
1.222142776909210129e-09
1.220834207699881566e-09
1.219525638490561689e-09
1.218217069281236021e-09
1.216908500071911801e-09
1.215599930862582204e-09
1.214291361653249299e-09
1.212989624347360339e-09
1.211705450299700506e-09
1.210421276252050391e-09
1.209137102204386629e-09
1.207852928156732793e-09
1.206568754109072339e-09
1.205284580061416228e-09
1.204000406013753499e-09
1.202716231966102971e-09
1.201432057918440243e-09
1.200147883870798607e-09
1.198863709823131536e-09
1.197588205715948564e-09
1.196328905903214151e-09
1.195069606090486561e-09
1.193810306277753802e-09
1.192551006465013185e-09
1.191291706652290145e-09
1.190032406839561108e-09
1.188773107026825453e-09
1.187513807214095176e-09
1.186254507401360142e-09
1.184995207588634827e-09
1.183735907775894210e-09
1.182484014428645498e-09
1.181247439180099611e-09
1.180010863931558688e-09
1.178774288683013008e-09
1.177537713434466501e-09
1.176301138185931160e-09
1.175064562937385273e-09
1.173827987688836285e-09
1.172591412440290398e-09
1.171354837191745131e-09
1.170118261943203587e-09
1.168881686694663904e-09
1.167650227274684920e-09
1.166437843493785346e-09
1.165225459712887840e-09
1.164013075931982063e-09
1.162800692151074011e-09
1.161588308370172783e-09
1.160375924589264937e-09
1.159163540808359160e-09
1.157951157027458759e-09
1.156738773246561874e-09
1.155526389465649066e-09
1.154314005684748251e-09
1.153101737008892339e-09
1.151914948772085465e-09
1.150728160535295343e-09
1.149541372298489710e-09
1.148354584061695658e-09
1.147167795824876377e-09
1.145981007588073433e-09
1.144794219351267386e-09
1.143607431114468785e-09
1.142420642877663152e-09
1.141233854640856072e-09
1.140047066404054782e-09
1.138860278167251424e-09
1.137688694753528410e-09
1.136523495365840145e-09
1.135358295978140920e-09
1.134193096590448312e-09
1.133027897202753429e-09
1.131862697815060408e-09
1.130697498427366146e-09
1.129532299039660303e-09
1.128367099651965627e-09
1.127201900264270745e-09
1.126036700876573174e-09
1.124871501488870226e-09
1.123713193898900704e-09
1.122570216016546251e-09
1.121427238134188490e-09
1.120284260251838173e-09
1.119141282369476069e-09
1.117998304487125959e-09
1.116855326604767991e-09
1.115712348722412917e-09
1.114569370840057844e-09
1.113426392957700703e-09
1.112283415075353902e-09
1.111140437192996554e-09
1.109997459310637552e-09
1.108872659451475626e-09
1.107751813977766006e-09
1.106630968504048114e-09
1.105510123030332497e-09
1.104389277556619568e-09
1.103268432082895679e-09
1.102147586609181095e-09
1.101026741135467753e-09
1.099905895661752549e-09
1.098785050188034657e-09
1.097664204714315110e-09
1.096543359240597839e-09
1.095427482130488819e-09
1.094327588146737304e-09
1.093227694162984135e-09
1.092127800179233033e-09
1.091027906195492892e-09
1.089928012211735380e-09
1.088828118227988621e-09
1.087728224244231109e-09
1.086628330260483936e-09
1.085528436276739452e-09
1.084428542292988351e-09
1.083328648309226289e-09
1.082228754325483460e-09
1.081142040852698969e-09
1.080065817472749573e-09
1.078989594092811965e-09
1.077913370712869600e-09
1.076837147332937574e-09
1.075760923952996450e-09
1.074684700573051190e-09
1.073608477193113168e-09
1.072532253813172457e-09
1.071456030433231126e-09
1.070379807053286073e-09
1.069303583673348051e-09
1.068227360293416026e-09
1.067168432763576288e-09
1.066114392708393500e-09
1.065060352653203269e-09
1.064006312598020481e-09
1.062952272542834179e-09
1.061898232487651805e-09
1.060844192432461780e-09
1.059790152377278993e-09
1.058736112322097033e-09
1.057682072266910316e-09
1.056628032211727322e-09
1.055573992156537918e-09
1.054519952101345618e-09
1.053483823504948534e-09
1.052449576434749828e-09
1.051415329364552776e-09
1.050381082294354483e-09
1.049346835224156810e-09
1.048312588153954175e-09
1.047278341083757123e-09
1.046244094013554074e-09
1.045209846943360124e-09
1.044175599873163072e-09
1.043141352802960436e-09
1.042107105732763384e-09
1.041072858662569021e-09
1.040057758258860884e-09
1.039044057681380538e-09
1.038030357103905362e-09
1.037016656526437424e-09
1.036002955948957492e-09
1.034989255371490174e-09
1.033975554794013551e-09
1.032961854216547267e-09
1.031948153639066094e-09
1.030934453061591125e-09
1.029920752484119258e-09
1.028907051906639325e-09
1.027893351329167044e-09
1.026896345640516547e-09
1.025902064076899876e-09
1.024907782513279895e-09
1.023913500949671909e-09
1.022919219386054616e-09
1.021924937822430707e-09
1.020930656258813415e-09
1.019936374695197777e-09
1.018942093131585034e-09
1.017947811567969396e-09
1.016953530004348175e-09
1.015959248440736880e-09
1.014964966877115865e-09
1.013983475466098821e-09
1.013007791590493657e-09
1.012032107714888494e-09
1.011056423839280022e-09
1.010080739963683751e-09
1.009105056088079621e-09
1.008129372212466186e-09
1.007153688336857714e-09
1.006178004461257514e-09
1.005202320585653591e-09
1.004226636710044085e-09
1.003250952834439956e-09
1.002275268958830863e-09
1.001308676523602293e-09
1.000354892553234028e-09
9.994011085828734140e-10
9.984473246125094917e-10
9.974935406421492917e-10
9.965397566717849557e-10
9.955859727014197926e-10
9.946321887310602130e-10
9.936784047606909140e-10
9.927246207903309207e-10
9.917708368199657576e-10
9.908170528496051440e-10
9.898632688792368789e-10
9.889102342575271931e-10
9.879746497526979001e-10
9.870390652478636441e-10
9.861034807430298016e-10
9.851678962381916164e-10
9.842323117333534313e-10
9.832967272285235179e-10
9.823611427236882279e-10
9.814255582188593485e-10
9.804899737140164070e-10
9.795543892091825646e-10
9.786188047043526512e-10
9.776832201995144660e-10
9.767476356946845527e-10
9.758218083735321789e-10
9.749034911317814462e-10
9.739851738900193399e-10
9.730668566482688141e-10
9.721485394065230445e-10
9.712302221647698303e-10
9.703119049230153754e-10
9.693935876812658836e-10
9.684752704395163917e-10
9.675569531977625572e-10
9.666386359560035527e-10
9.657203187142590240e-10
9.648020014725091185e-10
9.638836842307556975e-10
9.629833358333002871e-10
9.620832418634298942e-10
9.611831478935702548e-10
9.602830539236959328e-10
9.593829599538269875e-10
9.584828659839570083e-10
9.575827720140917853e-10
9.566826780442218061e-10
9.557825840743574103e-10
9.548824901044874311e-10
9.539823961346271712e-10
9.530823021647615346e-10
9.521822081948872127e-10
9.512871580271431106e-10
9.504036939106570707e-10
9.495202297941733055e-10
9.486367656776959510e-10
9.477533015612248004e-10
9.468698374447480663e-10
9.459863733282636807e-10
9.451029092117863262e-10
9.442194450953069038e-10
9.433359809788252066e-10
9.424525168623530220e-10
9.415690527458686364e-10
9.406855886293869393e-10
9.398021245129068964e-10
9.389273365115222310e-10
9.380606847646350793e-10
9.371940330177464801e-10
9.363273812708599488e-10
9.354607295239756922e-10
9.345940777770887473e-10
9.337274260302049044e-10
9.328607742833119624e-10
9.319941225364248107e-10
9.311274707895367285e-10
9.302608190426496802e-10
9.293941672957649066e-10
9.285275155488783753e-10
9.276608638019896727e-10
9.268062379114375353e-10
9.259588734415910318e-10
9.251115089717451487e-10
9.242641445018948194e-10
9.234167800320428359e-10
9.225694155621979867e-10
9.217220510923504492e-10
9.208746866224968112e-10
9.200273221526541334e-10
9.191799576828131100e-10
9.183325932129573007e-10
9.174852287431069714e-10
9.166378642732693601e-10
9.157904998034184105e-10
9.149529179467501663e-10
9.141212090488051159e-10
9.132895001508660626e-10
9.124577912529346607e-10
9.116260823549912647e-10
9.107943734570555201e-10
9.099626645591121240e-10
9.091309556611757591e-10
9.082992467632323630e-10
9.074675378652966184e-10
9.066358289673520851e-10
9.058041200694086890e-10
9.049724111714772871e-10
9.041407022735383372e-10
9.033171530221310037e-10
9.025011568499275172e-10
9.016851606777366452e-10
9.008691645055381218e-10
9.000531683333423901e-10
8.992371721611438667e-10
8.984211759889480316e-10
8.976051798167484742e-10
8.967891836445537765e-10
8.959731874723502900e-10
8.951571913001600384e-10
8.943411951279648237e-10
8.935251989557656799e-10
8.927092027835661225e-10
8.918981041925867573e-10
8.910981128064662521e-10
8.902981214203379921e-10
8.894981300342174869e-10
8.886981386480969818e-10
8.878981472619781310e-10
8.870981558758571088e-10
8.862981644897382580e-10
8.854981731036127897e-10
8.846981817174851501e-10
8.838981903313640245e-10
8.830981989452408310e-10
8.822982075591153628e-10
8.814982161729965119e-10
8.806982247868753864e-10
8.799128964634103928e-10
8.791278041662060642e-10
8.783427118690082496e-10
8.775576195718078501e-10
8.767725272746056929e-10
8.759874349774057070e-10
8.752023426802036531e-10
8.744172503829943614e-10
8.736321580858015099e-10
8.728470657885961474e-10
8.720619734913945071e-10
8.712768811941924532e-10
8.704917888969924673e-10
8.697066965997903101e-10
8.689304089097857582e-10
8.681612402795844320e-10
8.673920716493880687e-10
8.666229030191822964e-10
8.658537343889941016e-10
8.650845657587884326e-10
8.643153971285919660e-10
8.635462284983906397e-10
8.627770598681936561e-10
8.620078912379928468e-10
8.612387226077959666e-10
8.604695539775951573e-10
8.597003853473888679e-10
8.589312167172018105e-10
8.581622347873587386e-10
8.574093371816122216e-10
8.566564395758598109e-10
8.559035419701166026e-10
8.551506443643696721e-10
8.543977467586138493e-10
8.536448491528669187e-10
8.528919515471187473e-10
8.521390539413635449e-10
8.513861563356116513e-10
8.506332587298739231e-10
8.498803611241176867e-10
8.491274635183749954e-10
8.483745659126231017e-10
8.476216683068705877e-10
8.468737832604935585e-10
8.461348496859826439e-10
8.453959161114816556e-10
8.446569825369833556e-10
8.439180489624817468e-10
8.431791153879708323e-10
8.424401818134736696e-10
8.417012482389802293e-10
8.409623146644742779e-10
8.402233810899716352e-10
8.394844475154695094e-10
8.387455139409634546e-10
8.380065803664657749e-10
8.372676467919598235e-10
8.365287132174620405e-10
8.357982268990340139e-10
8.350735013540303196e-10
8.343487758090381024e-10
8.336240502640393711e-10
8.328993247190373311e-10
8.321745991740385999e-10
8.314498736290491744e-10
8.307251480840471344e-10
8.300004225390578124e-10
8.292756969940557724e-10
8.285509714490613838e-10
8.278262459040598608e-10
8.271015203590704354e-10
8.263767948140723245e-10
8.256520692690741102e-10
8.249373157673902185e-10
8.242264913285279929e-10
8.235156668896657672e-10
8.228048424508046790e-10
8.220940180119381106e-10
8.213831935730725763e-10
8.206723691342053875e-10
8.199615446953442993e-10
8.192507202564870367e-10
8.185398958176171597e-10
8.178290713787543136e-10
8.171182469398839196e-10
8.164074225010261400e-10
8.156965980621644314e-10
8.149857736233005514e-10
8.142845352008101319e-10
8.135869047136089226e-10
8.128892742264121594e-10
8.121916437392108467e-10
8.114940132520041574e-10
8.107963827648073942e-10
8.100987522776060815e-10
8.094011217904060096e-10
8.087034913032009746e-10
8.080058608159986280e-10
8.073082303288023818e-10
8.066105998415955890e-10
8.059129693544015142e-10
8.052153388671948248e-10
8.045177083799941325e-10
8.038292732141477468e-10
8.031464441993656261e-10
8.024636151845949826e-10
8.017807861698123449e-10
8.010979571550279494e-10
8.004151281402507918e-10
7.997322991254713595e-10
