-4.611999337193451826e-06
-4.528857292174627317e-06
-4.459362405095197952e-06
-4.418924012011122834e-06
-4.413883203855918694e-06
-4.409450082668847564e-06
-4.425656868047403841e-06
-4.475643682805462935e-06
-4.531513432248523873e-06
-4.636660882341132553e-06
-4.725491494594390724e-06
-4.865483693775811319e-06
-4.999007095399815564e-06
-5.173265352207859955e-06
-5.360330296236068028e-06
-5.552033839806338932e-06
-5.787055706662842332e-06
-6.022255911991120635e-06
-6.279118167557219872e-06
-6.542317502447353873e-06
-6.835058119754648136e-06
-7.135223910470511144e-06
-7.428672629139276193e-06
-7.755072412448234549e-06
-8.070685916789655594e-06
-8.425672573502518387e-06
-8.745838590334288954e-06
-9.109087968918509965e-06
-9.467065780195066944e-06
-9.815282407898720689e-06
-1.017673883544909164e-05
-1.054352544634791128e-05
-1.091025030056177013e-05
-1.128671038549839816e-05
-1.165242576906687347e-05
-1.201289965797405203e-05
-1.237131451309987880e-05
-1.272175270544045943e-05
-1.308437389167024942e-05
-1.344018211584805204e-05
-1.376492680645468068e-05
-1.410482694629876647e-05
-1.443807842419483152e-05
-1.477105206257563838e-05
-1.507549729023148059e-05
-1.538150195134453405e-05
-1.565675314114155098e-05
-1.596483771919592057e-05
-1.623951491394236767e-05
-1.648855809471236298e-05
-1.674685661575416550e-05
-1.698529678912955870e-05
-1.719646242703374387e-05
-1.742879246921749561e-05
-1.760632160672846879e-05
-1.781309894638224983e-05
-1.796900211880583293e-05
-1.814613241200825692e-05
-1.827258355294406208e-05
-1.841603310727876392e-05
-1.851988146426157734e-05
-1.863117786860280645e-05
-1.870352351159626969e-05
-1.878507928023433521e-05
-1.885175647873133371e-05
-1.886295400977656912e-05
-1.890446706909331581e-05
-1.889024483380687797e-05
-1.890236587540844738e-05
-1.888973759821666084e-05
-1.882901636633277714e-05
-1.878636541742735147e-05
-1.872767679166982820e-05
-1.865747471315000249e-05
-1.854363508239452910e-05
-1.844740806758031108e-05
-1.833347385568744815e-05
-1.820770336746425813e-05
-1.803837881332412909e-05
-1.787697153471861383e-05
-1.770930946041036037e-05
-1.752422376484066166e-05
-1.732792572634569964e-05
-1.710721987748591261e-05
-1.689124720467711970e-05
-1.666603113571989345e-05
-1.642768228895852322e-05
-1.618165935557146058e-05
-1.592510910236214511e-05
-1.566031394906389879e-05
-1.539256848075265635e-05
-1.511622497559670069e-05
-1.483959194264979198e-05
-1.454999080137460245e-05
-1.426030959990936638e-05
-1.396951509982030362e-05
-1.367460293440512926e-05
-1.337736154025867778e-05
-1.307859120634168895e-05
-1.277315527449221605e-05
-1.247503900711887825e-05
-1.217888893671082928e-05
-1.188498812689248563e-05
-1.159357151240287370e-05
-1.130323060668873170e-05
-1.101279222144674920e-05
-1.073319781178126486e-05
-1.045843236660255678e-05
-1.018923209443456470e-05
-9.927178719401218328e-06
-9.669263072354939616e-06
-9.413679669524426913e-06
-9.167115302160403157e-06
-8.936823136839504303e-06
-8.715559277245599337e-06
-8.504382943713787794e-06
-8.302981711144760682e-06
-8.105634421791415260e-06
-7.921318981538193727e-06
-7.748799477139590121e-06
-7.584992667819557726e-06
-7.430127904379881381e-06
-7.294356651685903960e-06
-7.168742687614880719e-06
-7.045411059495549756e-06
-6.940963245357470444e-06
-6.846493556741634447e-06
-6.759376655210613627e-06
-6.692658554169197900e-06
-6.633504645511437550e-06
-6.581084233829108309e-06
-6.533628501076550976e-06
-6.502205764424557822e-06
-6.486374809437609250e-06
-6.480632228206521732e-06
-6.476452026510911631e-06
-6.483358223932757990e-06
-6.492337394183858232e-06
-6.535812242139244069e-06
-6.563003152541605669e-06
-6.601831936286518911e-06
-6.641098550184332863e-06
-6.686062544765666010e-06
-6.774277355184384464e-06
-6.837617745206631859e-06
-6.896908502910323793e-06
-6.964501420673991366e-06
-7.076249646985281428e-06
-7.157411990534343057e-06
-7.231982022591172001e-06
-7.339653328900797838e-06
-7.442911841795584585e-06
-7.533071852143703259e-06
-7.615331978800279608e-06
-7.748198282629599701e-06
-7.841724578204022954e-06
-7.932683633413956551e-06
-8.046366880644082031e-06
-8.149890096167339154e-06
-8.240551479408198088e-06
-8.327159824303907406e-06
-8.456746124683782475e-06
-8.534794755054989947e-06
-8.617466131673530251e-06
-8.740014341754252770e-06
-8.813243523669345947e-06
-8.883839793600714288e-06
-8.997771285116698672e-06
-9.065792661123508458e-06
-9.126377402725412952e-06
-9.227041529697807028e-06
-9.279287878383419313e-06
-9.332117929057881262e-06
-9.416699038991391171e-06
-9.450496829391332417e-06
-9.482824651240369135e-06
-9.548014180035950706e-06
-9.571771420871001091e-06
-9.626427032497064849e-06
-9.629759152864859344e-06
-9.636287193753484922e-06
-9.667306519459476622e-06
-9.661469044193856721e-06
-9.647261158036840714e-06
-9.655149296729492929e-06
-9.632931464076622941e-06
-9.629307653310652709e-06
-9.593031920389586084e-06
-9.550862483171030214e-06
-9.523408839663673753e-06
-9.472802599318626656e-06
-9.434137105271182090e-06
-9.369406946849087028e-06
-9.302168794320937972e-06
-9.238899575474573514e-06
-9.161552396975520420e-06
-9.087709995477167733e-06
-8.997775422232204398e-06
-8.911789098825839342e-06
-8.812585677033643033e-06
-8.713868161689650554e-06
-8.610412035670770794e-06
-8.502281230785457668e-06
-8.389775432222090711e-06
-8.274245686785888432e-06
-8.153796590693847344e-06
-8.032589068875643727e-06
-7.910410132297463162e-06
-7.777844981682946465e-06
-7.651777938599843708e-06
-7.514941279540945057e-06
-7.386871764200948419e-06
-7.246765661064871358e-06
-7.117426489929328640e-06
-6.974456949495714487e-06
-6.844130466577040790e-06
-6.699514041321627287e-06
-6.570526185613420875e-06
-6.436642403919459451e-06
-6.297671123661893814e-06
-6.170991122140619815e-06
-6.031260951484446603e-06
-5.907769092121258387e-06
-5.772060990448111263e-06
-5.654514672061146139e-06
-5.524584581198325442e-06
-5.411258956838009454e-06
-5.287019746977093800e-06
-5.179055643919931382e-06
-5.061999547143755185e-06
-4.959377341451055393e-06
-4.850889026851944265e-06
-4.757416525361688244e-06
-4.657055753691443754e-06
-4.571178593016634158e-06
-4.480560752931542975e-06
-4.402661600560091052e-06
-4.323120434029498307e-06
-4.253295372609078678e-06
-4.183728076696413606e-06
-4.120447034990170201e-06
-4.061761386550098898e-06
-4.005646592713293066e-06
-3.958170846086479501e-06
-3.912019212953715695e-06
-3.874972475604623507e-06
-3.834394611142294034e-06
-3.809090047932609198e-06
-3.780851005355982242e-06
-3.761531599260248614e-06
-3.746955809721580565e-06
-3.732056307888876189e-06
-3.727173457970965550e-06
-3.715080511911885541e-06
-3.719937775087578626e-06
-3.714820370849277988e-06
-3.728533999598509401e-06
-3.729428881590723188e-06
-3.751105872302736442e-06
-3.752304248216382409e-06
-3.782006195603390786e-06
-3.804919268949259023e-06
-3.826179590258295678e-06
-3.862154410888067095e-06
-3.879644725817928489e-06
-3.920817751640464826e-06
-3.935597060648098775e-06
-3.981117884701788777e-06
-4.001882050453947473e-06
-4.050869939994900283e-06
-4.092938318054806950e-06
-4.124237021146356894e-06
-4.175626300945114698e-06
-4.195028968721501513e-06
-4.247924341275453964e-06
-4.272736188939051390e-06
-4.325844256646279120e-06
-4.356951784382863518e-06
-4.401733562476988095e-06
-4.453973365744321616e-06
-4.472582434155399821e-06
-4.523006203936121640e-06
-4.544546382744690375e-06
-4.592538066105770156e-06
-4.641159595381893906e-06
-4.655399509079438299e-06
-4.699920752660475200e-06
-4.711378201538823411e-06
-4.751337491405290322e-06
-4.763856754196144740e-06
-4.800253810259965810e-06
-4.835436292406411750e-06
-4.840265612121948433e-06
-4.869917879596953150e-06
-4.873316664715529270e-06
-4.897006343696676668e-06
-4.920696022678276382e-06
-4.918396151555171979e-06
-4.935903483149765241e-06
-4.929453852398650845e-06
-4.939640159208452890e-06
-4.949826466017960168e-06
-4.936107133266059391e-06
-4.939140514580809718e-06
-4.925735052411017449e-06
-4.922368604297931679e-06
-4.919002156184689208e-06
-4.896294232522338396e-06
-4.886221861512052919e-06
-4.864581137542485271e-06
-4.846882455424968831e-06
-4.829687499946084316e-06
-4.800104258297712589e-06
-4.775467881206893848e-06
-4.751086941299488916e-06
-4.711834233980313074e-06
-4.680560023254121805e-06
-4.643420016328508239e-06
-4.608408901129987153e-06
-4.573397785931427104e-06
-4.533419752854665719e-06
-4.494481954357811588e-06
-4.455754683513693096e-06
-4.409728793669025635e-06
-4.365532526438024878e-06
-4.322410310132783244e-06
-4.273934145051023939e-06
-4.225457979969245151e-06
-4.178920579684487461e-06
-4.127668120832562943e-06
-4.076415661980718046e-06
-4.028857126840411045e-06
-3.976202973906447889e-06
-3.926647686827938491e-06
-3.876144053160176118e-06
-3.823034758665953982e-06
-3.775832801846179349e-06
-3.722984745156113052e-06
-3.670136688466282231e-06
-3.623783921818110104e-06
-3.572170220406162722e-06
-3.520556518994333501e-06
-3.476518677394637279e-06
-3.426595363102262452e-06
-3.376672048809868144e-06
-3.335369178337253021e-06
-3.288078531472461066e-06
-3.240365309617610448e-06
-3.202801265326307898e-06
-3.159221879735860325e-06
-3.118985827271603294e-06
-3.080853034218826836e-06
-3.041299789758404904e-06
-3.005537816964690294e-06
-2.970606402247889824e-06
-2.935799152855532299e-06
-2.903532157796534004e-06
-2.873804543270800649e-06
-2.844076928744674694e-06
-2.816502339699123381e-06
-2.791699218749650641e-06
-2.766896097800305379e-06
-2.742314516315587238e-06
-2.722964155770395639e-06
-2.703613795224997788e-06
-2.682657752008972845e-06
-2.668461326622989397e-06
-2.654264901237094464e-06
-2.637097256154997628e-06
-2.627706536858850166e-06
-2.618315817562770890e-06
-2.602337712361567084e-06
-2.597758665397536931e-06
-2.593179618433752418e-06
-2.581043684028381115e-06
-2.580809851293207842e-06
-2.580248898050448024e-06
-2.572138782545116713e-06
-2.573901384220914217e-06
-2.576833495212709983e-06
-2.577207238052888175e-06
-2.573612629612174199e-06
-2.580115942978446398e-06
-2.586750392533209773e-06
-2.583437927565260822e-06
-2.592475773947332081e-06
-2.601513620329353789e-06
-2.599009719611835843e-06
-2.609960445623168895e-06
-2.620911171634266471e-06
-2.617017015392430036e-06
-2.629222866390604057e-06
-2.641428717389033882e-06
-2.639875834527981604e-06
-2.652664946843996896e-06
-2.665454059159844900e-06
-2.668309733421859657e-06
-2.676484413693678707e-06
-2.689409720065700676e-06
-2.702335026437545615e-06
-2.698208832110856407e-06
-2.710640188285040164e-06
-2.723071544458880450e-06
-2.720734052853242882e-06
-2.732065400014928024e-06
-2.743396747176937156e-06
-2.739657527770919822e-06
-2.749663040354950727e-06
-2.759382042453147035e-06
-2.769875352768528556e-06
-2.762186448244633246e-06
-2.769939757497348582e-06
-2.777693066749916958e-06
-2.771868235237598414e-06
-2.777483222511757403e-06
-2.783098209785690234e-06
-2.774433271351264725e-06
-2.778482477790699771e-06
-2.781529058809566692e-06
-2.784575639828737697e-06
-2.773700694278427344e-06
-2.773946860712896359e-06
-2.774193027147601272e-06
-2.764295592928965221e-06
-2.761908405587512717e-06
-2.759521218246236820e-06
-2.757324279454018905e-06
-2.742999520794279514e-06
-2.737859608195735855e-06
-2.732719695597133327e-06
-2.719071727448451403e-06
-2.711308915635447537e-06
-2.703546103822188290e-06
-2.695909138100518460e-06
-2.680057738693200096e-06
-2.669961438441719148e-06
-2.659865138190169590e-06
-2.643450868061040843e-06
-2.630985448592285282e-06
-2.618520029123382337e-06
-2.606054609654626352e-06
-2.588502065605491388e-06
-2.574179751600080686e-06
-2.559857437594689889e-06
-2.542693159026413966e-06
-2.526925410845160113e-06
-2.511192408765173330e-06
-2.495459406685127677e-06
-2.476662050269884730e-06
-2.459822493554717963e-06
-2.442982936839472422e-06
-2.426203299053748009e-06
-2.407417442577842467e-06
-2.389956043882855970e-06
-2.372494645188115111e-06
-2.354367533951920749e-06
-2.336709371128856382e-06
-2.319014583541642219e-06
-2.301319795954281096e-06
-2.283041624318310113e-06
-2.265548425629072694e-06
-2.248055226940080491e-06
-2.230562028251078970e-06
-2.213334599766587992e-06
-2.196513793842327270e-06
-2.179692987918007679e-06
-2.162844598373672886e-06
-2.146780544350765739e-06
-2.130943769121227417e-06
-2.115106993891777611e-06
-2.098036798612166319e-06
-2.083593001581005910e-06
-2.069040440602099988e-06
-2.054487879623331709e-06
-2.039683807432904090e-06
-2.026536125433066412e-06
-2.013388443433239322e-06
-2.000240761433391902e-06
-1.986455949881953717e-06
-1.975003389638600640e-06
-1.963550829395267044e-06
-1.952098269151747101e-06
-1.939415939700159893e-06
-1.929929630919626694e-06
-1.920443322139191750e-06
-1.910957013358815674e-06
-1.900030079399081449e-06
-1.892257244920271002e-06
-1.884484410441372253e-06
-1.876711575962257298e-06
-1.866321632986492412e-06
-1.860227438578329743e-06
-1.854133244170255378e-06
-1.848110646443492062e-06
-1.838571018503840574e-06
-1.834068200494760196e-06
-1.829565382485758593e-06
-1.825144491729845127e-06
-1.816757970484106982e-06
-1.813628772265458498e-06
-1.810499574047035537e-06
-1.807370375828622528e-06
-1.799257944570025631e-06
-1.797450107840341079e-06
-1.795642271110352442e-06
-1.793834434380599280e-06
-1.786109600214588414e-06
-1.785290148629937478e-06
-1.784470697045669612e-06
-1.783651245461136413e-06
-1.776630643753152207e-06
-1.776425329805932291e-06
-1.776220015858722327e-06
-1.776014701911492670e-06
-1.768588245389094666e-06
-1.768759989011731331e-06
-1.768931732634525121e-06
-1.769103476257152045e-06
-1.761843639562425031e-06
-1.762115622207048687e-06
-1.762387604851682084e-06
-1.762659587496393832e-06
-1.755741310199479129e-06
-1.756203578549961630e-06
-1.756364762954464149e-06
-1.756525947358858672e-06
-1.755986617666962901e-06
-1.748589141343548275e-06
-1.748400187801579044e-06
-1.748211234259531463e-06
-1.748022280717473928e-06
-1.740506910205405887e-06
-1.739779171446023399e-06
-1.739051432686522961e-06
-1.738323693927258211e-06
-1.731122448691502814e-06
-1.729747750081018415e-06
-1.728373051470504582e-06
-1.726998352859774755e-06
-1.720404738286522137e-06
-1.716378924327527082e-06
-1.714224039202563794e-06
-1.712069154077522155e-06
-1.709914268952401742e-06
-1.701725234156634181e-06
-1.698794662797720017e-06
-1.695864091438648727e-06
-1.692933520079665741e-06
-1.684564074593070923e-06
-1.680856865835229743e-06
-1.677149657077192474e-06
-1.673442448319194381e-06
-1.669105288569451729e-06
-1.659768304084846424e-06
-1.655213502431285573e-06
-1.650658700777513388e-06
-1.646103899123736543e-06
-1.637270958307973851e-06
-1.632087444526494495e-06
-1.626903930745098572e-06
-1.621720416963707520e-06
-1.614976744446157579e-06
-1.606920319522554039e-06
-1.601198912461430186e-06
-1.595477505400316287e-06
-1.589756098339197305e-06
-1.580086362704152248e-06
-1.573927438162812951e-06
-1.567768513621311870e-06
-1.561609589079771191e-06
-1.555108556924674803e-06
-1.546034646765606611e-06
-1.539617431705864176e-06
-1.533200216645964829e-06
-1.526783001586099575e-06
-1.517498626597119233e-06
-1.510943167741427635e-06
-1.504387708885579124e-06
-1.497832250029809176e-06
-1.491276791173965747e-06
-1.481907132351021874e-06
-1.475381747647238685e-06
-1.468856362943288630e-06
-1.462330978239618520e-06
-1.454231361253949934e-06
-1.447023215840477242e-06
-1.440683012939100374e-06
-1.434342810037566805e-06
-1.428002607136141021e-06
-1.419243457668209987e-06
-1.413185942028569482e-06
-1.407128426388982976e-06
-1.401070910749224733e-06
-1.395013395109707048e-06
-1.386313308472195417e-06
-1.380636565278238822e-06
-1.374959822084360790e-06
-1.369283078890477676e-06
-1.363780258450929778e-06
-1.355842819962225198e-06
-1.350609680737543985e-06
-1.345376541513024980e-06
-1.340143402288382942e-06
-1.332865816133204891e-06
-1.327197039459841196e-06
-1.322482053515446710e-06
-1.317767067571130786e-06
-1.313052081626706655e-06
-1.305087498497645805e-06
-1.301058993655735140e-06
-1.296856190482438339e-06
-1.292653387309141537e-06
-1.288450584136050989e-06
-1.281360088914616206e-06
-1.277616706850487667e-06
-1.273873324786089137e-06
-1.270129942721724911e-06
-1.266386560657478423e-06
-1.258970940351531139e-06
-1.255664313248611089e-06
-1.252357686145587701e-06
-1.249051059042598830e-06
-1.245744431939644264e-06
-1.239034240347936809e-06
-1.236095066066696863e-06
-1.233155891785334309e-06
-1.230216717503863759e-06
-1.227277543222668070e-06
-1.220782424389073581e-06
-1.218130761954393868e-06
-1.215479099519782764e-06
-1.212827437085019405e-06
-1.210175774650373997e-06
-1.203331762510620685e-06
-1.200899907548198658e-06
-1.198468052585580332e-06
-1.196036197622966664e-06
-1.193604342660382642e-06
-1.187312554136906844e-06
-1.185001006490387746e-06
-1.182689458843760651e-06
-1.180377911197049911e-06
-1.178066363550457333e-06
-1.171756801931600764e-06
-1.169559348509827559e-06
-1.167301463463443638e-06
-1.165043578416897723e-06
-1.162785693370514014e-06
-1.156005743364165301e-06
-1.153922669265242272e-06
-1.151636712708236744e-06
-1.149350756151216604e-06
-1.147064799594289638e-06
-1.143211442475143046e-06
-1.138531340313454027e-06
-1.136170109847030314e-06
-1.133808879380724551e-06
-1.131447648914369448e-06
-1.129243400588595589e-06
-1.122930131689700187e-06
-1.120452634360336316e-06
-1.117975137030967575e-06
-1.115497639701530225e-06
-1.113020142372318608e-06
-1.106370678477952579e-06
-1.103718277603646748e-06
-1.101065876729252613e-06
-1.098413475854863349e-06
-1.095761074980473874e-06
-1.089403116122604606e-06
-1.086850586658243520e-06
-1.084053323344021273e-06
-1.081256060029681077e-06
-1.078458796715498005e-06
-1.075713623131864927e-06
-1.069478280268049584e-06
-1.066541601485983146e-06
-1.063604922703754924e-06
-1.060668243921654393e-06
-1.057731565139504522e-06
-1.051170841012651273e-06
-1.048097629242410821e-06
-1.045024417472092018e-06
-1.041951205701807309e-06
-1.038877993931611114e-06
-1.033925182779831088e-06
-1.029778948532794255e-06
-1.026621227945335854e-06
-1.023463507357921498e-06
-1.020305786770580834e-06
-1.017148066183009566e-06
-1.010945066783280303e-06
-1.007730434203655914e-06
-1.004515801623874612e-06
-1.001301169044294481e-06
-9.980865364645474842e-07
-9.926162122835669114e-07
-9.886322653819222754e-07
-9.853974500378053937e-07
-9.821626346937721564e-07
-9.789278193496997439e-07
-9.756930040056665066e-07
-9.698896287055518548e-07
-9.666861666585170808e-07
-9.634827046116686539e-07
-9.602792425647075717e-07
-9.570757805177071025e-07
-9.530332612307541967e-07
-9.478434342944484108e-07
-9.447014066509742018e-07
-9.415593790075342976e-07
-9.384173513640209133e-07
-9.352753237206742887e-07
-9.294034453497055467e-07
-9.264267548026940504e-07
-9.233803553269491238e-07
-9.203339558511305054e-07
-9.172875563753462976e-07
-9.142411568995276792e-07
-9.086463121211873754e-07
-9.057151276012111663e-07
-9.027839430812202400e-07
-8.998527585612784416e-07
-8.969215740412972561e-07
-8.934231771171081275e-07
-8.883802659661916628e-07
-8.855758991447658378e-07
-8.827715323234627266e-07
-8.799671655021596154e-07
-8.771627986807043559e-07
-8.717722542679617324e-07
-8.689938863743571323e-07
-8.663225324972915256e-07
-8.636511786203879139e-07
-8.609798247433615882e-07
-8.583084708663794142e-07
-8.529555140553024787e-07
-8.504505944910380022e-07
-8.479059504568439906e-07
-8.453613064226106978e-07
-8.428166623884216624e-07
-8.402720183542668261e-07
-8.349393087843066785e-07
-8.325080222225777654e-07
-8.300767356608095712e-07
-8.276454490990805522e-07
-8.252141625373123579e-07
-8.227828759755441636e-07
-8.175813687575154138e-07
-8.152498073544906859e-07
-8.129182459515936481e-07
-8.105866845486473766e-07
-8.082551231455440863e-07
-8.059528018051968088e-07
-8.009982864448768070e-07
-7.987505664194102869e-07
-7.965028463939928947e-07
-7.942551263684526827e-07
-7.920074063429960093e-07
-7.898139148687989543e-07
-7.845470658237519439e-07
-7.823613553548608708e-07
-7.801756448859009762e-07
-7.779899344169705161e-07
-7.758042239480843134e-07
-7.736327408456151857e-07
-7.687185706845683931e-07
-7.665770413064056313e-07
-7.644355119283607129e-07
-7.622939825502372322e-07
-7.601524531720744704e-07
-7.580109237939165790e-07
-7.532841859861339354e-07
-7.511730919460397813e-07
-7.490619979059064520e-07
-7.469509038657534292e-07
-7.448398098256788628e-07
-7.427287157855062523e-07
-7.376092064370914244e-07
-7.355064024488447946e-07
-7.334035984606128819e-07
-7.313007944723416882e-07
-7.291979904841097756e-07
-7.270951864958042770e-07
-7.223217553223520323e-07
-7.203798980388875438e-07
-7.182888990835005458e-07
-7.161979001281527231e-07
-7.141069011728687455e-07
-7.120159022175210286e-07
-7.083474510122385986e-07
-7.052240800940166749e-07
-7.031387863415729961e-07
-7.010534925890261910e-07
-6.989681988366413811e-07
-6.968829050842321130e-07
-6.949897962134406091e-07
-6.899549702330107006e-07
-6.878652801981284796e-07
-6.857755901631972367e-07
-6.836859001283542969e-07
-6.815962100933640792e-07
-6.795065200585407270e-07
-6.750097789365646435e-07
-6.729298378393544568e-07
-6.708498967422424201e-07
-6.687699556450322334e-07
-6.666900145479201967e-07
-6.646100734507491853e-07
-6.605926386354570890e-07
-6.579284312527025277e-07
-6.558579633196935479e-07
-6.537874953866501575e-07
-6.517170274536854352e-07
-6.496465595205831759e-07
-6.476656259922152286e-07
-6.430287660114657343e-07
-6.409712675942596200e-07
-6.389137691771049629e-07
-6.368562707599747639e-07
-6.347987723428446708e-07
-6.327412739256924490e-07
-6.281527612449605849e-07
-6.263052777991437372e-07
-6.242753916060962110e-07
-6.222455054130339676e-07
-6.202156192200331341e-07
-6.181857330269537383e-07
-6.162747856908881860e-07
-6.117773579705688223e-07
-6.097780039193775087e-07
-6.077786498681689369e-07
-6.057792958169603650e-07
-6.037799417657493579e-07
-6.017805877145604796e-07
-5.975791950295224066e-07
-5.954436929733106729e-07
-5.934804453537662923e-07
-5.915171977342194765e-07
-5.895539501147143770e-07
-5.875907024951135628e-07
-5.856274548756084634e-07
-5.814268530457910827e-07
-5.795091103228607228e-07
-5.775913675999106695e-07
-5.756736248769631572e-07
-5.737558821540179743e-07
-5.718381394310704620e-07
-5.695084349484762660e-07
-5.657561987559431076e-07
-5.638835990208460333e-07
-5.620109992857734171e-07
-5.601383995507204944e-07
-5.582657998156283965e-07
-5.563932000805583214e-07
-5.522462071849122592e-07
-5.503615455191574046e-07
-5.485350554819871802e-07
-5.467085654448611074e-07
-5.448820754077325994e-07
-5.430555853705059415e-07
-5.412290953333381523e-07
-5.372488893314450674e-07
-5.354869162820151421e-07
-5.337095238684785471e-07
-5.319321314548782129e-07
-5.301547390412999015e-07
-5.283773466277387426e-07
-5.266276066739352489e-07
-5.225305126981901064e-07
-5.207950932056168698e-07
-5.190596737130460683e-07
-5.173242542204310094e-07
-5.155888347278994891e-07
-5.138534152352501254e-07
-5.122612228414470775e-07
-5.081780209072299434e-07
-5.064840289727080924e-07
-5.047900370381347841e-07
-5.030960451035933455e-07
-5.014020531690960584e-07
-4.997080612344957509e-07
-4.979920120711992277e-07
-4.942367925786940944e-07
-4.925836327188495197e-07
-4.909304728591007656e-07
-4.892773129992954720e-07
-4.876241531394902843e-07
-4.859709932796997079e-07
-4.841064360831159556e-07
-4.803680945335170168e-07
-4.787437658719899358e-07
-4.771194372105438523e-07
-4.754951085490338708e-07
-4.738707798875485061e-07
-4.722464512260607062e-07
-4.705546983603001650e-07
-4.669116725369965153e-07
-4.653190381622153241e-07
-4.637264037873776465e-07
-4.621337694126185311e-07
-4.605411350378397752e-07
-4.589485006630021505e-07
-4.575057291449930256e-07
-4.536733634932016445e-07
-4.521107260514344111e-07
-4.505480886095739511e-07
-4.489854511676913625e-07
-4.474228137259241291e-07
-4.458601762840611809e-07
-4.443501100875556853e-07
-4.405237686231218391e-07
-4.389802938116684034e-07
-4.374368190001511755e-07
-4.358933441886952516e-07
-4.343498693772025877e-07
-4.328063945657270232e-07
-4.312629197541754376e-07
-4.276708910263044165e-07
-4.261780072672929910e-07
-4.246615432293571241e-07
-4.231450791914187691e-07
-4.216286151535589763e-07
-4.201121511156623906e-07
-4.185956870777436761e-07
-4.150900596784660806e-07
-4.135343322652918993e-07
-4.120439960221049847e-07
-4.105536597788812772e-07
-4.090633235355937774e-07
-4.075729872924289916e-07
-4.060826510491635677e-07
-4.041327099115032583e-07
-4.010210046646999628e-07
-3.995498594569685765e-07
-3.980787142492175497e-07
-3.966075690415009336e-07
-3.951364238337916232e-07
-3.936652786259792924e-07
-3.921964958445680507e-07
-3.887439803984631022e-07
-3.873009972347362793e-07
-3.858580140709849454e-07
-3.844150309073538372e-07
-3.829720477436074267e-07
-3.815290645799542428e-07
-3.800860814162667010e-07
-3.770377488954017348e-07
-3.752641855450492644e-07
-3.738493753187078842e-07
-3.724345650923076883e-07
-3.710197548658902340e-07
-3.696049446394139109e-07
-3.681901344131339406e-07
-3.668726519270169287e-07
-3.633524709630931314e-07
-3.619614751776011537e-07
-3.605704793920895355e-07
-3.591794836065215366e-07
-3.577884878210712754e-07
-3.563974920355400165e-07
-3.550064962500308865e-07
-3.519939939916525962e-07
-3.503381395441099554e-07
-3.489780660454386766e-07
-3.476179925467305518e-07
-3.462579190482383675e-07
-3.448978455495498834e-07
-3.435377720509153976e-07
-3.422065753241295536e-07
-3.389259492127682183e-07
-3.375958288739276850e-07
-3.362657085351877898e-07
-3.349355881963668971e-07
-3.336054678576245666e-07
-3.322753475187864686e-07
-3.309452271801030069e-07
-3.289827535818403839e-07
-3.263377261388822276e-07
-3.250337411073772658e-07
-3.237297560758723569e-07
-3.224257710442864505e-07
-3.211217860128404104e-07
-3.198178009812545040e-07
-3.185138159497274664e-07
-3.152833929064305743e-07
-3.141030698749333150e-07
-3.128309151294260652e-07
-3.115587603839237387e-07
-3.102866056384754106e-07
-3.090144508928945748e-07
-3.077422961474070184e-07
-3.064701414019243326e-07
-3.033073817802152394e-07
-3.020733564939637824e-07
-3.008282855720720240e-07
-2.995832146500011181e-07
-2.983381437280774900e-07
-2.970930728060483535e-07
-2.958480018841148787e-07
-2.947023395215298055e-07
-2.914989409221954772e-07
-2.902796565562308123e-07
-2.890603721903078637e-07
-2.878410878243627864e-07
-2.866218034584791190e-07
-2.854025190925144541e-07
-2.841832347265694298e-07
-2.829458399141045328e-07
-2.799719396559435627e-07
-2.787820427716806925e-07
-2.775921458875356127e-07
-2.764022490033905329e-07
-2.752123521192037897e-07
-2.740224552350169936e-07
-2.728325583508915544e-07
-2.713299665626737868e-07
-2.686103593237305394e-07
-2.674438944320097873e-07
-2.662774295401884499e-07
-2.651109646483695478e-07
-2.639444997566070793e-07
-2.627780348648446107e-07
-2.616115699729667869e-07
-2.601143735919529445e-07
-2.575091798030422058e-07
-2.563679504463108585e-07
-2.552267210895378479e-07
-2.540854917328482699e-07
-2.529442623760580539e-07
-2.518030330193463472e-07
-2.506618036625954123e-07
-2.494101033335862025e-07
-2.466329443999146592e-07
-2.455183397020582298e-07
-2.444037350041600841e-07
-2.432891303062619383e-07
-2.421745256083245114e-07
-2.410599209104877226e-07
-2.399453162126067822e-07
-2.389494827080140148e-07
-2.359443884167102624e-07
-2.348511158170526231e-07
-2.337578432174710579e-07
-2.326645706178526997e-07
-2.315712980182490587e-07
-2.304780254185914193e-07
-2.293847528190491353e-07
-2.283095016372559477e-07
-2.254733458456057274e-07
-2.244084750180754277e-07
-2.233396891610678911e-07
-2.222709033039450257e-07
-2.212021174468982345e-07
-2.201333315898735455e-07
-2.190645457327899348e-07
-2.179957598757038624e-07
-2.150771448553181276e-07
-2.141726791245452050e-07
-2.131294963963958301e-07
-2.120863136682096357e-07
-2.110431309401314380e-07
-2.099999482119452436e-07
-2.089567654838277647e-07
-2.079135827557397467e-07
-2.061264528047856710e-07
-2.041173494708280773e-07
-2.030949567612972044e-07
-2.020725640517859721e-07
-2.010501713422379203e-07
-2.000277786327683779e-07
-1.990053859232203261e-07
-1.979829932137090938e-07
-1.970305577875993389e-07
-1.942613713500901428e-07
-1.932635798762978404e-07
-1.922657884025668685e-07
-1.912679969288359230e-07
-1.902702054550804135e-07
-1.892724139813101869e-07
-1.882746225076184961e-07
-1.872768310338286289e-07
-1.848418812483208906e-07
-1.836566605542579931e-07
-1.826845719465433605e-07
-1.817124833388164459e-07
-1.807403947310919930e-07
-1.797683061234166150e-07
-1.787962175157093410e-07
-1.778241289079947083e-07
-1.769626292479749026e-07
-1.742131456854275275e-07
-1.732599690676749656e-07
-1.723067924500401942e-07
-1.713536158322876323e-07
-1.704004392145326087e-07
-1.694472625968585562e-07
-1.684940859791452489e-07
-1.675409093614025073e-07
-1.653749953473521365e-07
-1.640319247832258080e-07
-1.631037804677448534e-07
-1.621756361522369261e-07
-1.612474918368050730e-07
-1.603193475212824020e-07
-1.593912032058112941e-07
-1.584630588903426215e-07
-1.575528089384319577e-07
-1.549783843043794266e-07
-1.541042166276907256e-07
-1.532005787660425430e-07
-1.522969409043943869e-07
-1.513933030427192316e-07
-1.504896651810808958e-07
-1.495860273193861000e-07
-1.486823894577183033e-07
-1.476601222507565660e-07
-1.452505003851608837e-07
-1.443659988468791610e-07
-1.434814973085655157e-07
-1.425969957702923691e-07
-1.417124942319799678e-07
-1.408279926936872072e-07
-1.399434911554042403e-07
-1.390589896171213000e-07
-1.372586884272862251e-07
-1.357391797375187435e-07
-1.348792505448061190e-07
-1.340193213521560690e-07
-1.331593921595219538e-07
-1.322994629668498281e-07
-1.314395337741469974e-07
-1.305796045815423696e-07
-1.297196753888321803e-07
-1.273718190244374986e-07
-1.264498546595292843e-07
-1.256121716216639614e-07
-1.247744885837495370e-07
-1.239368055458535355e-07
-1.230991225079685720e-07
-1.222614394700836085e-07
-1.214237564321888246e-07
-1.205860733943124638e-07
-1.180774142215253063e-07
-1.173718704039436651e-07
-1.165533136017937434e-07
-1.157347567995554787e-07
-1.149161999973883913e-07
-1.140976431951501267e-07
-1.132790863930149354e-07
-1.124605295907791192e-07
-1.116419727885899428e-07
-1.092014836800319360e-07
-1.085005801108942930e-07
-1.077054290503668075e-07
-1.069102779899411513e-07
-1.061151269294136658e-07
-1.053199758689450623e-07
-1.045248248084396659e-07
-1.037296737479821136e-07
-1.029345226874840625e-07
-1.004969162871828708e-07
-9.983096243594077624e-08
-9.905642455552332903e-08
-9.828188667508501041e-08
-9.750734879472645847e-08
-9.673281091425992306e-08
-9.595827303387192348e-08
-9.518373515350356449e-08
-9.440919727304561852e-08
-9.215775335022260792e-08
-9.136709945377306154e-08
-9.061226862031408076e-08
-8.985743778679497387e-08
-8.910260695328691811e-08
-8.834777611980952760e-08
-8.759294528631006129e-08
-8.683811445278358256e-08
-8.608328361930374359e-08
-8.437307087260364077e-08
-8.309532862147736688e-08
-8.236267508698698161e-08
-8.163002155245732842e-08
-8.089736801791907255e-08
-8.016471448342991812e-08
-7.943206094891007199e-08
-7.869940741439023908e-08
-7.796675387985199645e-08
-7.698852231099435562e-08
-7.503555578196800368e-08
-7.432219948299908703e-08
-7.360884318402036334e-08
-7.289548688502322991e-08
-7.218213058602609649e-08
-7.146877428703633489e-08
-7.075541798805023936e-08
-7.004206168903224775e-08
-6.937597303353025580e-08
-6.713160888732846447e-08
-6.646581026206003620e-08
-6.577177934495760285e-08
-6.507774842791406475e-08
-6.438371751082145169e-08
-6.368968659375705540e-08
-6.299565567667549347e-08
-6.230162475961232803e-08
-6.160759384250989468e-08
-5.977089400163826656e-08
-5.878346767818188998e-08
-5.811084752708109855e-08
-5.743822737597785866e-08
-5.676560722490652148e-08
-5.609298707378242341e-08
-5.542036692268040775e-08
-5.474774677159925690e-08
-5.407512662051565097e-08
-5.351995954627762933e-08
-5.129873184943606435e-08
-5.064456225458106003e-08
-4.999039265966837806e-08
-4.933622306478392611e-08
-4.868205346992032573e-08
-4.802788387503587379e-08
-4.737371428013300549e-08
-4.671954468528782146e-08
-4.606537509038618401e-08
-4.421986092037440337e-08
-4.334496163998036177e-08
-4.271006356101611300e-08
-4.207516548202487167e-08
-4.144026740311092872e-08
-4.080536932411600809e-08
-4.017047124515421439e-08
-3.953557316618014533e-08
-3.890067508725761955e-08
-3.833750905444258731e-08
-3.621268347186998762e-08
-3.561143049170805729e-08
-3.499731405317862084e-08
-3.438319761460869224e-08
-3.376908117609888974e-08
-3.315496473753019199e-08
-3.254084829897007706e-08
-3.192673186044064061e-08
-3.131261542189893541e-08
-3.024505763094798556e-08
-2.871060254532127422e-08
-2.811313449408686287e-08
-2.751566644280213908e-08
-2.691819839153582503e-08
-2.632073034028055218e-08
-2.572326228901423482e-08
-2.512579423772092159e-08
-2.452832618650368912e-08
-2.393085813521896534e-08
-2.220750970971398257e-08
-2.137044254455496457e-08
-2.079206406055380212e-08
-2.021368557653668832e-08
-1.963530709256497351e-08
-1.905692860858467255e-08
-1.847855012461418527e-08
-1.790017164058602696e-08
-1.732179315663517363e-08
-1.674341467263523872e-08
-1.469081255636040643e-08
-1.423446034095851946e-08
-1.367601032485051183e-08
-1.311756030874127665e-08
-1.255911029266271995e-08
-1.200066027658293571e-08
-1.144221026047370219e-08
-1.088376024437551153e-08
-1.032531022829695483e-08
-9.797773917670316795e-09
-7.792072209000536772e-09
-7.311624612268605373e-09
-6.768949036062433075e-09
-6.226273459856259950e-09
-5.683597883659903804e-09
-5.140922307464774367e-09
-4.598246731229151957e-09
-4.055571155042611964e-09
-3.512895578836439665e-09
-3.013870709508500565e-09
-1.033090222157268782e-09
-5.609070622244362292e-10
-3.728871683238388555e-11
4.863296285510789242e-10
1.009947973923497832e-09
1.533566319306960636e-09
2.057184664708829655e-09
2.580803010061615018e-09
3.104421355473301017e-09
3.598414280329037791e-09
5.554733379982335216e-09
5.991818188518374039e-09
6.496701319448258744e-09
7.001584450387959600e-09
7.506467581298210346e-09
8.011350712246500646e-09
8.516233843186201503e-09
9.021116974112404426e-09
9.526000105022655999e-09
1.003088323599180614e-08
1.193374246857296520e-08
1.231682378003592193e-08
1.280696585412242002e-08
1.329710792821873509e-08
1.378725000229541785e-08
1.427739207639173292e-08
1.476753415048804800e-08
1.525767622455368459e-08
1.574781829863159489e-08
1.623796037273772529e-08
1.769211213354464036e-08
1.851568663170645279e-08
1.898731076341538939e-08
1.945893489516359391e-08
1.993055902686271353e-08
2.040218315859251162e-08
2.087380729030022069e-08
2.134543142200057115e-08
2.181705555373036594e-08
2.228867968544911952e-08
2.307317526950689877e-08
2.452277591247665998e-08
2.497693325826475390e-08
2.543109060396449831e-08
2.588524794973050320e-08
2.633940529547933252e-08
2.679356264124779248e-08
2.724771998696594332e-08
2.770187733272458630e-08
2.815603467846359864e-08
2.855943185143624099e-08
3.038442521913736529e-08
3.077199823998106878e-08
3.121101563183080898e-08
3.165003302375785418e-08
3.208905041565422090e-08
3.252806780754322903e-08
3.296708519943959575e-08
3.340610259135682727e-08
3.384511998325441822e-08
3.428413737514097128e-08
3.551641608809120694e-08
3.642821214984390869e-08
3.684964375994184459e-08
3.727107537004960079e-08
3.769250698018558039e-08
3.811393859026388234e-08
3.853537020040108616e-08
3.895680181051743180e-08
3.937823342062518138e-08
3.979966503071330362e-08
4.015173525483565183e-08
4.192740289640813682e-08
4.229673035485653692e-08
4.270195641180674608e-08
4.310718246882445317e-08
4.351240852576361781e-08
4.391763458279113857e-08
4.432286063977080197e-08
4.472808669675783059e-08
4.513331275371786003e-08
4.553853881072574683e-08
4.647601863747345363e-08
4.756164008848235576e-08
4.795225067563111061e-08
4.834286126279090998e-08
4.873347184992125511e-08
4.912408243708105448e-08
4.951469302422980271e-08
4.990530361136015445e-08
5.029591419851872298e-08
5.068652478566993291e-08
5.107713537280886747e-08
5.270898341169459714e-08
5.308659679345117934e-08
5.346043168472355291e-08
5.383426657601432960e-08
5.420810146729529261e-08
5.458193635861184424e-08
5.495577124986335301e-08
5.532960614118480816e-08
5.570344103246577118e-08
5.607727592374182405e-08
5.638699477487484444e-08
5.808694293258860592e-08
5.840016773798817271e-08
5.875877107375468588e-08
5.911737440951506468e-08
5.947597774529139152e-08
5.983458108102354030e-08
6.019318441678882924e-08
6.055178775254429790e-08
6.091039108830589430e-08
6.126899442407241409e-08
6.161034531008579304e-08
6.318585197191081246e-08
6.352987015032110282e-08
6.387388832874857207e-08
6.421790650714290115e-08
6.456192468558263914e-08
6.490594286398066076e-08
6.524996104241425776e-08
6.559397922079386964e-08
6.593799739922256973e-08
6.628201557762180896e-08
6.677591771450186292e-08
6.817297550098961393e-08
6.850101741981116229e-08
6.882905933856889201e-08
6.915710125739535052e-08
6.948514317618252787e-08
6.981318509497953874e-08
7.014122701376180595e-08
7.046926893258826445e-08
7.079731085137913434e-08
7.112535277016631169e-08
7.159434769441129552e-08
7.294297855280678168e-08
7.325713515166011644e-08
7.357129175052450234e-08
7.388544834942201516e-08
7.419960494827536316e-08
7.451376154717410683e-08
7.482791814603726188e-08
7.514207474493109541e-08
7.545623134378934031e-08
7.577038794267336679e-08
7.605953543392464390e-08
7.756328474995807688e-08
7.785757580517694811e-08
7.815760199547520590e-08
7.845762818573786184e-08
7.875765437604163857e-08
7.905768056631902494e-08
7.935770675659210997e-08
7.965773294687072718e-08
7.995775913716775412e-08
8.025778532745494754e-08
8.049677167444193667e-08
8.208782578424570431e-08
8.231720060230200024e-08
8.260208976636035742e-08
8.288697893046903364e-08
8.317186809454764019e-08
8.345675725862625998e-08
8.374164642271590443e-08
8.402653558678961408e-08
8.431142475087250874e-08
8.459631391495173733e-08
8.488120307904691396e-08
8.621208458766119346e-08
8.658063791058711930e-08
8.685244397537131105e-08
8.712425004015672040e-08
8.739605610493109186e-08
8.766786216973491094e-08
8.793966823451051325e-08
8.821147429929900633e-08
8.848328036407950554e-08
8.875508642887351757e-08
8.902689249363929958e-08
8.970703323984515893e-08
9.070666160267230047e-08
9.096457679461537684e-08
9.122249198653453776e-08
9.148040717847394806e-08
9.173832237039309575e-08
9.199623756232207696e-08
9.225415275425104493e-08
9.251206794619597419e-08
9.276998313810961616e-08
9.302789833003367399e-08
9.323171853731002314e-08
9.475235713945065882e-08
9.493049285199206216e-08
9.517414910724536960e-08
9.541780536252321453e-08
9.566146161776241359e-08
9.590511787303597042e-08
9.614877412829418801e-08
9.639243038355240560e-08
9.663608663880632185e-08
9.687974289407435973e-08
9.712339914932398787e-08
9.784546183296024100e-08
9.868504666855003716e-08
9.891682630600035574e-08
9.914860594341262403e-08
9.938038558086785276e-08
9.961216521829976162e-08
9.984394485573534977e-08
1.000757244931715467e-07
1.003075041306126538e-07
1.005392837680292235e-07
1.007710634054795421e-07
1.009790680856419683e-07
1.024219497791764124e-07
1.025657376702341348e-07
1.027841570168217198e-07
1.030025763634332335e-07
1.032209957100054793e-07
1.034394150566182107e-07
1.036578344032051869e-07
1.038762537497970600e-07
1.040946730963846451e-07
1.043130924429967808e-07
1.045315117895745456e-07
1.047195642051619883e-07
1.060974975627680846e-07
1.062822293304690526e-07
1.064872198198284125e-07
1.066922103091975926e-07
1.068972007985569392e-07
1.071021912879064787e-07
1.073071817772707487e-07
1.075121722666454477e-07
1.077171627559796480e-07
1.079221532453684555e-07
1.081271437347136937e-07
1.086658397356817314e-07
1.095936155745863366e-07
1.097873379488943044e-07
1.099810603231912343e-07
1.101747826974900172e-07
1.103685050718065744e-07
1.105622274461016647e-07
1.107559498204041269e-07
1.109496721947120947e-07
1.111433945690390943e-07
1.113371169433219158e-07
1.115308393176390952e-07
1.122819417784993628e-07
1.130001083251206273e-07
1.131809857237216638e-07
1.133618631223472245e-07
1.135427405209482478e-07
1.137236179195535724e-07
1.139044953181644159e-07
1.140853727167801696e-07
1.142662501153664756e-07
1.144471275139766971e-07
1.146280049125924508e-07
1.148088823111940960e-07
1.155981807872856040e-07
1.162366877156190942e-07
1.164051745522828441e-07
1.165736613889803297e-07
1.167421482256735273e-07
1.169106350623470975e-07
1.170791218990304747e-07
1.172476087357089418e-07
1.174160955724107288e-07
1.175845824090695685e-07
1.177530692457830154e-07
1.179215560824559636e-07
1.185759727104741964e-07
1.192619467567983310e-07
1.194199104395730000e-07
1.195778741223083878e-07
1.197358378050781334e-07
1.198938014878386940e-07
1.200517651706078309e-07
1.202097288533383218e-07
1.203676925361178877e-07
1.205256562188784483e-07
1.206836199016242653e-07
1.208415835843835818e-07
1.212733865205735593e-07
1.222122053106964614e-07
1.223580792278550242e-07
1.225039531450141958e-07
1.226498270621629118e-07
1.227957009793116542e-07
1.229415748964855430e-07
1.230874488136299709e-07
1.232333227307682843e-07
1.233791966479366408e-07
1.235250705650761718e-07
1.236709444822347346e-07
1.237332869198523884e-07
1.250403989373639830e-07
1.251343954460473822e-07
1.252688532593817687e-07
1.254033110727056996e-07
1.255377688860253424e-07
1.256722266993296592e-07
1.258066845126535901e-07
1.259411423259683361e-07
1.260756001392922670e-07
1.262100579526020895e-07
1.263445157659358672e-07
1.264685983181919136e-07
1.275139138644326864e-07
1.277439677411779378e-07
1.278680999207851969e-07
1.279922321004120700e-07
1.281163642800438930e-07
1.282404964596505433e-07
1.283646286392774429e-07
1.284887608188938870e-07
1.286128929985115751e-07
1.287370251781311161e-07
1.288611573577481955e-07
1.289852895373793832e-07
1.293773518065322890e-07
1.302574766054917937e-07
1.303703533144905273e-07
1.304832300234843640e-07
1.305961067324922826e-07
1.307089834415057599e-07
1.308218601505044935e-07
1.309347368595081505e-07
1.310476135685068841e-07
1.311604902775203349e-07
1.312733669865037425e-07
1.313862436955221166e-07
1.314763917886027297e-07
1.325673238289916804e-07
1.327086473462999615e-07
1.328111647048713544e-07
1.329136820634145041e-07
1.330161994219717886e-07
1.331187167805284643e-07
1.332212341390961779e-07
1.333237514976289249e-07
1.334262688561806773e-07
1.335287862147434675e-07
1.336313035732860348e-07
1.337338209318488251e-07
1.338921777408704159e-07
1.349216761856349050e-07
1.349927986624683376e-07
1.350855996907697918e-07
1.351784007190516055e-07
1.352712017473592008e-07
1.353640027756502260e-07
1.354568038039571860e-07
1.355496048322341027e-07
1.356424058605459861e-07
1.357352068888376201e-07
1.358280079171243571e-07
1.359208089454209145e-07
1.364857526642302628e-07
1.370986204645047159e-07
1.371809825479103329e-07
1.372633446312963358e-07
1.373457067146872356e-07
1.374280687980535979e-07
1.375104308814635295e-07
1.375927929648446355e-07
1.376751550482257151e-07
1.377575171316117180e-07
1.378398792149879006e-07
1.379222412983732947e-07
1.380046033817641945e-07
1.388037843934659820e-07
1.391274715397888851e-07
1.392002899901669754e-07
1.392731084405419952e-07
1.393459268909200854e-07
1.394187453412797792e-07
1.394915637916535814e-07
1.395643822420230955e-07
1.396372006923975065e-07
1.397100191427664117e-07
1.397828375931457461e-07
1.398556560435048046e-07
1.399132895541619418e-07
1.408303954239759109e-07
1.410205662868935432e-07
1.410840775088340618e-07
1.411475887307935856e-07
1.412110999527384187e-07
1.412746111746881223e-07
1.413381223966311025e-07
1.414016336186029084e-07
1.414651448405305361e-07
1.415286560624716635e-07
1.415921672844361107e-07
1.416556785063710971e-07
1.417043613432003021e-07
1.426087523862270165e-07
1.428055394341855786e-07
1.428594391638920873e-07
1.429133388936072251e-07
1.429672386233112986e-07
1.430211383530129104e-07
1.430750380827163750e-07
1.431289378124327305e-07
1.431828375421196251e-07
1.432367372718427303e-07
1.432906370015437333e-07
1.433445367312453715e-07
1.433984364609488362e-07
1.440913648892321683e-07
1.444128972888872118e-07
1.444582164531329260e-07
1.445035356173768137e-07
1.445488547816298865e-07
1.445941739458664156e-07
1.446394931101145915e-07
1.446848122743682731e-07
1.447301314386041670e-07
1.447754506028474459e-07
1.448207697670913072e-07
1.448660889313253747e-07
1.449114080955809091e-07
1.453336691904740855e-07
1.459186206036386610e-07
1.459552657695050745e-07
1.459919109353671735e-07
1.460285561012439896e-07
1.460652012670931978e-07
1.461018464329700139e-07
1.461384915988443949e-07
1.461751367647009616e-07
1.462117819305698104e-07
1.462484270964497235e-07
1.462850722623062902e-07
1.463217174281754302e-07
1.463430880977021838e-07
1.473715419062243312e-07
1.473580375384901751e-07
1.473858666423801099e-07
1.474136957462605155e-07
1.474415248501430916e-07
1.474693539540231796e-07
1.474971830579183288e-07
1.475250121617889406e-07
1.475528412656665934e-07
1.475806703695641778e-07
1.476084994734320103e-07
1.476363285773244067e-07
1.476525998370870400e-07
1.484009388700588431e-07
1.486055647571209896e-07
1.486255076347722167e-07
1.486454505124163763e-07
1.486653933900648506e-07
1.486853362677010429e-07
1.487052791453624079e-07
1.487252220229887799e-07
1.487451649006446127e-07
1.487651077782866283e-07
1.487850506559301792e-07
1.488049935335737301e-07
1.488249364112301717e-07
1.489313013771531247e-07
1.497961065533408040e-07
1.497799126281569406e-07
1.497917549991379655e-07
1.498035973700947705e-07
1.498154397410807188e-07
1.498272821120454912e-07
1.498391244830016875e-07
1.498509668539827123e-07
1.498628092249514817e-07
1.498746515959328242e-07
1.498864939668917733e-07
1.498983363378725070e-07
1.499101787088363530e-07
1.504804353052065887e-07
1.508348402925108001e-07
1.508386656532741546e-07
1.508424910140077571e-07
1.508463163747683588e-07
1.508501417355212842e-07
1.508539670962742096e-07
1.508577924570179235e-07
1.508616178177784987e-07
1.508654431785268184e-07
1.508692685392773086e-07
1.508730939000228490e-07
1.508769192607837683e-07
1.508431209534882149e-07
1.517102502697045881e-07
1.517160060464064490e-07
1.517128098960962441e-07
1.517096137457854569e-07
1.517064175954801489e-07
1.517032214451580062e-07
1.517000252948502630e-07
1.516968291445495872e-07
1.516936329942415264e-07
1.516904368439264246e-07
1.516872406936110316e-07
1.516840445433131087e-07
1.516808483929924747e-07
1.516081296144009150e-07
1.526098260024188271e-07
1.525420508951728337e-07
1.525314050342454804e-07
1.525207591733304090e-07
1.525101133123957235e-07
1.524994674514809698e-07
1.524888215905560781e-07
1.524781757296406891e-07
1.524675298687038596e-07
1.524568840077866442e-07
1.524462381468620702e-07
1.524355922859368609e-07
1.524249464250119957e-07
1.524024892725444354e-07
1.533235343073197336e-07
1.532596670090584287e-07
1.532417862581974084e-07
1.532239055073338999e-07
1.532060247564731707e-07
1.531881440056096887e-07
1.531702632547557093e-07
1.531523825038824070e-07
1.531345017530287452e-07
1.531166210021630927e-07
1.530987402513045076e-07
1.530808595004410255e-07
1.530629787495849021e-07
1.529974751181845808e-07
1.538979256555909134e-07
1.538239839537894655e-07
1.537996656836727336e-07
1.537753474135394581e-07
1.537510291434227263e-07
1.537267108733017063e-07
1.537023926031754718e-07
1.536780743330470933e-07
1.536537560629358936e-07
1.536294377927995212e-07
1.536051195226833981e-07
1.535808012525547284e-07
1.535564829824346084e-07
1.534804304511106034e-07
1.544129476304947057e-07
1.543327896474942842e-07
1.543017097829141719e-07
1.542706299183564530e-07
1.542395500537935460e-07
1.542084701892211099e-07
1.541773903246557147e-07
1.541463104600983135e-07
1.541152305955255862e-07
1.540841507309678673e-07
1.540530708663905343e-07
1.540219910018324977e-07
1.539909111372646673e-07
1.539472946977734895e-07
1.545367811390677510e-07
1.547278574173675885e-07
1.546903786186353691e-07
1.546528998199129436e-07
1.546154210211718304e-07
1.545779422224494313e-07
1.545404634237196737e-07
1.545029846249877455e-07
1.544655058262555261e-07
1.544280270275358799e-07
1.543905482288039782e-07
1.543530694300717324e-07
1.543155906313398307e-07
1.542781118326125083e-07
1.544469545291953201e-07
1.549938299786907522e-07
1.549364714422222630e-07
1.548931632195160710e-07
1.548498549968289108e-07
1.548065467741316127e-07
1.547632385514373851e-07
1.547199303287403782e-07
1.546766221060532180e-07
1.546333138833589904e-07
1.545900056606595482e-07
1.545466974379677558e-07
1.545033892152781339e-07
1.544600809925688715e-07
2.027131551788504912e-06
-1.281421485668315977e-05
0.000000000000000000e+00
0.000000000000000000e+00
0.000000000000000000e+00
0.000000000000000000e+00
0.000000000000000000e+00
0.000000000000000000e+00
0.000000000000000000e+00
0.000000000000000000e+00
0.000000000000000000e+00
0.000000000000000000e+00
0.000000000000000000e+00
0.000000000000000000e+00
0.000000000000000000e+00
0.000000000000000000e+00
0.000000000000000000e+00
0.000000000000000000e+00
0.000000000000000000e+00
0.000000000000000000e+00
0.000000000000000000e+00
0.000000000000000000e+00
0.000000000000000000e+00
0.000000000000000000e+00
0.000000000000000000e+00
0.000000000000000000e+00
0.000000000000000000e+00
0.000000000000000000e+00
0.000000000000000000e+00
0.000000000000000000e+00
0.000000000000000000e+00
0.000000000000000000e+00
0.000000000000000000e+00
0.000000000000000000e+00
0.000000000000000000e+00
0.000000000000000000e+00
0.000000000000000000e+00
0.000000000000000000e+00
0.000000000000000000e+00
0.000000000000000000e+00
0.000000000000000000e+00
0.000000000000000000e+00
0.000000000000000000e+00
0.000000000000000000e+00
0.000000000000000000e+00
0.000000000000000000e+00
0.000000000000000000e+00
0.000000000000000000e+00
0.000000000000000000e+00
0.000000000000000000e+00
0.000000000000000000e+00
0.000000000000000000e+00
0.000000000000000000e+00
0.000000000000000000e+00
0.000000000000000000e+00
0.000000000000000000e+00
0.000000000000000000e+00
0.000000000000000000e+00
0.000000000000000000e+00
0.000000000000000000e+00
0.000000000000000000e+00
0.000000000000000000e+00
0.000000000000000000e+00
0.000000000000000000e+00
0.000000000000000000e+00
0.000000000000000000e+00
0.000000000000000000e+00
0.000000000000000000e+00
0.000000000000000000e+00
0.000000000000000000e+00
0.000000000000000000e+00
0.000000000000000000e+00
0.000000000000000000e+00
0.000000000000000000e+00
0.000000000000000000e+00
0.000000000000000000e+00
0.000000000000000000e+00
0.000000000000000000e+00
0.000000000000000000e+00
0.000000000000000000e+00
0.000000000000000000e+00
0.000000000000000000e+00
0.000000000000000000e+00
0.000000000000000000e+00
0.000000000000000000e+00
0.000000000000000000e+00
0.000000000000000000e+00
0.000000000000000000e+00
0.000000000000000000e+00
0.000000000000000000e+00
0.000000000000000000e+00
0.000000000000000000e+00
