-7.239786864488262048e-11
-7.319626061455882761e-11
-7.381484233059650154e-11
-7.438007225847739345e-11
-7.508987779841117655e-11
-7.599607649534601312e-11
-7.694627244605509978e-11
-7.746244314872703999e-11
-7.778512920382581668e-11
-7.822380011818203290e-11
-7.927343022673958015e-11
-8.075930954009357964e-11
-8.205646456437764155e-11
-8.212237865284721840e-11
-8.108290619370109406e-11
-8.049159837329256424e-11
-8.061278933826470089e-11
-8.086993829799203932e-11
-8.113572174846598481e-11
-8.119765572845445924e-11
-8.126240258582442151e-11
-8.118889209885959885e-11
-8.129696983932171888e-11
-8.114720776961792375e-11
-8.115215840377194773e-11
-8.093233690918169216e-11
-8.082742918925930147e-11
-8.069570447856954861e-11
-8.050236847787671884e-11
-8.024140277648005730e-11
-8.002338214453598201e-11
-7.964852871359447885e-11
-7.938412936848489746e-11
-7.916175277181714714e-11
-7.867514312133633318e-11
-7.846846837679571888e-11
-7.800567933790191415e-11
-7.765482976656106955e-11
-7.727068762193361606e-11
-7.679453808453609732e-11
-7.638594714076265644e-11
-7.591952616823824110e-11
-7.552308973405594153e-11
-7.504937265357910716e-11
-7.453346718093371778e-11
-7.407571266107823237e-11
-7.351168110201598564e-11
-7.304933528516743339e-11
-7.251663961119318595e-11
-7.200574010817219403e-11
-7.141627278740965615e-11
-7.087437263003669280e-11
-7.033581927108542336e-11
-6.984036369116661701e-11
-6.940598632256919234e-11
-6.879449092267810660e-11
-6.813815002063429343e-11
-6.758054497768553514e-11
-6.709165174522155510e-11
-6.652740976620103772e-11
-6.593273101188453531e-11
-6.539880091974505093e-11
-6.481926163402671015e-11
-6.429098232362098904e-11
-6.378611272687827945e-11
-6.325764906237992899e-11
-6.264434543333975765e-11
-6.215326362922670485e-11
-6.171315755249478455e-11
-6.108873735478867999e-11
-6.051343744398117378e-11
-5.993569023243863934e-11
-5.941283555391408473e-11
-5.905306889628225278e-11
-5.837938734447065282e-11
-5.784480739403169184e-11
-5.730414704525194436e-11
-5.675853458510822251e-11
-5.632663227155020082e-11
-5.584915855549942656e-11
-5.535582055506850660e-11
-5.486966383843236227e-11
-5.441818471998982778e-11
-5.395523098179855652e-11
-5.349980413084059816e-11
-5.304560108693227571e-11
-5.257641369509473682e-11
-5.212019436779621650e-11
-5.167084312999099029e-11
-5.128162201899182987e-11
-5.084307497583848751e-11
-5.044625119368720811e-11
-5.008349714715676129e-11
-4.967077669935223421e-11
-4.927326112676674415e-11
-4.888515183220624301e-11
-4.850986146666592339e-11
-4.814612012933029546e-11
-4.778708966959571070e-11
-4.743088509006229903e-11
-4.708135457713964940e-11
-4.673123489845033709e-11
-4.639340173998313521e-11
-4.605507758381945775e-11
-4.563021273038966417e-11
-4.533042695813940815e-11
-4.511299269660285844e-11
-4.483841608233506412e-11
-4.454323506500870785e-11
-4.426012569591193355e-11
-4.397834616830609797e-11
-4.370241568485994223e-11
-4.343313671931081914e-11
-4.316982570667162925e-11
-4.291101044279748354e-11
-4.265672319024035429e-11
-4.241152110361191125e-11
-4.217322333279667508e-11
-4.193806164101261486e-11
-4.170713759717332934e-11
-4.148127645652816139e-11
-4.126020176979862938e-11
-4.104403247494197797e-11
-4.083472860910558361e-11
-4.063335218462355492e-11
-4.043741976327548933e-11
-4.024552282312790889e-11
-4.005521594156000593e-11
-3.986464113394252188e-11
-3.967414056696623483e-11
-3.949165814208683474e-11
-3.931487812525410148e-11
-3.914159861230824591e-11
-3.897078217177153882e-11
-3.880347148436909927e-11
-3.864511821077204010e-11
-3.850766743034972414e-11
-3.836575728634884685e-11
-3.821078108386417316e-11
-3.804041183687525662e-11
-3.787027593368602099e-11
-3.771661871180437438e-11
-3.757121573273202138e-11
-3.743010519953686569e-11
-3.728878647724683527e-11
-3.714871600477283635e-11
-3.701028279860358190e-11
-3.687359807424038447e-11
-3.673900196346442069e-11
-3.660560442419222095e-11
-3.647310740870223245e-11
-3.634156511556073045e-11
-3.621184298953858321e-11
-3.608269842053459716e-11
-3.595400140478545843e-11
-3.582577010918065627e-11
-3.569831458135348765e-11
-3.557129259102122210e-11
-3.544468814602534813e-11
-3.531876774889457821e-11
-3.519260021383745071e-11
-3.506592625036284195e-11
-3.493765769112904962e-11
-3.480802702265818844e-11
-3.467783858422910004e-11
-3.454752709015967551e-11
-3.441836844246723048e-11
-3.429035504304799455e-11
-3.416445573251802564e-11
-3.403934554836040989e-11
-3.391420021967395807e-11
-3.378823596700315461e-11
-3.366024778460237300e-11
-3.353093253484010889e-11
-3.339913814471767382e-11
-3.326581829319035672e-11
-3.313152069550595537e-11
-3.299616877236101440e-11
-3.286022652423150805e-11
-3.272365872278640248e-11
-3.258595075907999161e-11
-3.244765544723598618e-11
-3.230827498433070683e-11
-3.216771532798673180e-11
-3.202650637754778913e-11
-3.188363014712515399e-11
-3.174014121099696798e-11
-3.159580497771563917e-11
-3.144998499207460454e-11
-3.130351459281307760e-11
-3.115531806677079839e-11
-3.100629357922964104e-11
-3.085617509882373896e-11
-3.070471437607851391e-11
-3.055272822260951366e-11
-3.039934934106551289e-11
-3.024553123766797398e-11
-3.009080809769371141e-11
-2.993512420458999794e-11
-2.977879803075669841e-11
-2.962113685236589704e-11
-2.946310614904605947e-11
-2.930379549209348643e-11
-2.914404349197039652e-11
-2.898342537364915951e-11
-2.882240598493188720e-11
-2.866106715797781929e-11
-2.849904115616673725e-11
-2.833680098226277658e-11
-2.817363159238017446e-11
-2.801031417906093337e-11
-2.784631838953301518e-11
-2.768212673523793107e-11
-2.751747053904545105e-11
-2.735257093843672326e-11
-2.718736990339081916e-11
-2.702237307985313475e-11
-2.685752245252758713e-11
-2.669254246101504993e-11
-2.652750822985227349e-11
-2.636250936981922097e-11
-2.619751869757974030e-11
-2.603292493366923139e-11
-2.586837281576212485e-11
-2.570430959696904113e-11
-2.554029802654376439e-11
-2.537716255061320492e-11
-2.521417527523819894e-11
-2.505258024114435139e-11
-2.489112897563641269e-11
-2.473063749407150719e-11
-2.457035706064963680e-11
-2.441127884512231253e-11
-2.425246037764060250e-11
-2.409507697913697443e-11
-2.393793088307154972e-11
-2.378221931236214561e-11
-2.362677655983409388e-11
-2.347339722351065458e-11
-2.332020086929595034e-11
-2.316932459684583138e-11
-2.301848257330574241e-11
-2.286983787109079795e-11
-2.272119316902148574e-11
-2.257511917221750212e-11
-2.242920381732819585e-11
-2.228564968343739560e-11
-2.214250387056511883e-11
-2.200141435981247741e-11
-2.186102018188855111e-11
-2.172292322393441723e-11
-2.158619897472298867e-11
-2.145106202048760620e-11
-2.131758768446151936e-11
-2.118517104148545765e-11
-2.105485834179867474e-11
-2.092516744730579149e-11
-2.079864121538407245e-11
-2.067211498330863030e-11
-2.054889908769691674e-11
-2.042576001338590438e-11
-2.030529961649094703e-11
-2.018562262066330134e-11
-2.006837590903993159e-11
-1.995309134608323086e-11
-1.983893681446415739e-11
-1.972722943409052613e-11
-1.961575549638343211e-11
-1.950784871167021424e-11
-1.939994192704598937e-11
-1.929544712664821078e-11
-1.919186080329655570e-11
-1.909023067067006847e-11
-1.899055140853463196e-11
-1.889168100039000264e-11
-1.879616782009259857e-11
-1.870065463985991816e-11
-1.860885558116784336e-11
-1.851761146985006028e-11
-1.842815809455087443e-11
-1.834030481008237166e-11
-1.825302389022902508e-11
-1.816857085774388484e-11
-1.808411782517783600e-11
-1.800235725605585517e-11
-1.792131014047914447e-11
-1.784158280114900476e-11
-1.776388061693958254e-11
-1.768617843271398183e-11
-1.761258054981325062e-11
-1.753906516600230325e-11
-1.746793183843260183e-11
-1.739876651183240001e-11
-1.732997258762821521e-11
-1.726466364189780402e-11
-1.719935469624020734e-11
-1.713614184906215731e-11
-1.707417968143800696e-11
-1.701246775429049135e-11
-1.695232639769046555e-11
-1.689218504098526180e-11
-1.683255718361928530e-11
-1.677323148168227120e-11
-1.671400495116028206e-11
-1.665564656778330360e-11
-1.659728818460049610e-11
-1.654017461722059094e-11
-1.648405435013243645e-11
-1.642793408318181690e-11
-1.637568312048738820e-11
-1.632346962998894307e-11
-1.627382066359529760e-11
-1.622793883845481013e-11
-1.618205701324150815e-11
-1.614040714610465408e-11
-1.609981587209454344e-11
-1.605980812454079736e-11
-1.602255339929139436e-11
-1.598529867422807468e-11
-1.594832950026977627e-11
-1.591161373312449691e-11
-1.587489796593876325e-11
-1.583654616592959403e-11
-1.579793804919377690e-11
-1.575896352718268179e-11
-1.571830759696082587e-11
-1.567765166671470060e-11
-1.563670146028284480e-11
-1.559542310175510679e-11
-1.555414474347817576e-11
-1.551365842859075333e-11
-1.547344181677538658e-11
-1.543322520496001660e-11
-1.539512835526800344e-11
-1.535703500915999141e-11
-1.531936785041122221e-11
-1.528312964640526362e-11
-1.524689144241548676e-11
-1.521096560934915399e-11
-1.517543738663926800e-11
-1.513990916405074492e-11
-1.510433252218939938e-11
-1.506872730945791669e-11
-1.503312209679925175e-11
-1.499718026739158129e-11
-1.496115236209040188e-11
-1.492512445665168108e-11
-1.488885197545103663e-11
-1.485256448780735742e-11
-1.481628145064456189e-11
-1.478006117156319078e-11
-1.474384089243327449e-11
-1.470760298590974988e-11
-1.467127795760762098e-11
-1.463495292917604155e-11
-1.459842592416920219e-11
-1.456128717083908445e-11
-1.452414841750896833e-11
-1.448644839179357004e-11
-1.444747445947228286e-11
-1.440850052728044461e-11
-1.436880077770934888e-11
-1.432769832761779467e-11
-1.428659587734015714e-11
-1.424492919516028045e-11
-1.420223065174369686e-11
-1.415953210839992940e-11
-1.411674098568162119e-11
-1.407377269123204349e-11
-1.403080439697663998e-11
-1.398799915895192154e-11
-1.394555701198653217e-11
-1.390311486507777721e-11
-1.386069796106113521e-11
-1.381835541451362810e-11
-1.377601286822502044e-11
-1.373338456135016806e-11
-1.368939626441122673e-11
-1.364540796739138165e-11
-1.360121697248086259e-11
-1.355434558381115188e-11
-1.350747419518998472e-11
-1.346060280656072670e-11
-1.341104864928042710e-11
-1.336133315895720622e-11
-1.331161766865825954e-11
-1.326117482356812137e-11
-1.321054137392094164e-11
-1.315990792421712911e-11
-1.310990373070001500e-11
-1.306028951551179531e-11
-1.301067530031548475e-11
-1.296177640052470319e-11
-1.291387284011811288e-11
-1.286596927958207526e-11
-1.281822442019183095e-11
-1.277113684251306735e-11
-1.272404926487475644e-11
-1.267696168739825628e-11
-1.262929115429606475e-11
-1.258158747981104528e-11
-1.253388380524512205e-11
-1.248533602408562486e-11
-1.243637831933416037e-11
-1.238742061449370126e-11
-1.233811979387302294e-11
-1.228824717428989034e-11
-1.223837455453685452e-11
-1.218848268890260157e-11
-1.213823813044536987e-11
-1.208799357203668171e-11
-1.203774901361585727e-11
-1.198762755551962041e-11
-1.193755808330984631e-11
-1.188748861102725770e-11
-1.183762810701065986e-11
-1.178819409217633353e-11
-1.173876007736627818e-11
-1.168932606262903733e-11
-1.164069605751197046e-11
-1.159212764977380574e-11
-1.154355924205586818e-11
-1.149559172362198786e-11
-1.144821825092799372e-11
-1.140084477817736678e-11
-1.135352119597506532e-11
-1.130713132426120984e-11
-1.126074145244622345e-11
-1.121435158071618626e-11
-1.116838777834027907e-11
-1.112274250276933218e-11
-1.107709722738042480e-11
-1.103148862680043806e-11
-1.098638959009257404e-11
-1.094129055323503394e-11
-1.089619151647862798e-11
-1.085119014015723129e-11
-1.080627354529362685e-11
-1.076135695037338961e-11
-1.071644035547742333e-11
-1.067180945255960663e-11
-1.062718543189128153e-11
-1.058256141118654917e-11
-1.053856295737340474e-11
-1.049554099246997021e-11
-1.045251902752608299e-11
-1.040949706264287399e-11
-1.036863865526961201e-11
-1.032840087013459633e-11
-1.028816308498744436e-11
-1.024837786863407938e-11
-1.021146523773356946e-11
-1.017455260683305791e-11
-1.013763997593254799e-11
-1.010207309724174096e-11
-1.006804024302272035e-11
-1.003400738886437796e-11
-9.999974534738397389e-12
-9.966969102278383951e-12
-9.934269700346592782e-12
-9.901570298528068811e-12
-9.868901444022740905e-12
-9.836874163850609688e-12
-9.804846883670389226e-12
-9.772819603494212578e-12
-9.740950196777558913e-12
-9.709463670635647474e-12
-9.677977144493737650e-12
-9.646490618287102559e-12
-9.615319011446732613e-12
-9.584450235007906516e-12
-9.553581458589307569e-12
-9.522712682138346797e-12
-9.492880730630741872e-12
-9.463495819900607449e-12
-9.434110909295874899e-12
-9.404725998602146117e-12
-9.377539952984463628e-12
-9.350716111816162096e-12
-9.323892270712585830e-12
-9.297068429613054995e-12
-9.272552896769041578e-12
-9.248062838960074451e-12
-9.223572781122789312e-12
-9.199214553350979887e-12
-9.176188587208515661e-12
-9.153162621086276970e-12
-9.130136654980221616e-12
-9.107154521271101515e-12
-9.084400432959975784e-12
-9.061646344624579087e-12
-9.038892256345815181e-12
-9.016176400825836041e-12
-8.993611215623367328e-12
-8.971046030449216626e-12
-8.948480845311473181e-12
-8.926068632195729538e-12
-8.904220514223152210e-12
-8.882372396181805801e-12
-8.860524278197093798e-12
-8.838899032539813153e-12
-8.818200923671830115e-12
-8.797502814876663205e-12
-8.776804706045087423e-12
-8.756283277676843499e-12
-8.736815779855926537e-12
-8.717348282035007958e-12
-8.697880784214090995e-12
-8.678493225778053389e-12
-8.660306634085434337e-12
-8.642120042319999157e-12
-8.623933450595016663e-12
-8.605746858861944925e-12
-8.588174396937816816e-12
-8.570634206218530794e-12
-8.553094015438564936e-12
-8.535553824723324344e-12
-8.518116044129705786e-12
-8.500702860391566252e-12
-8.483289676596792310e-12
-8.465876492830334765e-12
-8.448503899570578179e-12
-8.431155048518176779e-12
-8.413806197534547693e-12
-8.396457346518553549e-12
-8.379218091395724246e-12
-8.362127924211046246e-12
-8.345037756994006420e-12
-8.327947589809328421e-12
-8.310905058749823367e-12
-8.294073424256388436e-12
-8.277241789771042750e-12
-8.260410155277607819e-12
-8.243578520755854877e-12
-8.226667064684433792e-12
-8.209747951055645493e-12
-8.192828837519897241e-12
-8.175909723919425338e-12
-8.158747763946219951e-12
-8.141429264196601915e-12
-8.124110764442936833e-12
-8.106792264693318797e-12
-8.089448345365516534e-12
-8.072035962416527153e-12
-8.054623579463490726e-12
-8.037211196518546775e-12
-8.019798813634281046e-12
-8.002651202214782876e-12
-7.985532898749366993e-12
-7.968414595287996539e-12
-7.951296291854944098e-12
-7.934224006686476494e-12
-7.917198380653395887e-12
-7.900172754583906408e-12
-7.883147128546780371e-12
-7.866102241478832708e-12
-7.848750778792158725e-12
-7.831399316105484743e-12
-7.814047853443081725e-12
-7.796696390752362313e-12
-7.779042782001570459e-12
-7.761177282332543647e-12
-7.743311782623062533e-12
-7.725446282949990291e-12
-7.707553539763056530e-12
-7.689357089160055158e-12
-7.671160638565143031e-12
-7.652964187966187089e-12
-7.634767737367229532e-12
-7.616413835297077523e-12
-7.597927117312481942e-12
-7.579440399424975070e-12
-7.560953681448471964e-12
-7.542466963528601650e-12
-7.523607977589727742e-12
-7.504736637671187074e-12
-7.485865297780964417e-12
-7.466993957959510842e-12
-7.448031993430788922e-12
-7.428907784985557167e-12
-7.409783576507965202e-12
-7.390659368159820540e-12
-7.371535159682228575e-12
-7.352518265894833309e-12
-7.333544424160114815e-12
-7.314570582360671054e-12
-7.295596740532909281e-12
-7.276634240080308219e-12
-7.257998810705160740e-12
-7.239363381289560575e-12
-7.220727951938684869e-12
-7.202092522587809163e-12
-7.183419362975808724e-12
-7.164665133923513798e-12
-7.145910904911671559e-12
-7.127156675839149483e-12
-7.108402446770673645e-12
-7.089445003394028066e-12
-7.070331521767758129e-12
-7.051218040202167221e-12
-7.032104558640621743e-12
-7.012991077018396429e-12
-6.993918631754354767e-12
-6.974857934809368522e-12
-6.955797237916971253e-12
-6.936736541000302212e-12
-6.917675844075543118e-12
-6.899027036372751789e-12
-6.880398710075355213e-12
-6.861770383866955677e-12
-6.843142057622148885e-12
-6.824549022661155177e-12
-6.806308594888427211e-12
-6.788068167148061878e-12
-6.769827739391515633e-12
-6.751587311622833904e-12
-6.733366655521752595e-12
-6.715229097666240097e-12
-6.697091539891633778e-12
-6.678953982048256763e-12
-6.660816424265559584e-12
-6.642754393910139880e-12
-6.624911858430248925e-12
-6.607069322986766034e-12
-6.589226787506875887e-12
-6.571384252026984932e-12
-6.553716003053132306e-12
-6.536491262041490789e-12
-6.519266520961079382e-12
-6.502041779997980604e-12
-6.484817038970158175e-12
-6.467751809031768631e-12
-6.451117352519444891e-12
-6.434482895914079488e-12
-6.417848439353212202e-12
-6.401213982824707549e-12
-6.384684547890287575e-12
-6.368527319419738005e-12
-6.352370090949189242e-12
-6.336212862492798677e-12
-6.320055634022249914e-12
-6.303956198043393479e-12
-6.288239013906368709e-12
-6.272521829728891252e-12
-6.256804645601980057e-12
-6.241087461394162682e-12
-6.225371818421075142e-12
-6.210067202008117063e-12
-6.194762585609316374e-12
-6.179457969240856411e-12
-6.164153352761150350e-12
-6.148848736374486759e-12
-6.134074139747660457e-12
-6.119402779363203998e-12
-6.104731418936272138e-12
-6.090060058519453046e-12
-6.075388698145109355e-12
-6.061136083805451839e-12
-6.047128604879237432e-12
-6.033121126019771006e-12
-6.019113647123896518e-12
-6.005106168215885738e-12
-5.991244681006406116e-12
-5.977616627715529543e-12
-5.963988574368018564e-12
-5.950360521085232852e-12
-5.936732467737721872e-12
-5.923143875159050876e-12
-5.909915546055794611e-12
-5.896687216948492916e-12
-5.883458887829055738e-12
-5.870230558705572322e-12
-5.857002229614451539e-12
-5.844407491724220242e-12
-5.831999560688252658e-12
-5.819591629642171499e-12
-5.807183698588000287e-12
-5.794775767570237138e-12
-5.782593381320935619e-12
-5.770742084461678873e-12
-5.758890787586241214e-12
-5.747039490741143473e-12
-5.735188193912226646e-12
-5.723336897018585359e-12
-5.711696933422394426e-12
-5.700057584604892967e-12
-5.688418235835934248e-12
-5.676778886949662899e-12
-5.665139538180704180e-12
-5.653670494393047061e-12
-5.642342091531921816e-12
-5.631013688597981251e-12
-5.619685285702471465e-12
-5.608356882756394610e-12
-5.597055486177226526e-12
-5.586203547358603284e-12
-5.575351608523798320e-12
-5.564499669684948735e-12
-5.553647730882506405e-12
-5.542795792076018646e-12
-5.532094263163499164e-12
-5.521529517646937008e-12
-5.510964772162738294e-12
-5.500400026678538772e-12
-5.489835281145796512e-12
-5.479270535625189734e-12
-5.468749058377933998e-12
-5.458229929972891718e-12
-5.447710801590098496e-12
-5.437191673237645192e-12
-5.426672544836648342e-12
-5.416264011889287545e-12
-5.406079299226108643e-12
-5.395894586585178799e-12
-5.385709873928067235e-12
-5.375525161266911048e-12
-5.365340448642162117e-12
-5.355391015902336478e-12
-5.345557461860142115e-12
-5.335723907866492106e-12
-5.325890353870819382e-12
-5.316056799865033083e-12
-5.306223245839020440e-12
-5.296435413319267239e-12
-5.286649186317924403e-12
-5.276862959365125113e-12
-5.267076732381986713e-12
-5.257290505415029225e-12
-5.247500680598731982e-12
-5.237697993081434138e-12
-5.227895305562113579e-12
-5.218092618044815735e-12
-5.208289930527517890e-12
-5.198487243012242761e-12
-5.188764271094458902e-12
-5.179148193266082142e-12
-5.169532115468044494e-12
-5.159916037688211281e-12
-5.150299959892196347e-12
-5.140683882096182221e-12
-5.131120946562714169e-12
-5.121594704507175969e-12
-5.112068462399047986e-12
-5.102542220323282636e-12
-5.093015978263699006e-12
-5.083489736189956371e-12
-5.073973699145533486e-12
-5.064461803064830427e-12
-5.054949907002330188e-12
-5.045438010923649036e-12
-5.035926114842945976e-12
-5.026414218784491167e-12
-5.016915224294169836e-12
-5.007419737398754722e-12
-4.997924250468954259e-12
-4.988428763541176511e-12
-4.978933276631603199e-12
-4.969437789703825451e-12
-4.959972496435955155e-12
-4.950514016930840985e-12
-4.941055537389319559e-12
-4.931597057884205388e-12
-4.922138578381113933e-12
-4.912680098859818850e-12
-4.903268711712183200e-12
-4.893869103542846383e-12
-4.884469495343169648e-12
-4.875069887141470198e-12
-4.865670278941793463e-12
-4.856270670770433931e-12
-4.846955093099603367e-12
-4.837669345388918786e-12
-4.828383597728800467e-12
-4.819097850022161316e-12
-4.809812102311476735e-12
-4.800526354618995783e-12
-4.791262844106498031e-12
-4.782012404319921981e-12
-4.772761964517164210e-12
-4.763511524732610875e-12
-4.754261084927830390e-12
-4.745010645141254340e-12
-4.735762406574197430e-12
-4.726516601497016765e-12
-4.717270796399610566e-12
-4.708024991300180843e-12
-4.698779186184570208e-12
-4.689533381103344921e-12
-4.680314780102507438e-12
-4.671168592524441019e-12
-4.662022404950420030e-12
-4.652876217388535331e-12
-4.643730029796310714e-12
-4.634583842236448731e-12
-4.625441025016871895e-12
-4.616436131956548816e-12
-4.607431238912405843e-12
-4.598426345868263677e-12
-4.589421452824121512e-12
-4.580416559765820340e-12
-4.571411666739881803e-12
-4.562503225930473015e-12
-4.553631024072388474e-12
-4.544758822204191166e-12
-4.535886620315766707e-12
-4.527014418463750312e-12
-4.518142216593529480e-12
-4.509349201277958411e-12
-4.500684381598998798e-12
-4.492019561922062707e-12
-4.483354742275465727e-12
-4.474689922582347916e-12
-4.466025102919570023e-12
-4.457360283244655840e-12
-4.448763202475455061e-12
-4.440166921967493567e-12
-4.431570641433237585e-12
-4.422974360876732545e-12
-4.414378080384951964e-12
-4.405781799860809558e-12
-4.397271394602065602e-12
-4.388832400869465539e-12
-4.380393407122707278e-12
-4.371954413373926302e-12
-4.363515419608963605e-12
-4.355076425862205344e-12
-4.346708028095228502e-12
-4.339566028571318755e-12
-4.332424029029205379e-12
-4.325282029525521975e-12
-4.318140029999589513e-12
-4.310998030461521567e-12
-4.303856030905249186e-12
-4.297135873287524537e-12
-4.290815693223958998e-12
-4.284495513160392652e-12
-4.278175333096827113e-12
-4.271855153069668831e-12
-4.265534972991944287e-12
-4.259214792928377940e-12
-4.251315819883945383e-12
-4.243283684527009257e-12
-4.235251549182208613e-12
-4.227219413825271679e-12
-4.219187278464290123e-12
-4.211155143091172276e-12
-4.202861156039442334e-12
-4.193896468817303253e-12
-4.184931781581005975e-12
-4.175967094391228720e-12
-4.167002407150886011e-12
-4.158037719926724215e-12
-4.149073032722788763e-12
-4.140475375815494565e-12
-4.132134210417609252e-12
-4.123793045019723938e-12
-4.115451879640042252e-12
-4.107110714258337851e-12
-4.098769548880678072e-12
-4.090428383498973672e-12
-4.082652229042983224e-12
-4.074979415628630664e-12
-4.067306602214278105e-12
-4.059633788781721110e-12
-4.051960975381526749e-12
-4.044288161950993276e-12
-4.036642516704978995e-12
-4.029506452367821299e-12
-4.022370388077184434e-12
-4.015234323762275795e-12
-4.008098259425117291e-12
-4.000962195122344943e-12
-3.993826130801368160e-12
-3.986824127229243802e-12
-3.980345359370891911e-12
-3.973866591563106280e-12
-3.967387823751274412e-12
-3.960909055892922520e-12
-3.954430288085136890e-12
-3.947951520257124109e-12
-3.941470797860951955e-12
-3.934985621887225930e-12
-3.928500445895296277e-12
-3.922015269905388531e-12
-3.915530093915481593e-12
-3.909044917923551939e-12
-3.902559741917463280e-12
-3.896083345354699093e-12
-3.889623014323888683e-12
-3.883162683378029076e-12
-3.876702352353286004e-12
-3.870242021371019140e-12
-3.863781690374593271e-12
-3.857321359378167403e-12
-3.850541477744577106e-12
-3.843164564345366198e-12
-3.835787650980540638e-12
-3.828410737581329730e-12
-3.821033824214481455e-12
-3.813656910831452267e-12
-3.806279997466625900e-12
-3.799532875836165812e-12
-3.794324669356568556e-12
-3.789116462860789578e-12
-3.783908256354897833e-12
-3.778700049873277862e-12
-3.773491843393679797e-12
-3.768283636897901628e-12
-3.763533833375850347e-12
-3.760897180939989880e-12
-3.758260528479857640e-12
-3.755623876009611824e-12
-3.752987223553524206e-12
-3.750350571099460111e-12
-3.747713918639327871e-12
-3.745053226311412390e-12
-3.740379191443266307e-12
-3.735705156609504764e-12
-3.731031121757540401e-12
-3.726357086921756143e-12
-3.721683052063722827e-12
-3.717009017211757657e-12
-3.712334982392155120e-12
-3.703307971050971034e-12
-3.693128060222218969e-12
-3.682948149409647009e-12
-3.672768238607189431e-12
-3.662588327788550134e-12
-3.652408417006318092e-12
-3.642228506155316160e-12
-3.633573621903373351e-12
-3.626359190077330246e-12
-3.619144758267468457e-12
-3.611930326437380325e-12
-3.604715894613359934e-12
-3.597501462787316829e-12
-3.590287030969364583e-12
-3.583388616916685390e-12
-3.577907303018030771e-12
-3.572425989084991207e-12
-3.566944675168132960e-12
-3.561463361253297024e-12
-3.555982047346551949e-12
-3.550500733431716013e-12
-3.545019419502721879e-12
-3.539245307123829284e-12
-3.533395426099122756e-12
-3.527545545070371201e-12
-3.521695664041619647e-12
-3.515845783004777232e-12
-3.509995901978047989e-12
-3.504146020918956516e-12
-3.498379999364023199e-12
-3.492769661106888582e-12
-3.487159322857844825e-12
-3.481548984616891524e-12
-3.475938646351666451e-12
-3.470328308132962208e-12
-3.464717969841442646e-12
-3.459107631624761119e-12
-3.453067162098763205e-12
-3.446950120973571990e-12
-3.440833079840290318e-12
-3.434716038739370876e-12
-3.428598997614179660e-12
-3.422481956499101616e-12
-3.416364915373910805e-12
-3.409380201686855401e-12
-3.400275238368604877e-12
-3.391170275068557577e-12
-3.382065311734125736e-12
-3.372960348432056125e-12
-3.363855385107737456e-12
-3.354750421799599700e-12
-3.345645458505620949e-12
-3.337715026780879464e-12
-3.330352237573556390e-12
-3.322989448400618261e-12
-3.315626659207453789e-12
-3.308263870014289317e-12
-3.300901080807978004e-12
-3.293538291630994445e-12
-3.286175502428728159e-12
-3.283114959076203085e-12
-3.280055323030333305e-12
-3.276995686974349951e-12
-3.273936050912298855e-12
-3.270876414868451791e-12
-3.267816778804377980e-12
-3.264757142760530915e-12
-3.261876492160175853e-12
-3.259487743340882435e-12
-3.257098994528668519e-12
-3.254710245694205546e-12
-3.252321496857719857e-12
-3.249932748054607755e-12
-3.247543999234303384e-12
-3.245155250399840006e-12
-3.242192274222243067e-12
-3.238593933600602018e-12
-3.234995593003232742e-12
-3.231397252383614408e-12
-3.227798911770063816e-12
-3.224200571154490912e-12
-3.220602230523748049e-12
-3.217003889926378773e-12
-3.214406197450606794e-12
-3.212413633752693828e-12
-3.210421070064894437e-12
-3.208428506375072332e-12
-3.206435942663001168e-12
-3.204443378997450835e-12
-3.202450815307628729e-12
-3.200458251601625710e-12
-3.196752528790101105e-12
-3.192352542507743829e-12
-3.187952556226398315e-12
-3.183552569936961941e-12
-3.179152583645502851e-12
-3.174752597342919232e-12
-3.170352611075731916e-12
-3.165952624777193728e-12
-3.159532912572125498e-12
-3.152402279647771834e-12
-3.145271646731509031e-12
-3.138141013798053554e-12
-3.131010380882801705e-12
-3.123879747958448041e-12
-3.116749115042185238e-12
-3.109618482110752476e-12
-3.102941434696727440e-12
-3.096452546289851056e-12
-3.089963657883986029e-12
-3.083474769503404133e-12
-3.076985881098550059e-12
-3.070496992707854992e-12
-3.064008104311091779e-12
-3.057519215903204037e-12
-3.052130420702793572e-12
-3.047437312020793280e-12
-3.042744203320589361e-12
-3.038051094622407753e-12
-3.033357985938385150e-12
-3.028664877238180827e-12
-3.023971768553146866e-12
-3.019278659854965662e-12
-3.014695850675310268e-12
-3.010244320727327770e-12
-3.005792790738892586e-12
-3.001341260775740129e-12
-2.996889730811576719e-12
-2.992438200840333805e-12
-2.987986670869090892e-12
-2.983535140889757522e-12
-2.979114732744607850e-12
-2.974793821378058701e-12
-2.970472910011509551e-12
-2.966151998636869946e-12
-2.961831087271332154e-12
-2.957510175913884819e-12
-2.953189264531154756e-12
-2.948868353165616965e-12
-2.944547441784909214e-12
-2.940067230854033961e-12
-2.935579894245391156e-12
-2.931092557679223751e-12
-2.926605221078671402e-12
-2.922117884479130814e-12
-2.917630547910940695e-12
-2.913143211301286531e-12
-2.908655874727028671e-12
-2.904251856993994365e-12
-2.899900472087166740e-12
-2.895549087161124131e-12
-2.891197702251262838e-12
-2.886846317326231181e-12
-2.882494932433562159e-12
-2.878143547516621363e-12
-2.873792162598669613e-12
-2.869360126234025716e-12
-2.864614932905910642e-12
-2.859869739568693349e-12
-2.855124546224397361e-12
-2.850379352898305002e-12
-2.845634159545918154e-12
-2.840888966224882178e-12
-2.836143772881597548e-12
-2.831398579560561572e-12
-2.826418161326029708e-12
-2.821351852441867205e-12
-2.816285543580964714e-12
-2.811219234687699993e-12
-2.806152925810616589e-12
-2.801086616942634999e-12
-2.796020308058472092e-12
-2.790953999172286874e-12
-2.786029515470870178e-12
-2.781688497904499857e-12
-2.777347480322959578e-12
-2.773006462740408345e-12
-2.768665445167969879e-12
-2.764324427585418242e-12
-2.759983410003878367e-12
-2.755642392413236273e-12
-2.751301374832707352e-12
-2.747618096232968269e-12
-2.744385579278274308e-12
-2.741153062308410792e-12
-2.737920545338547275e-12
-2.734688028368683759e-12
-2.731455511398820242e-12
-2.728222994429968083e-12
-2.724990477442911892e-12
-2.721757960497320149e-12
-2.718422243031280139e-12
-2.715078215397642723e-12
-2.711734187785243007e-12
-2.708390160155651021e-12
-2.705046132518979533e-12
-2.701702104898489361e-12
-2.698358077269908329e-12
-2.695014049641327701e-12
-2.691653265909576297e-12
-2.688221689989410347e-12
-2.684790114077335259e-12
-2.681358538156157952e-12
-2.677926962228912500e-12
-2.674495386316837411e-12
-2.671063810387569648e-12
-2.667632234482573255e-12
-2.664200658563418663e-12
-2.660852808415226155e-12
-2.657635583114619033e-12
-2.654418357805921454e-12
-2.651201132495201161e-12
-2.647983907195605396e-12
-2.644766681893986916e-12
-2.641549456585289338e-12
-2.638332231285693574e-12
-2.635115005984075094e-12
-2.631722049892087252e-12
-2.628168558819804870e-12
-2.624615067763703804e-12
-2.621061576698500925e-12
-2.617508085626218947e-12
-2.613954594562027022e-12
-2.610401103504915003e-12
-2.606847612442745793e-12
-2.603294121378554271e-12
-2.599231318918813686e-12
-2.594809966982551421e-12
-2.590388615036175581e-12
-2.585967263082720642e-12
-2.581545911145446616e-12
-2.577124559200082133e-12
-2.572703207253706293e-12
-2.568281855317443625e-12
-2.563860503372079142e-12
-2.559900753999210312e-12
-2.556271343349373710e-12
-2.552641932683356196e-12
-2.549012522025429138e-12
-2.545383111360422981e-12
-2.541753700701484565e-12
-2.538124290036478408e-12
-2.534494879386641807e-12
-2.530865468713545194e-12
-2.527284654679956038e-12
-2.523750508522610994e-12
-2.520216362378413598e-12
-2.516682216222079911e-12
-2.513148070092040712e-12
-2.509613923943797482e-12
-2.506079777796566013e-12
-2.502545631641243684e-12
-2.499011485494011811e-12
-2.495496525847204636e-12
-2.492014505916484631e-12
-2.488532486011047757e-12
-2.485050466082350871e-12
-2.481568446167811779e-12
-2.478086426246193992e-12
-2.474604406339745761e-12
-2.471122386393856200e-12
-2.467640366487407969e-12
-2.464180753702505392e-12
-2.460842176228550907e-12
-2.457503598763698237e-12
-2.454165021288732395e-12
-2.450826443807698812e-12
-2.447487866342846142e-12
-2.444149288877993875e-12
-2.440810711387858074e-12
-2.437472133923005404e-12
-2.434133556448039562e-12
-2.430781642028732271e-12
-2.427427804641036807e-12
-2.424073967271545375e-12
-2.420720129892951725e-12
-2.417366292499188519e-12
-2.414012455120594869e-12
-2.410658617735933478e-12
-2.407304780349249371e-12
-2.403950942970655721e-12
-2.400626180256373581e-12
-2.397328162394238813e-12
-2.394030144530080927e-12
-2.390732126665923444e-12
-2.387434108795697816e-12
-2.384136090931539930e-12
-2.380838073060302944e-12
-2.377540055197156819e-12
-2.374242037335021648e-12
-2.370975405285412121e-12
-2.368003245119450073e-12
-2.365031084945397569e-12
-2.362058924769322349e-12
-2.359086764603360301e-12
-2.356114604437398253e-12
-2.353142444270424848e-12
-2.350170284104462800e-12
-2.347198123930410295e-12
-2.344225963773550061e-12
-2.341191089389227876e-12
-2.338114368166073009e-12
-2.335037646935839042e-12
-2.331960925704594122e-12
-2.328884204490541069e-12
-2.325807483267386605e-12
-2.322730762053333551e-12
-2.319654040813997771e-12
-2.316577319591854665e-12
-2.313493606048927592e-12
-2.310189296808334384e-12
-2.306884987559650317e-12
-2.303580678293773979e-12
-2.300276369044078958e-12
-2.296972059802474393e-12
-2.293667750529518552e-12
-2.290363441287913987e-12
-2.287059132030128106e-12
-2.283754822788523541e-12
-2.280506804934156703e-12
-2.277347360988562778e-12
-2.274187917037912470e-12
-2.271028473102431716e-12
-2.267869029157849553e-12
-2.264709585221357443e-12
-2.261550141269695776e-12
-2.258390697318034110e-12
-2.255231253373451543e-12
-2.252071809446061650e-12
-2.249114260911059485e-12
-2.246254904057582677e-12
-2.243395547222309498e-12
-2.240536190376923148e-12
-2.237676833539627253e-12
-2.234817476711433173e-12
-2.231958119857956366e-12
-2.229098763021671829e-12
-2.226239406169205976e-12
-2.223380049338989180e-12
-2.220442362823109681e-12
-2.217494276973596517e-12
-2.214546191106890678e-12
-2.211598105250298011e-12
-2.208650019409886661e-12
-2.205701933543181227e-12
-2.202753847693668063e-12
-2.199805761836064038e-12
-2.196857675985539517e-12
-2.193909690591666814e-12
-2.190967175754833296e-12
-2.188024660928113353e-12
-2.185082146093302550e-12
-2.182139631266582203e-12
-2.179197116440873618e-12
-2.176254601605051457e-12
-2.173312086778331110e-12
-2.170369571942508950e-12
-2.167427057122868106e-12
-2.164495432612526315e-12
-2.161692670258750353e-12
-2.158889907887781716e-12
-2.156087145534005753e-12
-2.153284383179218433e-12
-2.150481620810272511e-12
-2.147678858447394331e-12
-2.144876096085527911e-12
-2.142073333731751545e-12
-2.139270571368873768e-12
-2.136474166773707862e-12
-2.133774112563021687e-12
-2.131074058336154195e-12
-2.128374004125468020e-12
-2.125673949914782249e-12
-2.122973895696005213e-12
-2.120273841477228582e-12
-2.117573787259463308e-12
-2.114873733055856232e-12
-2.112173678837079600e-12
-2.109473624610212512e-12
-2.106589854505781365e-12
-2.103700281176968972e-12
-2.100810707847145626e-12
-2.097921134525412737e-12
-2.095031561203679443e-12
-2.092141987881946554e-12
-2.089252414545043705e-12
-2.086362841223310816e-12
-2.083473267886407967e-12
-2.080583694580856394e-12
-2.077561479566160097e-12
-2.074506057515626483e-12
-2.071450635483296900e-12
-2.068395213450967317e-12
-2.065339791409535921e-12
-2.062284369376194980e-12
-2.059228947336786299e-12
-2.056173525305468074e-12
-2.053118103263024916e-12
-2.050062681238786193e-12
-2.047413870881205876e-12
-2.045094396909094883e-12
-2.042774922921814334e-12
-2.040455448949703341e-12
-2.038135974977592348e-12
-2.035816500990311395e-12
-2.033497027002019489e-12
-2.031177553030919450e-12
-2.028858079043638901e-12
-2.026538605055346591e-12
-2.024171816804258635e-12
-2.021643874960264707e-12
-2.019115933115259422e-12
-2.016587991271265494e-12
-2.014060049427271162e-12
-2.011532107582265876e-12
-2.009004165738271948e-12
-2.006476223894278020e-12
-2.003948282043204589e-12
-2.001420340199210661e-12
-1.998892398338024058e-12
-1.996345733195331528e-12
-1.993795029163686923e-12
-1.991244325127997292e-12
-1.988693621096352687e-12
-1.986142917060663056e-12
-1.983592213020927994e-12
-1.981041508989283793e-12
-1.978490804960673261e-12
-1.975940100927005941e-12
-1.973389396886259926e-12
-1.970890714565141524e-12
-1.968493603833953346e-12
-1.966096493094674307e-12
-1.963699382366520201e-12
-1.961302271635331619e-12
-1.958905160908188871e-12
-1.956508050167898475e-12
-1.954110939436710297e-12
-1.951713828697431258e-12
-1.949316717971299464e-12
-1.946919607243145358e-12
-1.944500621656338056e-12
-1.942075276654374795e-12
-1.939649931660501991e-12
-1.937224586657527372e-12
-1.934799241665677687e-12
-1.932373896659668996e-12
-1.929948551669841621e-12
-1.927523206675968817e-12
-1.925097861664903742e-12
-1.922672516679121798e-12
-1.920239625002161343e-12
-1.917756293519724489e-12
-1.915272962037287636e-12
-1.912789630550805756e-12
-1.910306299064323473e-12
-1.907822967573796163e-12
-1.905339636104506553e-12
-1.902856304613979244e-12
-1.900372973126485602e-12
-1.897889641646071464e-12
-1.895406310160600942e-12
-1.892964803995049702e-12
-1.890584941655394143e-12
-1.888205079304613651e-12
-1.885825216970014475e-12
-1.883445354630358916e-12
-1.881065492286657926e-12
-1.878685629935877434e-12
-1.876305767597233233e-12
-1.873925905269713156e-12
-1.871546042927023524e-12
-1.869166180576243032e-12
-1.866870644820891396e-12
-1.864632176450375523e-12
-1.862393708076825982e-12
-1.860155239697208700e-12
-1.857916771322647802e-12
-1.855678302945052830e-12
-1.853439834565435144e-12
-1.851201366198964702e-12
-1.848962897829460591e-12
-1.846724429451865620e-12
-1.844485961077304722e-12
-1.842249559054363306e-12
-1.840014017476442810e-12
-1.837778475889420500e-12
-1.835542934319590864e-12
-1.833307392725489051e-12
-1.831071851143523125e-12
-1.828836309557512172e-12
-1.826600767971501220e-12
-1.824365226389535293e-12
-1.822129684811614797e-12
-1.819894143217513388e-12
-1.817631912810647411e-12
-1.815359933868087235e-12
-1.813087954925527060e-12
-1.810815975965774615e-12
-1.808543997032316253e-12
-1.806272018088744923e-12
-1.804000039138094089e-12
-1.801728060203624572e-12
-1.799456081253985096e-12
-1.797184102299289236e-12
-1.794912123352683833e-12
-1.792676809239318415e-12
-1.790459141275543862e-12
-1.788241473275361446e-12
-1.786023805286303762e-12
-1.783806137305336534e-12
-1.781588469316278850e-12
-1.779370801324187093e-12
-1.777153133344231223e-12
-1.774935465352139466e-12
-1.772717797354991123e-12
-1.770500129382114554e-12
-1.768329444111078353e-12
-1.766199878699049529e-12
-1.764070313278930046e-12
-1.761940747849708749e-12
-1.759811182438691080e-12
-1.757681617014526369e-12
-1.755552051601991664e-12
-1.753422486178838310e-12
-1.751292920759224506e-12
-1.749163355342644573e-12
-1.747033789923030769e-12
-1.744912806337426577e-12
-1.742811253233715624e-12
-1.740709700145174428e-12
-1.738608147048036895e-12
-1.736506593947359813e-12
-1.734405040855784545e-12
-1.732303487762692442e-12
-1.730201934667071946e-12
-1.728100381566900542e-12
-1.725998828465212102e-12
-1.723897275369591606e-12
-1.721795722277004980e-12
-1.719635469397195058e-12
-1.717474844334653035e-12
-1.715314219274133524e-12
-1.713153594206534713e-12
-1.710992969143487010e-12
-1.708832344071842971e-12
-1.706671719008289589e-12
-1.704511093952826665e-12
-1.702350468885733532e-12
-1.700189843829259250e-12
-1.698029218753569982e-12
-1.695906784778788188e-12
-1.693810385388426658e-12
-1.691713985976827427e-12
-1.689617586573318652e-12
-1.687521187167787365e-12
-1.685424787760739041e-12
-1.683328388369366153e-12
-1.681231988962823508e-12
-1.679135589560326091e-12
-1.677039190160862747e-12
-1.674942790762410760e-12
-1.672859211090341613e-12
-1.670880946567825880e-12
-1.668902682057446236e-12
-1.666924417538470255e-12
-1.664946153018988595e-12
-1.662967888498495578e-12
-1.660989623987104374e-12
-1.659011359460037937e-12
-1.657033094950669448e-12
-1.655054830431187788e-12
-1.653076565904121149e-12
-1.651098301402843319e-12
-1.649133069012173457e-12
-1.647179178605478527e-12
-1.645225288210919483e-12
-1.643271397805235910e-12
-1.641317507397529824e-12
-1.639363616995891479e-12
-1.637409726583128807e-12
-1.635455836190592478e-12
-1.633501945795022077e-12
-1.631548055393383934e-12
-1.629594164990734232e-12
-1.627640274588084731e-12
-1.625703437468147685e-12
-1.623769093974842209e-12
-1.621834750484065128e-12
-1.619900407003401218e-12
-1.617966063499477094e-12
-1.616031720005665940e-12
-1.614097376514888858e-12
-1.612163033017538154e-12
-1.610228689526255394e-12
-1.608294346030421727e-12
-1.606360002550263495e-12
-1.604426407960225003e-12
-1.602498247942866730e-12
-1.600570087934104794e-12
-1.598641927921297630e-12
-1.596713767900905284e-12
-1.594785607887086763e-12
-1.592857447866188940e-12
-1.590929287854392932e-12
-1.589001127837034861e-12
-1.587072967820182267e-12
-1.585144807814454202e-12
-1.583216647798107286e-12
-1.581302758581480564e-12
-1.579425556363747154e-12
-1.577548354138934646e-12
-1.575671151913616257e-12
-1.573793949696894205e-12
-1.571916747470564660e-12
-1.570039545244740592e-12
-1.568162343016388332e-12
-1.566285140793598539e-12
-1.564407938573842414e-12
-1.562530736343467439e-12
-1.560653534128262423e-12
-1.558787290665605779e-12
-1.556941529346103974e-12
-1.555095768023062418e-12
-1.553250006711145390e-12
-1.551404245392654943e-12
-1.549558484078715200e-12
-1.547712722758202037e-12
-1.545866961443756818e-12
-1.544021200123749334e-12
-1.542175438809304115e-12
-1.540329677493341859e-12
-1.538483916177885282e-12
-1.536643734176040685e-12
-1.534815091349809146e-12
-1.532986448518521022e-12
-1.531157805692289483e-12
-1.529329162866563623e-12
-1.527500520042354799e-12
-1.525671877216628939e-12
-1.523843234380284027e-12
-1.522014591562648825e-12
-1.520185948742990908e-12
-1.518357305909174390e-12
-1.516528663084965566e-12
-1.514711816275788237e-12
-1.512938953875380159e-12
-1.511166091465364386e-12
-1.509393229063944950e-12
-1.507620366647861436e-12
-1.505847504245936321e-12
-1.504074641842494372e-12
-1.502301779427422014e-12
-1.500528917024485743e-12
-1.498756054622054950e-12
-1.496983192214567571e-12
-1.495210329804552000e-12
-1.493437596066570368e-12
-1.491693344194286250e-12
-1.489949092326047561e-12
-1.488204840464382293e-12
-1.486460588596649283e-12
-1.484716336722342651e-12
-1.482972084862700098e-12
-1.481227832993450052e-12
-1.479483581117626384e-12
-1.477739329255961115e-12
-1.475995077391767655e-12
-1.474250825517966702e-12
-1.472506573645682583e-12
-1.470780480842828618e-12
-1.469062012446709205e-12
-1.467343544058680249e-12
-1.465625075669640138e-12
-1.463906607270992331e-12
-1.462188138890042676e-12
-1.460469670494934621e-12
-1.458751202105894307e-12
-1.457032733714325802e-12
-1.455314265323768654e-12
-1.453595796926637884e-12
-1.451877328532035306e-12
-1.450169159869993167e-12
-1.448483901315118354e-12
-1.446798642771368271e-12
-1.445113384216999338e-12
-1.443428125668192670e-12
-1.441742867114329214e-12
-1.440057608557432089e-12
-1.438372350011153612e-12
-1.436687091456279001e-12
-1.435001832903932581e-12
-1.433316574349563648e-12
-1.431631315797722907e-12
-1.429946057247399202e-12
-1.428290106667844578e-12
-1.426640531636056634e-12
-1.424990956609830954e-12
-1.423341381578043010e-12
-1.421691806551817532e-12
-1.420042231527614366e-12
-1.418392656495320945e-12
-1.416743081473140493e-12
-1.415093506445397980e-12
-1.413443931423217528e-12
-1.411794356387384356e-12
-1.410144781361158676e-12
-1.408502253999309808e-12
-1.406882398817440030e-12
-1.405262543628491153e-12
-1.403642688454206354e-12
-1.402022833269302705e-12
-1.400402978084904533e-12
-1.398783122906068828e-12
-1.397163267725716086e-12
-1.395543412547386059e-12
-1.393923557362482208e-12
-1.392303702176567202e-12
-1.390683846995708781e-12
-1.389063991817884433e-12
-1.387456633380993661e-12
-1.385859220836280839e-12
-1.384261808301681189e-12
-1.382664395762530631e-12
-1.381066983230459375e-12
-1.379469570691814294e-12
-1.377872158147607151e-12
-1.376274745612501822e-12
-1.374677333079924887e-12
-1.373079920541279807e-12
-1.371482507997578342e-12
-1.369885095461967334e-12
-1.368287682929896078e-12
-1.366713326927247060e-12
-1.365145486270965427e-12
-1.363577645605075899e-12
-1.362009804944749038e-12
-1.360441964282904940e-12
-1.358874123626623106e-12
-1.357306282964273328e-12
-1.355738442304451945e-12
-1.354170601642102370e-12
-1.352602760977729877e-12
-1.351034920317402815e-12
-1.349467079659604146e-12
-1.347899238998771405e-12
-1.346361210835078917e-12
-1.344826314346218991e-12
-1.343291417864438365e-12
-1.341756521379623666e-12
-1.340221624893291931e-12
-1.338686728408477233e-12
-1.337151831922651177e-12
-1.335616935442387587e-12
-1.334082038948976551e-12
-1.332547142471241154e-12
-1.331012245982886906e-12
-1.329477349500600399e-12
-1.327942453015785701e-12
-1.326435320059602478e-12
-1.324930216909395925e-12
-1.323425113762223444e-12
-1.321920010612522570e-12
-1.320414907465350089e-12
-1.318909804319694645e-12
-1.317404701168982413e-12
-1.315899598022315612e-12
-1.314394494876154489e-12
-1.312889391724936578e-12
-1.311384288579281134e-12
-1.309879185428063425e-12
-1.308374082282407779e-12
-1.306884209829351052e-12
-1.305396822578106908e-12
-1.303909435332424826e-12
-1.302422048088259780e-12
-1.300934660832464729e-12
-1.299447273595378984e-12
-1.297959886343628959e-12
-1.296472499097947079e-12
-1.294985111854793391e-12
-1.293497724609111511e-12
-1.292010337353316258e-12
-1.290522950111679606e-12
-1.289035562868020239e-12
-1.287558699444166006e-12
-1.286086614507355189e-12
-1.284614529570544371e-12
-1.283142444628676766e-12
-1.281670359692371627e-12
-1.280198274754043774e-12
-1.278726189817232956e-12
-1.277254104883456009e-12
-1.275782019942094285e-12
-1.274309935000226881e-12
-1.272837850067461292e-12
-1.271365765129133438e-12
-1.269893680188782869e-12
-1.268438083541867565e-12
-1.267005716392824467e-12
-1.265573349240747499e-12
-1.264140982087659174e-12
-1.262708614939121755e-12
-1.261276247794629767e-12
-1.259843880638507369e-12
-1.258411513488958795e-12
-1.256979146341432734e-12
-1.255546779191883958e-12
-1.254114412040312668e-12
-1.252682044892280929e-12
-1.251249677743237831e-12
-1.249818237845134055e-12
-1.248408390857664246e-12
-1.246998543867160365e-12
-1.245588696879690556e-12
-1.244178849897783012e-12
-1.242769002902222747e-12
-1.241359155919303845e-12
-1.239949308929305643e-12
-1.238539461941835834e-12
-1.237129614955883061e-12
-1.235719767972458481e-12
-1.234309920977403693e-12
-1.232900073993979112e-12
-1.231490227008026340e-12
-1.230094888524974377e-12
-1.228710717197626078e-12
-1.227326545881402308e-12
-1.225942374561638787e-12
-1.224558203242381147e-12
-1.223174031917055563e-12
-1.221789860597292042e-12
-1.220405689272977816e-12
-1.219021517957259725e-12
-1.217637346636485048e-12
-1.216253175309136749e-12
-1.214869003983811166e-12
-1.213484832668598753e-12
-1.212100661344284325e-12
-1.210738317270127222e-12
-1.209376282265120770e-12
-1.208014247259103162e-12
-1.206652212254096711e-12
-1.205290177244539554e-12
-1.203928142235487874e-12
-1.202566107224919158e-12
-1.201204072215867478e-12
-1.199842037214400777e-12
-1.198480002205349097e-12
-1.197117967194780583e-12
-1.195755932185728903e-12
-1.194393897172631995e-12
-1.193038957566407798e-12
-1.191700316682293274e-12
-1.190361675805258051e-12
-1.189023034933279211e-12
-1.187684394052198760e-12
-1.186345753180219921e-12
-1.185007112299139469e-12
-1.183668471423621081e-12
-1.182329830546080179e-12
-1.180991189670056111e-12
-1.179652548790492494e-12
-1.178313907913457271e-12
-1.176975267033387976e-12
-1.175636626156352550e-12
-1.174313345064154504e-12
-1.173004468028539476e-12
-1.171695590973203784e-12
-1.170386713933038051e-12
-1.169077836881747586e-12
-1.167768959834502350e-12
-1.166460082791302545e-12
-1.165151205748102739e-12
-1.163842328700351824e-12
-1.162533451657657697e-12
-1.161224574608895627e-12
-1.159915697562661748e-12
-1.158606820513899678e-12
-1.157297943471205349e-12
-1.156004401276166855e-12
-1.154720118535868889e-12
-1.153435835799616151e-12
-1.152151553064374569e-12
-1.150867270320537053e-12
-1.149582987576193657e-12
-1.148298704836401168e-12
-1.147014422100148430e-12
-1.145730139356816593e-12
-1.144445856611967518e-12
-1.143161573876726137e-12
-1.141877291135922291e-12
-1.140593008392590454e-12
-1.139308725649258415e-12
-1.138033084973777599e-12
-1.136762632518463899e-12
-1.135492180073263370e-12
-1.134221727625534448e-12
-1.132951275172243462e-12
-1.131680822720469312e-12
-1.130410370271223555e-12
-1.129139917819449404e-12
-1.127869465374248875e-12
-1.126599012926519952e-12
-1.125328560474745802e-12
-1.124058108017409386e-12
-1.122787655573725894e-12
-1.121517203116895157e-12
-1.120261202774676189e-12
-1.119018580194266315e-12
-1.117775957622958457e-12
-1.116533335050639242e-12
-1.115290712471240927e-12
-1.114048089890831053e-12
-1.112805467314972288e-12
-1.111562844740124679e-12
-1.110320222167805463e-12
-1.109077599584361719e-12
-1.107834977007491596e-12
-1.106592354432643987e-12
-1.105349731860324771e-12
-1.104107109280926457e-12
-1.102871688524773876e-12
-1.101652600758370679e-12
-1.100433512982359989e-12
-1.099214425203820906e-12
-1.097995337437417709e-12
-1.096776249665452248e-12
-1.095557161890452916e-12
-1.094338074127083589e-12
-1.093118986344499278e-12
-1.091899898568488588e-12
-1.090680810806130619e-12
-1.089461723034670837e-12
-1.088242635255626074e-12
-1.087023547487706043e-12
-1.085804459713212188e-12
-1.084602006514846016e-12
-1.083399821070592306e-12
-1.082197635626844275e-12
-1.080995450191186902e-12
-1.079793264743899322e-12
-1.078591079311781700e-12
-1.077388893864494120e-12
-1.076186708416195182e-12
-1.074984522981043488e-12
-1.073782337536789778e-12
-1.072580152102143763e-12
-1.071377966654350503e-12
-1.070175781218187452e-12
-1.068973595774945099e-12
-1.067784520304508755e-12
-1.066606045046624365e-12
-1.065427569775592731e-12
-1.064249094513157435e-12
-1.063070619250216459e-12
-1.061892143984241411e-12
-1.060713668729391094e-12
-1.059535193458865139e-12
-1.058356718192890091e-12
-1.057178242929949116e-12
-1.055999767668019498e-12
-1.054821292405078522e-12
-1.053642817139103474e-12
-1.052464341879702250e-12
-1.051286118138647730e-12
-1.050129564119155804e-12
-1.048973010092584576e-12
-1.047816456061462442e-12
-1.046659902041464837e-12
-1.045503348014387930e-12
-1.044346793990345097e-12
-1.043190239963773869e-12
-1.042033685935180129e-12
-1.040877131908608902e-12
-1.039720577885071747e-12
-1.038564023857994841e-12
-1.037407469829906577e-12
-1.036250915798784442e-12
-1.035094361780303873e-12
-1.033944862262232138e-12
-1.032807960750297883e-12
-1.031671059245442929e-12
-1.030534157741599332e-12
-1.029397256237250056e-12
-1.028260354737451890e-12
-1.027123453224000598e-12
-1.025986551720157002e-12
-1.024849650211256819e-12
-1.023712748711458451e-12
-1.022575847203569626e-12
-1.021438945691129692e-12
-1.020302044187286095e-12
-1.019165142686476571e-12
-1.018028241178587544e-12
-1.016902748817588946e-12
-1.015785037160129156e-12
-1.014667325489016443e-12
-1.013549613823466197e-12
-1.012431902160949619e-12
-1.011314190494893694e-12
-1.010196478828837566e-12
-1.009078767166321190e-12
-1.007961055504815970e-12
-1.006843343837748687e-12
-1.005725632172703918e-12
-1.004607920507659148e-12
-1.003490208847670964e-12
-1.002372497177063930e-12
-1.001254785513030518e-12
-1.000150838356577446e-12
-9.990523145142609172e-13
-9.979537906744727827e-13
-9.968552668286165029e-13
-9.957567429933792754e-13
-9.946582191535909390e-13
-9.935596953148139601e-13
-9.924611714724974317e-13
-9.913626476332147741e-13
-9.902641237914039245e-13
-9.891655999566721738e-13
-9.880670761123329304e-13
-9.869685522730504746e-13
-9.858700284302282675e-13
-9.847715045919569674e-13
-9.836869024242677083e-13
-9.826075400273750174e-13
-9.815281776239087044e-13
-9.804488152234762621e-13
-9.793694528301233226e-13
-9.782900904256456520e-13
-9.772107280317868318e-13
-9.761313656262980056e-13
-9.750520032299107916e-13
-9.739726408284671936e-13
-9.728932784255065594e-13
-9.718139160281081897e-13
-9.707345536317211776e-13
-9.696551912221869213e-13
-9.685758288298451374e-13
-9.675089233459972026e-13
-9.664496125279221572e-13
-9.653903017073187180e-13
-9.643309908917718645e-13
-9.632716800696515909e-13
-9.622123692480367941e-13
-9.611530584360294901e-13
