3.770776987195013265e-06
3.771651224168917766e-06
3.768553266334589339e-06
3.761736568364941185e-06
3.751498147841945400e-06
3.737959332248416030e-06
3.721338968152157357e-06
3.701978835626368446e-06
3.679893573194412269e-06
3.655437905862588223e-06
3.628729911784882603e-06
3.599918681003686225e-06
3.569311516590018717e-06
3.536919550281365656e-06
3.503078548677035631e-06
3.467767323905777448e-06
3.431328553044980626e-06
3.393706053315462223e-06
3.355268784871644903e-06
3.315905952624241978e-06
3.275991108590757191e-06
3.235438366961939340e-06
3.194529710114687903e-06
3.153277246928715503e-06
3.111789571802089352e-06
3.070264316225486739e-06
3.028594220980729367e-06
2.987174823778850824e-06
2.945808691852336328e-06
2.904684975577134933e-06
2.863922378518010075e-06
2.823438614347245429e-06
2.783509521236868348e-06
2.744027403417038251e-06
2.705026615868224890e-06
2.666745716504125685e-06
2.629030400085941550e-06
2.591927330949091469e-06
2.555681773252857333e-06
2.520077890188028894e-06
2.485181094939501173e-06
2.451232732212049693e-06
2.418009679794035404e-06
2.385551716411530800e-06
2.354028059437733567e-06
2.323280142550677740e-06
2.293335502387962645e-06
2.264342354124148959e-06
2.236159228838531475e-06
2.208776072058168242e-06
2.182243099664688145e-06
2.156609643632736326e-06
2.131770497697173853e-06
2.107672325686748945e-06
2.084448958255268029e-06
2.062043864921577559e-06
2.040311306214951455e-06
2.019354287198129027e-06
1.999171581283363853e-06
1.979726897780687742e-06
1.960886190309335401e-06
1.942729996514925323e-06
1.925303688459475827e-06
1.908452968584357111e-06
1.892194899703789182e-06
1.876433248994905264e-06
1.861381213866484650e-06
1.846799564062899132e-06
1.832655309121943129e-06
1.819011120000663194e-06
1.805843263146293661e-06
1.793088877683468371e-06
1.780729461096935286e-06
1.768703558157669987e-06
1.757024771730329213e-06
1.745697979796850317e-06
1.734669651843816140e-06
1.723872823677120587e-06
1.713285412098102500e-06
1.702960852263801335e-06
1.692845001188882834e-06
1.682880637202411202e-06
1.673041756892799377e-06
1.663315031411962331e-06
1.653728282539131217e-06
1.644228297568537954e-06
1.634775716423152675e-06
1.625352921882588360e-06
1.615949488693664301e-06
1.606576292139257695e-06
1.597206633856919260e-06
1.587800873439408037e-06
1.578345653553393838e-06
1.568831091740941369e-06
1.559271698471932537e-06
1.549651343109478543e-06
1.539942245742039933e-06
1.530127586930254023e-06
1.520203400967345844e-06
1.510165781079230216e-06
1.500044007532403731e-06
1.489801227408693202e-06
1.479429717033225171e-06
1.468919344184894696e-06
1.458277477001960470e-06
1.447510422510755803e-06
1.436636173376804903e-06
1.425633924768401166e-06
1.414500998698486226e-06
1.403237637754356758e-06
1.391851337184400706e-06
1.380358128467617554e-06
1.368770301689288599e-06
1.357086159816271650e-06
1.345301724372924430e-06
1.333421144038836731e-06
1.321452880848707249e-06
1.309408530906949872e-06
1.297320973741157649e-06
1.285183272550406967e-06
1.272997876360609509e-06
1.260768961136990026e-06
1.248506600228439706e-06
1.236221391094841543e-06
1.223933129441466845e-06
1.211688078852311586e-06
1.199455159771901320e-06
1.187242057592916955e-06
1.175056919759834805e-06
1.162908550649486874e-06
1.150808979246824469e-06
1.138778742682785609e-06
1.126883249828255150e-06
1.115066163216612897e-06
1.103333012304001171e-06
1.091690452534394306e-06
1.080147545785025301e-06
1.068745402798034402e-06
1.057488364285979892e-06
1.046380798098792271e-06
1.035420349599165364e-06
1.024619548204655522e-06
1.013987342622388992e-06
1.003499119898382294e-06
9.931559230807630709e-07
9.829871493517611602e-07
9.730814360202989825e-07
9.633517350662353305e-07
9.537878712459521355e-07
9.444268669012533864e-07
9.352829733187230721e-07
9.263044517383770189e-07
9.174885335998108349e-07
9.089264967631561134e-07
9.006045793656930200e-07
8.924737464787281789e-07
8.845434781854618029e-07
8.768490708903724813e-07
8.693177923626506340e-07
8.619511743586454853e-07
8.548570084702799638e-07
8.479298048623397594e-07
8.411689837426713125e-07
8.347131260067723446e-07
8.284210525292229102e-07
8.222678763768880394e-07
8.163477400099872416e-07
8.105971575779089569e-07
8.049764324200086719e-07
7.995739267375166758e-07
7.943509404771466669e-07
7.892623910539614573e-07
7.844132657854863747e-07
7.796888742109346105e-07
7.750653035532668065e-07
7.706629639080558429e-07
7.663529351646857928e-07
7.621580864974208217e-07
7.581318979409123342e-07
7.541959828480888268e-07
7.504236576618351193e-07
7.467705539595698541e-07
7.431833802690091875e-07
7.397360856209182610e-07
7.363548119841451691e-07
7.330526139013554651e-07
7.298529628497576788e-07
7.266958618942038777e-07
7.236347466258946538e-07
7.206390695886351546e-07
7.177054800432537384e-07
7.148367739810855537e-07
7.119904308036822606e-07
7.091987998698195186e-07
7.064308521172773500e-07
7.036910259145216564e-07
7.009784146735922426e-07
6.982757236237439183e-07
6.956024043073349932e-07
6.929340531249700068e-07
6.902781992544010412e-07
6.876188395979592393e-07
6.849564183052927931e-07
6.822797569191812621e-07
6.795988372807784392e-07
6.768884029519614781e-07
6.741700510342281059e-07
6.714211832970226010e-07
6.686545665843168791e-07
6.658609372220187893e-07
6.630346829343283403e-07
6.601846090516394857e-07
6.572869556465338399e-07
6.543730670491070105e-07
6.513942554185439019e-07
6.484053152473322635e-07
6.453455501682019458e-07
6.422734198021268682e-07
6.391382362908616358e-07
6.359816632108673752e-07
6.327686766741198357e-07
6.295274635452052055e-07
6.262384878789980571e-07
6.229157456644094069e-07
6.195523047955475903e-07
6.161492238428857239e-07
6.127096696775348806e-07
6.092319998636409954e-07
6.057259717872826686e-07
6.021824862238784591e-07
5.986151637779971410e-07
5.950155138549612479e-07
5.913971885558525920e-07
5.877505719959115465e-07
5.840881424688588035e-07
5.804021906327981838e-07
5.767026522931692278e-07
5.729855667377559632e-07
5.692573072544957360e-07
5.655196352209580705e-07
5.617749368483810984e-07
5.580299557020302475e-07
5.542847121048244076e-07
5.505465166937371670e-07
5.468169702972646668e-07
5.430943923926129249e-07
5.393840126260918127e-07
5.356813947399731351e-07
5.320006165542404022e-07
5.283257530752573086e-07
5.246858223198377948e-07
5.210464621024577944e-07
5.174573974724460301e-07
5.138683328424352187e-07
5.103473619375205999e-07
5.068373530938129596e-07
5.033839183800156374e-07
4.999553065860507182e-07
4.965685111518963578e-07
4.932215407897559374e-07
4.899033872434898550e-07
4.866485775935475975e-07
4.834031308352618620e-07
4.802454809794891976e-07
4.770878311237193918e-07
4.740184304503056124e-07
4.709630244445662360e-07
4.679928003655284290e-07
4.650763927188333138e-07
4.621991906139868892e-07
4.593963095527125055e-07
4.566003732832580635e-07
4.539122064366486883e-07
4.512240395900396308e-07
4.486273213266430467e-07
4.460597533468079152e-07
4.435430826935869695e-07
4.410915991155584464e-07
4.386524758286559903e-07
4.363234962881337234e-07
4.339945167476064272e-07
4.317683046988972044e-07
4.295771774613174259e-07
4.274266686952695179e-07
4.253447035520092899e-07
4.232627384087493266e-07
4.212857251327022030e-07
4.193107915174689691e-07
4.173950333355064684e-07
4.155237742597336368e-07
4.136660472245924585e-07
4.118896918560071109e-07
4.101133364874231398e-07
4.084066468846857308e-07
4.067304078786294836e-07
4.050752475738697338e-07
4.034904873300742225e-07
4.019057270862755878e-07
4.003740048322015032e-07
3.988603252830983432e-07
3.973625884485674966e-07
3.959145339549671614e-07
3.944664794613646028e-07
3.930589682035967724e-07
3.916671777781085952e-07
3.902837113260713548e-07
3.889384297990605542e-07
3.875931482720525064e-07
3.862766801699558531e-07
3.849780259440013115e-07
3.836805786665203637e-07
3.824142236122431573e-07
3.811478685579631980e-07
3.798920419347671785e-07
3.786497752948460778e-07
3.774075086549252419e-07
3.761792316451158442e-07
3.749540898239880550e-07
3.737301306391166340e-07
3.725116795745335486e-07
3.712932285099504632e-07
3.700735104978435667e-07
3.688526061424382790e-07
3.676317017870350030e-07
3.664053815116899400e-07
3.651779970815975211e-07
3.639485955569296805e-07
3.627062319228236915e-07
3.614638682887173849e-07
3.602138509134246707e-07
3.589529511321711592e-07
3.576920513509177007e-07
3.564160339730110663e-07
3.551325830951722817e-07
3.538491322173388969e-07
3.525445625675799802e-07
3.512378245710069939e-07
3.499281344049758934e-07
3.485972568390242873e-07
3.472663792730729460e-07
3.459279450435641069e-07
3.445731870782398390e-07
3.432184291129119182e-07
3.418529756039386199e-07
3.404763520740866803e-07
3.390997285442380760e-07
3.377102000850572573e-07
3.363134210701286574e-07
3.349166420552031280e-07
3.335066178130329755e-07
3.320926289159978488e-07
3.306786400189581164e-07
3.292536391462164475e-07
3.278270947634044693e-07
3.264005503805945558e-07
3.249678763920104500e-07
3.235349629825497347e-07
3.221020466685525863e-07
3.206690193174457277e-07
3.192359919663408808e-07
3.178032048255162747e-07
3.163738091238718650e-07
3.149444134222284081e-07
3.135157344233173160e-07
3.120948512795177014e-07
3.106739681357154399e-07
3.092541998984202440e-07
3.078473462316747887e-07
3.064404925649304450e-07
3.050346184181396627e-07
3.036466760607142183e-07
3.022587337032908915e-07
3.008708222991136289e-07
2.995138915527859233e-07
2.981569608064553589e-07
2.968000300601262768e-07
2.954719531863140837e-07
2.941461518666626554e-07
2.928203505470137152e-07
2.915217120089285964e-07
2.902286636153178659e-07
2.889356152217099412e-07
2.876688339476949082e-07
2.864128813121311152e-07
2.851569286765684341e-07
2.839227228920747627e-07
2.827053958362309407e-07
2.814880687803926244e-07
2.802869210576370766e-07
2.791106662758657631e-07
2.779344114940936025e-07
2.767687702272502521e-07
2.756454174119682993e-07
2.745220645966863464e-07
2.733987117814039700e-07
2.723170147023229934e-07
2.712360406124307286e-07
2.701550665225328523e-07
2.691055656790234970e-07
2.680670840508655472e-07
2.670286024227065387e-07
2.660104694798926490e-07
2.650149489254044765e-07
2.640194283709107454e-07
2.630312057436509585e-07
2.620758548254950403e-07
2.611205039073368456e-07
2.601651529891809273e-07
2.592459255561507523e-07
2.583323572031882599e-07
2.574187888502231734e-07
2.565273091028693066e-07
2.556560475488682523e-07
2.547847859948691039e-07
2.539184966157554552e-07
2.530794959825213810e-07
2.522404953492834952e-07
2.514014947160479917e-07
2.505852576531797390e-07
2.497761925762435626e-07
2.489671274993071745e-07
2.481671542902528635e-07
2.473847676197880529e-07
2.466023809493281127e-07
2.458199942788657902e-07
2.450578476803570040e-07
2.442980742663772360e-07
2.435383008523959857e-07
2.427880558236172021e-07
2.420508084187247484e-07
2.413135610138322947e-07
2.405763136089396821e-07
2.398546575361933219e-07
2.391342762319876578e-07
2.384138949277787379e-07
2.376980229435135625e-07
2.369889397582927688e-07
2.362798565730742514e-07
2.355707733878547282e-07
2.348690912866439130e-07
2.341687471335212903e-07
2.334684029803938766e-07
2.327696408437324869e-07
2.320752097101709872e-07
2.313807785766096199e-07
2.306863474430458703e-07
2.299943798524918758e-07
2.293036765090674257e-07
2.286129731656428433e-07
2.279223696370932996e-07
2.272354154245644448e-07
2.265484612120364635e-07
2.258615069995083233e-07
2.251747387620065679e-07
2.244882945849740552e-07
2.238018504079404308e-07
2.231154062309090563e-07
2.224287120027625453e-07
2.217418971990091186e-07
2.210550823952538920e-07
2.203682675915018948e-07
2.196806789667117578e-07
2.189930551738330466e-07
2.183054313809530648e-07
2.176177389133398902e-07
2.169297880796220991e-07
2.162418372459017670e-07
2.155538864121806143e-07
2.148661448495926868e-07
2.141786752827777017e-07
2.134912057159620018e-07
2.128037361491463285e-07
2.121182380499054710e-07
2.114338935973547079e-07
2.107495491448015360e-07
2.100652046922504818e-07
2.093832590199604665e-07
2.087019212878254380e-07
2.080205835556946182e-07
2.073392458235594573e-07
2.066621238621919757e-07
2.059852926096156224e-07
2.053084613570405132e-07
2.046319039709121191e-07
2.039613429714843538e-07
2.032907819720551592e-07
2.026202209726280822e-07
2.019506381918220360e-07
2.012880862254186977e-07
2.006255342590128447e-07
1.999629822926071242e-07
1.993023138109987536e-07
1.986507989093051469e-07
1.979992840076154842e-07
1.973477691059234392e-07
1.966989012493521446e-07
1.960613931571298997e-07
1.954238850649061196e-07
1.947863769726837159e-07
1.941512139039126466e-07
1.935269616855620512e-07
1.929027094672138381e-07
1.922784572488632427e-07
1.916561636933326926e-07
1.910465083335278972e-07
1.904368529737231282e-07
1.898271976139148122e-07
1.892184833845958118e-07
1.886243616030942824e-07
1.880302398215958500e-07
1.874361180400943471e-07
1.868419962585950677e-07
1.862630151576037477e-07
1.856847329358120772e-07
1.851064507140210949e-07
1.845281684922280216e-07
1.839654476475558677e-07
1.834061469153257412e-07
1.828468461830950587e-07
1.822875454508632646e-07
1.817396966680274567e-07
1.811979556914452780e-07
1.806562147148625170e-07
1.801144737382803118e-07
1.795797667431181732e-07
1.790535639070440002e-07
1.785273610709691125e-07
1.780011582348926895e-07
1.774783558016166686e-07
1.769675297456832703e-07
1.764567036897519895e-07
1.759458776338194382e-07
1.754350515778864634e-07
1.749378296173136047e-07
1.744412149420051687e-07
1.739446002666949327e-07
1.734479855913859407e-07
1.729600507330096114e-07
1.724765707554342138e-07
1.719930907778564340e-07
1.715096108002793424e-07
1.710311210327065694e-07
1.705626908294361857e-07
1.700942606261643726e-07
1.696258304228932742e-07
1.691574002196227316e-07
1.686994363994046889e-07
1.682418044652499547e-07
1.677841725310966499e-07
1.673265405969446951e-07
1.668743136082367171e-07
1.664261039950611536e-07
1.659778943818853783e-07
1.655296847687084649e-07
1.650827268741251458e-07
1.646431840232594252e-07
1.642036411723932017e-07
1.637640983215276134e-07
1.633245554706636398e-07
1.628900209435816449e-07
1.624578281994311242e-07
1.620256354552794917e-07
1.615934427111296592e-07
1.611625131844179775e-07
1.607371754926162748e-07
1.603118378008131692e-07
1.598865001090108841e-07
1.594611624172091020e-07
1.590405475671435614e-07
1.586224445187461100e-07
1.582043414703508290e-07
1.577862384219530334e-07
1.573685609941314449e-07
1.569553651514648091e-07
1.565421693087988616e-07
1.561289734661323053e-07
1.557157776234663577e-07
1.553048215471682615e-07
1.548962363182785280e-07
1.544876510893883444e-07
1.540790658604980550e-07
1.536704806316077391e-07
1.532656886546737739e-07
1.528615676715370381e-07
1.524574466883992436e-07
1.520533257052630637e-07
1.516499843354698137e-07
1.512502383123634345e-07
1.508504922892575317e-07
1.504507462661511260e-07
1.500510002430459379e-07
1.496536878889989042e-07
1.492591086371331749e-07
1.488645293852680014e-07
1.484699501334030927e-07
1.480753708815374163e-07
1.476849187495093678e-07
1.472960094265821279e-07
1.469071001036527174e-07
1.465181907807265363e-07
1.461292814577976023e-07
1.457452562175411835e-07
1.453614959286590733e-07
1.449777356397757189e-07
1.445939753508930264e-07
1.442109536009017246e-07
1.438327592807198089e-07
1.434545649605373373e-07
1.430763706403554215e-07
1.426981763201723675e-07
1.423216520354201158e-07
1.419494210227057650e-07
1.415771900099910436e-07
1.412049589972773810e-07
1.408327279845609920e-07
1.404629466007197577e-07
1.400969910027840195e-07
1.397310354048476725e-07
1.393650798069121460e-07
1.389991242089771225e-07
1.386368363224399922e-07
1.382787970553911853e-07
1.379207577883412667e-07
1.375627185212919833e-07
1.372046792542431764e-07
1.368503757689644037e-07
1.364998285144212898e-07
1.361492812598794464e-07
1.357987340053379737e-07
1.354481867507949392e-07
1.351011518564257006e-07
1.347576853563787002e-07
1.344142188563321499e-07
1.340707523562866847e-07
1.337272858562390226e-07
1.333871501061041811e-07
1.330510000169984339e-07
1.327148499278907810e-07
1.323786998387821486e-07
1.320425497496761897e-07
1.317091081943483213e-07
1.313801627079531098e-07
1.310512172215597511e-07
1.307222717351651748e-07
1.303933262487701220e-07
1.300662090999473056e-07
1.297443542372991528e-07
1.294224993746517147e-07
1.291006445120053883e-07
1.287787896493571826e-07
1.284578039920072664e-07
1.281445832291974108e-07
1.278313624663868406e-07
1.275181417035769056e-07
1.272049209407653559e-07
1.268917001779560298e-07
1.265844788453530731e-07
1.262778938757304730e-07
1.259713089061073171e-07
1.256647239364835788e-07
1.253581389668616139e-07
1.250557475969149577e-07
1.247554419495456848e-07
1.244551363021755120e-07
1.241548306548063979e-07
1.238545250074377603e-07
1.235566038673205924e-07
1.232623874856144805e-07
1.229681711039096390e-07
1.226739547222047182e-07
1.223797383404999297e-07
1.220859425935550822e-07
1.217973314165765192e-07
1.215087202395994386e-07
1.212201090626225697e-07
1.209314978856444303e-07
1.206428867086669262e-07
1.203582960792767648e-07
1.200752854088445094e-07
1.197922747384111424e-07
1.195092640679779341e-07
1.192262533975446464e-07
1.189451469953701588e-07
1.186680904946124850e-07
1.183910339938547582e-07
1.181139774930959593e-07
1.178369209923383781e-07
1.175598644915795793e-07
1.172868816103272890e-07
1.170144514677578908e-07
1.167420213251889956e-07
1.164695911826195179e-07
1.161971610400496433e-07
1.159265203805027200e-07
1.156585674792758001e-07
1.153906145780483904e-07
1.151226616768208484e-07
1.148547087755928696e-07
1.145867558743653938e-07
1.143226266140393866e-07
1.140590336997519599e-07
1.137954407854631303e-07
1.135318478711750022e-07
1.132682549568863182e-07
1.130059745072062649e-07
1.127465867963847089e-07
1.124871990855632190e-07
1.122278113747409616e-07
1.119684236639194056e-07
1.117090359530979158e-07
1.114529341816609304e-07
1.111982092072501071e-07
1.109434842328403426e-07
1.106887592584315575e-07
1.104340342840201783e-07
1.101795617126786395e-07
1.099294666850141006e-07
1.096793716573494956e-07
1.094292766296847582e-07
1.091791816020202193e-07
1.089290865743561702e-07
1.086804685710226239e-07
1.084344632828829734e-07
1.081884579947439582e-07
1.079424527066059223e-07
1.076964474184662057e-07
1.074504421303277463e-07
1.072070226222578676e-07
1.069651591631423173e-07
1.067232957040250199e-07
1.064814322449098932e-07
1.062395687857943429e-07
1.059977053266792955e-07
1.057593556290114626e-07
1.055216571288358521e-07
1.052839586286613003e-07
1.050462601284857560e-07
1.048085616283117734e-07
1.045709416217590837e-07
1.043374098175877307e-07
1.041038780134146968e-07
1.038703462092427880e-07
1.036368144050697542e-07
1.034032826008972762e-07
1.031704888623627084e-07
1.029418925986834181e-07
1.027132963350048291e-07
1.024847000713254594e-07
1.022561038076474263e-07
1.020275075439687712e-07
1.017999512196095367e-07
1.015757723962222026e-07
1.013515935728353715e-07
1.011274147494480375e-07
1.009032359260602138e-07
1.006790571026735150e-07
1.004560219415748934e-07
1.002359849739820829e-07
1.000159480063898415e-07
9.979591103879647520e-08
9.957587407120430000e-08
9.935583710361156894e-08
9.913692415814349823e-08
9.892103005346485775e-08
9.870513594878776574e-08
9.848924184410829145e-08
9.827334773943105386e-08
9.805745363475298247e-08
9.784245244622830758e-08
9.763060517637989971e-08
9.741875790653191536e-08
9.720691063668267369e-08
9.699506336683516580e-08
9.678321609698690352e-08
9.657186135609425061e-08
9.636399367912206207e-08
9.615612600214901327e-08
9.594825832517682474e-08
9.574039064820496708e-08
9.553252297123220945e-08
9.532465529425951799e-08
9.512142335824344741e-08
9.491828450134241788e-08
9.471514564444202362e-08
9.451200678754042498e-08
9.430886793063939545e-08
9.410572907373885560e-08
9.390554457434927911e-08
9.370614565265097133e-08
9.350674673095272972e-08
9.330734780925413077e-08
9.310794888755588916e-08
9.290854996585813725e-08
9.271116565705678982e-08
9.251541440106225012e-08
9.231966314506708838e-08
9.212391188907195311e-08
9.192816063307706930e-08
9.173240937708214579e-08
9.153761386915547043e-08
9.134544199487677777e-08
9.115327012059831011e-08
9.096109824631904834e-08
9.076892637203995864e-08
9.057675449776061747e-08
9.038458262348220274e-08
9.019563597972556387e-08
9.000691826495141644e-08
8.981820055017786457e-08
8.962948283540392890e-08
8.944076512063090643e-08
8.925204740585705016e-08
8.906529869553973433e-08
8.888014761843516903e-08
8.869499654132947877e-08
8.850984546422430468e-08
8.832469438711865412e-08
8.813954331001351973e-08
8.795485043729662197e-08
8.777346563567533771e-08
8.759208083405405344e-08
8.741069603243308681e-08
8.722931123081182902e-08
8.704792642919145796e-08
8.686654162757045162e-08
8.668719228738576767e-08
8.650897726836090238e-08
8.633076224933661943e-08
8.615254723031182031e-08
8.597433221128669033e-08
8.579611719226246031e-08
8.561825477948450593e-08
8.544315620991251525e-08
8.526805764034069662e-08
8.509295907076877212e-08
8.491786050119695349e-08
8.474276193162506869e-08
8.456766336205314419e-08
8.439420719802087549e-08
8.422218270380562809e-08
8.405015820959039392e-08
8.387813371537488182e-08
8.370610922115939619e-08
8.353408472694380468e-08
8.336206023272884845e-08
8.319277433754052180e-08
8.302377537572124387e-08
8.285477641390225710e-08
8.268577745208383943e-08
8.251677849026368800e-08
8.234777952844550856e-08
8.217952750269177007e-08
8.201384208552956707e-08
8.184815666836795965e-08
8.168247125120578313e-08
8.151678583404449334e-08
8.135110041688260799e-08
8.118541499972070940e-08
8.102131587871605502e-08
8.085883731159914912e-08
8.069635874448188588e-08
8.053388017736478146e-08
8.037140161024738587e-08
8.020892304313020204e-08
8.004644447601393142e-08
7.988603010314646547e-08
7.972644868368172278e-08
7.956686726421668891e-08
7.940728584475254179e-08
7.924770442528761381e-08
7.908812300582261965e-08
7.892854158635755932e-08
7.877147276073011284e-08
7.861475135156622894e-08
7.845802994240151124e-08
7.830130853323811703e-08
7.814458712407423313e-08
7.798786571490944926e-08
7.783114430574528743e-08
7.767723238444542044e-08
7.752334207639232183e-08
7.736945176833924970e-08
7.721556146028593934e-08
7.706167115223227163e-08
7.690778084417953037e-08
7.675404032416337329e-08
7.660294393516265516e-08
7.645184754616165910e-08
7.630075115716055717e-08
7.614965476816043461e-08
7.599855837915935914e-08
7.584746199015923659e-08
7.569656157110730781e-08
7.554863295647719976e-08
7.540070434184642997e-08
7.525277572721551459e-08
7.510484711258485067e-08
7.495691849795446469e-08
7.480898988332380077e-08
7.466110778747704200e-08
7.451596216749998262e-08
7.437081654752183798e-08
7.422567092754426245e-08
7.408052530756639574e-08
7.393537968758882020e-08
7.379023406761063586e-08
7.364508844763278239e-08
7.350235991671090713e-08
7.335984798102165206e-08
7.321733604533274111e-08
7.307482410964347281e-08
7.293231217395477361e-08
7.278980023826579648e-08
7.264728830257628996e-08
7.250673967163375343e-08
7.236679553915718313e-08
7.222685140668086429e-08
7.208690727420482338e-08
7.194696314172794867e-08
7.180701900925161659e-08
7.166707487677501982e-08
7.152854253009795214e-08
7.139113403019967945e-08
7.125372553030075825e-08
7.111631703040252526e-08
7.097890853050360407e-08
7.084150003060476228e-08
7.070409153070644988e-08
7.056742321706776858e-08
7.043253302666331949e-08
7.029764283625861894e-08
7.016275264585444779e-08
7.002786245544968106e-08
6.989297226504502022e-08
6.975808207464053143e-08
6.962319188423610881e-08
6.949106136411006233e-08
6.935899987869439254e-08
6.922693839327885509e-08
6.909487690786265591e-08
6.896281542244713170e-08
6.883075393703146191e-08
6.869869245161613622e-08
6.856805759761692653e-08
6.843836839842856736e-08
6.830867919924003615e-08
6.817899000005135935e-08
6.804930080086251050e-08
6.791961160167359547e-08
6.778992240248491867e-08
6.766063048805532254e-08
6.753326687136486736e-08
6.740590325467394895e-08
6.727853963798352023e-08
6.715117602129338268e-08
6.702381240460271574e-08
6.689644878791169145e-08
6.676908517122134215e-08
6.664327578943220701e-08
6.651818597620533593e-08
6.639309616297880896e-08
6.626800634975241434e-08
6.614291653652539767e-08
6.601782672329872512e-08
6.589273691007192021e-08
6.576796104573745098e-08
6.564512884112596874e-08
6.552229663651398357e-08
6.539946443190226310e-08
6.527663222729119115e-08
6.515380002267913981e-08
6.503096781806765757e-08
6.490813561345571210e-08
6.478656127341178517e-08
6.466607161655006540e-08
6.454558195968910002e-08
6.442509230282783024e-08
6.430460264596690456e-08
6.418411298910563478e-08
6.406362333224477528e-08
6.394313367538350550e-08
6.382475991117103976e-08
6.370668343979593485e-08
6.358860696842075054e-08
6.347053049704575151e-08
6.335245402567005103e-08
6.323437755429529023e-08
6.311630108292018532e-08
6.299856278556268749e-08
6.288262475298967889e-08
6.276668672041708056e-08
6.265074868784411167e-08
6.253481065527180451e-08
6.241887262269924589e-08
6.230293459012651522e-08
6.218699655755395661e-08
6.207185299064397617e-08
6.195800277333889573e-08
6.184415255603328591e-08
6.173030233872792754e-08
6.161645212142280740e-08
6.150260190411727698e-08
6.138875168681191862e-08
6.127490146950662643e-08
6.116216826347747562e-08
6.105037323676488332e-08
6.093857821005152341e-08
6.082678318333948698e-08
6.071498815662672263e-08
6.060319312991385241e-08
6.049139810320128659e-08
6.037960307648820460e-08
6.026912758928264055e-08
6.015937318925384793e-08
6.004961878922436709e-08
5.993986438919528330e-08
5.983010998916637157e-08
5.972035558913722160e-08
5.961060118910841575e-08
5.950084678907867021e-08
5.939259775296436833e-08
5.928502678364821400e-08
5.917745581433231113e-08
5.906988484501619650e-08
5.896231387570000909e-08
5.885474290638392755e-08
5.874717193706802468e-08
5.863960096775155271e-08
5.853342570215471001e-08
5.842793324995359339e-08
5.832244079775173562e-08
5.821694834554953374e-08
5.811145589334795390e-08
5.800596344114659244e-08
5.790047098894491334e-08
5.779497853674337320e-08
5.769062700393162298e-08
5.758706082395659740e-08
5.748349464398122771e-08
5.737992846400645359e-08
5.727636228403142800e-08
5.717279610405605831e-08
5.706922992408107243e-08
5.696566374410598067e-08
5.686293784162679997e-08
5.676123318384588665e-08
5.665952852606547627e-08
5.655782386828484750e-08
5.645611921050447020e-08
5.635441455272440392e-08
5.625270989494398692e-08
5.615100523716356991e-08
5.604976067546001005e-08
5.594990889005527119e-08
5.585005710465060511e-08
5.575020531924582654e-08
5.565035353384108768e-08
5.555050174843642160e-08
5.545064996303168274e-08
5.535079817762645418e-08
5.525094639222199325e-08
5.515289586577823691e-08
5.505487726208248533e-08
5.495685865838638303e-08
5.485884005469034690e-08
5.476082145099424459e-08
5.466280284729894300e-08
5.456478424360270172e-08
5.446676563990687735e-08
5.437005938932761537e-08
5.427404827817183587e-08
5.417803716701588431e-08
5.408202605586041583e-08
5.398601494470463633e-08
5.389000383354928035e-08
5.379399272239321629e-08
5.369798161123726474e-08
5.360243880264537660e-08
5.350822018927249231e-08
5.341400157589967420e-08
5.331978296252700167e-08
5.322556434915432914e-08
5.313134573578151102e-08
5.303712712240827601e-08
5.294290850903546451e-08
5.284868989566254052e-08
5.275586436586945177e-08
5.266337696055604226e-08
5.257088955524298347e-08
5.247840214992975263e-08
5.238591474461648871e-08
5.229342733930329096e-08
5.220093993399000056e-08
5.210845252867708736e-08
5.201643396460758865e-08
5.192560012695314207e-08
5.183476628929921826e-08
5.174393245164476506e-08
5.165309861399054347e-08
5.156226477633599101e-08
5.147143093868148487e-08
5.138059710102761401e-08
5.128976326337316743e-08
5.120009914255173114e-08
5.111094280646779321e-08
5.102178647038423248e-08
5.093263013430043351e-08
5.084347379821720365e-08
5.075431746213361644e-08
5.066516112605000277e-08
5.057600478996641556e-08
5.048692465733542181e-08
5.039944373932174865e-08
5.031196282130813505e-08
5.022448190329473982e-08
5.013700098528110637e-08
5.004952006726769791e-08
4.996203914925367403e-08
4.987455823123982881e-08
4.978707731322644021e-08
4.970018239077500413e-08
4.961449027514801286e-08
4.952879815952061792e-08
4.944310604389307739e-08
4.935741392826591407e-08
4.927172181263881691e-08
4.918602969701168005e-08
4.910033758138417923e-08
4.901464546575689017e-08
4.892981475864512108e-08
4.884570869306104412e-08
4.876160262747687451e-08
4.867749656189267843e-08
4.859339049630866764e-08
4.850928443072459067e-08
4.842517836514042768e-08
4.834107229955643674e-08
4.825696623397208185e-08
4.817392959293683297e-08
4.809136994750995965e-08
4.800881030208276869e-08
4.792625065665584243e-08
4.784369101122914778e-08
4.776113136580222152e-08
4.767857172037508350e-08
4.759601207494815724e-08
4.751345242952125084e-08
4.743204923612876757e-08
4.735098685378355546e-08
4.726992447143784703e-08
4.718886208909260845e-08
4.710779970674720443e-08
4.702673732440182688e-08
4.694567494205631698e-08
4.686461255971132986e-08
4.678355017736554865e-08
4.670367506025438831e-08
4.662412495262301661e-08
4.654457484499168462e-08
4.646502473736064379e-08
4.638547462972931179e-08
4.630592452209788715e-08
4.622637441446665442e-08
4.614682430683556727e-08
4.606727419920402352e-08
4.598885385907163317e-08
4.591085317514051555e-08
4.583285249120956337e-08
4.575485180727840605e-08
4.567685112334761931e-08
4.559885043941642890e-08
4.552084975548584729e-08
4.544284907155449807e-08
4.536484838762363853e-08
4.528778512591319055e-08
4.521133632142168160e-08
4.513488751693008662e-08
4.505843871243843871e-08
4.498198990794684373e-08
4.490554110345503700e-08
4.482909229896350820e-08
4.475264349447205219e-08
4.467619468998041751e-08
4.460033131850443767e-08
4.452531296161271219e-08
4.445029460472103964e-08
4.437527624782959208e-08
4.430025789093814453e-08
4.422523953404661095e-08
4.415022117715475973e-08
4.407520282026321291e-08
4.400018446337150066e-08
4.392536479136737280e-08
4.385172380261594462e-08
4.377808281386484069e-08
4.370444182511353163e-08
4.363080083636218286e-08
4.355715984761110540e-08
4.348351885885978972e-08
4.340987787010839462e-08
4.333623688135709879e-08
4.326259589260573679e-08
4.319005382342758027e-08
4.311777208983784581e-08
4.304549035624835620e-08
4.297320862265880703e-08
4.290092688906933727e-08
4.282864515547961605e-08
4.275636342189015953e-08
4.268408168830052433e-08
4.261179995471112075e-08
4.254006574584285101e-08
4.246914807772748426e-08
4.239823040961162782e-08
4.232731274149619490e-08
4.225639507338069580e-08
4.218547740526469378e-08
4.211455973714931380e-08
4.204364206903331839e-08
4.197272440091795826e-08
4.190180673280224079e-08
4.183220140754326016e-08
4.176270638742372516e-08
4.169321136730371370e-08
4.162371634718390076e-08
4.155422132706431282e-08
4.148472630694471826e-08
4.141523128682491856e-08
4.134573626670506591e-08
4.127624124658555076e-08
4.120724935009891648e-08
4.113910993797244296e-08
4.107097052584661796e-08
4.100283111372086574e-08
4.093469170159462383e-08
4.086655228946842825e-08
4.079841287734233854e-08
4.073027346521614957e-08
4.066213405309011281e-08
4.059399464096400987e-08
4.052681964799665039e-08
4.045997151456183524e-08
4.039312338112696716e-08
4.032627524769211892e-08
4.025942711425745597e-08
4.019257898082274670e-08
4.012573084738793155e-08
4.005888271395334140e-08
3.999203458051854610e-08
3.992524654777857686e-08
3.985962259118901411e-08
3.979399863459939841e-08
3.972837467800972978e-08
3.966275072142021996e-08
3.959712676483082926e-08
3.953150280824112753e-08
3.946587885165151184e-08
3.940025489506194908e-08
3.933463093847247235e-08
3.926935058151360688e-08
3.920496593344602904e-08
3.914058128537904676e-08
3.907619663731174684e-08
3.901181198924460575e-08
3.894742734117759038e-08
3.888304269311046914e-08
3.881865804504314937e-08
3.875427339697599504e-08
3.868988874890845028e-08
3.862603467836399330e-08
3.856288171264076530e-08
3.849972874691738509e-08
3.843657578119411738e-08
3.837342281547105481e-08
3.831026984974780695e-08
3.824711688402443998e-08
3.818396391830117888e-08
3.812081095257793102e-08
3.805765798685472287e-08
3.799516619834180773e-08
3.793331196197924513e-08
3.787145772561677516e-08
3.780960348925419932e-08
3.774774925289172936e-08
3.768589501652910057e-08
3.762404078016652473e-08
3.756218654380392904e-08
3.750033230744149216e-08
3.743847807107888323e-08
3.737723430617423957e-08
3.731657323781657887e-08
3.725591216945886524e-08
3.719525110110118470e-08
3.713459003274345121e-08
3.707392896438572435e-08
3.701326789602822247e-08
3.695260682767062795e-08
3.689194575931279521e-08
3.683128469095494261e-08
3.677113292221182094e-08
3.671163509788695647e-08
3.665213727356219788e-08
3.659263944923719444e-08
3.653314162491258805e-08
3.647364380058761770e-08
3.641414597626287896e-08
3.635464815193812037e-08
3.629515032761315002e-08
3.623565250328853040e-08
3.617646827043429632e-08
3.611806281093681635e-08
3.605965735143921065e-08
3.600125189194177700e-08
3.594284643244415807e-08
3.588444097294688324e-08
3.582603551344911872e-08
3.576763005395168507e-08
3.570922459445420510e-08
3.565081913495673837e-08
3.559248016021740644e-08
3.553520543424426111e-08
3.547793070827087756e-08
3.542065598229799693e-08
3.536338125632458030e-08
3.530610653035148791e-08
3.524883180437821024e-08
3.519155707840510462e-08
3.513428235243168136e-08
3.507700762645882059e-08
3.501973290048545027e-08
3.496330577769304489e-08
3.490715758249641498e-08
3.485100938729988433e-08
3.479486119210339339e-08
3.473871299690672377e-08
3.468256480171004092e-08
3.462641660651358306e-08
3.457026841131690021e-08
3.451412021612058132e-08
3.445797202092389847e-08
3.440224692090206683e-08
3.434725066578321268e-08
3.429225441066429898e-08
3.423725815554544482e-08
3.418226190042639215e-08
3.412726564530748506e-08
3.407226939018890884e-08
3.401727313506987602e-08
3.396227687995071746e-08
3.390728062483168464e-08
3.385228436971283049e-08
3.379825550090426360e-08
3.374433071388237913e-08
3.369040592686069319e-08
3.363648113983882857e-08
3.358255635281714262e-08
3.352863156579539712e-08
3.347470677877339354e-08
3.342078199175170759e-08
3.336685720472996871e-08
3.331293241770827614e-08
3.325937893904181012e-08
3.320648985202234857e-08
3.315360076500278114e-08
3.310071167798302180e-08
3.304782259096331541e-08
3.299493350394383400e-08
3.294204441692412761e-08
3.288915532990450724e-08
3.283626624288476775e-08
3.278337715586520032e-08
3.273048806884557995e-08
3.267833124825965210e-08
3.262644030835876946e-08
3.257454936845805889e-08
3.252265842855723581e-08
3.247076748865651200e-08
3.241887654875582127e-08
3.236698560885493864e-08
3.231509466895436041e-08
3.226320372905368954e-08
3.221131278915280691e-08
3.215945005692737195e-08
3.210858135329084666e-08
3.205771264965465886e-08
3.200684394601841812e-08
3.195597524238203842e-08
3.190510653874562563e-08
3.185423783510939813e-08
3.180336913147326327e-08
3.175250042783702254e-08
3.170163172420064283e-08
3.165076302056424328e-08
3.160014144091791884e-08
3.155030330176287443e-08
3.150046516260802855e-08
3.145062702345294444e-08
3.140078888429800592e-08
3.135095074514319312e-08
3.130111260598830754e-08
3.125127446683345504e-08
3.120143632767842387e-08
3.115159818852327358e-08
3.110176004936848064e-08
3.105229751419237412e-08
3.100347561034427984e-08
3.095465370649607306e-08
3.090583180264788613e-08
3.085700989879991758e-08
3.080818799495171741e-08
3.075936609110347755e-08
3.071054418725546929e-08
3.066172228340709045e-08
3.061290037955912852e-08
3.056407847571084895e-08
3.051566005233813031e-08
3.046780714383782124e-08
3.041995423533726070e-08
3.037210132683702442e-08
3.032424841833660285e-08
3.027639550983626069e-08
3.022854260133588545e-08
3.018068969283553005e-08
3.013283678433515481e-08
3.008498387583495161e-08
3.003713096733453666e-08
2.998962721902971300e-08
2.994269430993048756e-08
2.989576140083136800e-08
2.984882849173213595e-08
2.980189558263291713e-08
2.975496267353386374e-08
2.970802976443456551e-08
2.966109685533530037e-08
2.961416394623623044e-08
2.956723103713697523e-08
2.952029812803780604e-08
2.947360161453004468e-08
2.942758369254997649e-08
2.938156577057001417e-08
2.933554784858985995e-08
2.928952992660974874e-08
2.924351200462977650e-08
2.919749408264984397e-08
2.915147616066966989e-08
2.910545823868967449e-08
2.905944031670955336e-08
2.901342239472945208e-08
2.896745277858942179e-08
2.892235921912174681e-08
2.887726565965395271e-08
2.883217210018619832e-08
2.878707854071861598e-08
2.874198498125093769e-08
2.869689142178317337e-08
2.865179786231566382e-08
2.860670430284783664e-08
2.856161074338012195e-08
2.851651718391250653e-08
2.847142362444474883e-08
2.842704301341160289e-08
2.838288684009667072e-08
2.833873066678168229e-08
2.829457449346680305e-08
2.825041832015193043e-08
2.820626214683702472e-08
2.816210597352215872e-08
2.811794980020718353e-08
2.807379362689224143e-08
2.802963745357746476e-08
2.798548128026252266e-08
2.794167040125016486e-08
2.789841662256007059e-08
2.785516284386980757e-08
2.781190906517993168e-08
2.776865528648960910e-08
2.772540150779954792e-08
2.768214772910932130e-08
2.763889395041926011e-08
2.759564017172902356e-08
2.755238639303890944e-08
2.750913261434877877e-08
2.746587883565864148e-08
2.742342942186134268e-08
2.738105203471326853e-08
2.733867464756521423e-08
2.729629726041714007e-08
2.725391987326911224e-08
2.721154248612120683e-08
2.716916509897305657e-08
2.712678771182508830e-08
2.708441032467701745e-08
2.704203293752911866e-08
2.699965555038099488e-08
2.695757611967116672e-08
2.691601410466327419e-08
2.687445208965547760e-08
2.683289007464758838e-08
2.679132805963975540e-08
2.674976604463189926e-08
2.670820402962413908e-08
2.666664201461620353e-08
2.662507999960838379e-08
2.658351798460053427e-08
2.654195596959263512e-08
2.650039395458480545e-08
2.645944130351850764e-08
2.641872002071439250e-08
2.637799873791043618e-08
2.633727745510651625e-08
2.629655617230239119e-08
2.625583488949828597e-08
2.621511360669438259e-08
2.617439232389020459e-08
2.613367104108615231e-08
2.609294975828209011e-08
2.605222847547814041e-08
2.601150719267393924e-08
2.597161774168795879e-08
2.593173224103235470e-08
2.589184674037699877e-08
2.585196123972145755e-08
2.581207573906579721e-08
2.577219023841044790e-08
2.573230473775499601e-08
2.569241923709957060e-08
2.565253373644403930e-08
2.561264823578851462e-08
2.557276273513307266e-08
2.553302664558960909e-08
2.549398929633892648e-08
2.545495194708843578e-08
2.541591459783765722e-08
2.537687724858712682e-08
2.533783989933628539e-08
2.529880255008567227e-08
2.525976520083525436e-08
2.522072785158450227e-08
2.518169050233386599e-08
2.514265315308323632e-08
2.510361580383262320e-08
2.506479348734063778e-08
2.502656216993381026e-08
2.498833085252715810e-08
2.495009953512029750e-08
2.491186821771367181e-08
2.487363690030696009e-08
2.483540558290013257e-08
2.479717426549348372e-08
2.475894294808668929e-08
2.472071163068000404e-08
2.468248031327328240e-08
2.464424899586645819e-08
2.460622729282564096e-08
2.456878269853513433e-08
2.453133810424453505e-08
2.449389350995394238e-08
2.445644891566343575e-08
2.441900432137291256e-08
2.438155972708227689e-08
2.434411513279173716e-08
2.430667053850121398e-08
2.426922594421050551e-08
2.423178134991997572e-08
2.419433675562947901e-08
2.415701991782767838e-08
2.412030767395191450e-08
2.408359543007630613e-08
2.404688318620047938e-08
2.401017094232482138e-08
2.397345869844897809e-08
2.393674645457345244e-08
2.390003421069762569e-08
2.386332196682192137e-08
2.382660972294612109e-08
2.378989747907055904e-08
2.375318523519482163e-08
2.371647299131905775e-08
2.368052108295018627e-08
2.364457677588207858e-08
2.360863246881402382e-08
2.357268816174598561e-08
2.353674385467799042e-08
2.350079954760972391e-08
2.346485524054189415e-08
2.342891093347376991e-08
2.339296662640566222e-08
2.335702231933760416e-08
2.332107801226962882e-08
2.328513370520149466e-08
2.324973090474946427e-08
2.321454639602742946e-08
2.317936188730551046e-08
2.314417737858361462e-08
2.310899286986154341e-08
2.307380836113954500e-08
2.303862385241764916e-08
2.300343934369572023e-08
2.296825483497354314e-08
2.293307032625168370e-08
2.289788581752975477e-08
2.286270130880771665e-08
2.282777455992800809e-08
2.279334478335496721e-08
2.275891500678174767e-08
2.272448523020863731e-08
2.269005545363549717e-08
2.265562567706242651e-08
2.262119590048930623e-08
2.258676612391616609e-08
2.255233634734304580e-08
2.251790657076997846e-08
2.248347679419676884e-08
2.244904701762365517e-08
2.241461724105050841e-08
2.238082506685117622e-08
2.234712325751695280e-08
2.231342144818287828e-08
2.227971963884868134e-08
2.224601782951453734e-08
2.221231602018041980e-08
2.217861421084627580e-08
2.214491240151215826e-08
2.211121059217801426e-08
2.207750878284379085e-08
2.204380697350966339e-08
2.201010516417545652e-08
2.197662302598638298e-08
2.194361858105319183e-08
2.191061413612022237e-08
2.187760969118705108e-08
2.184460524625407169e-08
2.181160080132091033e-08
2.177859635638779859e-08
2.174559191145481259e-08
2.171258746652179019e-08
2.167958302158868176e-08
2.164657857665557995e-08
2.161357413172253108e-08
2.158056968678944582e-08
2.154800837175370923e-08
2.151567716873712753e-08
2.148334596572049951e-08
2.145101476270383841e-08
2.141868355968728318e-08
2.138635235667048972e-08
2.135402115365397751e-08
2.132168995063741566e-08
2.128935874762082404e-08
2.125702754460426881e-08
2.122469634158754484e-08
2.119236513857096314e-08
2.116003393555425902e-08
2.112833023884674914e-08
2.109669261412516927e-08
2.106505498940365227e-08
2.103341736468193343e-08
2.100177973996040650e-08
2.097014211523874722e-08
2.093850449051724014e-08
2.090686686579565034e-08
2.087522924107400098e-08
2.084359161635233509e-08
2.081195399163088756e-08
2.078031636690923821e-08
2.074871576370615835e-08
2.071776541527426915e-08
2.068681506684236341e-08
2.065586471841030547e-08
2.062491436997842620e-08
2.059396402154658001e-08
2.056301367311476361e-08
2.053206332468278508e-08
2.050111297625090581e-08
2.047016262781884786e-08
2.043921227938700499e-08
2.040826193095511579e-08
2.037731158252314719e-08
2.034643188299632582e-08
2.031615535931084139e-08
2.028587883562557533e-08
2.025560231194004458e-08
2.022532578825469911e-08
2.019504926456938011e-08
2.016477274088403465e-08
2.013449621719875867e-08
2.010421969351337019e-08
2.007394316982802472e-08
2.004366664614264286e-08
2.001339012245725438e-08
1.998311359877186590e-08
1.995287448821658198e-08
1.992325514612108895e-08
1.989363580402540070e-08
1.986401646192990437e-08
1.983439711983431538e-08
1.980477777773871647e-08
1.977515843564314734e-08
1.974553909354759806e-08
1.971591975145209841e-08
1.968630040935641017e-08
1.965668106726098331e-08
1.962706172516541749e-08
1.959744238306979873e-08
1.956782304097416342e-08
1.953876436851514492e-08
1.950976158195283886e-08
1.948075879539055266e-08
1.945175600882831940e-08
1.942275322226605636e-08
1.939375043570369736e-08
1.936474764914150050e-08
1.933574486257924738e-08
1.930674207601697772e-08
1.927773928945470806e-08
1.924873650289238878e-08
1.921973371633015882e-08
1.919073092976784615e-08
1.916213755422808387e-08
1.913375380136388393e-08
1.910537004849977662e-08
1.907698629563560976e-08
1.904860254277143298e-08
1.902021878990726942e-08
1.899183503704311911e-08
1.896345128417891916e-08
1.893506753131475561e-08
1.890668377845061522e-08
1.887830002558645167e-08
1.884991627272227488e-08
1.882153251985803192e-08
1.879334406790914476e-08
1.876558587349022069e-08
1.873782767907139258e-08
1.871006948465258101e-08
1.868231129023385547e-08
1.865455309581498766e-08
1.862679490139610991e-08
1.859903670697734798e-08
1.857127851255846693e-08
1.854352031813970499e-08
1.851576212372086033e-08
1.848800392930195612e-08
1.846024573488316441e-08
1.843248754046435284e-08
1.840526180491943081e-08
1.837812197274654621e-08
1.835098214057385021e-08
1.832384230840093583e-08
1.829670247622822659e-08
1.826956264405535522e-08
1.824242281188260627e-08
1.821528297970980439e-08
1.818814314753699920e-08
1.816100331536421717e-08
1.813386348319148146e-08
1.810672365101862994e-08
1.807958381884590085e-08
1.805262945876622663e-08
1.802609333255491430e-08
1.799955720634363506e-08
1.797302108013244846e-08
1.794648495392124532e-08
1.791994882771001571e-08
1.789341270149877949e-08
1.786687657528753995e-08
1.784034044907627725e-08
1.781380432286504103e-08
1.778726819665378826e-08
1.776073207044254210e-08
1.773419594423133566e-08
1.770765981802014575e-08
1.768150859763462539e-08
1.765556477279309955e-08
1.762962094795155386e-08
1.760367712310991884e-08
1.757773329826840954e-08
1.755178947342675467e-08
1.752584564858522883e-08
1.749990182374358388e-08
1.747395799890205473e-08
1.744801417406050904e-08
1.742207034921893357e-08
1.739612652437733163e-08
1.737018269953575617e-08
1.734423887469422702e-08
1.731877793947299078e-08
1.729337780839535322e-08
1.726797767731774544e-08
1.724257754624011781e-08
1.721717741516254312e-08
1.719177728408490887e-08
1.716637715300722829e-08
1.714097702192967014e-08
1.711557689085204251e-08
1.709017675977435532e-08
1.706477662869679717e-08
1.703937649761918939e-08
1.701397636654152867e-08
1.698858839088569250e-08
1.696375690143405573e-08
1.693892541198239580e-08
1.691409392253076234e-08
1.688926243307900315e-08
1.686443094362737961e-08
1.683959945417581233e-08
1.681476796472408291e-08
1.678993647527252224e-08
1.676510498582086893e-08
1.674027349636922223e-08
1.671544200691760863e-08
1.669061051746595531e-08
1.666577902801431524e-08
1.664097496136545272e-08
1.661670680257131907e-08
1.659243864377717880e-08
1.656817048498307161e-08
1.654390232618898097e-08
1.651963416739483739e-08
1.649536600860074675e-08
1.647109784980653368e-08
1.644682969101245958e-08
1.642256153221826306e-08
1.639829337342418896e-08
1.637402521463006523e-08
1.634975705583595474e-08
1.632548889704179462e-08
1.630122073824768743e-08
1.627748872444501290e-08
1.625377371078112153e-08
1.623005869711711105e-08
1.620634368345317667e-08
1.618262866978920590e-08
1.615891365612522519e-08
1.613519864246133714e-08
1.611148362879742923e-08
1.608776861513342867e-08
1.606405360146952407e-08
1.604033858780554999e-08
1.601662357414161561e-08
1.599290856047760513e-08
1.596919354681374685e-08
1.594590276886368571e-08
1.592273003343551684e-08
1.589955729800729835e-08
1.587638456257910963e-08
1.585321182715090768e-08
1.583003909172272227e-08
1.580686635629455340e-08
1.578369362086632829e-08
1.576052088543807340e-08
1.573734815000994093e-08
1.571417541458171912e-08
1.569100267915348078e-08
1.566782994372532515e-08
1.564465720829714305e-08
1.562174083999944278e-08
1.559909450133844269e-08
1.557644816267746245e-08
1.555380182401642927e-08
1.553115548535544903e-08
1.550850914669445224e-08
1.548586280803345877e-08
1.546321646937247522e-08
1.544057013071152145e-08
1.541792379205053790e-08
1.539527745338957421e-08
1.537263111472858073e-08
1.534998477606760049e-08
1.532733843740664011e-08
1.530473259950433471e-08
1.528257692127252546e-08
1.526042124304082539e-08
1.523826556480899298e-08
1.521610988657722674e-08
1.519395420834547042e-08
1.517179853011369095e-08
1.514964285188193794e-08
1.512748717365016508e-08
1.510533149541839223e-08
1.508317581718663922e-08
1.506102013895482997e-08
1.503886446072303726e-08
1.501670878249134050e-08
1.499455310425953125e-08
0.000000000000000000e+00
0.000000000000000000e+00
0.000000000000000000e+00
0.000000000000000000e+00
0.000000000000000000e+00
0.000000000000000000e+00
0.000000000000000000e+00
0.000000000000000000e+00
0.000000000000000000e+00
0.000000000000000000e+00
0.000000000000000000e+00
0.000000000000000000e+00
0.000000000000000000e+00
0.000000000000000000e+00
0.000000000000000000e+00
0.000000000000000000e+00
0.000000000000000000e+00
0.000000000000000000e+00
0.000000000000000000e+00
0.000000000000000000e+00
0.000000000000000000e+00
0.000000000000000000e+00
0.000000000000000000e+00
0.000000000000000000e+00
0.000000000000000000e+00
0.000000000000000000e+00
0.000000000000000000e+00
0.000000000000000000e+00
0.000000000000000000e+00
0.000000000000000000e+00
0.000000000000000000e+00
0.000000000000000000e+00
0.000000000000000000e+00
0.000000000000000000e+00
0.000000000000000000e+00
0.000000000000000000e+00
0.000000000000000000e+00
0.000000000000000000e+00
0.000000000000000000e+00
0.000000000000000000e+00
0.000000000000000000e+00
0.000000000000000000e+00
0.000000000000000000e+00
0.000000000000000000e+00
0.000000000000000000e+00
0.000000000000000000e+00
0.000000000000000000e+00
0.000000000000000000e+00
0.000000000000000000e+00
0.000000000000000000e+00
0.000000000000000000e+00
0.000000000000000000e+00
0.000000000000000000e+00
0.000000000000000000e+00
0.000000000000000000e+00
0.000000000000000000e+00
0.000000000000000000e+00
0.000000000000000000e+00
0.000000000000000000e+00
0.000000000000000000e+00
0.000000000000000000e+00
0.000000000000000000e+00
0.000000000000000000e+00
0.000000000000000000e+00
0.000000000000000000e+00
0.000000000000000000e+00
0.000000000000000000e+00
0.000000000000000000e+00
0.000000000000000000e+00
0.000000000000000000e+00
0.000000000000000000e+00
0.000000000000000000e+00
0.000000000000000000e+00
0.000000000000000000e+00
0.000000000000000000e+00
0.000000000000000000e+00
0.000000000000000000e+00
0.000000000000000000e+00
0.000000000000000000e+00
0.000000000000000000e+00
0.000000000000000000e+00
0.000000000000000000e+00
0.000000000000000000e+00
0.000000000000000000e+00
0.000000000000000000e+00
