1.543653955619498597e-09
1.686266718886885878e-09
1.835814312996421920e-09
1.992196812673696166e-09
2.155183437940643720e-09
2.324820411053440781e-09
2.500967585349943094e-09
2.683236488541241563e-09
2.871778240763661207e-09
3.066133925375613254e-09
3.266283565697960189e-09
3.472030269927964787e-09
3.682997691265115721e-09
3.899146519457373582e-09
4.120086980040314897e-09
4.345760699918375792e-09
4.575764662092859597e-09
4.810018295692210230e-09
5.048144961491909231e-09
5.290054709195170262e-09
5.535316684856051432e-09
5.783896082941365920e-09
6.035437608648656021e-09
6.289755753874478722e-09
6.546645675587235987e-09
6.805878313448093898e-09
7.067216691623559772e-09
7.330415426715811432e-09
7.595345348056805094e-09
7.861813338801422485e-09
8.129670436866235354e-09
8.398603293589713124e-09
8.668577975815547598e-09
8.939440844758476327e-09
9.210980170190241309e-09
9.483107257713336680e-09
9.755615064837474833e-09
1.002853174934833599e-08
1.030164530118621137e-08
1.057480713156215172e-08
1.084810933474744782e-08
1.112136978796464572e-08
1.139445088422636961e-08
1.166738764067581153e-08
1.194017522750816521e-08
1.221273002752435038e-08
1.248487689120212133e-08
1.275676715535765452e-08
1.302858185136291931e-08
1.329960807882241686e-08
1.357056132479909513e-08
1.384124465584619566e-08
1.411151495558288280e-08
1.438139681813135463e-08
1.465110304069550576e-08
1.492071849760542760e-08
1.518979576354142236e-08
1.545880503555399326e-08
1.572770951514554995e-08
1.599665395010355535e-08
1.626514928804469575e-08
1.653382377652820197e-08
1.680252554159019545e-08
1.707153231321797602e-08
1.734007875949661532e-08
1.760907134438485097e-08
1.787824525884300339e-08
1.814787005725754758e-08
1.841733874222889956e-08
1.868731484570896330e-08
1.895768757571941652e-08
1.922860529238737203e-08
1.949974836669904372e-08
1.977119890524612936e-08
2.004325118483632044e-08
2.031584655505722804e-08
2.058917823643433855e-08
2.086256857633594199e-08
2.113663129592856992e-08
2.141121024608070970e-08
2.168652618874411541e-08
2.196243206266729299e-08
2.223832200412837283e-08
2.251496505449425397e-08
2.279206999042985021e-08
2.306978863769404767e-08
2.334791215132808742e-08
2.362593830603343664e-08
2.390453192798951816e-08
2.418344958118020171e-08
2.446270939495340625e-08
2.474209017215537651e-08
2.502122865868151574e-08
2.530048041814371623e-08
2.557974490846346834e-08
2.585898260341826885e-08
2.613830559346677565e-08
2.641672198528064687e-08
2.669470905531647761e-08
2.697250779805145827e-08
2.724959804693514453e-08
2.752629439358815811e-08
2.780244899245766189e-08
2.807677202855250855e-08
2.835037242643816013e-08
2.862310537612316837e-08
2.889460030125956940e-08
2.916509527146331678e-08
2.943408421814034324e-08
2.970098329434441928e-08
2.996634067726440439e-08
3.023014613090064398e-08
3.049222964065284974e-08
3.075262292664846854e-08
3.101093214865610573e-08
3.126663006207095737e-08
3.151995954182924542e-08
3.177129780306553735e-08
3.202014153501386906e-08
3.226655991306039176e-08
3.251075192500145898e-08
3.275156020319032626e-08
3.298931238524553851e-08
3.322449741024387417e-08
3.345711557266339819e-08
3.368687646609258076e-08
3.391347174868253091e-08
3.413718192978094386e-08
3.435706955392290674e-08
3.457355753060970474e-08
3.478726457432179988e-08
3.499802986215693172e-08
3.520502623489012917e-08
3.540918859969120374e-08
3.561011886747120754e-08
3.580751242897487508e-08
3.600108061762281341e-08
3.619085218217031263e-08
3.637770489199034739e-08
3.656168270063634329e-08
3.674284279679946918e-08
3.692063777789101456e-08
3.709403773485459342e-08
3.726417016464682342e-08
3.743133598226554615e-08
3.759541690886998579e-08
3.775607807278847512e-08
3.791422595973879402e-08
3.806992750579020256e-08
3.822257260352313126e-08
3.837075381402356769e-08
3.851628790958361172e-08
3.865954678949758344e-08
3.879953681023677823e-08
3.893727402752433679e-08
3.907303124223167166e-08
3.920638780711133296e-08
3.933676130892446004e-08
3.946471230514641564e-08
3.959009433939368367e-08
3.971263191975266252e-08
3.983366648373539820e-08
3.995324665486414016e-08
4.007052049086894806e-08
4.018628547077798206e-08
4.030069687576103620e-08
4.041247561184208067e-08
4.052234780642725177e-08
4.063087935064719480e-08
4.073771310552607944e-08
4.084349200699413155e-08
4.094847976248409141e-08
4.105204925239079938e-08
4.115477348482924206e-08
4.125680903285240987e-08
4.135653597011293414e-08
4.145557389694842379e-08
4.155375211734089338e-08
4.165102747504637037e-08
4.174797584979889329e-08
4.184443982847849698e-08
4.194039768422952342e-08
4.203607357470762628e-08
4.213113088771549331e-08
4.222543034441505182e-08
4.231882209147128597e-08
4.241185270615751319e-08
4.250475091872647979e-08
4.259739450354149362e-08
4.269003487470027729e-08
4.278267219678397281e-08
4.287513239564130176e-08
4.296749441634085604e-08
4.305950516249719031e-08
4.315110513457473925e-08
4.324221735110465668e-08
4.333325790574085461e-08
4.342427417544040905e-08
4.351529541865184525e-08
4.360633300988504368e-08
4.369741172452018571e-08
4.378841323458593096e-08
4.387934732116435423e-08
4.396973782288951869e-08
4.405996577501810440e-08
4.414943553096817835e-08
4.423883204624688322e-08
4.432796118123710765e-08
4.441698173256713543e-08
4.450583702745504364e-08
4.459443575585765098e-08
4.468284716401452795e-08
4.477078411920208142e-08
4.485855918050244966e-08
4.494486242583048704e-08
4.503095429745260633e-08
4.511589400266733099e-08
4.520065659442392448e-08
4.528451604809047037e-08
4.536808422804728917e-08
4.545088419444779892e-08
4.553317749011440105e-08
4.561461344252372178e-08
4.569533442235789847e-08
4.577519364929009801e-08
4.585350607467088053e-08
4.593039527343878414e-08
4.600618744432219540e-08
4.608116342013480362e-08
4.615489480083761459e-08
4.622783415650669005e-08
4.629945887316223644e-08
4.637032413130694990e-08
4.643968300672870976e-08
4.650819991259191022e-08
4.657486887780432025e-08
4.664047047110170300e-08
4.670383501675288517e-08
4.676577502822290727e-08
4.682613029250189766e-08
4.688530256484076727e-08
4.694302759143965449e-08
4.699940938561778189e-08
4.705451761893643258e-08
4.710806303219316561e-08
4.716051849505992678e-08
4.721106603209839912e-08
4.726058874115319010e-08
4.730722787885101623e-08
4.735332308405252292e-08
4.739620578110512268e-08
4.743905369108235547e-08
4.747883495870090508e-08
4.751861622633357632e-08
4.755586463743356793e-08
4.759270529689023940e-08
4.762747703419429997e-08
4.766134099458076122e-08
4.769366663071741132e-08
4.772452719731740069e-08
4.775409520914081815e-08
4.778082198213419480e-08
4.780725275965252562e-08
4.783090795376111040e-08
4.785456314787366564e-08
4.787587077695919824e-08
4.789680612618996896e-08
4.791631979871228799e-08
4.793493528108178347e-08
4.795270857292344941e-08
4.796888534356024006e-08
4.798491471067849158e-08
4.799865666706747808e-08
4.801239862344543992e-08
4.802365762348659951e-08
4.803412515274782240e-08
4.804374632255753969e-08
4.805228351212535121e-08
4.806064996385113881e-08
4.806749495433961548e-08
4.807433994482367831e-08
4.808021394386688815e-08
4.808575644653017970e-08
4.809077173778353116e-08
4.809489736041094919e-08
4.809902298304100758e-08
4.810157415766878346e-08
4.810409413400935589e-08
4.810566242929356810e-08
4.810651507360116390e-08
4.810724738644024464e-08
4.810725611499080150e-08
4.810726484353738789e-08
4.810692399851702812e-08
4.810643035643671732e-08
4.810585835770000374e-08
4.810502465814763147e-08
4.810419095859481583e-08
4.810303627723585785e-08
4.810177240282679687e-08
4.810031607220007800e-08
4.809825998954096468e-08
4.809620390687876101e-08
4.809381216905661928e-08
4.809129027934538798e-08
4.808875266219770068e-08
4.808614289785141372e-08
4.808353313351351107e-08
4.808109257771552131e-08
4.807875663495373614e-08
4.807642483728046400e-08
4.807419982125288222e-08
4.807197480523633171e-08
4.806976218573710331e-08
4.806756553219968236e-08
4.806536887866623849e-08
4.806271098137758576e-08
4.805994971563970938e-08
4.805717859355779710e-08
4.805436156558915168e-08
4.805154453762315985e-08
4.804872256954749454e-08
4.804589597567446991e-08
4.804306938179658806e-08
4.804049374111358191e-08
4.803796740933216824e-08
4.803542146492858099e-08
4.803274948731816507e-08
4.803007750970818591e-08
4.802727084831285099e-08
4.802427268793268523e-08
4.802127452755868693e-08
4.801763598936103127e-08
4.801368256984778808e-08
4.800972915034689303e-08
4.800536609199253230e-08
4.800096097441790924e-08
4.799649806762870700e-08
4.799162041395562415e-08
4.798674276027856421e-08
4.798172381659752499e-08
4.797639966141372076e-08
4.797107550621977199e-08
4.796536472224765965e-08
4.795925015780810754e-08
4.795313559336900542e-08
4.794622651804195305e-08
4.793887105161008001e-08
4.793151558518659128e-08
4.792298278263402417e-08
4.791409757152259956e-08
4.790521236041955264e-08
4.789533232713616767e-08
4.788531285311407654e-08
4.787529337909109868e-08
4.786424675444157548e-08
4.785316000953696544e-08
4.784204371073476110e-08
4.782979760107228463e-08
4.781755149140076211e-08
4.780521639234170356e-08
4.779162488530556319e-08
4.777803337826942281e-08
4.776427363075606868e-08
4.774868386606915361e-08
4.773309410137826146e-08
4.771736800535698170e-08
4.770006270907425282e-08
4.768275741279462091e-08
4.766537847210822434e-08
4.764665134453793811e-08
4.762792421697052385e-08
4.760919590216467303e-08
4.758927930063074990e-08
4.756936269908911083e-08
4.754944609755187898e-08
4.752830641690865587e-08
4.750707027841016654e-08
4.748583413991036033e-08
4.746349098229047394e-08
4.744091999834294754e-08
4.741834901439564612e-08
4.739431749073006584e-08
4.736968385854694555e-08
4.734505022636184003e-08
4.731972822129509544e-08
4.729387193844671004e-08
4.726801565560362521e-08
4.724173917766632531e-08
4.721481620264488080e-08
4.718789322762343628e-08
4.716082762959402014e-08
4.713319376494130780e-08
4.710555990028308312e-08
4.707792603562970903e-08
4.704942048786529020e-08
4.702089981091408484e-08
4.699237913396221774e-08
4.696316998087759890e-08
4.693371978285600876e-08
4.690426958482912465e-08
4.687424503953587367e-08
4.684358225333529724e-08
4.681291946712126093e-08
4.678216152359341303e-08
4.675097496738600372e-08
4.671978841117484232e-08
4.668860185496610952e-08
4.665713350464511548e-08
4.662562100865369064e-08
4.659410851265697183e-08
4.656253290098685603e-08
4.653089951813755715e-08
4.649926613528451280e-08
4.646759436273108567e-08
4.643571189629311136e-08
4.640382942986043101e-08
4.637194696342267508e-08
4.633973779338386784e-08
4.630742569073223273e-08
4.627511358808258286e-08
4.624267408550513834e-08
4.620998815129548749e-08
4.617730221709003210e-08
4.614461628288083123e-08
4.611191213071589259e-08
4.607920584246378126e-08
4.604649955421189493e-08
4.601387569172739255e-08
4.598136426582745027e-08
4.594885283992728300e-08
4.591634141402711573e-08
4.588397716766858214e-08
4.585162495490110266e-08
4.581927274214069061e-08
4.578693770527305800e-08
4.575462852677878528e-08
4.572231934828825804e-08
4.569001016979420369e-08
4.565743615486910508e-08
4.562481426352887750e-08
4.559219237218908667e-08
4.555954351613467143e-08
4.552682084021723394e-08
4.549409816429803621e-08
4.546137548837840174e-08
4.542865712386043263e-08
4.539594097187987203e-08
4.536322481989556596e-08
4.533051410540176372e-08
4.529800219004316451e-08
4.526549027468258668e-08
4.523297835932134049e-08
4.520045277154425223e-08
4.516790335965438160e-08
4.513535394776429260e-08
4.510280453587288011e-08
4.507017331492376421e-08
4.503750264533330884e-08
4.500483197574152998e-08
4.497216130614975112e-08
4.493884215238085550e-08
4.490549352673891861e-08
4.487214490110161392e-08
4.483874689958557168e-08
4.480516313755093650e-08
4.477157937551673807e-08
4.473799561348254626e-08
4.470430486778331433e-08
4.467047507229564329e-08
4.463664527681039423e-08
4.460281548132845389e-08
4.456891824126829618e-08
4.453498153456558202e-08
4.450104482786440972e-08
4.446710812116125219e-08
4.443288704962730828e-08
4.439859390945707056e-08
4.436430076929057831e-08
4.433000762912563454e-08
4.429522783989902748e-08
4.426041449259222908e-08
4.422560114528741591e-08
4.419075267897289085e-08
4.415513527156317740e-08
4.411951786415324557e-08
4.408390045674508060e-08
4.404823263954660160e-08
4.401220250877038163e-08
4.397617237799570353e-08
4.394014224722124380e-08
4.390405623392057454e-08
4.386769863615993513e-08
4.383134103840106258e-08
4.379498344064262678e-08
4.375857558101098245e-08
4.372195202312377176e-08
4.368532846523898967e-08
4.364870490735177898e-08
4.361201351412137896e-08
4.357500649876764831e-08
4.353799948341545951e-08
4.350099246806525595e-08
4.346390268573831275e-08
4.342627885273822750e-08
4.338865501973660699e-08
4.335103118674005545e-08
4.331337423643896263e-08
4.327520379469387212e-08
4.323703335294856323e-08
4.319886291120347934e-08
4.316069246945728372e-08
4.312227270531603157e-08
4.308384143269274829e-08
4.304541016007035174e-08
4.300697888744552660e-08
4.296848110061905951e-08
4.292996869516153892e-08
4.289145628970158972e-08
4.285294388424671611e-08
4.281436766691139428e-08
4.277575741602364398e-08
4.273714716513412682e-08
4.269853691424726325e-08
4.265986769112599847e-08
4.262112716993968327e-08
4.258238664875579007e-08
4.254364612757212185e-08
4.250481409164585076e-08
4.246565973653445365e-08
4.242650538141952282e-08
4.238735102630679560e-08
4.234819667119385001e-08
4.230893375177056001e-08
4.226966598604472859e-08
4.223039822032397274e-08
4.219113045459704282e-08
4.215187204909283658e-08
4.211261844768025099e-08
4.207336484626259644e-08
4.203411124485001085e-08
4.199493330127745812e-08
4.195590787332249620e-08
4.191688244536620417e-08
4.187785701740947540e-08
4.183883158945274662e-08
4.179988604537731569e-08
4.176094303440221426e-08
4.172200002342314236e-08
4.168305701244649906e-08
4.164415092337155377e-08
4.160527227752705134e-08
4.156639363168266802e-08
4.152751498583827809e-08
4.148859992013700890e-08
4.144946910719949394e-08
4.141033829426110549e-08
4.137120748132259792e-08
4.133207666838487120e-08
4.129302073798787545e-08
4.125399982103855467e-08
4.121497890408945888e-08
4.117595798713926460e-08
4.113696284938149251e-08
4.109808182736847966e-08
4.105920080535337569e-08
4.102031978333859598e-08
4.098143876132360452e-08
4.094272275723716684e-08
4.090409451647682127e-08
4.086546627571824917e-08
4.082683803495757272e-08
4.078821735757026100e-08
4.074967631894988594e-08
4.071113528032775063e-08
4.067259424170539034e-08
4.063405320308413515e-08
4.059549653165710366e-08
4.055692331252295282e-08
4.051835009339056222e-08
4.047977687425563052e-08
4.044120365512235981e-08
4.040247918385469900e-08
4.036372795737564374e-08
4.032497673089669436e-08
4.028622550441951184e-08
4.024748360688428507e-08
4.020878473167413080e-08
4.017008585646452579e-08
4.013138698125349140e-08
4.009268810604598411e-08
4.005404171499228887e-08
4.001545426563238151e-08
3.997686681627070729e-08
3.993827936690892058e-08
3.989969191754901323e-08
3.986119059699792988e-08
3.982272147331056842e-08
3.978425234962320696e-08
3.974578322593639474e-08
3.970731410224903328e-08
3.966886255915941501e-08
3.963041196977705428e-08
3.959196138039877652e-08
3.955351079102082963e-08
3.951503603225951287e-08
3.947640329132407323e-08
3.943777055038952033e-08
3.939913780945672767e-08
3.936050506852206227e-08
3.932183663517454250e-08
3.928307644495365943e-08
3.924431625473388147e-08
3.920555606451134404e-08
3.916679587429001760e-08
3.912804524106456680e-08
3.908930953377769322e-08
3.905057382649346662e-08
3.901183811920681804e-08
3.897310241192248557e-08
3.893442802003566493e-08
3.889582465495469031e-08
3.885722128987338482e-08
3.881861792479230432e-08
3.878001455971187894e-08
3.874145193136219500e-08
3.870293026273548875e-08
3.866440859410524878e-08
3.862588692547733154e-08
3.858736525684885843e-08
3.854886823523118165e-08
3.851039625382682222e-08
3.847192427242521564e-08
3.843345229102163045e-08
3.839498030961903126e-08
3.835641850818460032e-08
3.831774922579452778e-08
3.827907994340621547e-08
3.824041066101536206e-08
3.820174137862517702e-08
3.816308705939504242e-08
3.812445757847457479e-08
3.808582809755333293e-08
3.804719861663187269e-08
3.800856913571151095e-08
3.796996718118623158e-08
3.793144445260620544e-08
3.789292172402717192e-08
3.785439899544648404e-08
3.781587626686568366e-08
3.777737841787693102e-08
3.773910282639758757e-08
3.770082723491923674e-08
3.766255164343911904e-08
3.762427605195977559e-08
3.758600046047965790e-08
3.754784798045875566e-08
3.750970855893932958e-08
3.747156913742112111e-08
3.743342971590356777e-08
3.739529029438447256e-08
3.735722759821419120e-08
3.731920306204980226e-08
3.728117852588475159e-08
3.724315398971970091e-08
3.720512945355718471e-08
3.716706831459720150e-08
3.712895030664507622e-08
3.709083229869680892e-08
3.705271429074920998e-08
3.701459628279818320e-08
3.697649114054552405e-08
3.693854457552450109e-08
3.690059801050138040e-08
3.686265144547925233e-08
3.682470488045801099e-08
3.678675831543599541e-08
3.674895747083503938e-08
3.671121389014398153e-08
3.667347030945379719e-08
3.663572672876373196e-08
3.659798314807531447e-08
3.656032520127415154e-08
3.652284937630558061e-08
3.648537355133501782e-08
3.644789772636368742e-08
3.641042190139412387e-08
3.637294607642378607e-08
3.633562577851591431e-08
3.629832658366222344e-08
3.626102738881018692e-08
3.622372819395759454e-08
3.618642899910566391e-08
3.614916309780046622e-08
3.611194720256871583e-08
3.607473130733454347e-08
3.603751541210279309e-08
3.600029951687027508e-08
3.596308362163587772e-08
3.592588242416880381e-08
3.588868328837384869e-08
3.585148415257802008e-08
3.581428501678306496e-08
3.577708588098811647e-08
3.573994324021187952e-08
3.570292511733272908e-08
3.566590699445446538e-08
3.562888887157675755e-08
3.559187074869838135e-08
3.555485262582011765e-08
3.551799621297547563e-08
3.548120755606115042e-08
3.544441889914870456e-08
3.540763024223592783e-08
3.537084158532436871e-08
3.533406529942263447e-08
3.529750356975205318e-08
3.526094184008081675e-08
3.522438011041111557e-08
3.518781838073877404e-08
3.515125665106830524e-08
3.511475775410731088e-08
3.507837000221484259e-08
3.504198225032238092e-08
3.500559449843057438e-08
3.496920674653888033e-08
3.493281899464740466e-08
3.489644543635280449e-08
3.486008041936374389e-08
3.482371540237457741e-08
3.478735038538540432e-08
3.475098536839634372e-08
3.471462035140805736e-08
3.467833185315242698e-08
3.464205753594060412e-08
3.460578321873142824e-08
3.456950890152147811e-08
3.453323458430976113e-08
3.449696373280713235e-08
3.446087338650909716e-08
3.442478304021370232e-08
3.438869269391555462e-08
3.435260234762027228e-08
3.431651200132399732e-08
3.428045940500371225e-08
3.424462149768600198e-08
3.420878359036818584e-08
3.417294568305202405e-08
3.413710777573332117e-08
3.410126986841649764e-08
3.406548107493861166e-08
3.402985179273468414e-08
3.399422251053042575e-08
3.395859322832561149e-08
3.392296394612145898e-08
3.388733466391741896e-08
3.385175812218664663e-08
3.381631984342272968e-08
3.378088156465870024e-08
3.374544328589610678e-08
3.371000500713318246e-08
3.367456672836959638e-08
3.363912805156802304e-08
3.360368830573223516e-08
3.356824855989666566e-08
3.353280881406142703e-08
3.349736906822563254e-08
3.346192932238984466e-08
3.342652990176707568e-08
3.339127291606374856e-08
3.335601593035876708e-08
3.332075894465522159e-08
3.328550195895112684e-08
3.325024497324890484e-08
3.321501430736207907e-08
3.317996998359127148e-08
3.314492565981924628e-08
3.310988133604766444e-08
3.307483701227696273e-08
3.303979268850637351e-08
3.300474836473435493e-08
3.296998628988099768e-08
3.293522988218770670e-08
3.290047347449288048e-08
3.286571706679970199e-08
3.283096065910387653e-08
3.279620425140971205e-08
3.276161778143545952e-08
3.272707649870488537e-08
3.269253521597695819e-08
3.265799393324726415e-08
3.262345265051834435e-08
3.258891136778942456e-08
3.255447316624821215e-08
3.252011852270464776e-08
3.248576387916197012e-08
3.245140923561929247e-08
3.241705459207529134e-08
3.238269994853250781e-08
3.234835912890876452e-08
3.231405625746728325e-08
3.227975338602513362e-08
3.224545051458265312e-08
3.221114764314139022e-08
3.217684477169802960e-08
3.214254190025643583e-08
3.210845281070269552e-08
3.207437889552848318e-08
3.204030498035261648e-08
3.200623106517823209e-08
3.197215715000401976e-08
3.193808323482853687e-08
3.190414634639104590e-08
3.187032064026473003e-08
3.183649493413797079e-08
3.180266922801248210e-08
3.176884352188572285e-08
3.173501781575940698e-08
3.170122549519616301e-08
3.166767420640498666e-08
3.163412291761496835e-08
3.160057162882423536e-08
3.156702034003256269e-08
3.153346905124270982e-08
3.149991776245191728e-08
3.146651325699278735e-08
3.143319055089167554e-08
3.139986784478890937e-08
3.136654513868740713e-08
3.133322243258546814e-08
3.129989972648446221e-08
3.126659404505483484e-08
3.123342180857530658e-08
3.120024957209538789e-08
3.116707733561635594e-08
3.113390509913737693e-08
3.110073286265757074e-08
3.106756062617875717e-08
3.103445465703046478e-08
3.100140645250804023e-08
3.096835824798561567e-08
3.093531004346186101e-08
3.090226183893849678e-08
3.086921363441590679e-08
3.083616542989303886e-08
3.080333020876382373e-08
3.077051730270960351e-08
3.073770439665621048e-08
3.070489149060155351e-08
3.067207858454810754e-08
3.063926567849482700e-08
3.060651233483484447e-08
3.057396365842864503e-08
3.054141498202338527e-08
3.050886630561840344e-08
3.047631762921220400e-08
3.044376895280815523e-08
3.041122027640206829e-08
3.037879897083625431e-08
3.034650778681523631e-08
3.031421660279504550e-08
3.028192541877403412e-08
3.024963423475351243e-08
3.021734305073211062e-08
3.018505186671241611e-08
3.015292760587510208e-08
3.012087070267099168e-08
3.008881379946539897e-08
3.005675689626051432e-08
3.002469999305386944e-08
2.999264308984805174e-08
2.996058618664400089e-08
2.992863214867836777e-08
2.989669233389653717e-08
2.986475251911370735e-08
2.983281270433016945e-08
2.980087288954733962e-08
2.976893307476363298e-08
2.973699325998042265e-08
2.970523760953742218e-08
2.967348337586279262e-08
2.964172914218607195e-08
2.960997490850967884e-08
2.957822067483273648e-08
2.954646644115766686e-08
2.951472521251418223e-08
2.948321355502537810e-08
2.945170189753536298e-08
2.942019024004562248e-08
2.938867858255731466e-08
2.935716692506768666e-08
2.932565526757799910e-08
2.929416076959592352e-08
2.926292648854358833e-08
2.923169220749103477e-08
2.920045792643864664e-08
2.916922364538531884e-08
2.913798936433298365e-08
2.910675508328147895e-08
2.907552498119219512e-08
2.904454070738091657e-08
2.901355643356924760e-08
2.898257215975945799e-08
2.895158788594734896e-08
2.892060361213573624e-08
2.888961933832622125e-08
2.885863506451378134e-08
2.882787379475554382e-08
2.879713250837737482e-08
2.876639122200003630e-08
2.873564993562269779e-08
2.870490864924480671e-08
2.867416736286796120e-08
2.864342607649062268e-08
2.861275656178423719e-08
2.858210914546340568e-08
2.855146172914213080e-08
2.852081431282207022e-08
2.849016689649996815e-08
2.845951948017952376e-08
2.842887206385874519e-08
2.839835852406932533e-08
2.836795155618926305e-08
2.833754458830953163e-08
2.830713762042946935e-08
2.827673065254979419e-08
2.824632368466923559e-08
2.821591671678944793e-08
2.818558392161704490e-08
2.815542930891134497e-08
2.812527469620553585e-08
2.809512008350071935e-08
2.806496547079556867e-08
2.803481085808920699e-08
2.800465624538395043e-08
2.797450163267852512e-08
2.794461965632182224e-08
2.791474450011801727e-08
2.788486934391388143e-08
2.785499418771046027e-08
2.782511903150682073e-08
2.779524387530152683e-08
2.776536871909904535e-08
2.773564256437568309e-08
2.770601517655739203e-08
2.767638778873805541e-08
2.764676040092064778e-08
2.761713301310219128e-08
2.758750562528390353e-08
2.755787823746428898e-08
2.752828792075585501e-08
2.749887753578334950e-08
2.746946715081112192e-08
2.744005676583867265e-08
2.741064638086627963e-08
2.738123599589399581e-08
2.735182561092154654e-08
2.732241522594881934e-08
2.729309601760061915e-08
2.726381902155183387e-08
2.723454202550530845e-08
2.720526502945690699e-08
2.717598803340950145e-08
2.714671103736154005e-08
2.711743404131418745e-08
2.708819212057119183e-08
2.705916735128172021e-08
2.703014258199208315e-08
2.700111781270310783e-08
2.697209304341336159e-08
2.694306827412394290e-08
2.691404350483408747e-08
2.688501873554483422e-08
2.685613397129177910e-08
2.682736993633942378e-08
2.679860590138734639e-08
2.676984186643487857e-08
2.674107783148158688e-08
2.671231379652912237e-08
2.668354976157676705e-08
2.665478572662424629e-08
2.662625570310970952e-08
2.659775855929881303e-08
2.656926141548840954e-08
2.654076427167717886e-08
2.651226712786677868e-08
2.648376998405604431e-08
2.645527284024558788e-08
2.642681520649341709e-08
2.639856790400520513e-08
2.637032060151781704e-08
2.634207329903004514e-08
2.631382599654127731e-08
2.628557869405295286e-08
2.625733139156518095e-08
2.622908408907646938e-08
2.620090737497701331e-08
2.617284557517310624e-08
2.614478377536925541e-08
2.611672197556485203e-08
2.608866017576094495e-08
2.606059837595720332e-08
2.603253657615279993e-08
2.600447477634944211e-08
2.597651129383785483e-08
2.594863038815608480e-08
2.592074948247453315e-08
2.589286857679276313e-08
2.586498767111165484e-08
2.583710676542944145e-08
2.580922585974811148e-08
2.578134495406655983e-08
2.575362805053566719e-08
2.572600076906581261e-08
2.569837348759540879e-08
2.567074620612472703e-08
2.564311892465432321e-08
2.561549164318353227e-08
2.558786436171417400e-08
2.556023708024377017e-08
2.553279189273443517e-08
2.550542872650128038e-08
2.547806556026983620e-08
2.545070239403767403e-08
2.542333922780496261e-08
2.539597606157241662e-08
2.536861289533964895e-08
2.534124972910743053e-08
2.531406008002291507e-08
2.528695531989436278e-08
2.525985055976459950e-08
2.523274579963643433e-08
2.520564103950793829e-08
2.517853627937944224e-08
2.515143151925034070e-08
2.512432675912189760e-08
2.509737070225924239e-08
2.507051700541823305e-08
2.504366330857656196e-08
2.501680961173450375e-08
2.498995591489299810e-08
2.496310221805138325e-08
2.493624852120943423e-08
2.490939482436781939e-08
2.488261284360416841e-08
2.485591802412228539e-08
2.482922320464078949e-08
2.480252838515890647e-08
2.477583356567696720e-08
2.474913874619596761e-08
2.472244392671358828e-08
2.469574910723159277e-08
2.466910907219431786e-08
2.464263487746542508e-08
2.461616068273708155e-08
2.458968648800912183e-08
2.456321229328022905e-08
2.453673809855144215e-08
2.451026390382298943e-08
2.448378970909448046e-08
2.445731551436602774e-08
2.443109060602551904e-08
2.440487011565467676e-08
2.437864962528378154e-08
2.435242913491310469e-08
2.432620864454215322e-08
2.429998815417114881e-08
2.427376766380041571e-08
2.424754717342946424e-08
2.422149853048843549e-08
2.419554091329495764e-08
2.416958329610208860e-08
2.414362567890844531e-08
2.411766806171568545e-08
2.409171044452209842e-08
2.406575282732840219e-08
2.403979521013508978e-08
2.401390353534886518e-08
2.398819832253299031e-08
2.396249310971755550e-08
2.393678789690239862e-08
2.391108268408641456e-08
2.388537747127125437e-08
2.385967225845532656e-08
2.383396704563994799e-08
2.380826183282495324e-08
2.378275807549778456e-08
2.375730321475774216e-08
2.373184835401780896e-08
2.370639349327842830e-08
2.368093863253816422e-08
2.365548377179823101e-08
2.363002891105818531e-08
2.360457405031803373e-08
2.357915771021450056e-08
2.355383870885105114e-08
2.352851970748682749e-08
2.350320070612271632e-08
2.347788170475871435e-08
2.345256270339465613e-08
2.342724370203065416e-08
2.340192470066698305e-08
2.337660569930265021e-08
2.335146270826832738e-08
2.332639612492070070e-08
2.330132954157335195e-08
2.327626295822660870e-08
2.325119637487892577e-08
2.322612979153201708e-08
2.320106320818483377e-08
2.317599662483773318e-08
2.315094155606357506e-08
2.312612813347693334e-08
2.310131471089103607e-08
2.307650128830433810e-08
2.305168786571797100e-08
2.302687444313171639e-08
2.300206102054513092e-08
2.297724759795887300e-08
2.295243417537245296e-08
2.292770450193679907e-08
2.290314673091147359e-08
2.287858895988600914e-08
2.285403118886159356e-08
2.282947341783624161e-08
2.280491564681061172e-08
2.278035787578597777e-08
2.275580010476098316e-08
2.273124233373565768e-08
2.270681999949361158e-08
2.268251159855442099e-08
2.265820319761555797e-08
2.263389479667653282e-08
2.260958639573789149e-08
2.258527799479870090e-08
2.256096959385939782e-08
2.253666119292053810e-08
2.251235279198178758e-08
2.248819700498615460e-08
2.246410928841281621e-08
2.244002157184025206e-08
2.241593385526696992e-08
2.239184613869410137e-08
2.236775842212106738e-08
2.234367070554816905e-08
2.231958298897519131e-08
2.229549527240193564e-08
2.227153977224547132e-08
2.224762323679684906e-08
2.222370670134765108e-08
2.219979016589902882e-08
2.217587363045024113e-08
2.215195709500137402e-08
2.212804055955250360e-08
2.210412402410355047e-08
2.208020748865468336e-08
2.205648751218702798e-08
2.203282134301612860e-08
2.200915517384514651e-08
2.198548900467411147e-08
2.196182283550312937e-08
2.193815666633209434e-08
2.191449049716094681e-08
2.189082432798996802e-08
2.186715815881917783e-08
2.184367445207620998e-08
2.182025852165993695e-08
2.179684259124222793e-08
2.177342666082523690e-08
2.175001073040816316e-08
2.172659479999089751e-08
2.170317886957395943e-08
2.167976293915688569e-08
2.165634700873970275e-08
2.163308107019102157e-08
2.160991344762570311e-08
2.158674582505936556e-08
2.156357820249311073e-08
2.154041057992723971e-08
2.151724295736123303e-08
2.149407533479544473e-08
2.147090771222976892e-08
2.144774008966354056e-08
2.142467341827481200e-08
2.140175245991272732e-08
2.137883150155095036e-08
2.135591054318930906e-08
2.133298958482766776e-08
2.131006862646566580e-08
2.128714766810383259e-08
2.126422670974208210e-08
2.124130575138060624e-08
2.121841283150021998e-08
2.119568624781940641e-08
2.117295966413782191e-08
2.115023308045662452e-08
2.112750649677526171e-08
2.110477991309373015e-08
2.108205332941269820e-08
2.105932674573114017e-08
2.103660016204963839e-08
2.101387357836835829e-08
2.099130930488467704e-08
2.096878348291479571e-08
2.094625766094458352e-08
2.092373183897434154e-08
2.090120601700382494e-08
2.087868019503386090e-08
2.085615437306400605e-08
2.083362855109329423e-08
2.081110272912335666e-08
2.078867601486242161e-08
2.076639710303046682e-08
2.074411819119815470e-08
2.072183927936586904e-08
2.069956036753366940e-08
2.067728145570157565e-08
2.065500254386981608e-08
2.063272363203686868e-08
2.061044472020530101e-08
2.058816580837257529e-08
2.056611224763077659e-08
2.054407762811594524e-08
2.052204300860030986e-08
2.050000838908500867e-08
2.047797376956987291e-08
2.045593915005448569e-08
2.043390453053918449e-08
2.041186991102333074e-08
2.038983529150893944e-08
2.036789081487494319e-08
2.034609907484984727e-08
2.032430733482434108e-08
2.030251559479811358e-08
2.028072385477304744e-08
2.025893211474748499e-08
2.023714037472241555e-08
2.021534863469621783e-08
2.019355689467106897e-08
2.017176515464580762e-08
2.015015489162231461e-08
2.012860613451952375e-08
2.010705737741689833e-08
2.008550862031405453e-08
2.006395986321151183e-08
2.004241110610910809e-08
2.002086234900634701e-08
1.999931359190325506e-08
1.997776483480049067e-08
1.995622449225372215e-08
1.993484712924617367e-08
1.991346976623945237e-08
1.989209240323281379e-08
1.987071504022578809e-08
1.984933767721870945e-08
1.982796031421163081e-08
1.980658295120441320e-08
1.978520558819730478e-08
1.976382822519099707e-08
1.974251309840752393e-08
1.972136021143528299e-08
1.970020732446336960e-08
1.967905443749071506e-08
1.965790155051836162e-08
1.963674866354636882e-08
1.961559577657379700e-08
1.959444288960111269e-08
1.957329000262931180e-08
1.955213711565651829e-08
1.953108872897482476e-08
1.951017842891451319e-08
1.948926812885414536e-08
1.946835782879377754e-08
1.944744752873349574e-08
1.942653722867334961e-08
1.940562692861306450e-08
1.938471662855269668e-08
1.936380632849230239e-08
1.934289602843226874e-08
1.932210591385100527e-08
1.930143169030449251e-08
1.928075746675723198e-08
1.926008324321021961e-08
1.923940901966296239e-08
1.921873479611680367e-08
1.919806057256962917e-08
1.917738634902280870e-08
1.915671212547579963e-08
1.913603790192876079e-08
1.911548589246083815e-08
1.909505053663930462e-08
1.907461518081768507e-08
1.905417982499636992e-08
1.903374446917478015e-08
1.901330911335316060e-08
1.899287375753184545e-08
1.897243840171003399e-08
1.895200304588849716e-08
1.893156769006688091e-08
1.891123487806928153e-08
1.889103373308851097e-08
1.887083258810795879e-08
1.885063144312704926e-08
1.883043029814649708e-08
1.881022915316578277e-08
1.879002800818500890e-08
1.876982686320426481e-08
1.874962571822401703e-08
1.872942457324299832e-08
1.870926936367345233e-08
1.868922823014863171e-08
1.866918709662381108e-08
1.864914596309860664e-08
1.862910482957378601e-08
1.860906369604885289e-08
1.858902256252356573e-08
1.856898142899882782e-08
1.854894029547403366e-08
1.852889916194855129e-08
1.850887206570053678e-08
1.848906966989635811e-08
1.846926727409245405e-08
1.844946487828846728e-08
1.842966248248428861e-08
1.840986008667994449e-08
1.839005769087596103e-08
1.837025529507186507e-08
1.835045289926765662e-08
1.833065050346350772e-08
1.831084810765938199e-08
1.829122347115034063e-08
1.827165733132252868e-08
1.825209119149482592e-08
1.823252505166654413e-08
1.821295891183864615e-08
1.819339277201141323e-08
1.817382663218269138e-08
1.815426049235501509e-08
1.813469435252720314e-08
1.811512821269905701e-08
1.809564611370026167e-08
1.807630878763477980e-08
1.805697146157009865e-08
1.803763413550456384e-08
1.801829680943922094e-08
1.799895948337412619e-08
1.797962215730883954e-08
1.796028483124371501e-08
1.794094750517845483e-08
1.792161017911286377e-08
1.790227285304782527e-08
1.788314726124029613e-08
1.786404445007388258e-08
1.784494163890724733e-08
1.782583882774014556e-08
1.780673601657353679e-08
1.778763320540665670e-08
1.776853039423974684e-08
1.774942758307316784e-08
1.773032477190669804e-08
1.771122196073989736e-08
1.769219424077356169e-08
1.767330088343491129e-08
1.765440752609587708e-08
1.763551416875700500e-08
1.761662081141824541e-08
1.759772745407934686e-08
1.757883409674077918e-08
1.755994073940212879e-08
1.754104738206328318e-08
1.752215402472424897e-08
1.750326066738559857e-08
1.748450072849908398e-08
1.746578923289564749e-08
1.744707773729130109e-08
1.742836624168747747e-08
1.740965474608360091e-08
1.739094325047966810e-08
1.737223175487554008e-08
1.735352025927155433e-08
1.733480876366773071e-08
1.731609726806374166e-08
1.729739220600219318e-08
1.727891385971596611e-08
1.726043551343034784e-08
1.724195716714445164e-08
1.722347882085841648e-08
1.720500047457282469e-08
1.718652212828692849e-08
1.716804378200119773e-08
1.714956543571530153e-08
1.713108708942962370e-08
1.711260874314345288e-08
1.709418493134202407e-08
1.707593400653248251e-08
1.705768308172299720e-08
1.703943215691337293e-08
1.702118123210397033e-08
1.700293030729412437e-08
1.698467938248469200e-08
1.696642845767518022e-08
1.694817753286530778e-08
1.692992660805593166e-08
1.691167568324655554e-08
1.689350761277139483e-08
1.687548085890989903e-08
1.685745410504815506e-08
1.683942735118646404e-08
1.682140059732508073e-08
1.680337384346355515e-08
1.678534708960208912e-08
1.676732033574045434e-08
1.674929358187873685e-08
1.673126682801748920e-08
1.671324007415552686e-08
1.669530858417826898e-08
1.667751061526724777e-08
1.665971264635586591e-08
1.664191467744473221e-08
1.662411670853346285e-08
1.660631873962227621e-08
1.658852077071105979e-08
1.657072280179976065e-08
1.655292483288854754e-08
1.653512686397747009e-08
1.651732889506630991e-08
1.649960216714610439e-08
1.648199191055138092e-08
1.646438165395672693e-08
1.644677139736192074e-08
1.642916114076730977e-08
1.641155088417254328e-08
1.639394062757783305e-08
1.637633037098306987e-08
1.635872011438825045e-08
1.634110985779360970e-08
1.632349960119910460e-08
1.630594074160082530e-08
1.628852942099169329e-08
1.627111810038253481e-08
1.625370677977329361e-08
1.623629545916403918e-08
1.621888413855486747e-08
1.620147281794576193e-08
1.618406149733648102e-08
1.616665017672736225e-08
1.614923885611831626e-08
1.613182753550903205e-08
1.611442807486977691e-08
1.609724370222175922e-08
1.608005932957357610e-08
1.606287495692535327e-08
1.604569058427717014e-08
1.602850621162915576e-08
1.601132183898102889e-08
1.599413746633284576e-08
1.597695309368482807e-08
1.595976872103675744e-08
1.594258434838852138e-08
1.592539997574017282e-08
1.590838090647370066e-08
1.589141387507147070e-08
1.587444684366899259e-08
1.585747981226633581e-08
1.584051278086391395e-08
1.582354574946128695e-08
1.580657871805919596e-08
1.578961168665660866e-08
1.577264465525417357e-08
1.575567762385180465e-08
1.573871059244934308e-08
1.572182781974652983e-08
1.570508099063781434e-08
1.568833416152916834e-08
1.567158733242065799e-08
1.565484050331210794e-08
1.563809367420357112e-08
1.562134684509463726e-08
1.560460001598610044e-08
1.558785318687760333e-08
1.557110635776904005e-08
1.555435952866050323e-08
1.553761269955169179e-08
1.552107004550784065e-08
1.550454567426821239e-08
1.548802130302836244e-08
1.547149693178865147e-08
1.545497256054898350e-08
1.543844818930921958e-08
1.542192381806939611e-08
1.540539944682953624e-08
1.538887507558971607e-08
1.537235070434993561e-08
1.535582633311016839e-08
1.533936360928309664e-08
1.532300793915732250e-08
1.530665226903136639e-08
1.529029659890523160e-08
1.527394092877923579e-08
1.525758525865317048e-08
1.524122958852716143e-08
1.522487391840120532e-08
1.520851824827497458e-08
1.519216257814913096e-08
1.517580690802313184e-08
1.515945123789723197e-08
1.514324897227529341e-08
1.512710495252431032e-08
1.511096093277292687e-08
1.509481691302217538e-08
1.507867289327128824e-08
1.506252887352024890e-08
1.504638485376926580e-08
1.503024083401821322e-08
1.501409681426733931e-08
1.499795279451636615e-08
1.498180877476507865e-08
1.496566475501431724e-08
1.494973987958598948e-08
1.493381604486440451e-08
1.491789221014229676e-08
1.490196837542039416e-08
1.488604454069858916e-08
1.487012070597672791e-08
1.485419687125490802e-08
1.483827303653292435e-08
1.482234920181113258e-08
1.480642536708932593e-08
1.479050153236732737e-08
1.477461406640526812e-08
1.475889668362771522e-08
1.474317930085046506e-08
1.472746191807310572e-08
1.471174453529580097e-08
1.469602715251842674e-08
1.468030976974121794e-08
1.466459238696362368e-08
1.464887500418642978e-08
1.463315762140895959e-08
1.461744023863168297e-08
1.460172285585426738e-08
1.458606322337823608e-08
1.457056231265000496e-08
1.455506140192215931e-08
1.453956049119387360e-08
1.452405958046596013e-08
1.450855866973779684e-08
1.449305775900966333e-08
1.447755684828170684e-08
1.446205593755342113e-08
1.444655502682541004e-08
1.443105411609723518e-08
1.441555320536922409e-08
1.440010813656093436e-08
1.438481681132165969e-08
1.436952548608237178e-08
1.435423416084317983e-08
1.433894283560358917e-08
1.432365151036428803e-08
1.430836018512491740e-08
1.429306885988573868e-08
1.427777753464643754e-08
1.426248620940706691e-08
1.424719488416776577e-08
1.423190355892840838e-08
1.421664085184171732e-08
1.420151357710268692e-08
1.418638630236369953e-08
1.417125902762464267e-08
1.415613175288587531e-08
1.414100447814706660e-08
1.412587720340796837e-08
1.411074992866903558e-08
1.409562265393000683e-08
1.408049537919133543e-08
1.406536810445230669e-08
1.405024082971330441e-08
1.403511355497438486e-08
1.402019859964957114e-08
1.400528576694517827e-08
1.399037293424108980e-08
1.397546010153657285e-08
1.396054726883237354e-08
1.394563443612792607e-08
1.393072160342364404e-08
1.391580877071943150e-08
1.390089593801514947e-08
1.388598310531073012e-08
1.387107027260646133e-08
1.385615743990223389e-08
1.384139424197513585e-08
1.382669136470426404e-08
1.381198848743348653e-08
1.379728561016273880e-08
1.378258273289204402e-08
1.376787985562114409e-08
1.375317697835051878e-08
1.373847410107982564e-08
1.372377122380907626e-08
1.370906834653817633e-08
1.369436546926748320e-08
1.367966259199685789e-08
1.366502833761481019e-08
1.365052639117936005e-08
1.363602444474407536e-08
1.362152249830884691e-08
1.360702055187332895e-08
1.359251860543794830e-08
1.357801665900259413e-08
1.356351471256720024e-08
1.354901276613184772e-08
1.353451081969635623e-08
1.352000887326107153e-08
1.350550692682571901e-08
1.349100498039022752e-08
1.347668669753550791e-08
1.346239444459434579e-08
1.344810219165317045e-08
1.343380993871205135e-08
1.341951768577065432e-08
1.340522543282963117e-08
1.339093317988846906e-08
1.337664092694711505e-08
1.336234867400593970e-08
1.334805642106477759e-08
1.333376416812365849e-08
1.331947191518226146e-08
1.330523926893540502e-08
1.329113624242474211e-08
1.327703321591407920e-08
1.326293018940345765e-08
1.324882716289268390e-08
1.323472413638217319e-08
1.322062110987149705e-08
1.320651808336084738e-08
1.319241505685021259e-08
1.317831203033943884e-08
1.316420900382872134e-08
1.315010597731793436e-08
1.313600295080751960e-08
1.312201536717141991e-08
1.310808773162994781e-08
1.309416009608831192e-08
1.308023246054684147e-08
1.306630482500539750e-08
1.305237718946392705e-08
1.303844955392256579e-08
1.302452191838102586e-08
1.301059428283955541e-08
1.299666664729812467e-08
1.298273901175643419e-08
1.296881137621507293e-08
1.295488374067354624e-08
1.294114310540092278e-08
1.292742215993681510e-08
1.291370121447288775e-08
1.289998026900876684e-08
1.288625932354472865e-08
1.287253837808070369e-08
1.285881743261681770e-08
1.284509648715288870e-08
1.283137554168876779e-08
1.281765459622472960e-08
1.280393365076058222e-08
1.279021270529658538e-08
1.277650245438371173e-08
1.276298004511430499e-08
1.274945763584475928e-08
1.273593522657554445e-08
1.272241281730592926e-08
1.270889040803649440e-08
1.269536799876697517e-08
1.268184558949744435e-08
1.266832318022803596e-08
1.265480077095860110e-08
1.264127836168927542e-08
1.262775595241970159e-08
1.261423354315037757e-08
1.260073173953984901e-08
1.258740585989810275e-08
1.257407998025615135e-08
1.256075410061444645e-08
1.254742822097259100e-08
1.253410234133083150e-08
1.252077646168898929e-08
1.250745058204716031e-08
1.249412470240528997e-08
1.248079882276354536e-08
1.246747294312156418e-08
1.245414706347972197e-08
1.244082118383801872e-08
1.242750679237544000e-08
1.241438270873021052e-08
1.240125862508478913e-08
1.238813454143943557e-08
1.237501045779423256e-08
1.236188637414898985e-08
1.234876229050364953e-08
1.233563820685833733e-08
1.232251412321326005e-08
1.230939003956790649e-08
1.229626595592260753e-08
1.228314187227714478e-08
1.227001778863216345e-08
1.225689370498682313e-08
1.224392528370336204e-08
1.223097237838551576e-08
1.221801947306764302e-08
1.220506656774957836e-08
1.219211366243173208e-08
1.217916075711397018e-08
1.216620785179601471e-08
1.215325494647792855e-08
1.214030204116019312e-08
1.212734913584223765e-08
1.211439623052426234e-08
1.210144332520636146e-08
1.208849041988844074e-08
1.207565851300839657e-08
1.206288855857913873e-08
1.205011860415005790e-08
1.203734864972090263e-08
1.202457869529176721e-08
1.201180874086256396e-08
1.199903878643342855e-08
1.198626883200426004e-08
1.197349887757505679e-08
1.196072892314603222e-08
1.194795896871693154e-08
1.193518901428768528e-08
1.192241905985864085e-08
1.190971105065546799e-08
1.189713950983486354e-08
1.188456796901428887e-08
1.187199642819368442e-08
1.185942488737321894e-08
1.184685334655264427e-08
1.183428180573198523e-08
1.182171026491145688e-08
1.180913872409090868e-08
1.179656718327027777e-08
1.178399564244979243e-08
1.177142410162915490e-08
1.175885256080862655e-08
1.174628101998791953e-08
1.173387031130945759e-08
1.172148555021884516e-08
1.170910078912808880e-08
1.169671602803733078e-08
1.168433126694671174e-08
1.167194650585605795e-08
1.165956174476532806e-08
1.164717698367457832e-08
1.163479222258386994e-08
1.162240746149331210e-08
1.161002270040261034e-08
1.159763793931172163e-08
1.158525317822106784e-08
1.157292733198639149e-08
1.156073433694072953e-08
1.154854134189504771e-08
1.153634834684947674e-08
1.152415535180353188e-08
1.151196235675789143e-08
1.149976936171216164e-08
1.148757636666654765e-08
1.147538337162097006e-08
1.146319037657513605e-08
1.145099738152955018e-08
1.143880438648371617e-08
1.142661139143810384e-08
1.141441839639230456e-08
1.140235106025431522e-08
1.139035143184023907e-08
1.137835180342636972e-08
1.136635217501240938e-08
1.135435254659841595e-08
1.134235291818442252e-08
1.133035328977041420e-08
1.131835366135659282e-08
1.130635403294263414e-08
1.129435440452864732e-08
1.128235477611476473e-08
1.127035514770074980e-08
1.125835551928681758e-08
1.124635589087281092e-08
1.123449407528300972e-08
1.122264961270779190e-08
1.121080515013262041e-08
1.119896068755756637e-08
1.118711622498238164e-08
1.117527176240717706e-08
1.116342729983215777e-08
1.115158283725706237e-08
1.113973837468195375e-08
1.112789391210683023e-08
1.111604944953161737e-08
1.110420498695649551e-08
1.109236052438144809e-08
1.108052006005322408e-08
1.106886263908345901e-08
1.105720521811378162e-08
1.104554779714417537e-08
1.103389037617455423e-08
1.102223295520474781e-08
1.101057553423514652e-08
1.099891811326540958e-08
1.098726069229586454e-08
1.097560327132607135e-08
1.096394585035640885e-08
1.095228842938678109e-08
1.094063100841709874e-08
1.092897358744738827e-08
1.091732538796486677e-08
1.090585739863235220e-08
1.089438940929974168e-08
1.088292141996719237e-08
1.087145343063472578e-08
1.085998544130223933e-08
1.084851745196960896e-08
1.083704946263700505e-08
1.082558147330450372e-08
1.081411348397193455e-08
1.080264549463938524e-08
1.079117750530676149e-08
1.077970951597426015e-08
1.076824152664173896e-08
1.075677353730913506e-08
1.074547544368535097e-08
1.073418273713144357e-08
1.072289003057771483e-08
1.071159732402396625e-08
1.070030461747025903e-08
1.068901191091642111e-08
1.067771920436267914e-08
1.066642649780884619e-08
1.065513379125498842e-08
1.064384108470126631e-08
1.063254837814744162e-08
1.062125567159369304e-08
1.060996296503991633e-08
1.059867025848605691e-08
1.058752321953114589e-08
1.057641671221973771e-08
1.056531020490819884e-08
1.055420369759660538e-08
1.054309719028514096e-08
1.053199068297359547e-08
1.052088417566219391e-08
1.050977766835064842e-08
1.049867116103910955e-08
1.048756465372759054e-08
1.047645814641610626e-08
1.046535163910465011e-08
1.045424513179304837e-08
1.044313862448166832e-08
1.043211910214423607e-08
1.042119120044855114e-08
1.041026329875287944e-08
1.039933539705718624e-08
1.038840749536152116e-08
1.037747959366571877e-08
1.036655169197003219e-08
1.035562379027430590e-08
1.034469588857861270e-08
1.033376798688283678e-08
1.032284008518719321e-08
1.031191218349145203e-08
1.030098428179568273e-08
1.029005638010009375e-08
1.027914106819759799e-08
1.026836568990150823e-08
1.025759031160525138e-08
1.024681493330902431e-08
1.023603955501282371e-08
1.022526417671676207e-08
1.021448879842050522e-08
1.020371342012433274e-08
1.019293804182813214e-08
1.018216266353193981e-08
1.017138728523576733e-08
1.016061190693962132e-08
1.014983652864344223e-08
1.013906115034719365e-08
1.012828577205099304e-08
0.000000000000000000e+00
0.000000000000000000e+00
0.000000000000000000e+00
0.000000000000000000e+00
0.000000000000000000e+00
0.000000000000000000e+00
0.000000000000000000e+00
0.000000000000000000e+00
0.000000000000000000e+00
0.000000000000000000e+00
0.000000000000000000e+00
0.000000000000000000e+00
0.000000000000000000e+00
0.000000000000000000e+00
0.000000000000000000e+00
0.000000000000000000e+00
0.000000000000000000e+00
0.000000000000000000e+00
0.000000000000000000e+00
0.000000000000000000e+00
0.000000000000000000e+00
0.000000000000000000e+00
0.000000000000000000e+00
0.000000000000000000e+00
0.000000000000000000e+00
0.000000000000000000e+00
0.000000000000000000e+00
0.000000000000000000e+00
0.000000000000000000e+00
0.000000000000000000e+00
0.000000000000000000e+00
0.000000000000000000e+00
0.000000000000000000e+00
0.000000000000000000e+00
0.000000000000000000e+00
0.000000000000000000e+00
0.000000000000000000e+00
0.000000000000000000e+00
0.000000000000000000e+00
0.000000000000000000e+00
0.000000000000000000e+00
0.000000000000000000e+00
0.000000000000000000e+00
0.000000000000000000e+00
0.000000000000000000e+00
0.000000000000000000e+00
0.000000000000000000e+00
0.000000000000000000e+00
0.000000000000000000e+00
0.000000000000000000e+00
0.000000000000000000e+00
0.000000000000000000e+00
0.000000000000000000e+00
0.000000000000000000e+00
0.000000000000000000e+00
0.000000000000000000e+00
0.000000000000000000e+00
0.000000000000000000e+00
0.000000000000000000e+00
0.000000000000000000e+00
0.000000000000000000e+00
0.000000000000000000e+00
0.000000000000000000e+00
0.000000000000000000e+00
0.000000000000000000e+00
0.000000000000000000e+00
0.000000000000000000e+00
0.000000000000000000e+00
0.000000000000000000e+00
0.000000000000000000e+00
0.000000000000000000e+00
0.000000000000000000e+00
0.000000000000000000e+00
0.000000000000000000e+00
0.000000000000000000e+00
0.000000000000000000e+00
0.000000000000000000e+00
0.000000000000000000e+00
0.000000000000000000e+00
0.000000000000000000e+00
0.000000000000000000e+00
0.000000000000000000e+00
0.000000000000000000e+00
0.000000000000000000e+00
0.000000000000000000e+00
