7.449524904860075336e-09
7.543189835977267234e-09
7.630434505185078140e-09
7.711380885250566669e-09
7.786233346021598886e-09
7.855301229321309324e-09
7.918692126502468878e-09
7.976591604405199725e-09
8.029249805144686730e-09
8.076672886189380996e-09
8.119271402989616287e-09
8.156970332705153397e-09
8.190042203396762031e-09
8.218661643169780608e-09
8.242913126846032815e-09
8.263038346762184223e-09
8.279074128869011690e-09
8.291243667551912668e-09
8.299566287062925589e-09
8.304330258215254767e-09
8.305616587933838917e-09
8.303429048311292834e-09
8.298150556235505937e-09
8.289550955821040445e-09
8.278183358404960159e-09
8.263675227057800240e-09
8.246551388289445513e-09
8.226784221315012219e-09
8.204350496259096627e-09
8.179595365645623663e-09
8.152429358965694380e-09
8.123110833314702407e-09
8.091705546163941841e-09
8.058181050194982089e-09
8.022815267675102630e-09
7.985600157316464068e-09
7.946649847726401451e-09
7.906145839215785752e-09
7.864060936271849710e-09
7.820501258999781330e-09
7.775645170936265384e-09
7.729476445573930017e-09
7.682120508052581026e-09
7.633722272888558086e-09
7.584288542446134151e-09
7.533835270901040327e-09
7.482561916316636418e-09
7.430523465291821594e-09
7.377704264020698128e-09
7.324240571277282864e-09
7.270233812230957235e-09
7.215674986110392302e-09
7.160642688454217797e-09
7.105262513682066017e-09
7.049529067184969905e-09
6.993525666235633678e-09
6.937308306343376988e-09
6.880937669265910483e-09
6.824447420597218227e-09
6.767895340059567437e-09
6.711340380328281665e-09
6.654818639618901473e-09
6.598383512217861721e-09
6.542078199741494540e-09
6.485956719504502347e-09
6.430025264385227658e-09
6.374330936155603967e-09
6.318966523141004089e-09
6.263885890029769465e-09
6.209137224313353930e-09
6.154798111675871583e-09
6.100884704491962107e-09
6.047389430566946991e-09
5.994386463377948747e-09
5.941845003680124652e-09
5.889833539413874056e-09
5.838362121259916865e-09
5.787489280367292114e-09
5.737157110439559452e-09
5.687384583945304511e-09
5.638264046059105983e-09
5.589784836167455664e-09
5.541964424409857839e-09
5.494754376891487874e-09
5.448199181289995125e-09
5.402367440591122290e-09
5.357219264577429581e-09
5.312725398914252962e-09
5.268914833562657350e-09
5.225817565883348929e-09
5.183504732387819706e-09
5.141913407390436423e-09
5.101004311777613652e-09
5.060778911808960740e-09
5.021233732207941416e-09
4.982461780531752071e-09
4.944462684955811156e-09
4.907156026218237913e-09
4.870528703077605428e-09
4.834582039965604234e-09
4.799336928962578062e-09
4.764881970791606964e-09
4.731135666814979315e-09
4.698050988708399649e-09
4.665623648621502050e-09
4.633849243698458113e-09
4.602767356677915321e-09
4.572405884995496109e-09
4.542712090348775665e-09
4.513637665315839869e-09
4.485168175096084027e-09
4.457295245052069901e-09
4.430045136380412613e-09
4.403457366235828266e-09
4.377470455930989548e-09
4.352041250286583943e-09
4.327209201204391665e-09
4.302924411831216850e-09
4.279157037923837444e-09
4.255992751952509741e-09
4.233374608897473186e-09
4.211238553472451665e-09
4.189565980414486060e-09
4.168344461089656721e-09
4.147618617134914208e-09
4.127385340836609723e-09
4.107638824255384970e-09
4.088318333894370467e-09
4.069381696882637500e-09
4.050816104662632936e-09
4.032653590303415839e-09
4.014889099697618441e-09
3.997492164810596778e-09
3.980451198000183140e-09
3.963740119789564757e-09
3.947339456111499433e-09
3.931284584999869872e-09
3.915490746572784673e-09
3.899947053654611178e-09
3.884649420408594262e-09
3.869685615945892312e-09
3.854974993635878250e-09
3.840460054702719693e-09
3.826128093818112960e-09
3.811999176036848372e-09
3.798080333986389134e-09
3.784311440755126086e-09
3.770692056450086168e-09
3.757264791144173952e-09
3.743981506678739183e-09
3.730798335623789418e-09
3.717709267390572143e-09
3.704740941292675901e-09
3.691857496589138670e-09
3.679040083174602237e-09
3.666291640159604115e-09
3.653621417397821895e-09
3.640984594339171479e-09
3.628376807813692047e-09
3.615802461803398143e-09
3.603240325858004007e-09
3.590685780360290462e-09
3.578133925054406501e-09
3.565568001562273592e-09
3.552986114518483600e-09
3.540372814135667061e-09
3.527718155256854103e-09
3.515032191017245671e-09
3.502296243780652558e-09
3.489497733604408103e-09
3.476656979062952075e-09
3.463746261768727676e-09
3.450739219219138045e-09
3.437671524502918477e-09
3.424497278513837882e-09
3.411238917479617531e-09
3.397921414025077882e-09
3.384466922868021639e-09
3.370938460291515104e-09
3.357331611959712842e-09
3.343578598382354547e-09
3.329746607817363598e-09
3.315766747744835385e-09
3.301667593714600177e-09
3.287502766591908141e-09
3.273169484010745610e-09
3.258759518415673217e-09
3.244243509568946338e-09
3.229587836392132753e-09
3.214869041858957265e-09
3.199971826891641527e-09
3.184981790543283757e-09
3.169869108509910537e-09
3.154623511104773050e-09
3.139324557549303642e-09
3.123856727615692951e-09
3.108332831965759312e-09
3.092693410416278736e-09
3.076955168817438900e-09
3.061150864264645481e-09
3.045188474580707769e-09
3.029183156791708538e-09
3.013033353033196156e-09
2.996838453726744051e-09
2.980555056184225565e-09
2.964201840928562027e-09
2.947793046130374185e-09
2.931298077290655236e-09
2.914776250528946622e-09
2.898158761489617563e-09
2.881523053447823140e-09
2.864797977966038116e-09
2.848054011898146840e-09
2.831265242030610301e-09
2.814456099353441942e-09
2.797621726813683898e-09
2.780768692201902533e-09
2.763902297278308449e-09
2.747026805890089673e-09
2.730147500527939916e-09
2.713272688536733077e-09
2.696398916627697617e-09
2.679555962674283599e-09
2.662716242314059977e-09
2.645929370392527877e-09
2.629146777906284989e-09
2.612432593351744944e-09
2.595727113131724658e-09
2.579103404042549283e-09
2.562494127066073811e-09
2.545981197691909563e-09
2.529489880193872526e-09
2.513121672813063727e-09
2.496781096273800812e-09
2.480593175808373618e-09
2.464430864975882686e-09
2.448423367785623880e-09
2.432438774742031267e-09
2.416629991269517839e-09
2.400837072322101669e-09
2.385245304088541554e-09
2.369657135299818665e-09
2.354299897156665075e-09
2.338942659013516448e-09
2.323864720490527008e-09
2.308804017949978693e-09
2.293999168538564966e-09
2.279238563269196737e-09
2.264697436343649538e-09
2.250230525381079788e-09
2.235957149367935290e-09
2.221799420582557891e-09
2.207799081485606664e-09
2.193963600841944184e-09
2.180240095705759204e-09
2.166739330200575602e-09
2.153309028304820206e-09
2.140237349355700364e-09
2.127165670406592515e-09
2.114454647906485803e-09
2.101751994992329141e-09
2.089336650981382290e-09
2.077005332826444024e-09
2.064885117338539830e-09
2.052935340651444508e-09
2.041107232995038669e-09
2.029542606952457190e-09
2.018003042164174306e-09
2.006846429333450389e-09
1.995689816502729780e-09
1.984907734307945819e-09
1.974225374883818647e-09
1.963742367971010841e-09
1.953458171392648217e-09
1.943251463695198784e-09
1.933366381181437996e-09
1.923481298667732629e-09
1.913943269217275794e-09
1.904457094873781174e-09
1.895178869019043406e-09
1.886086453079555115e-09
1.877067162462137604e-09
1.868409162863208498e-09
1.859751163264293454e-09
1.851438501068873798e-09
1.843217346942212666e-09
1.835144429219072038e-09
1.827298975602683144e-09
1.819453521986254339e-09
1.811970336391960347e-09
1.804494432596990739e-09
1.797215711551809690e-09
1.790099898435373210e-09
1.783017680282196508e-09
1.776250693623805384e-09
1.769483706965414467e-09
1.762963570552865664e-09
1.756590722348257742e-09
1.750264540772172349e-09
1.744231250466709849e-09
1.738197960161283537e-09
1.732355005485071928e-09
1.726624048879258807e-09
1.720922837267459019e-09
1.715482013192499040e-09
1.710041189117551054e-09
1.704751414049889314e-09
1.699582168482179190e-09
1.694412922914494709e-09
1.689495451403636582e-09
1.684580418188805328e-09
1.679782246161584232e-09
1.675155736630465589e-09
1.670529227099322750e-09
1.666069895192527388e-09
1.661652381535621929e-09
1.657267921859767175e-09
1.653039407721927604e-09
1.648810893584074385e-09
1.644673206125751223e-09
1.640616120955147263e-09
1.636559035784514145e-09
1.632631690493311138e-09
1.628724671495853005e-09
1.624842138218426632e-09
1.621071968210371123e-09
1.617301798202288110e-09
1.613589081479218804e-09
1.609940431774459762e-09
1.606291782069685210e-09
1.602701215517884538e-09
1.599130427170802310e-09
1.595559638823756271e-09
1.592047678240202511e-09
1.588535814886987117e-09
1.585033092574482577e-09
1.581561019070899632e-09
1.578088945567308000e-09
1.574626026118115073e-09
1.571174758672079163e-09
1.567723491226098261e-09
1.564271912114632276e-09
1.560820149097400202e-09
1.557368386080138557e-09
1.553896164272861876e-09
1.550418710958768039e-09
1.546941257644665517e-09
1.543425524294306716e-09
1.539907442197353062e-09
1.536385659224276647e-09
1.532811688524591116e-09
1.529237717824926472e-09
1.525652079061114602e-09
1.522008772067342003e-09
1.518365465073550586e-09
1.514702113271077297e-09
1.510978049641272951e-09
1.507253986011442549e-09
1.503495318755778359e-09
1.499658112493783518e-09
1.495820906231788678e-09
1.491945477178421716e-09
1.487996179466665139e-09
1.484046881754912077e-09
1.480058024679428786e-09
1.475996821876551626e-09
1.471935619073667435e-09
1.467833826815638145e-09
1.463654357338568497e-09
1.459474887861460798e-09
1.455258295870375521e-09
1.450959040088072180e-09
1.446659784305742783e-09
1.442329621841109123e-09
1.437908418603712760e-09
1.433487215366310607e-09
1.429039968874514412e-09
1.424468777342849670e-09
1.419897585811148532e-09
1.415318273995194859e-09
1.410631582895625686e-09
1.405944891796073057e-09
1.401258200696517946e-09
1.396467673142320179e-09
1.391670901196382019e-09
1.386874129250439310e-09
1.381994767207935648e-09
1.377093762273554352e-09
1.372192757339172229e-09
1.367233747698710536e-09
1.362238789940367132e-09
1.357243832182040893e-09
1.352211072599416147e-09
1.347125712931369890e-09
1.342040353263323426e-09
1.336939113249321682e-09
1.331772102566614769e-09
1.326605091883957900e-09
1.321438081201272493e-09
1.316221739730762561e-09
1.311002593758473867e-09
1.305783447786176488e-09
1.300538374050886180e-09
1.295280709015746430e-09
1.290023043980613505e-09
1.284756589643110987e-09
1.279475488008640203e-09
1.274194386374177071e-09
1.268912896226308170e-09
1.263624286350314847e-09
1.258335676474294848e-09
1.253047066598306695e-09
1.247765951629586003e-09
1.242488001805622678e-09
1.237210051981680860e-09
1.231943364112828098e-09
1.226699661114224950e-09
1.221455958115624283e-09
1.216212255117033128e-09
1.211015103441367387e-09
1.205821518195667856e-09
1.200627932949981974e-09
1.195467635667682323e-09
1.190340247222354928e-09
1.185212858777047385e-09
1.180089601270597896e-09
1.175043655109978992e-09
1.169997708949354298e-09
1.164951762788732085e-09
1.159960562770157775e-09
1.155010290668137743e-09
1.150060018566091035e-09
1.145118704307979864e-09
1.140301851118692142e-09
1.135484997929405454e-09
1.130668144740120420e-09
1.125923219152714813e-09
1.121240735673013186e-09
1.116558252193310732e-09
1.111875768713596284e-09
1.107330593301852801e-09
1.102788725565758742e-09
1.098246857829651242e-09
1.093764681362999591e-09
1.089375680972340268e-09
1.084986680581690457e-09
1.080597680191049332e-09
1.076332284226484269e-09
1.072102344516725572e-09
1.067872404806976180e-09
1.063665552990023136e-09
1.059605246738952890e-09
1.055544940487882643e-09
1.051484634236812604e-09
1.047522387143463498e-09
1.043671917800882074e-09
1.039821448458300651e-09
1.035970979115713230e-09
1.032257292210388760e-09
1.028584347700953768e-09
1.024911403191510091e-09
1.021246611162662693e-09
1.017753042526994402e-09
1.014259473891318460e-09
1.010765905255649343e-09
1.007325295425495611e-09
1.004013123221794010e-09
1.000700951018065940e-09
9.973887788143575152e-10
9.941668380685889767e-10
9.910316650170938037e-10
9.878964919656114520e-10
9.847613189141102820e-10
9.817575558709718596e-10
9.788104519878326709e-10
9.758633481046951366e-10
9.729162442215629789e-10
9.701348781170187337e-10
9.673808129023310067e-10
9.646267476876381099e-10
9.618726824729503829e-10
9.592763380713182336e-10
9.566817343134705151e-10
9.540871305556374790e-10
9.515063061184552419e-10
9.490647341870941758e-10
9.466231622557184272e-10
9.441815903243426786e-10
9.417632296036687950e-10
9.394656289720006516e-10
9.371680283403240296e-10
9.348704277086618832e-10
9.325995863131022566e-10
9.304341995813721187e-10
9.282688128496271951e-10
9.261034261178841326e-10
9.239672753521509752e-10
9.219389341753700346e-10
9.199105929986029494e-10
9.178822518218427917e-10
9.158758945219131388e-10
9.139609889801621787e-10
9.120460834384310709e-10
9.101311778966939660e-10
9.082291716113609646e-10
9.064041116901964469e-10
9.045790517690380297e-10
9.027539918478812669e-10
9.009338445201070064e-10
8.991875013405968362e-10
8.974411581610720869e-10
8.956948149815549891e-10
8.939484718020379946e-10
8.922637952130368802e-10
8.905823590656155468e-10
8.889009229182087924e-10
8.872194867708003836e-10
8.855803173668315462e-10
8.839512995781437126e-10
8.823222817894765585e-10
8.806932640007827279e-10
8.790934229323222312e-10
8.775106479688990575e-10
8.759278730054690596e-10
8.743450980420449553e-10
8.727727678849258608e-10
8.712146462389559247e-10
8.696565245929911586e-10
8.680984029470142949e-10
8.665422628141144814e-10
8.649948953187994584e-10
8.634475278234715108e-10
8.619001603281504907e-10
8.603527928328432226e-10
8.588028589020339490e-10
8.572526787677474473e-10
8.557024986334530874e-10
8.541523184991527304e-10
8.525923447470582525e-10
8.510260579876020551e-10
8.494597712281614707e-10
8.478934844687096160e-10
8.463198064428878376e-10
8.447262212253364032e-10
8.431326360077711135e-10
8.415390507902196791e-10
8.399454655726613170e-10
8.383130167049782294e-10
8.366762659647559046e-10
8.350395152245275828e-10
8.334027644843164249e-10
8.317449936630512240e-10
8.300659100985487346e-10
8.283868265340392143e-10
8.267077429695323822e-10
8.250259215818192594e-10
8.233005224928024342e-10
8.215751234037717536e-10
8.198497243147212208e-10
8.181243252257052227e-10
8.163700406842873505e-10
8.145954991699966048e-10
8.128209576556911765e-10
8.110464161413943303e-10
8.092678308567521015e-10
8.074441660432342943e-10
8.056205012297198991e-10
8.037968364161986798e-10
8.019731716026886273e-10
8.001206320683164607e-10
7.982437357189525262e-10
7.963668393695644999e-10
7.944899430201851591e-10
7.926130466708039571e-10
7.906862887643142800e-10
7.887578761800994115e-10
7.868294635958690333e-10
7.849010510116511663e-10
7.829586621989696819e-10
7.809912519455739793e-10
7.790238416921626637e-10
7.770564314387738888e-10
7.750890211853733265e-10
7.730977393433941744e-10
7.710968808247404430e-10
7.690960223060832995e-10
7.670951637874256390e-10
7.650934226523737897e-10
7.630662279981050343e-10
7.610390333438367958e-10
7.590118386895680404e-10
7.569846440352898758e-10
7.549516129326668084e-10
7.529060412721894901e-10
7.508604696117178586e-10
7.488148979512448830e-10
7.467693262907624982e-10
7.447175410187877891e-10
7.426609846253505046e-10
7.406044282319167356e-10
7.385478718384765559e-10
7.364913154450444412e-10
7.344369125480681347e-10
7.323831261761703582e-10
7.303293398042720648e-10
7.282755534323768733e-10
7.262217670604906774e-10
7.241802069556126066e-10
7.221392548093790615e-10
7.200983026631424145e-10
7.180573505169031825e-10
7.160184071591343417e-10
7.139995342837666539e-10
7.119806614084098229e-10
7.099617885330460643e-10
7.079429156576810649e-10
7.059298703811358763e-10
7.039413179037241893e-10
7.019527654263194300e-10
6.999642129489116722e-10
6.979756604714991581e-10
6.959968486421820985e-10
6.940463446961023735e-10
6.920958407499984534e-10
6.901453368039014611e-10
6.881948328578113963e-10
6.862601837677632722e-10
6.843658806252012379e-10
6.824715774826284503e-10
6.805772743400595918e-10
6.786829711974976610e-10
6.768038811599724293e-10
6.749658754094056254e-10
6.731278696588461628e-10
6.712898639082861832e-10
6.694518581577202066e-10
6.676272087565230416e-10
6.658498955304492949e-10
6.640725823043741006e-10
6.622952690783067645e-10
6.605179558522354993e-10
6.587494075919688587e-10
6.570388326868433062e-10
6.553282577817159961e-10
6.536176828765874451e-10
6.519071079714593077e-10
6.501967874746513583e-10
6.485543180100191447e-10
6.469118485453693536e-10
6.452693790807278342e-10
6.436269096160814551e-10
6.419844401514428309e-10
6.404033690000189795e-10
6.388342568949687168e-10
6.372651447899365486e-10
6.356960326848898014e-10
6.341269205798429508e-10
6.326108563892193715e-10
6.311258466369194707e-10
6.296408368846208107e-10
6.281558271323183250e-10
6.266708173800257654e-10
6.252132007537216404e-10
6.237993844577051540e-10
6.223855681616915627e-10
6.209717518656783850e-10
6.195579355696623122e-10
6.181510569522270258e-10
6.168075169968690650e-10
6.154639770415153436e-10
6.141204370861582100e-10
6.127768971308002492e-10
6.114333571754500433e-10
6.101427254667951468e-10
6.088676931265680101e-10
6.075926607863343593e-10
6.063176284461042240e-10
6.050425961058739854e-10
6.037932900070918483e-10
6.025817488483786175e-10
6.013702076896696261e-10
6.001586665309568089e-10
5.989471253722445088e-10
5.977355842135243504e-10
5.965887390764743280e-10
5.954420821591064468e-10
5.942954252417423912e-10
5.931487683243817477e-10
5.920021114070099373e-10
5.908875431440087822e-10
5.897994742519216441e-10
5.887114053598350229e-10
5.876233364677484017e-10
5.865352675756651927e-10
5.854497876062263422e-10
5.844073943007129129e-10
5.833650009951903847e-10
5.823226076896743705e-10
5.812802143841548408e-10
5.802378210786427557e-10
5.792166147516957946e-10
5.782146759478527739e-10
5.772127371440132686e-10
5.762107983401736600e-10
5.752088595363375669e-10
5.742069207324946496e-10
5.732368203131009697e-10
5.722684482987796672e-10
5.713000762844584682e-10
5.703317042701367521e-10
5.693633322558150361e-10
5.684037462603039166e-10
5.674619411885666001e-10
5.665201361168190472e-10
5.655783310450791457e-10
5.646365259733384171e-10
5.636947209016012040e-10
5.627676610493306471e-10
5.618478634278641264e-10
5.609280658063907814e-10
5.600082681849242607e-10
5.590884705634539142e-10
5.581686729419835678e-10
5.572604949594730402e-10
5.563527250225565815e-10
5.554449550856370209e-10
5.545371851487131176e-10
5.536294152117957284e-10
5.527229147541265483e-10
5.518209528076957989e-10
5.509189908612728043e-10
5.500170289148489825e-10
5.491150669684221622e-10
5.482131050219982370e-10
5.473117949198313906e-10
5.464113589044661122e-10
5.455109228891009372e-10
5.446104868737292482e-10
5.437100508583678989e-10
5.428096148430026205e-10
5.419075197301243207e-10
5.410042790510502667e-10
5.401010383719775568e-10
5.391977976928945072e-10
5.382945570138221075e-10
5.373913163347459856e-10
5.364838365099295082e-10
5.355746365444180766e-10
5.346654365789058179e-10
5.337562366134007969e-10
5.328470366478889518e-10
5.319378366823870328e-10
5.310197598764527778e-10
5.300992697076447114e-10
5.291787795388258917e-10
5.282582893700175152e-10
5.273377992012060367e-10
5.264173090323975567e-10
5.254886056350966618e-10
5.245580487680453737e-10
5.236274919009971875e-10
5.226969350339563425e-10
5.217663781669072258e-10
5.208358212998625551e-10
5.198973587864001649e-10
5.189569188801545790e-10
5.180164789739094066e-10
5.170760390676638207e-10
5.161355991614251624e-10
5.151951592551799900e-10
5.142480510142093092e-10
5.132985755833839505e-10
5.123491001525619004e-10
5.113996247217361281e-10
5.104501492909140780e-10
5.095006738600887192e-10
5.085465516848193625e-10
5.075896982142152948e-10
5.066328447436151562e-10
5.056759912730111919e-10
5.047191378024068141e-10
5.037622843318036770e-10
5.028028026802127578e-10
5.018404156179635613e-10
5.008780285557048523e-10
4.999156414934500723e-10
4.989532544312012895e-10
4.979908673689529202e-10
4.970278801329691340e-10
4.960632953183536286e-10
4.950987105037381232e-10
4.941341256891222042e-10
4.931695408745032867e-10
4.922049560598877813e-10
4.912404420055412164e-10
4.902788236742165495e-10
4.893172053428742015e-10
4.883555870115495346e-10
4.873939686802175265e-10
4.864323503488894474e-10
4.854707320175548543e-10
4.845141106365926386e-10
4.835593667053363309e-10
4.826046227740872610e-10
4.816498788428378809e-10
4.806951349115841581e-10
4.797403909803312625e-10
4.787898404088871317e-10
4.778460784971949831e-10
4.769023165855135879e-10
4.759585546738316756e-10
4.750147927621502804e-10
4.740710308504577182e-10
4.731272689387797351e-10
4.721977360473135616e-10
4.712683712531184967e-10
4.703390064589191925e-10
4.694096416647098587e-10
4.684802768705113817e-10
4.675509120763129047e-10
4.666325079228065703e-10
4.657232183285289506e-10
4.648139287342542778e-10
4.639046391399830687e-10
4.629953495457119114e-10
4.620860599514377038e-10
4.611781000965266194e-10
4.602932405573859660e-10
4.594083810182551870e-10
4.585235214791144819e-10
4.576386619399750692e-10
4.567538024008395857e-10
4.558689428617057565e-10
4.549970159154094753e-10
4.541373512576526704e-10
4.532776865998962791e-10
4.524180219421398879e-10
4.515583572843860815e-10
4.506986926266296903e-10
4.498390279688767628e-10
4.490049825115218158e-10
4.481730978893715531e-10
4.473412132672368000e-10
4.465093286450826598e-10
4.456774440229384458e-10
4.448455594007920605e-10
4.440217290961045755e-10
4.432185289104941652e-10
4.424153287248872705e-10
4.416121285392755677e-10
4.408089283536690866e-10
4.400057281680591416e-10
4.392025279824526605e-10
4.384162652752589592e-10
4.376418389735552771e-10
4.368674126718378431e-10
4.360929863701268197e-10
4.353185600684141420e-10
4.345441337667048764e-10
4.337697074649943184e-10
4.330232734226613662e-10
4.322819591898721547e-10
4.315406449570808236e-10
4.307993307242946107e-10
4.300580164915058645e-10
4.293167022587175319e-10
4.285768439893853554e-10
4.278642945430024741e-10
4.271517450966200582e-10
4.264391956502298357e-10
4.257266462038536235e-10
4.250140967574672785e-10
4.243015473110848625e-10
4.235942944418357243e-10
4.229077139815188224e-10
4.222211335212052810e-10
4.215345530608917912e-10
4.208479726005821788e-10
4.201613921402684823e-10
4.194748116799532347e-10
4.187959072700644275e-10
4.181344935395494509e-10
4.174730798090280120e-10
4.168116660785110709e-10
4.161502523479896320e-10
4.154888386174729494e-10
4.148274248869498044e-10
4.141737494788019580e-10
4.135342345743334395e-10
4.128947196698632149e-10
4.122552047653869416e-10
4.116156898609115472e-10
4.109761749564432355e-10
4.103366600519678410e-10
4.097039750795427394e-10
4.090840507948490138e-10
4.084641265101653694e-10
4.078442022254802774e-10
4.072242779407927556e-10
4.066043536561097833e-10
4.059844293714205555e-10
4.053701252304139573e-10
4.047695540787784354e-10
4.041689829271366580e-10
4.035684117755007225e-10
4.029678406238613233e-10
4.023672694722232165e-10
4.017666983205874878e-10
4.011684635003881457e-10
4.005809987260478522e-10
3.999935339517058526e-10
3.994060691773685577e-10
3.988186044030228875e-10
3.982311396286843000e-10
3.976436748543401291e-10
3.970563380730862305e-10
3.964797207213622439e-10
3.959031033696384123e-10
3.953264860179126679e-10
3.947498686661852174e-10
3.941732513144609722e-10
3.935966339627335217e-10
3.930200166110058127e-10
3.924504784695244182e-10
3.918828152790463016e-10
3.913151520885684434e-10
3.907474888980885691e-10
3.901798257076035765e-10
3.896121625171291305e-10
3.890444993266493078e-10
3.884801279605439584e-10
3.879188658626215283e-10
3.873576037646986847e-10
3.867963416667704644e-10
3.862350795688429162e-10
3.856738174709185216e-10
3.851125553729961432e-10
3.845521768455877030e-10
3.839957604620816504e-10
3.834393440785758046e-10
3.828829276950718716e-10
3.823265113115696964e-10
3.817700949280601799e-10
3.812136785445545409e-10
3.806572621610499359e-10
3.801034645273327530e-10
3.795503445583020280e-10
3.789972245892671671e-10
3.784441046202312206e-10
3.778909846511985310e-10
3.773378646821671340e-10
3.767847447131363573e-10
3.762324419300070302e-10
3.756816562352088732e-10
3.751308705404105094e-10
3.745800848456084749e-10
3.740292991508100594e-10
3.734785134560116955e-10
3.729277277612100747e-10
3.723769420664117108e-10
3.718281252236925083e-10
3.712796588743261134e-10
3.707311925249633891e-10
3.701827261755933753e-10
3.696342598262288932e-10
3.690857934768601719e-10
3.685373271274956899e-10
3.679896064210751333e-10
3.674437077719476700e-10
3.668978091228238772e-10
3.663519104737002913e-10
3.658060118245762918e-10
3.652601131754509998e-10
3.647142145263252942e-10
3.641683158771982961e-10
3.636243873701504636e-10
3.630814110183803362e-10
3.625384346666160507e-10
3.619954583148463886e-10
3.614524819630788461e-10
3.609095056113093391e-10
3.603665292595398838e-10
3.598235529077753915e-10
3.592846024418863775e-10
3.587456528250035501e-10
3.582067032081172589e-10
3.576677535912341730e-10
3.571288039743472097e-10
3.565898543574611253e-10
3.560509047405761265e-10
3.555134168807689945e-10
3.549799463354238640e-10
3.544464757900802846e-10
3.539130052447333964e-10
3.533795346993863531e-10
3.528460641540427219e-10
3.523125936086973847e-10
3.517791230633516339e-10
3.512487784777313460e-10
3.507218926678542383e-10
3.501950068579778028e-10
3.496681210481031250e-10
3.491412352382299465e-10
3.486143494283565095e-10
3.480874636184800740e-10
3.475605778086051894e-10
3.470387942493533239e-10
3.465200962088798161e-10
3.460013981684075491e-10
3.454827001279309911e-10
3.449640020874576901e-10
3.444453040469824245e-10
3.439266060065073658e-10
3.434079079660357708e-10
3.428957448961704211e-10
3.423862301450311290e-10
3.418767153938864603e-10
3.413672006427503735e-10
3.408576858916039470e-10
3.403481711404659474e-10
3.398386563893281545e-10
3.393291416381851918e-10
3.388270464168464724e-10
3.383275627862203196e-10
3.378280791555924607e-10
3.373285955249594320e-10
3.368291118943315731e-10
3.363296282637036625e-10
3.358301446330738908e-10
3.353306610024410688e-10
3.348400816265215293e-10
3.343531959663047436e-10
3.338663103060877511e-10
3.333794246458758768e-10
3.328925389856569715e-10
3.324056533254401341e-10
3.319187676652266054e-10
3.314318820050076484e-10
3.309524662899525445e-10
3.304777744839515300e-10
3.300030826779488094e-10
3.295283908719514655e-10
3.290536990659543284e-10
3.285790072599552785e-10
3.281043154539579346e-10
3.276296236479571269e-10
3.271605002696080327e-10
3.266980044704435977e-10
3.262355086712791627e-10
3.257730128721162270e-10
3.253105170729535497e-10
3.248480212737921133e-10
3.243855254746277300e-10
3.239230296754647943e-10
3.234636354850880744e-10
3.230141571701408609e-10
3.225646788551866681e-10
3.221152005402379037e-10
3.216657222252855203e-10
3.212162439103364973e-10
3.207667655953828215e-10
3.203172872804337985e-10
3.198678089654829144e-10
3.194299424750570970e-10
3.189925953939008038e-10
3.185552483127429596e-10
3.181179012315849087e-10
3.176805541504288223e-10
3.172432070692709781e-10
3.168058599881112211e-10
3.163685129069566340e-10
3.159384524270663788e-10
3.155129949188333497e-10
3.150875374105986146e-10
3.146620799023657923e-10
3.142366223941325048e-10
3.138111648858979764e-10
3.133857073776649474e-10
3.129602498694319183e-10
3.125373819795843440e-10
3.121245691734431256e-10
3.117117563673089899e-10
3.112989435611696843e-10
3.108861307550333773e-10
3.104733179488972771e-10
3.100605051427579715e-10
3.096476923366238358e-10
3.092348795304860812e-10
3.088293290079230220e-10
3.084264302551999100e-10
3.080235315024767463e-10
3.076206327497518765e-10
3.072177339970287128e-10
3.068148352443055491e-10
3.064119364915802140e-10
3.060090377388571020e-10
3.056079267320616632e-10
3.052141704782027687e-10
3.048204142243440810e-10
3.044266579704834805e-10
3.040329017166230867e-10
3.036391454627661568e-10
3.032453892089055563e-10
3.028516329550451625e-10
3.024578767011862680e-10
3.020691620182701365e-10
3.016839024244329664e-10
3.012986428305962099e-10
3.009133832367609527e-10
3.005281236429222833e-10
3.001428640490870261e-10
2.997576044552485635e-10
2.993723448614148055e-10
2.989870852675763429e-10
2.986084297051795965e-10
2.982303059289283536e-10
2.978521821526775243e-10
2.974740583764267467e-10
2.970959346001740045e-10
2.967178108239214691e-10
2.963396870476704330e-10
2.959615632714161398e-10
2.955847158511160560e-10
2.952132608578786314e-10
2.948418058646395008e-10
2.944703508714020763e-10
2.940988958781677020e-10
2.937274408849266068e-10
2.933559858916909401e-10
2.929845308984550665e-10
2.926130759052159359e-10
2.922439811321906556e-10
2.918785686591877572e-10
2.915131561861898736e-10
2.911477437131921968e-10
2.907823312401907976e-10
2.904169187671933276e-10
2.900515062941917734e-10
2.896860938211921320e-10
2.893206813481909914e-10
2.889578836503931446e-10
2.885974746223518160e-10
2.882370655943087814e-10
2.878766565662640407e-10
2.875162475382173355e-10
2.871558385101760069e-10
2.867954294821329723e-10
2.864350204540878180e-10
2.860746114260449902e-10
2.857170937822099227e-10
2.853616116403022787e-10
2.850061294983963407e-10
2.846506473564921604e-10
2.842951652145862225e-10
2.839396830726768723e-10
2.835842009307726404e-10
2.832287187888684602e-10
2.828732366469589033e-10
2.825205334814922070e-10
2.821698190473086294e-10
2.818191046131254653e-10
2.814683901789418360e-10
2.811176757447619290e-10
2.807669613105802642e-10
2.804162468763951356e-10
2.800655324422151769e-10
2.797148180080315993e-10
2.793664127137636142e-10
2.790202249134502867e-10
2.786740371131313757e-10
2.783278493128164973e-10
2.779816615125014637e-10
2.776354737121881363e-10
2.772892859118711382e-10
2.769430981115563114e-10
2.765969103112395201e-10
2.762525596784887322e-10
2.759113631263176902e-10
2.755701665741449422e-10
2.752289700219717289e-10
2.748877734697991359e-10
2.745465769176261811e-10
2.742053803654531746e-10
2.738641838132806333e-10
2.735229872611059207e-10
2.731825880797462614e-10
2.728464960086507453e-10
2.725104039375589515e-10
2.721743118664668993e-10
2.718382197953732960e-10
2.715021277242827947e-10
2.711660356531909493e-10
2.708299435820991038e-10
2.704938515110055523e-10
2.701577594399117422e-10
2.698261778374064749e-10
2.694952465668061363e-10
2.691643152962107607e-10
2.688333840256084576e-10
2.685024527550133405e-10
2.681715214844145012e-10
2.678405902138154550e-10
2.675096589432183734e-10
2.671787276726178280e-10
2.668508066916469413e-10
2.665256547786196770e-10
2.662005028655924128e-10
2.658753509525701634e-10
2.655501990395443985e-10
2.652250471265171343e-10
2.648998952134929203e-10
2.645747433004691199e-10
2.642495913874431482e-10
2.639250031342107564e-10
2.636057033193790769e-10
2.632864035045525673e-10
2.629671036897208877e-10
2.626478038748892082e-10
2.623285040600592864e-10
2.620092042452293130e-10
2.616899044303976334e-10
2.613706046155657471e-10
2.610513048007341193e-10
2.607355855951923815e-10
2.604222555959641734e-10
2.601089255967329152e-10
2.597955955975032079e-10
2.594822655982737074e-10
2.591689355990437417e-10
2.588556055998142412e-10
2.585422756005862400e-10
2.582289456013563259e-10
2.579158302114897226e-10
2.576094853858675382e-10
2.573031405602488175e-10
2.569967957346285976e-10
2.566904509090064132e-10
2.563841060833878476e-10
2.560777612577693338e-10
2.557714164321471493e-10
2.554650716065269294e-10
2.551587267809086224e-10
2.548548559550816784e-10
2.545548779405144444e-10
2.542548999259452459e-10
2.539549219113764609e-10
2.536549438968075209e-10
2.533549658822421998e-10
2.530549878676715020e-10
2.527550098531059741e-10
2.524550318385354831e-10
2.521550538239682491e-10
2.518592724734634903e-10
2.515655321676291555e-10
2.512717918617932697e-10
2.509780515559572289e-10
2.506843112501246002e-10
2.503905709442921783e-10
2.500968306384563443e-10
2.498030903326220095e-10
2.495093500267878815e-10
2.492156097209535468e-10
2.489276895892712066e-10
2.486405421661279523e-10
2.483533947429821130e-10
2.480662473198398926e-10
2.477790998966968451e-10
2.474919524735501786e-10
2.472048050504077514e-10
2.469176576272638250e-10
2.466305102041205707e-10
2.463434705327460344e-10
2.460622985625123331e-10
2.457811265922794590e-10
2.454999546220431727e-10
2.452187826518070932e-10
2.449376106815720994e-10
2.446564387113377260e-10
2.443752667411031975e-10
2.440940947708694445e-10
2.438129228006314521e-10
2.435322124336163961e-10
2.432569640867954160e-10
2.429817157399708171e-10
2.427064673931530424e-10
2.424312190463329412e-10
2.421559706995095830e-10
2.418807223526886030e-10
2.416054740058700011e-10
2.413302256590472633e-10
2.410549773122260765e-10
2.407801137473804068e-10
2.405110814484997342e-10
2.402420491496143570e-10
2.399730168507287730e-10
2.397039845518464461e-10
2.394349522529584840e-10
2.391659199540752264e-10
2.388968876551905213e-10
2.386278553563068502e-10
2.383588230574227655e-10
2.380897907585388876e-10
2.378258091000175601e-10
2.375619869810091689e-10
2.372981648620022771e-10
2.370343427429955920e-10
2.367705206239835819e-10
2.365066985049758112e-10
2.362428763859672132e-10
2.359790542669585119e-10
2.357152321479518268e-10
2.354514100289450383e-10
2.351916298754680250e-10
2.349328616333801054e-10
2.346740933912933231e-10
2.344153251492021982e-10
2.341565569071135031e-10
2.338977886650240842e-10
2.336390204229353891e-10
2.333802521808465906e-10
2.331214839387571718e-10
2.328627156966676495e-10
2.326066789642296480e-10
2.323528546263090909e-10
2.320990302883858714e-10
2.318452059504644872e-10
2.315913816125464118e-10
2.313375572746225460e-10
2.310837329366991972e-10
2.308299085987792089e-10
2.305760842608553432e-10
2.303222599229354582e-10
2.300694368903691699e-10
2.298200243283802878e-10
2.295706117663920261e-10
2.293211992044019550e-10
2.290717866424147790e-10
2.288223740804257935e-10
2.285729615184366788e-10
2.283235489564492960e-10
2.280741363944609310e-10
2.278247238324727985e-10
2.275753112704836838e-10
2.273295413142972953e-10
2.270845571195836333e-10
2.268395729248726596e-10
2.265945887301581187e-10
2.263496045354437071e-10
2.261046203407291920e-10
2.258596361460164865e-10
2.256146519513017388e-10
2.253696677565899121e-10
2.251246835618744148e-10
2.248811619270376440e-10
2.246404959184203085e-10
2.243998299098027662e-10
2.241591639011888686e-10
2.239184978925731358e-10
2.236778318839555935e-10
2.234371658753415925e-10
2.231964998667251359e-10
2.229558338581065079e-10
2.227151678494943422e-10
2.224745018408768775e-10
2.222368677967014181e-10
2.220001151977562704e-10
2.217633625988122084e-10
2.215266099998665179e-10
2.212898574009239551e-10
2.210531048019790401e-10
2.208163522030333496e-10
2.205795996040890808e-10
2.203428470051429508e-10
2.201060944061988888e-10
2.198698690027700286e-10
2.196371672169243189e-10
2.194044654310821765e-10
2.191717636452380953e-10
2.189390618593941434e-10
2.187063600735486405e-10
2.184736582877071442e-10
2.182409565018632957e-10
2.180082547160183356e-10
2.177755529301759864e-10
2.175428511443327582e-10
2.173117679510791782e-10
2.170830703051553192e-10
2.168543726592277896e-10
2.166256750133023020e-10
2.163969773673765043e-10
2.161682797214484319e-10
2.159395820755235906e-10
2.157108844295977929e-10
2.154821867836723054e-10
2.152534891377455254e-10
2.150247914918200379e-10
2.147983943829618642e-10
2.145735541455657564e-10
2.143487139081678132e-10
2.141238736707708523e-10
2.138990334333721595e-10
2.136741931959768271e-10
2.134493529585762990e-10
2.132245127211800877e-10
2.129996724837820412e-10
2.127748322463840980e-10
2.125499920089870337e-10
2.123281311781462362e-10
2.121075109797888201e-10
2.118868907814330326e-10
2.116662705830772192e-10
2.114456503847214059e-10
2.112250301863630334e-10
2.110044099880081764e-10
2.107837897896514066e-10
2.105631695912946368e-10
2.103425493929379704e-10
2.101219291945813040e-10
2.099042974708214199e-10
2.096877573357626848e-10
2.094712172007008220e-10
2.092546770656403809e-10
2.090381369305783113e-10
2.088215967955196797e-10
2.086050566604576101e-10
2.083885165253973758e-10
2.081719763903393904e-10
2.079554362552766745e-10
2.077388961202178361e-10
2.075250191067476904e-10
2.073124238053754488e-10
2.070998285040031814e-10
2.068872332026317670e-10
2.066746379012597322e-10
2.064620425998891967e-10
2.062494472985177823e-10
2.060368519971461611e-10
2.058242566957749793e-10
2.056116613944035908e-10
2.053990660930321764e-10
2.051887207129833164e-10
2.049803444908184127e-10
2.047719682686546205e-10
2.045635920464900529e-10
2.043552158243278634e-10
2.041468396021625461e-10
2.039384633799985471e-10
2.037300871578355821e-10
2.035217109356709370e-10
2.033133347135061625e-10
2.031049584913433268e-10
2.028978080413329161e-10
2.026934329136283962e-10
2.024890577859256340e-10
2.022846826582228460e-10
2.020803075305207042e-10
2.018759324028180455e-10
2.016715572751151541e-10
2.014671821474121593e-10
2.012628070197101467e-10
2.010584318920057302e-10
2.008540567643028646e-10
2.006496816365999732e-10
2.004491762848533498e-10
2.002486954693224623e-10
2.000482146537908251e-10
1.998477338382583349e-10
1.996472530227281970e-10
1.994467722071946211e-10
1.992462913916647158e-10
1.990458105761320964e-10
1.988453297606004592e-10
1.986448489450695975e-10
1.984443681295370815e-10
1.982464338837419202e-10
1.980502356159218284e-10
1.978540373480982728e-10
1.976578390802771987e-10
1.974616408124555043e-10
1.972654425446334738e-10
1.970692442768122963e-10
1.968730460089896196e-10
1.966768477411677959e-10
1.964806494733451191e-10
1.962844512055231920e-10
1.960886556696302587e-10
1.958961686080462784e-10
1.957036815464658394e-10
1.955111944848820659e-10
1.953187074233007998e-10
1.951262203617176725e-10
1.949337333001346486e-10
1.947412462385515472e-10
1.945487591769694022e-10
1.943562721153882136e-10
1.941637850538051897e-10
1.939712979922246732e-10
1.937807304072547975e-10
1.935918333598220854e-10
1.934029363123904589e-10
1.932140392649587290e-10
1.930251422175252673e-10
1.928362451700942870e-10
1.926473481226609287e-10
1.924584510752291988e-10
1.922695540277957371e-10
1.920806569803639038e-10
1.918917599329310883e-10
1.917028628854995652e-10
1.915172129382309228e-10
1.913320377997319226e-10
1.911468626612334653e-10
1.909616875227355249e-10
1.907765123842353357e-10
1.905913372457354825e-10
1.904061621072372320e-10
1.902209869687382318e-10
1.900358118302388956e-10
1.898506366917397920e-10
1.896654615532416449e-10
1.894806901337686490e-10
1.892988483306192204e-10
1.891170065274703347e-10
1.889351647243200272e-10
1.887533229211722272e-10
1.885714811180237550e-10
1.883896393148738870e-10
1.882077975117251047e-10
1.880259557085756761e-10
1.878441139054269971e-10
1.876622721022766897e-10
1.874804302991303889e-10
1.872995171434091440e-10
1.871209913274341004e-10
1.869424655114603493e-10
1.867639396954861588e-10
1.865854138795115547e-10
1.864068880635374934e-10
1.862283622475633029e-10
1.860498364315886987e-10
1.858713106156163435e-10
1.856927847996400075e-10
1.855142589836675488e-10
1.853357331676920658e-10
1.851584027936552718e-10
1.849833067248259034e-10
1.848082106559969744e-10
1.846331145871675284e-10
1.844580185183368675e-10
1.842829224495070855e-10
1.841078263806793197e-10
1.839327303118495377e-10
1.837576342430183598e-10
1.835825381741895342e-10
1.834074421053609154e-10
1.832323460365302804e-10
1.830582428936332968e-10
1.828861933264232226e-10
1.827141437592107702e-10
1.825420941919998429e-10
1.823700446247881660e-10
1.821979950575765924e-10
1.820259454903666216e-10
1.818538959231541692e-10
1.816818463559442242e-10
1.815097967887317718e-10
1.813377472215216975e-10
1.811656976543102274e-10
1.809942989398192696e-10
1.808253270915556407e-10
1.806563552432936404e-10
1.804873833950289259e-10
1.803184115467671323e-10
1.801494396985032967e-10
1.799804678502416066e-10
1.798114960019777451e-10
1.796425241537158482e-10
1.794735523054521159e-10
1.793045804571877375e-10
1.791356086089237726e-10
1.789666507738473107e-10
1.788007949927910103e-10
1.786349392117314011e-10
1.784690834306753075e-10
1.783032276496181540e-10
1.781373718685604577e-10
1.779715160875033042e-10
1.778056603064465902e-10
1.776398045253901863e-10
1.774739487443316370e-10
1.773080929632754658e-10
1.771422371822185191e-10
1.769763814011605126e-10
1.768125786373943445e-10
1.766496378708849288e-10
1.764866971043760302e-10
1.763237563378657356e-10
1.761608155713568628e-10
1.759978748048465683e-10
1.758349340383385485e-10
1.756719932718291328e-10
1.755090525053202341e-10
1.753461117388106117e-10
1.751831709723010668e-10
1.750202302057922973e-10
1.748582349840982281e-10
1.746983429764173472e-10
1.745384509687402662e-10
1.743785589610610138e-10
1.742186669533812186e-10
1.740587749457021989e-10
1.738988829380231533e-10
1.737389909303431513e-10
1.735790989226640282e-10
1.734192069149843364e-10
1.732593149073068159e-10
1.730994228996261677e-10
1.729395308919471480e-10
1.727821320277348875e-10
1.726252755134870433e-10
1.724684189992384495e-10
1.723115624849895455e-10
1.721547059707418048e-10
1.719978494564930042e-10
1.718409929422441002e-10
1.716841364279955065e-10
1.715272799137466025e-10
1.713704233994971298e-10
1.712135668852500611e-10
1.710567103710006143e-10
1.709005234224313134e-10
1.707464904532592338e-10
1.705924574840858618e-10
1.704384245149119468e-10
1.702843915457402808e-10
1.701303585765677618e-10
1.699763256073955788e-10
1.698222926382223101e-10
1.696682596690508767e-10
1.695142266998776080e-10
1.693601937307061747e-10
1.692061607615346120e-10
1.690521277923597407e-10
1.688997231821077229e-10
1.687486145486406729e-10
1.685975059151761303e-10
1.684463972817107088e-10
1.682952886482455200e-10
1.681441800147800985e-10
1.679930713813149096e-10
1.678419627478504704e-10
1.676908541143842993e-10
1.675397454809180248e-10
1.673886368474536890e-10
1.672375282139882675e-10
1.670864195805223290e-10
1.669375162937919950e-10
1.667892361956402591e-10
1.666409560974890660e-10
1.664926759993365804e-10
1.663443959011844051e-10
1.661961158030320229e-10
1.660478357048815795e-10
1.658995556067299470e-10
1.657512755085769186e-10
1.656029954104261650e-10
1.654547153122737828e-10
1.653064352141215041e-10
1.651581551159691219e-10
1.650123070578862555e-10
1.648667144757632156e-10
1.647211218936403825e-10
1.645755293115174201e-10
1.644299367293928809e-10
1.642843441472715471e-10
1.641387515651487139e-10
1.639931589830247951e-10
1.638475664009009022e-10
1.637019738187780690e-10
1.635563812366551325e-10
1.634107886545313171e-10
1.632651960724082772e-10
1.631222636069530501e-10
1.629795256244951184e-10
1.628367876420384015e-10
1.626940496595822016e-10
1.625513116771227964e-10
1.624085736946674496e-10
1.622658357122096470e-10
1.621230977297510948e-10
1.619803597472940419e-10
1.618376217648371958e-10
1.616948837823802463e-10
1.615521457999226506e-10
1.614094078174646412e-10
1.612689483125941799e-10
1.611288605896459073e-10
1.609887728666978415e-10
1.608486851437495431e-10
1.607085974207996420e-10
1.605685096978515763e-10
1.604284219749031745e-10
1.602883342519551087e-10
1.601482465290061899e-10
1.600081588060572453e-10
1.598680710831088435e-10
1.597279833601599247e-10
1.595878956372108766e-10
1.594495387971526711e-10
1.593119678870164751e-10
1.591743969768828641e-10
1.590368260667478313e-10
1.588992551566134706e-10
1.587616842464783344e-10
1.586241133363430173e-10
1.584865424262088634e-10
1.583489715160744768e-10
1.582114006059393665e-10
1.580738296958040235e-10
1.579362587856690166e-10
1.577986878755346301e-10
1.576622133916127437e-10
1.575272836064475563e-10
1.573923538212841267e-10
1.572574240361180862e-10
1.571224942509538036e-10
1.569875644657894951e-10
1.568526346806242043e-10
1.567177048954592754e-10
1.565827751102938812e-10
1.564478453251314080e-10
1.563129155399653934e-10
1.561779857547999992e-10
1.560430559696359234e-10
1.559082263180110386e-10
1.557757284808210067e-10
1.556432306436290103e-10
1.555107328064372465e-10
1.553782349692444228e-10
1.552457371320526590e-10
1.551132392948607660e-10
1.549807414576687954e-10
1.548482436204770316e-10
1.547157457832851644e-10
1.545832479460915653e-10
1.544507501089021796e-10
1.543182522717086839e-10
1.541857544345168167e-10
1.540545885848942536e-10
1.539244479627066968e-10
1.537943073405211044e-10
1.536641667183336768e-10
1.535340260961478518e-10
1.534038854739616133e-10
1.532737448517749352e-10
1.531436042295877144e-10
1.530134636074010364e-10
1.528833229852146686e-10
1.527531823630279906e-10
1.526230417408415452e-10
1.524929011186549706e-10
1.523627604964676464e-10
1.522351368500156499e-10
1.521075488423663417e-10
1.519799608347154050e-10
1.518523728270634084e-10
1.517247848194133248e-10
1.515971968117630601e-10
1.514696088041112704e-10
1.513420207964609799e-10
1.512144327888099398e-10
1.510868447811597785e-10
1.509592567735079888e-10
1.508316687658585513e-10
1.507040807582073044e-10
1.505771787263104844e-10
1.504518524402612112e-10
1.503265261542122741e-10
1.502011998681639574e-10
1.500758735821148911e-10
1.499505472960665743e-10
1.498252210100184903e-10
1.496998947239692171e-10
1.495745684379210038e-10
1.494492421518718341e-10
1.493239158658226643e-10
1.491985895797736238e-10
1.490732632937261601e-10
1.489479370076779727e-10
1.488237701320386032e-10
1.487006905239253547e-10
1.485776109158102968e-10
1.484545313076962987e-10
1.483314516995818870e-10
1.482083720914679924e-10
1.480852924833536841e-10
1.479622128752394534e-10
1.478391332671244988e-10
1.477160536590102940e-10
1.475929740508953394e-10
1.474698944427827372e-10
1.473468148346670072e-10
1.472237352265536812e-10
1.471021181394127968e-10
1.469813841478110655e-10
1.468606501562086880e-10
1.467399161646069567e-10
1.466191821730060784e-10
1.464984481814020724e-10
1.463777141898010908e-10
1.462569801981996955e-10
1.461362462065970853e-10
1.460155122149937514e-10
1.458947782233928731e-10
1.457740442317896167e-10
1.456533102401879888e-10
1.455325762485871106e-10
1.454131837148581715e-10
1.452945965208246957e-10
1.451760093267897207e-10
1.450574221327588557e-10
1.449388349387254833e-10
1.448202477446920076e-10
1.447016605506578080e-10
1.445830733566243323e-10
1.444644861625910891e-10
1.443458989685584664e-10
1.442273117745248872e-10
1.441087245804924972e-10
1.439901373864589438e-10
1.438715501924257783e-10
1.437540900721688623e-10
1.436376732418975983e-10
1.435212564116254038e-10
1.434048395813533901e-10
1.432884227510829016e-10
1.431720059208126199e-10
1.430555890905405029e-10
1.429391722602675328e-10
1.428227554299980266e-10
1.427063385997266592e-10
1.425899217694539218e-10
1.424735049391824510e-10
1.423570881089113162e-10
1.422406712786400522e-10
1.421249369875990338e-10
1.420107506245463226e-10
1.418965642614955501e-10
1.417823778984429423e-10
1.416681915353910841e-10
1.415540051723385797e-10
1.414398188092867215e-10
1.413256324462366987e-10
1.412114460831831344e-10
1.410972597201314831e-10
1.409830733570813568e-10
1.408688869940279994e-10
1.407547006309761412e-10
1.406405142679253687e-10
1.405263279048735105e-10
1.404141476491223659e-10
1.403019996849870438e-10
1.401898517208521354e-10
1.400777037567181058e-10
1.399655557925831973e-10
1.398534078284474358e-10
1.397412598643141559e-10
1.396291119001789372e-10
1.395169639360452178e-10
1.394048159719099992e-10
1.392926680077754268e-10
1.391805200436395619e-10
1.390683720795069282e-10
1.389562241153714769e-10
1.388452191336709687e-10
1.387351383227061130e-10
1.386250575117419035e-10
1.385149767007762982e-10
1.384048958898123989e-10
1.382948150788475432e-10
1.381847342678832303e-10
1.380746534569183746e-10
1.379645726459526658e-10
1.378544918349884564e-10
1.377444110240243503e-10
1.376343302130605802e-10
1.375242494020947422e-10
1.374141685911305328e-10
1.373041114487933635e-10
1.371960933698741358e-10
1.370880752909529695e-10
1.369800572120339486e-10
1.368720391331151604e-10
1.367640210541948471e-10
1.366560029752760588e-10
1.365479848963561849e-10
1.364399668174352254e-10
1.363319487385162045e-10
1.362239306595968734e-10
1.361159125806772063e-10
1.360078945017587541e-10
1.358998764228380014e-10
1.357918583439182309e-10
1.356845312985665529e-10
1.355784383069362764e-10
1.354723453153074216e-10
1.353662523236781274e-10
1.352601593320486264e-10
1.351540663404191254e-10
1.350479733487922093e-10
1.349418803571610798e-10
1.348357873655314754e-10
1.347296943739039131e-10
1.346236013822743863e-10
1.345175083906457641e-10
1.344114153990155910e-10
1.343053224073850302e-10
1.341992294157573386e-10
1.340943155272631095e-10
1.339902057514845162e-10
1.338860959757058453e-10
1.337819861999261662e-10
1.336778764241463062e-10
1.335737666483685659e-10
1.334696568725889127e-10
1.333655470968094663e-10
1.332614373210315192e-10
1.331573275452526156e-10
1.330532177694725230e-10
1.329491079936935161e-10
1.328449982179148193e-10
1.327408884421362259e-10
1.326367786663566761e-10
1.325340548579462070e-10
1.324318771314829623e-10
1.323296994050217080e-10
1.322275216785584116e-10
1.321253439520959682e-10
1.320231662256323616e-10
1.319209884991706162e-10
1.318188107727082762e-10
1.317166330462454192e-10
1.316144553197821745e-10
1.315122775933196277e-10
1.314100998668577272e-10
1.313079221403952321e-10
1.312057444139336676e-10
1.311035666874708106e-10
1.310027072923871036e-10
1.309023440840540784e-10
1.308019808757210015e-10
1.307016176673863478e-10
1.306012544590535811e-10
1.305008912507201165e-10
1.304005280423865485e-10
1.303001648340520757e-10
1.301998016257187145e-10
1.300994384173851465e-10
1.299990752090516818e-10
1.298987120007184757e-10
1.297983487923859934e-10
1.296979855840514948e-10
1.295976223757185730e-10
1.294984251291253306e-10
1.293999387394362304e-10
1.293014523497470009e-10
1.292029659600559620e-10
1.291044795703668101e-10
1.290059931806768568e-10
1.289075067909881961e-10
