-7.572825485183090892e-08
-7.532691866955495815e-08
-7.486160440237607157e-08
-7.433892885959819633e-08
-7.363681832773740365e-08
-7.319790123934366760e-08
-7.277455755106942732e-08
-7.218243977754577397e-08
-7.198319834661441225e-08
-7.146699139215218801e-08
-7.139157304959348244e-08
-7.104587434957422221e-08
-7.082558950386294163e-08
-7.068935115172072145e-08
-7.056189316992727892e-08
-7.063933123344484559e-08
-7.061013514536254843e-08
-7.074846814735737844e-08
-7.086945647177326143e-08
-7.111353391368666876e-08
-7.151323897024458616e-08
-7.176080165729958796e-08
-7.236088274102897488e-08
-7.267384743973034554e-08
-7.341160160973802139e-08
-7.395146638908857587e-08
-7.459519214768682065e-08
-7.552291588795745336e-08
-7.627613258314626795e-08
-7.720693565823581509e-08
-7.801255019630775431e-08
-7.902596784870862503e-08
-8.033721922560583616e-08
-8.132735681652666382e-08
-8.249419579857006637e-08
-8.375159480014208085e-08
-8.497955250266611750e-08
-8.637455315700868465e-08
-8.774625142268968441e-08
-8.912741447753079281e-08
-9.039954212342806125e-08
-9.196696516005289494e-08
-9.339937502360045403e-08
-9.505680352352045457e-08
-9.661852072658993673e-08
-9.801281763541243616e-08
-9.972683508608902798e-08
-1.013270926105792474e-07
-1.028654394282031790e-07
-1.045568829603397868e-07
-1.061686287044350067e-07
-1.079194331208126773e-07
-1.094563963029785680e-07
-1.111388607116249056e-07
-1.128909650252320464e-07
-1.144786454301049589e-07
-1.161938639595945144e-07
-1.177031453794370264e-07
-1.194268906469318419e-07
-1.209017715351382068e-07
-1.226115040794982115e-07
-1.241265453589437119e-07
-1.258357230157691499e-07
-1.271934672912973498e-07
-1.287820598346377553e-07
-1.303971592446956364e-07
-1.317464375533406221e-07
-1.332081666819576913e-07
-1.346199301461384170e-07
-1.358555870595013180e-07
-1.373184800592338412e-07
-1.387083893148368876e-07
-1.396935364930626343e-07
-1.411136161115107085e-07
-1.423335664116984018e-07
-1.435309560884841743e-07
-1.443288568854209853e-07
-1.455107039574416734e-07
-1.466347962829388527e-07
-1.475871676789914112e-07
-1.485342077886417334e-07
-1.491643147230978118e-07
-1.500588300398795016e-07
-1.508635630109928166e-07
-1.515847514289320984e-07
-1.523428896181256523e-07
-1.530117879070379678e-07
-1.533052693707393380e-07
-1.538070382239023609e-07
-1.543001453763039112e-07
-1.547756053651775613e-07
-1.551061231891678240e-07
-1.554477489416835743e-07
-1.557635006279553172e-07
-1.558780848814547796e-07
-1.560196822522594097e-07
-1.561088787260106724e-07
-1.560835944833437006e-07
-1.560818282445455512e-07
-1.559690992323988419e-07
-1.557720173806978553e-07
-1.555998857318680152e-07
-1.553134599508216478e-07
-1.549340106995012081e-07
-1.545646457978695575e-07
-1.540944055863437777e-07
-1.535670285668620135e-07
-1.530364806074892658e-07
-1.524070837335753517e-07
-1.517516848522594712e-07
-1.510793913789255504e-07
-1.502991016969137055e-07
-1.495095102003221433e-07
-1.486637548697702973e-07
-1.476768779106637662e-07
-1.467061358955205578e-07
-1.457050108893938358e-07
-1.448026317385953008e-07
-1.436293147442495186e-07
-1.424811220453118253e-07
-1.412867450259355545e-07
-1.400126014238948389e-07
-1.387754957276774214e-07
-1.374889222601537052e-07
-1.361436810922397031e-07
-1.347982011009085984e-07
-1.333993947238051271e-07
-1.319488701455661233e-07
-1.304655135436936458e-07
-1.290061154194023858e-07
-1.275097687448342007e-07
-1.259569340141725483e-07
-1.244047663179467665e-07
-1.228514516519405742e-07
-1.212370038933108569e-07
-1.196436749515613834e-07
-1.179817871835547385e-07
-1.163786013002631953e-07
-1.147589964762640351e-07
-1.131449830473286305e-07
-1.114543253260559373e-07
-1.097967005670740634e-07
-1.081077525273602030e-07
-1.064930209981742431e-07
-1.048867098944354203e-07
-1.031616462204196985e-07
-1.015729615398298301e-07
-1.000010726707745161e-07
-9.838094707426938964e-08
-9.673054388696268025e-08
-9.513998962703809926e-08
-9.363091695588894920e-08
-9.198713066505491665e-08
-9.052225784323201999e-08
-8.907770742979381616e-08
-8.766458203760702235e-08
-8.613202796643186155e-08
-8.474378093404733534e-08
-8.337405619365689852e-08
-8.193658995840097724e-08
-8.067485682765997351e-08
-7.943034021376315692e-08
-7.809150600855759051e-08
-7.694534047703909026e-08
-7.582413052724873372e-08
-7.462000873178833615e-08
-7.351970208186477171e-08
-7.248400272650923441e-08
-7.140822341993715213e-08
-7.047904977686116223e-08
-6.955955315051353474e-08
-6.863938745337516357e-08
-6.785270931507463923e-08
-6.708804924597408376e-08
-6.631621786655323451e-08
-6.556067030959568522e-08
-6.490940753270907552e-08
-6.429092855594072447e-08
-6.373097582467770169e-08
-6.313654340193817834e-08
-6.269895901138757180e-08
-6.226070313683850226e-08
-6.189279290081594972e-08
-6.151730559761235874e-08
-6.111574421192665137e-08
-6.089807248534220607e-08
-6.064457746459100598e-08
-6.046475134765087169e-08
-6.030273865407644297e-08
-6.008500713748180909e-08
-6.010463767437596281e-08
-6.001874525942516588e-08
-6.008499137992060647e-08
-6.004872563146449710e-08
-5.999672271830595077e-08
-6.021389779623792590e-08
-6.026349603696568347e-08
-6.054213657835770034e-08
-6.057602241066521000e-08
-6.061671356666743451e-08
-6.103859590045576004e-08
-6.119101219084798343e-08
-6.163752181771917044e-08
-6.177323875871918428e-08
-6.226469840065306754e-08
-6.248276778560251099e-08
-6.289842083194124214e-08
-6.328138397513424866e-08
-6.340938988123322977e-08
-6.401461692298644904e-08
-6.428082244537590040e-08
-6.491166369192277935e-08
-6.520086553853001118e-08
-6.585535072534965202e-08
-6.609815078502324230e-08
-6.676772708022861327e-08
-6.707660486819041931e-08
-6.774110243762801307e-08
-6.803248426538150257e-08
-6.828227965586930591e-08
-6.889362374254536200e-08
-6.917943731208268250e-08
-6.986394699204874532e-08
-7.012843871010307506e-08
-7.079483490616039945e-08
-7.102301821865479153e-08
-7.167316092689241196e-08
-7.192405828319192794e-08
-7.255939124858379854e-08
-7.272905370025145087e-08
-7.334812732856732298e-08
-7.348833012056716799e-08
-7.407904765694057865e-08
-7.427278337843232418e-08
-7.483225310420415964e-08
-7.497042800335839937e-08
-7.549580251245867817e-08
-7.561585989201134800e-08
-7.610367389695054045e-08
-7.621166533112504154e-08
-7.665584577673735395e-08
-7.664170828305329633e-08
-7.702244125103377621e-08
-7.702358760563341390e-08
-7.734972156150833972e-08
-7.732918434300050899e-08
-7.762132520252817675e-08
-7.770076546072243218e-08
-7.777117046169473338e-08
-7.800809957597568866e-08
-7.785573016667202872e-08
-7.801520858678902343e-08
-7.785431012716762700e-08
-7.795589876138116154e-08
-7.767065334619859784e-08
-7.769930947294315793e-08
-7.747128129691733411e-08
-7.743736963231915672e-08
-7.717641434930681395e-08
-7.707970278479324784e-08
-7.680185601707126963e-08
-7.660259532787728314e-08
-7.644649466339834874e-08
-7.606869710278579755e-08
-7.584889177104319438e-08
-7.543016000447976453e-08
-7.514317171987907256e-08
-7.467861575004478586e-08
-7.431781442119963115e-08
-7.387117538237348907e-08
-7.344745710774093580e-08
-7.302795643972440579e-08
-7.248736689191892717e-08
-7.201177241558319283e-08
-7.144831312292409752e-08
-7.091927346565060455e-08
-7.036005327979283278e-08
-6.977906632866244877e-08
-6.919791249770345103e-08
-6.856784681970718081e-08
-6.793305003066152029e-08
-6.730345247057991616e-08
-6.662308011796973231e-08
-6.599369349970023151e-08
-6.527434467526100160e-08
-6.455632926349217844e-08
-6.386881247870055830e-08
-6.311993039482127007e-08
-6.243919812760506125e-08
-6.166473862870680950e-08
-6.088613054697319508e-08
-6.020158380430611204e-08
-5.940640351722619900e-08
-5.873289958604021046e-08
-5.791913935682968086e-08
-5.712203756118836701e-08
-5.642333832798753232e-08
-5.560269439262514902e-08
-5.492618479125181491e-08
-5.410566249596623208e-08
-5.330550218899979932e-08
-5.259011447792229288e-08
-5.177696041788514201e-08
-5.111959758347031872e-08
-5.031701359727333895e-08
-4.950386373018063327e-08
-4.888659361327206902e-08
-4.810366466019004950e-08
-4.750417228061454596e-08
-4.675452767818912737e-08
-4.600488307576293454e-08
-4.542864922083193826e-08
-4.471016901369697169e-08
-4.414259234632478215e-08
-4.345350451531613817e-08
-4.277341723349769393e-08
-4.221997952751461653e-08
-4.158336575275008352e-08
-4.093894091852710156e-08
-4.047222801115089751e-08
-3.988024881279368853e-08
-3.941315347241710453e-08
-3.887445522943514342e-08
-3.833748347860521305e-08
-3.792218771168625778e-08
-3.745054877023873383e-08
-3.697700479114809117e-08
-3.661988029991039276e-08
-3.620442119095591794e-08
-3.582534956654746321e-08
-3.547113317630633438e-08
-3.511477245851838357e-08
-3.478478440692450185e-08
-3.448862608946580221e-08
-3.419246777201354796e-08
-3.393854384623729242e-08
-3.370179131379875660e-08
-3.346529027008760102e-08
-3.324550944252608767e-08
-3.307743345892952624e-08
-3.288461654817756462e-08
-3.273768549958432096e-08
-3.263476288256037207e-08
-3.245959569541134392e-08
-3.241761777332968545e-08
-3.237035297862521759e-08
-3.221470739055728694e-08
-3.222086576063066436e-08
-3.222702413070834312e-08
-3.212429158169926155e-08
-3.218098897061717673e-08
-3.223768635953723596e-08
-3.217706545249204973e-08
-3.228115772813247416e-08
-3.238525000376829947e-08
-3.229386796012147921e-08
-3.244846952110910286e-08
-3.260307108209672651e-08
-3.257658078718169145e-08
-3.276904356278939378e-08
-3.296150633839540866e-08
-3.296311510243013494e-08
-3.318634077651239142e-08
-3.340956645059096860e-08
-3.339486747251124444e-08
-3.364353889545046722e-08
-3.389221031838877017e-08
-3.391436672752039616e-08
-3.418497297958120478e-08
-3.445557923164784338e-08
-3.447713835244663999e-08
-3.476444963897989096e-08
-3.505176092550853619e-08
-3.499706392031281407e-08
-3.529572489827152392e-08
-3.559438587622854631e-08
-3.562156429314380896e-08
-3.592257235234967796e-08
-3.622358041155708220e-08
-3.624240229333414393e-08
-3.654041141704054638e-08
-3.683842054074418274e-08
-3.683513058187228119e-08
-3.712510817277455582e-08
-3.741508576367453421e-08
-3.741509541504514661e-08
-3.770640726619403438e-08
-3.798473040479976423e-08
-3.809204524954796889e-08
-3.821734595954770008e-08
-3.847694980009098482e-08
-3.875300848176874149e-08
-3.865368974445300897e-08
-3.888678197406022419e-08
-3.911987420366529537e-08
-3.908577481214823693e-08
-3.929198531697869834e-08
-3.949819582181513529e-08
-3.944158469062473001e-08
-3.961810581230922352e-08
-3.979462693399495448e-08
-3.976651321842061576e-08
-3.987529643870098158e-08
-4.001942009406886930e-08
-4.017131185338299384e-08
-4.006623022075683370e-08
-4.017540218826835537e-08
-4.028457415578080348e-08
-4.013838927096352380e-08
-4.020300168727458227e-08
-4.026761410358533634e-08
-4.013484383814047904e-08
-4.015755321042392942e-08
-4.017902450143469666e-08
-4.020297373671361008e-08
-4.004701020396573660e-08
-4.003153715308020017e-08
-4.001606410219342627e-08
-3.984834614439452541e-08
-3.979479243869179004e-08
-3.974123873298982229e-08
-3.966370107632614317e-08
-3.948347825401334600e-08
-3.938905870398804954e-08
-3.929463915396121122e-08
-3.909125131820578684e-08
-3.895189245150965089e-08
-3.881253358481413037e-08
-3.862319753863358590e-08
-3.839917788595727972e-08
-3.821685347918085856e-08
-3.803452907240597265e-08
-3.779666743520463557e-08
-3.759184379604384979e-08
-3.738702015687937810e-08
-3.717418006676337879e-08
-3.693384416022736780e-08
-3.670256191865026142e-08
-3.647127967707591451e-08
-3.621379180801821144e-08
-3.595437737430332002e-08
-3.569496294058888520e-08
-3.543423891619335411e-08
-3.517874941847103877e-08
-3.489169390682021572e-08
-3.460463839517061027e-08
-3.435687625148177392e-08
-3.404851386408297565e-08
-3.374198655469241711e-08
-3.343545924530462467e-08
-3.318343031557971847e-08
-3.286660765187006736e-08
-3.254978498815872880e-08
-3.224758771646167628e-08
-3.198310297571807242e-08
-3.166221020884350049e-08
-3.134131744197152921e-08
-3.109379329347586999e-08
-3.077096746580836956e-08
-3.045094664954185067e-08
-3.013092583327425975e-08
-2.988230601456898731e-08
-2.956753741336238670e-08
-2.925276881215701362e-08
-2.893496867320846928e-08
-2.871018078862593080e-08
-2.840391349897407898e-08
-2.809764620932430172e-08
-2.782780601635509495e-08
-2.758334230422249017e-08
-2.729193001773245408e-08
-2.700051773124165038e-08
-2.679511949898882407e-08
-2.652146608632924332e-08
-2.625296435818305092e-08
-2.598446263003501886e-08
-2.578568012532709809e-08
-2.554130528171410707e-08
-2.529693043810050062e-08
-2.505255559448689749e-08
-2.486463259195472555e-08
-2.464761352286017281e-08
-2.443059445376523627e-08
-2.421357538466937990e-08
-2.404302939075388271e-08
-2.385533514907625531e-08
-2.366764090740184729e-08
-2.347994666572613895e-08
-2.333845891070999970e-08
-2.318076505314930122e-08
-2.302307119558806672e-08
-2.286525757509353153e-08
-2.273178817848044636e-08
-2.260963034284838081e-08
-2.248747250721393629e-08
-2.236550466782323583e-08
-2.224584579579350862e-08
-2.215675450580090908e-08
-2.206766321580953378e-08
-2.197884796686993316e-08
-2.187829653088033904e-08
-2.181928788851263097e-08
-2.176027924614699086e-08
-2.170127060378051034e-08
-2.159538197221649396e-08
-2.156471742276118559e-08
-2.153405287330472909e-08
-2.150338832384888471e-08
-2.142014384741659874e-08
-2.141518022437145207e-08
-2.141021660132377092e-08
-2.140525297827916026e-08
-2.132993872308034590e-08
-2.134796046378069181e-08
-2.136598220448004179e-08
-2.138400394517992779e-08
-2.127507239302251002e-08
-2.131959123478520830e-08
-2.136282993821140110e-08
-2.140606864163743838e-08
-2.133361496506500027e-08
-2.139544024919319737e-08
-2.145542061245025700e-08
-2.151540097570846475e-08
-2.153471277085391230e-08
-2.152047636823853736e-08
-2.159312317698288196e-08
-2.166576998572776588e-08
-2.174251287708841071e-08
-2.167177296866132368e-08
-2.175287021994642943e-08
-2.183396747123015543e-08
-2.191506472251464906e-08
-2.185864622076259115e-08
-2.194504567340302514e-08
-2.203144512604330693e-08
-2.211784457868244060e-08
-2.205534376397174975e-08
-2.214027983483402308e-08
-2.222894162446589285e-08
-2.231760341409684280e-08
-2.242085542324737473e-08
-2.230698228542385187e-08
-2.239332898756887803e-08
-2.247967568971635925e-08
-2.256602239186269235e-08
-2.250308014824886325e-08
-2.258279233736522008e-08
-2.266250452647896632e-08
-2.274221671559271587e-08
-2.272736324176917880e-08
-2.274660282741059919e-08
-2.281702993057578806e-08
-2.288745703373913067e-08
-2.295788413690600368e-08
-2.287325864315581130e-08
-2.293236027048280481e-08
-2.299146189780971892e-08
-2.305056352513724845e-08
-2.298277623914817490e-08
-2.302341221300742784e-08
-2.306947866955207561e-08
-2.311554512609587965e-08
-2.316250844894635057e-08
-2.305403608900236816e-08
-2.308322881595831160e-08
-2.311242154291533038e-08
-2.314161426987180983e-08
-2.305924479240048674e-08
-2.304841176641641541e-08
-2.305863905708684985e-08
-2.306886634775621226e-08
-2.307909363842664669e-08
-2.298526098105232378e-08
-2.297820036737117588e-08
-2.297113975369064339e-08
-2.296407914000941938e-08
-2.292954539409451428e-08
-2.284157805735767128e-08
-2.281722435747861898e-08
-2.279287065759880236e-08
-2.276851695772036548e-08
-2.266209498256590983e-08
-2.262345923897225816e-08
-2.258215264387053525e-08
-2.254084604876773700e-08
-2.249955909212717589e-08
-2.238797028868407045e-08
-2.233058407957796750e-08
-2.227319787047370751e-08
-2.221581166136821999e-08
-2.214559295229109544e-08
-2.202671796096057116e-08
-2.195197016139173606e-08
-2.187722236182282486e-08
-2.180247456225529339e-08
-2.169486155933896317e-08
-2.160567828180096449e-08
-2.151759292155292749e-08
-2.142950756130443058e-08
-2.134142220105838875e-08
-2.123124352088607872e-08
-2.113328045101845019e-08
-2.103519395575885877e-08
-2.093710746049857913e-08
-2.083902096523761128e-08
-2.072208158203942876e-08
-2.061640153111672615e-08
-2.051072148019333201e-08
-2.040504142926978568e-08
-2.029959473816745810e-08
-2.018656991183972819e-08
-2.007564451290431012e-08
-1.996471911396758511e-08
-1.985379371503278247e-08
-1.974249782138431842e-08
-1.963633112731607729e-08
-1.952255550967607866e-08
-1.940877989203492860e-08
-1.929500427439447337e-08
-1.918208642520176174e-08
-1.907449306577581504e-08
-1.896131794146879810e-08
-1.884814281716239658e-08
-1.873496769285484362e-08
-1.862473696094269064e-08
-1.852532420000259030e-08
-1.841629639563206561e-08
-1.830726859126391659e-08
-1.819824078689385183e-08
-1.809203556913469073e-08
-1.799908635606190193e-08
-1.789612186809337835e-08
-1.779315738012592679e-08
-1.769019289215978217e-08
-1.758717585941415370e-08
-1.749082287346604016e-08
-1.739569519154629141e-08
-1.730056750962539453e-08
-1.720543982770587739e-08
-1.710940082807430477e-08
-1.703081007171816161e-08
-1.694472000300662015e-08
-1.685862993429492318e-08
-1.677253986558307401e-08
-1.668634240251340942e-08
-1.660752962083498671e-08
-1.653304157598157667e-08
-1.645855353112808721e-08
-1.638406548627230150e-08
-1.630957744141881205e-08
-1.622850326423627191e-08
-1.616857056309543242e-08
-1.610863786195635318e-08
-1.604870516081635741e-08
-1.598877245967582563e-08
-1.591575547867369383e-08
-1.586889754000783120e-08
-1.582086141300369151e-08
-1.577282528600024003e-08
-1.572478915899578932e-08
-1.565974515560015826e-08
-1.561080445200408127e-08
-1.557432933830404263e-08
-1.553785422460584365e-08
-1.550137911090695644e-08
-1.546723133447208507e-08
-1.540003978884038232e-08
-1.537444436661239175e-08
-1.534884894438278983e-08
-1.532325352215479925e-08
-1.529765809992619326e-08
-1.523442043774954627e-08
-1.521908905230577746e-08
-1.520371533504233728e-08
-1.518834161777935369e-08
-1.517296790051637011e-08
-1.511732911082118636e-08
-1.509381136561871972e-08
-1.508888089522192725e-08
-1.508395042482444657e-08
-1.507901995442757469e-08
-1.507690096690692715e-08
-1.500541212847749091e-08
-1.500821232245577083e-08
-1.501101251643282322e-08
-1.501381271041025941e-08
-1.501661290438830772e-08
-1.494849923583022115e-08
-1.496168322573071705e-08
-1.496923088922401282e-08
-1.497677855271616046e-08
-1.498432621620961174e-08
-1.499687084260416284e-08
-1.492929142552928298e-08
-1.493972274301645843e-08
-1.495015406050394160e-08
-1.496058537798942960e-08
-1.497101669547687306e-08
-1.490234342686100656e-08
-1.491763003590773783e-08
-1.492937387582440843e-08
-1.494111771574153563e-08
-1.495286155565801432e-08
-1.496721650215045004e-08
-1.490484033741484537e-08
-1.491629543696695392e-08
-1.492775053651818235e-08
-1.493920563607036700e-08
-1.495066073562209505e-08
-1.490880845233498596e-08
-1.487912378538149860e-08
-1.488822955610118850e-08
-1.489733532682011077e-08
-1.490644109753949296e-08
-1.491554686825830274e-08
-1.484532568863010752e-08
-1.485278173813630414e-08
-1.485785322976371963e-08
-1.486292472138956182e-08
-1.486799621301728337e-08
-1.487648219891927217e-08
-1.481076708004332270e-08
-1.481105139092560791e-08
-1.481133570180762511e-08
-1.481162001268795486e-08
-1.481190432357050807e-08
-1.478820716414745745e-08
-1.473724529930919863e-08
-1.473212609889362409e-08
-1.472700689847571028e-08
-1.472188769805929202e-08
-1.471676849764291346e-08
-1.466267460102779756e-08
-1.464418450514629050e-08
-1.463322200376730215e-08
-1.462225950238777778e-08
-1.461129700100936349e-08
-1.460033449963068285e-08
-1.453130311558579192e-08
-1.451701976829257223e-08
-1.449990595410182796e-08
-1.448279213991142778e-08
-1.446567832572129727e-08
-1.444856451152997893e-08
-1.436654908700705464e-08
-1.434295157779442008e-08
-1.431856336052763815e-08
-1.429417514326123837e-08
-1.426978692599533821e-08
-1.424553854929655564e-08
-1.418263770669532627e-08
-1.415305244336452794e-08
-1.412346718003127289e-08
-1.409388191669963084e-08
-1.406429665336856120e-08
-1.403533018966154166e-08
-1.396827395292302654e-08
-1.393430130891965331e-08
-1.390032866491716186e-08
-1.386635602091382668e-08
-1.383238337691068340e-08
-1.379887631765168053e-08
-1.373237579483825980e-08
-1.369483345447799210e-08
-1.365729111411849202e-08
-1.361974877375880170e-08
-1.358220643339907167e-08
-1.354466409303968574e-08
-1.348172647351633871e-08
-1.344160516814174626e-08
-1.340144119305904514e-08
-1.336127721797538449e-08
-1.332111324289287361e-08
-1.328094926781044050e-08
-1.321815628897189391e-08
-1.317700706000041763e-08
-1.313509678811876074e-08
-1.309318651623648843e-08
-1.305127624435544366e-08
-1.300936597247374707e-08
-1.294488685480371304e-08
-1.290402659866640732e-08
-1.286194033334084184e-08
-1.281985406801546826e-08
-1.277776780268990278e-08
-1.273568153736395348e-08
-1.268472598462966017e-08
-1.263784095996282485e-08
-1.259691452337102648e-08
-1.255598808677988157e-08
-1.251506165018831316e-08
-1.247413521359670669e-08
-1.243245229547145449e-08
-1.237930988194337256e-08
-1.234027091027883777e-08
-1.230123193861518642e-08
-1.226219296695072939e-08
-1.222315399528711443e-08
-1.218428211494940430e-08
-1.212666029153344337e-08
-1.209030994316070999e-08
-1.205391348765162993e-08
-1.201751703214132233e-08
-1.198112057663220422e-08
-1.194472412112339216e-08
-1.189604802964115850e-08
-1.186123775791689434e-08
-1.182809084577225684e-08
-1.179494393362608409e-08
-1.176179702148148463e-08
-1.172865010933600341e-08
-1.169490138000400041e-08
-1.164197355001891593e-08
-1.161316664000101810e-08
-1.158435972998469358e-08
-1.155555281996710181e-08
-1.152674590995046957e-08
-1.149793899993353127e-08
-1.144256463628552377e-08
-1.141970863132637744e-08
-1.139521214584189815e-08
-1.137071566035830228e-08
-1.134621917487382464e-08
-1.132172268939111055e-08
-1.129257059920177836e-08
-1.125235006215416214e-08
-1.123157787456331641e-08
-1.121080568697143671e-08
-1.119003349937997721e-08
-1.116926131178851772e-08
-1.114848912419648251e-08
-1.109288387044716260e-08
-1.107790812859758475e-08
-1.106062274642453688e-08
-1.104333736425271489e-08
-1.102605198208054714e-08
-1.100876659990722960e-08
-1.099296799628809413e-08
-1.094616633653873416e-08
-1.093194319603355810e-08
-1.091772005552964597e-08
-1.090349691502362618e-08
-1.088927377451940800e-08
-1.087505063401449995e-08
-1.083644668120371058e-08
-1.081558011648923094e-08
-1.080392115846796457e-08
-1.079226220044508685e-08
-1.078060324242320672e-08
-1.076894428440094277e-08
-1.075728532637848692e-08
-1.069857101569431211e-08
-1.069089242038700111e-08
-1.068137791801753016e-08
-1.067186341564798146e-08
-1.066234891327785703e-08
-1.065283441090903790e-08
-1.064604478400982375e-08
-1.059591437471010113e-08
-1.058742381794092565e-08
-1.057893326117125056e-08
-1.057044270440122970e-08
-1.056195214763243804e-08
-1.055346159086237914e-08
-1.053377820351565061e-08
-1.049747963028036442e-08
-1.048939711435652323e-08
-1.048131459843417759e-08
-1.047323208251037445e-08
-1.046514956658718508e-08
-1.045706705066430342e-08
-1.042393150758616198e-08
-1.040015163522836415e-08
-1.039184581752320932e-08
-1.038353999981932008e-08
-1.037523418211443326e-08
-1.036692836441054236e-08
-1.035862254670699722e-08
-1.031743565827256191e-08
-1.030215192458213258e-08
-1.029318631038469979e-08
-1.028422069618722894e-08
-1.027525508198979614e-08
-1.026628946779194148e-08
-1.025732385359504635e-08
-1.021309915594714360e-08
-1.020104300137438901e-08
-1.019093421913628309e-08
-1.018082543689879095e-08
-1.017071665466064863e-08
-1.016060787242319454e-08
-1.015049909018443846e-08
-1.009676549337051040e-08
-1.008242730685569718e-08
-1.007047403601800058e-08
-1.005852076518053229e-08
-1.004656749434310370e-08
-1.003461422350506135e-08
-1.002266095266797687e-08
-9.982966194644905443e-09
-9.964299175948104241e-09
-9.950800641128000935e-09
-9.937302106307895975e-09
-9.923803571487446908e-09
-9.910305036667649659e-09
-9.896806501847238641e-09
-9.864901674970362780e-09
-9.839205541164536265e-09
-9.824196531670504585e-09
-9.809187522177086673e-09
-9.794178512683668760e-09
-9.779169503189905086e-09
-9.764160493696105016e-09
-9.738904992860890220e-09
-9.700151648069916685e-09
-9.683779752474061804e-09
-9.667407856878895137e-09
-9.651035961282464538e-09
-9.634664065686991814e-09
-9.618292170090829222e-09
-9.603903388487838050e-09
-9.560524625440028459e-09
-9.543000480471580937e-09
-9.525476335504281542e-09
-9.507952190537405664e-09
-9.490428045569532205e-09
-9.472903900602042559e-09
-9.455520629682459581e-09
-9.408569288372097232e-09
-9.391482916101181065e-09
-9.373053084530615123e-09
-9.354623252959357658e-09
-9.336193421388753666e-09
-9.317763589818187723e-09
-9.299333758246700302e-09
-9.261881621971461379e-09
-9.234271838355675917e-09
-9.215337567103617858e-09
-9.196403295852213271e-09
-9.177469024600386823e-09
-9.158534753348636475e-09
-9.139600482096886127e-09
-9.121607582597335411e-09
-9.082279468366010691e-09
-9.063354775936848226e-09
-9.044430083506458226e-09
-9.025505391077335466e-09
-9.006580698647443428e-09
-8.987656006217667195e-09
-8.968731313788236724e-09
-8.925554803794173592e-09
-8.907703051992591966e-09
-8.889149396463930962e-09
-8.870595740934692586e-09
-8.852042085406337639e-09
-8.833488429877023163e-09
-8.814934774347748391e-09
-8.794577572495114396e-09
-8.758227733468797490e-09
-8.740315418181115998e-09
-8.722403102893204549e-09
-8.704490787606520637e-09
-8.686578472318839145e-09
-8.668666157031195703e-09
-8.650753841743246205e-09
-8.613502968699636796e-09
-8.595123956345185855e-09
-8.578077874263472137e-09
-8.561031792181872571e-09
-8.543985710100656816e-09
-8.526939628019020854e-09
-8.509893545937805100e-09
-8.494437008028628423e-09
-8.451718895600927678e-09
-8.435824200148547190e-09
-8.419904649938317641e-09
-8.403985099727858136e-09
-8.388065549517360580e-09
-8.372145999307207131e-09
-8.356226449097285293e-09
-8.330700238325230597e-09
-8.302324389322646448e-09
-8.287612346102532585e-09
-8.272900302882074615e-09
-8.258188259661078978e-09
-8.243476216440965115e-09
-8.228764173220277188e-09
-8.214052129999781168e-09
-8.178641737293872933e-09
-8.163272667601561463e-09
-8.149658265487140089e-09
-8.136043863373026426e-09
-8.122429461258452851e-09
-8.108815059144493044e-09
-8.095200657029803663e-09
-8.082083342749710754e-09
-8.044073320547496598e-09
-8.032649795171332250e-09
-8.020017513000072054e-09
-8.007385230829005418e-09
-7.994752948657708826e-09
-7.982120666486258378e-09
-7.969488384315383648e-09
-7.958409961650628833e-09
-7.919378881638590179e-09
-7.907920998169465883e-09
-7.896167186820975058e-09
-7.884413375473098002e-09
-7.872659564124683277e-09
-7.860905752776536560e-09
-7.849151941428007685e-09
-7.838345909853960959e-09
-7.803622039736479667e-09
-7.792590553794313908e-09
-7.781559067851689891e-09
-7.770527581909218075e-09
-7.759496095966744605e-09
-7.748464610024426645e-09
-7.737433124081762923e-09
-7.725638733607778991e-09
-7.684533061451827415e-09
-7.674118978582286847e-09
-7.663704895712706575e-09
-7.653290812842666390e-09
-7.642876729973431879e-09
-7.632462647103889657e-09
-7.622048564234617096e-09
-7.612057958688432230e-09
-7.576026650220391225e-09
-7.565881428281831196e-09
-7.555736206343769130e-09
-7.545590984405553208e-09
-7.535445762467300891e-09
-7.525300540529084969e-09
-7.515155318590217229e-09
-7.506608536677069174e-09
-7.472214023240212774e-09
-7.462429806033037439e-09
-7.452391697062637258e-09
-7.442353588092084049e-09
-7.432315479121339761e-09
-7.422277370151132313e-09
-7.412239261180885988e-09
-7.403193032037111763e-09
-7.362685735145502375e-09
-7.353999370629726319e-09
-7.343929938588140455e-09
-7.333860506546726644e-09
-7.323791074505178829e-09
-7.313721642463765019e-09
-7.303652210422447161e-09
-7.293582778380726466e-09
-7.262762164309367343e-09
-7.251566575030096715e-09
-7.241407122836781697e-09
-7.231247670644770316e-09
-7.221088218451992138e-09
-7.210928766259673873e-09
-7.200769314066972623e-09
-7.190609861874500502e-09
-7.168728964959913750e-09
-7.145758831287827882e-09
-7.135408687322893256e-09
-7.125058543358285367e-09
-7.114708399393830506e-09
-7.104358255428781730e-09
-7.094008111464153988e-09
-7.083657967499277265e-09
-7.075647915361515959e-09
-7.034175929670370663e-09
-7.023761193922803839e-09
-7.013112450173631772e-09
-7.002463706424592882e-09
-6.991814962674788022e-09
-6.981166218925423222e-09
-6.970517475176404183e-09
-6.959868731426733327e-09
-6.930469184312033826e-09
-6.918143627446902176e-09
-6.907320556592891550e-09
-6.896497485738880925e-09
-6.885674414884909177e-09
-6.874851344030572642e-09
-6.864028273176408988e-09
-6.853205202322283384e-09
-6.839144415357607076e-09
-6.809048903638975794e-09
-6.798090999267254412e-09
-6.787133094895053265e-09
-6.776175190523178854e-09
-6.765217286151265566e-09
-6.754259381779391156e-09
-6.743301477407822802e-09
-6.732343573035488479e-09
-6.702495980355919942e-09
-6.690053297841963836e-09
-6.679017783555831073e-09
-6.667982269270005194e-09
-6.656946754984121412e-09
-6.645911240698161530e-09
-6.634875726412315798e-09
-6.623840212126489919e-09
-6.613877618763517249e-09
-6.581394021029080383e-09
-6.570579974616350594e-09
-6.559562104350985623e-09
-6.548544234085736456e-09
-6.537526363820524513e-09
-6.526508493555121492e-09
-6.515490623290082429e-09
-6.504472753024353498e-09
-6.482762755556640881e-09
-6.461478683680687185e-09
-6.450552487877198897e-09
-6.439626292073824760e-09
-6.428700096269991538e-09
-6.417773900466790282e-09
-6.406847704663033988e-09
-6.395921508859621801e-09
-6.384995313056248491e-09
-6.353479155256260889e-09
-6.341769222967455389e-09
-6.331048692856684507e-09
-6.320328162746161779e-09
-6.309607632635447972e-09
-6.298887102524734165e-09
-6.288166572414269340e-09
-6.277446042303247822e-09
-6.267622559504723688e-09
-6.236312690154472810e-09
-6.226916027311243769e-09
-6.216480606784266765e-09
-6.206045186257769526e-09
-6.195609765730965403e-09
-6.185174345204410261e-09
-6.174738924677893996e-09
-6.164303504151395930e-09
-6.155309999397557655e-09
-6.125232566050714285e-09
-6.115541663186990528e-09
-6.105424810895267832e-09
-6.095307958602874293e-09
-6.085191106310940665e-09
-6.075074254019026063e-09
-6.064957401726824429e-09
-6.054840549435082708e-09
-6.044248148770782228e-09
-6.014578301565872755e-09
-6.004958634052122292e-09
-5.995176598871970617e-09
-5.985394563691818116e-09
-5.975612528511973325e-09
-5.965830493331974679e-09
-5.956048458152014083e-09
-5.946266422971670502e-09
-5.935893552723241693e-09
-5.909662962784985181e-09
-5.900375979091916294e-09
-5.890946817175553449e-09
-5.881517655258864694e-09
-5.872088493342156915e-09
-5.862659331425947925e-09
-5.853230169509394002e-09
-5.843801007593338041e-09
-5.835741192735547992e-09
-5.802568777613123292e-09
-5.794027799116775647e-09
-5.784957113500228407e-09
-5.775886427883393308e-09
-5.766815742266385329e-09
-5.757745056649492327e-09
-5.748674371032792059e-09
-5.739603685415803105e-09
-5.731666828282357453e-09
-5.700409804261563899e-09
-5.692754605867894807e-09
-5.683993646721908316e-09
-5.675232687576055001e-09
-5.666471728429761626e-09
-5.657710769283621280e-09
-5.648949810138094702e-09
-5.640188850991628446e-09
-5.631649807159843384e-09
-5.606241137952560873e-09
-5.597199559786067282e-09
-5.588697391314774736e-09
-5.580195222843404435e-09
-5.571693054371958861e-09
-5.563190885900780466e-09
-5.554688717429315039e-09
-5.546186548957830587e-09
-5.537684380486518188e-09
-5.517917909864577612e-09
-5.500193402126169388e-09
-5.491868780319087737e-09
-5.483544158512350194e-09
-5.475219536705172590e-09
-5.466894914898128990e-09
-5.458570293091046512e-09
-5.450245671283734905e-09
-5.441921049476518424e-09
-5.433191559706969047e-09
-5.407875224455207134e-09
-5.400024944963725789e-09
-5.391861239832782309e-09
-5.383697534701857027e-09
-5.375533829570740667e-09
-5.367370124439855089e-09
-5.359206419308910782e-09
-5.351042714177833299e-09
-5.343049851627264054e-09
-5.318260765310906785e-09
-5.308531607161113662e-09
-5.300490585729827022e-09
-5.292449564298712436e-09
-5.284408542867885708e-09
-5.276367521436636291e-09
-5.268326500005867466e-09
-5.260285478574714829e-09
-5.252244457143600243e-09
-5.240262307281932493e-09
-5.213689518250687071e-09
-5.205688878646104704e-09
-5.197688239041713417e-09
-5.189687599437590135e-09
-5.181686959833007769e-09
-5.173686320228731459e-09
-5.165685680624302121e-09
-5.157685041020025812e-09
-5.149713516330856717e-09
-5.127733693735688403e-09
-5.116951791058819419e-09
-5.109025989723749603e-09
-5.101100188388526758e-09
-5.093174387053303913e-09
-5.085248585718234097e-09
-5.077322784382876421e-09
-5.069396983047653577e-09
-5.061471181712583760e-09
-5.054957578528025958e-09
-5.027232375172440017e-09
-5.020118255289575265e-09
-5.012246132831593777e-09
-5.004374010373114326e-09
-4.996501887915152690e-09
-4.988629765457171202e-09
-4.980757642998883656e-09
-4.972885520540423231e-09
-4.965013398082767651e-09
-4.951543323571103260e-09
-4.932287242278946119e-09
-4.924461492258010330e-09
-4.916635742238168074e-09
-4.908809992217884103e-09
-4.900984242197734136e-09
-4.893158492177603194e-09
-4.885332742157454053e-09
-4.877506992136863199e-09
-4.869681242117020116e-09
-4.850927493795993977e-09
-4.837237638770719002e-09
-4.829490719114233845e-09
-4.821743799458228452e-09
-4.813996879801762320e-09
-4.806249960145909956e-09
-4.798503040489578655e-09
-4.790756120833707266e-09
-4.783009201177203084e-09
-4.775454276314855080e-09
-4.753371392847064559e-09
-4.743329124551063571e-09
-4.735687517433571571e-09
-4.728045910315139067e-09
-4.720404303197493211e-09
-4.712762696079041681e-09
-4.705121088961204747e-09
-4.697479481843098152e-09
-4.689837874725107362e-09
-4.682712282787230648e-09
-4.656281398945926232e-09
-4.647814080061130589e-09
-4.640277844204278557e-09
-4.632741608346851635e-09
-4.625205372490075703e-09
-4.617669136632648781e-09
-4.610132900775508890e-09
-4.602596664918196118e-09
-4.595060429061497942e-09
-4.587941688130011050e-09
-4.565230682521242466e-09
-4.556880719267726355e-09
-4.549494118824323980e-09
-4.542107518380805799e-09
-4.534720917937786408e-09
-4.527334317494422083e-09
-4.519947717051670699e-09
-4.512561116607673581e-09
-4.505174516164309255e-09
-4.497951582242823893e-09
-4.478217533443173864e-09
-4.468280077815655208e-09
-4.461054553136456524e-09
-4.453829028457103984e-09
-4.446603503777752271e-09
-4.439377979098860471e-09
-4.432152454419392953e-09
-4.424926929740501152e-09
-4.417701405060631625e-09
-4.410475880381470990e-09
-4.393286344216784438e-09
-4.379330055035682866e-09
-4.372248639043113552e-09
-4.365167223051330888e-09
-4.358085807058762401e-09
-4.351004391066979737e-09
-4.343922975074660232e-09
-4.336841559082857715e-09
-4.329760143090462109e-09
-4.322678727098813448e-09
-4.311815536738947235e-09
-4.294202522628309295e-09
-4.287335087013325483e-09
-4.280427174562745920e-09
-4.273519262111822250e-09
-4.266611349660936630e-09
-4.259703437209744126e-09
-4.252795524758667427e-09
-4.245887612307953860e-09
-4.238979699856877162e-09
-4.233271885175521754e-09
-4.207037378670606495e-09
-4.201422736688319510e-09
-4.194671885670852961e-09
-4.187921034653539442e-09
-4.181170183635727959e-09
-4.174419332618261411e-09
-4.167668481600621982e-09
-4.160917630583136409e-09
-4.154166779565516005e-09
-4.147415928547991554e-09
-4.129396848829068000e-09
-4.117002788251008455e-09
-4.110394516025869252e-09
-4.103786243800921955e-09
-4.097177971575188010e-09
-4.090569699350374716e-09
-4.083961427124928629e-09
-4.077353154899329514e-09
-4.070744882673902453e-09
-4.064136610448936130e-09
-4.057260131090102522e-09
-4.036340921728307558e-09
-4.030475454059849307e-09
-4.024011698798121219e-09
-4.017547943536738893e-09
-4.011084188274818900e-09
-4.004620433013570577e-09
-3.998156677751708487e-09
-3.991692922489980399e-09
-3.985229167228271337e-09
-3.978765411966716130e-09
-3.962470081697295840e-09
-3.950110080669235919e-09
-3.943753190393200818e-09
-3.937396300117798511e-09
-3.931039409842281226e-09
-3.924682519567051799e-09
-3.918325629291361633e-09
-3.911968739015959326e-09
-3.905611848739962276e-09
-3.899254958464578994e-09
-3.893781158591817204e-09
-3.871302432800459182e-09
-3.866201184999638887e-09
-3.859960459152967010e-09
-3.853719733305816195e-09
-3.847479007459278321e-09
-3.841238281612414537e-09
-3.834997555766049544e-09
-3.828756829919166735e-09
-3.822516104072168949e-09
-3.816275378225344043e-09
-3.807770016092906737e-09
-3.788973328358703414e-09
-3.783234172256408648e-09
-3.777102652962817162e-09
-3.770971133668956841e-09
-3.764839614375480333e-09
-3.758708095081620840e-09
-3.752576575788336237e-09
-3.746445056494629773e-09
-3.740313537200731402e-09
-3.734182017907158941e-09
-3.720970995572300014e-09
-3.705306631058208414e-09
-3.699264209751691797e-09
-3.693221788445385697e-09
-3.687179367138773126e-09
-3.681136945832448002e-09
-3.675094524526141902e-09
-3.669052103219509893e-09
-3.663009681913203793e-09
-3.656967260606744665e-09
-3.650924839300227634e-09
-3.636463363821965013e-09
-3.624437549731758554e-09
-3.618494929936022772e-09
-3.612552310140900345e-09
-3.606609690345030560e-09
-3.600667070549582224e-09
-3.594724450754306768e-09
-3.588781830958839407e-09
-3.582839211163410509e-09
-3.576896591367828169e-09
-3.570954390633221103e-09
-3.556234640342810759e-09
-3.545181710308627209e-09
-3.539337373479520327e-09
-3.533493036650490373e-09
-3.527648699820961629e-09
-3.521804362991759208e-09
-3.515960026162709815e-09
-3.510115689333679861e-09
-3.504271352504649907e-09
-3.498427015675524001e-09
-3.492582678846110648e-09
-3.478964185496215392e-09
-3.467257802200190001e-09
-3.461504939518657162e-09
-3.455752076836740926e-09
-3.449999214155361529e-09
-3.444246351473195898e-09
-3.438493488791969944e-09
-3.432740626110130635e-09
-3.426987763428597797e-09
-3.421234900746662121e-09
-3.415482038064515929e-09
-3.404208796121281662e-09
-3.390221318362344091e-09
-3.384568699923706264e-09
-3.378916081484589500e-09
-3.373263463045952087e-09
-3.367610844606604953e-09
-3.361958226167929076e-09
-3.356305607728811898e-09
-3.350652989290021043e-09
-3.345000370851057721e-09
-3.339347752411883054e-09
-3.332060685937456838e-09
-3.314702260458494505e-09
-3.309675728391318887e-09
-3.304135088130623900e-09
-3.298594447869794910e-09
-3.293053807608965506e-09
-3.287513167348174979e-09
-3.281972527087748412e-09
-3.276431886826995936e-09
-3.270891246566339413e-09
-3.265350606305682890e-09
-3.260771802507258320e-09
-3.237944814076306159e-09
-3.232587508257490866e-09
-3.227135708179284690e-09
-3.221683908101807261e-09
-3.216232108023236713e-09
-3.210780307945432961e-09
-3.205328507867533669e-09
-3.199876707789346519e-09
-3.194424907711849651e-09
-3.188973107633681939e-09
-3.183521307555648231e-09
-3.171381867472696999e-09
-3.159787261476598973e-09
-3.154447147837948734e-09
-3.149107034199279470e-09
-3.143766920560475789e-09
-3.138426806921998017e-09
-3.133086693283194336e-09
-3.127746579645004423e-09
-3.122406466006200742e-09
-3.117066352367722970e-09
-3.111726238728766260e-09
-3.107236685581173100e-09
-3.087857743215752301e-09
-3.083524485066332586e-09
-3.078298438189543681e-09
-3.073072391313215102e-09
-3.067846344435966284e-09
-3.062620297559465238e-09
-3.057394250682676333e-09
-3.052168203806079747e-09
-3.046942156929367357e-09
-3.041716110052023000e-09
-3.036490063175694421e-09
-3.024830257844131274e-09
-3.012432355569838473e-09
-3.007289175178297550e-09
-3.002145994787139611e-09
-2.997002814395483710e-09
-2.991859634004096228e-09
-2.986716453612631819e-09
-2.981573273221454856e-09
-2.976430092830144302e-09
-2.971286912438602965e-09
-2.966143732047291998e-09
-2.961588080577083830e-09
-2.945082462890927716e-09
-2.938795103676807395e-09
-2.933765444867856004e-09
-2.928735786059307036e-09
-2.923706127250509087e-09
-2.918676468441730163e-09
-2.913646809632778358e-09
-2.908617150824363807e-09
-2.903587492015546833e-09
-2.898557833206595029e-09
-2.893528174397797080e-09
-2.888514029323903459e-09
-2.869447967090311655e-09
-2.865393364394636311e-09
-2.860462529299666878e-09
-2.855531694205099868e-09
-2.850600859110801278e-09
-2.845670024015985287e-09
-2.840739188921552280e-09
-2.835808353827138712e-09
-2.830877518732409161e-09
-2.825946683637746198e-09
-2.821015848543323118e-09
-2.813138564244712740e-09
-2.796375796172592416e-09
-2.792070076151705776e-09
-2.787224521471387313e-09
-2.782378966790829382e-09
-2.777533412110290062e-09
-2.772687857429809058e-09
-2.767842302749413667e-09
-2.762996748068481850e-09
-2.758151193388201852e-09
-2.753305638707499577e-09
-2.748460084027085575e-09
-2.740058365676582252e-09
-2.726810040775492359e-09
-2.722362876026410974e-09
-2.717620100632830392e-09
-2.712877325239029367e-09
-2.708134549845506275e-09
-2.703391774451637834e-09
-2.698648999057673855e-09
-2.693906223664246715e-09
-2.689163448270301760e-09
-2.684420672876807619e-09
-2.679677897483169549e-09
-2.671321866195410577e-09
-2.657497117877733274e-09
-2.653186566626421046e-09
-2.648527044993502209e-09
-2.643867523360909282e-09
-2.639208001727999958e-09
-2.634548480095167561e-09
-2.629888958462172210e-09
-2.625229436829502355e-09
-2.620569915196487565e-09
-2.615910393563962053e-09
-2.611250871930976215e-09
-2.604557721096866025e-09
-2.589635799742684862e-09
-2.585612388700160346e-09
-2.581039158471656839e-09
-2.576465928243527218e-09
-2.571892698014851243e-09
-2.567319467786501178e-09
-2.562746237558141601e-09
-2.558173007329868464e-09
-2.553599777101441471e-09
-2.549026546873235336e-09
-2.544453316644578800e-09
-2.540492825117071548e-09
-2.522597914263911693e-09
-2.519063214500057555e-09
-2.514580992196956842e-09
-2.510098769893310190e-09
-2.505616547589893081e-09
-2.501134325286322943e-09
-2.496652102983212718e-09
-2.492169880679738533e-09
-2.487687658376359888e-09
-2.483205436072712822e-09
-2.478723213769296127e-09
-2.474756459412565065e-09
-2.459902787626729047e-09
-2.452595957493687188e-09
-2.448196337368137644e-09
-2.443796717242310167e-09
-2.439397097116655158e-09
-2.434997476990884757e-09
-2.430597856865498168e-09
-2.426198236739814621e-09
-2.421798616614341591e-09
-2.417398996488571603e-09
-2.412999376362878130e-09
-2.408599756237184657e-09
-2.400070515064174620e-09
-2.387096987889542335e-09
-2.383120173315625758e-09
-2.378804071015029845e-09
-2.374487968714069973e-09
-2.370171866413311520e-09
-2.365855764112332209e-09
-2.361539661811602294e-09
-2.357223559510517931e-09
-2.352907457209615548e-09
-2.348591354908722678e-09
-2.344275252608040739e-09
-2.340694271589220655e-09
-2.325139749362067578e-09
-2.320104019356445212e-09
-2.315877698746485703e-09
-2.311651378136287137e-09
-2.307425057526471557e-09
-2.303198736916282091e-09
-2.298972416306246480e-09
-2.294746095696124016e-09
-2.290519775086164920e-09
-2.286293454476052381e-09
-2.282067133866179312e-09
-2.277840813256105237e-09
-2.270498702756604172e-09
-2.257870484360066370e-09
-2.254144292951386750e-09
-2.250000044850656241e-09
-2.245855796749916221e-09
-2.241711548649032270e-09
-2.237567300548206223e-09
-2.233423052447513765e-09
-2.229278804346553300e-09
-2.225134556246043236e-09
-2.220990308145063746e-09
-2.216846060044419678e-09
-2.213021016030860963e-09
-2.201174874347633321e-09
-2.193161930036891447e-09
-2.189097424661429831e-09
-2.185032919285555866e-09
-2.180968413909969759e-09
-2.176903908534326164e-09
-2.172839403158970014e-09
-2.168774897783153951e-09
-2.164710392407826752e-09
-2.160645887031857247e-09
-2.156581381656482072e-09
-2.152516876280742523e-09
-2.149162451843413360e-09
-2.134617200803570142e-09
-2.129705372064665487e-09
-2.125732869239319771e-09
-2.121760366414433967e-09
-2.117787863589260304e-09
-2.113815360764403452e-09
-2.109842857939134250e-09
-2.105870355113960588e-09
-2.101897852288844828e-09
-2.097925349463796069e-09
-2.093952846638766336e-09
-2.089980343813727090e-09
-2.086526650225203642e-09
-2.068785322137108468e-09
-2.065650958727642292e-09
-2.061748898308664525e-09
-2.057846837890079256e-09
-2.053944777471091563e-09
-2.050042717052113383e-09
-2.046140656633192691e-09
-2.042238596214521395e-09
-2.038336535795514263e-09
-2.034434475376842967e-09
-2.030532414957864787e-09
-2.026630354539040048e-09
-2.022667301692064917e-09
-2.006875016597654918e-09
-2.003961001873927720e-09
-2.000139615558440512e-09
-1.996318229242838741e-09
-1.992496842927131090e-09
-1.988675456611701785e-09
-1.984854070296138477e-09
-1.981032683980574755e-09
-1.977211297665078036e-09
-1.973389911349428287e-09
-1.969568525033529144e-09
-1.965747138718205305e-09
-1.962497952220926968e-09
-1.947503532756143006e-09
-1.944086003150435671e-09
-1.940352728981838880e-09
-1.936619454813069207e-09
-1.932886180644539417e-09
-1.929152906475673791e-09
-1.925419632307230441e-09
-1.921686358138316839e-09
-1.917953083969787049e-09
-1.914219809801189843e-09
-1.910486535632583538e-09
-1.906753261463986333e-09
-1.903702401986738414e-09
-1.890013480914865856e-09
-1.884752448741301684e-09
-1.881081118734478500e-09
-1.877409788728038714e-09
-1.873738458721148115e-09
-1.870067128714545374e-09
-1.866395798707655189e-09
-1.862724468700985033e-09
-1.859053138694286546e-09
-1.855381808687616597e-09
-1.851710478680956161e-09
-1.848039148673970022e-09
-1.844610820033384012e-09
-1.834891403951381909e-09
-1.826918372268485250e-09
-1.823367787678886079e-09
-1.819780485441026115e-09
-1.816193183202350965e-09
-1.812605880964500514e-09
-1.809018578726132247e-09
-1.805431276488195563e-09
-1.801843974249894298e-09
-1.798256672011593241e-09
-1.794669369773292183e-09
-1.791082067535202056e-09
-1.787494765297063746e-09
-1.781952441832927750e-09
-1.769395490296280462e-09
-1.766510331917437701e-09
-1.763002404431962328e-09
-1.759494476946563676e-09
-1.755986549461088304e-09
-1.752478621975660908e-09
-1.748970694490415698e-09
-1.745462767004786883e-09
-1.741954839519071835e-09
-1.738446912033979861e-09
-1.734938984548504488e-09
-1.731431057062981139e-09
-1.728543685471513096e-09
-1.715467015850629644e-09
-1.709132451865270181e-09
-1.705684341371264601e-09
-1.702236230877393438e-09
-1.698788120383608508e-09
-1.695340009889583902e-09
-1.691891899395798973e-09
-1.688443788901860601e-09
-1.684995678407979718e-09
-1.681547567914108555e-09
-1.678099457420160463e-09
-1.674651346926078369e-09
-1.671203236432207206e-09
-1.666155559901543002e-09
-1.653871135909698483e-09
-1.651155952914434264e-09
-1.647788804282742494e-09
-1.644421655651750519e-09
-1.641054507020451660e-09
-1.637687358389402196e-09
-1.634320209758113056e-09
-1.630953061126967846e-09
-1.627585912495688219e-09
-1.624218763864543009e-09
-1.620851615233311358e-09
-1.617484466602242662e-09
-1.614309146077548330e-09
-1.605699565662040386e-09
-1.597309865950588574e-09
-1.594191377408408811e-09
-1.590897148240947982e-09
-1.587602919073477641e-09
-1.584308689905988067e-09
-1.581014460738373797e-09
-1.577720231571056897e-09
-1.574426002403596068e-09
-1.571131773236279169e-09
-1.567837544068578665e-09
-1.564543314901041115e-09
-1.561249085733637775e-09
-1.558477470909360054e-09
-1.547424493001770782e-09
-1.541645786650139178e-09
-1.538416338773993407e-09
-1.535186890898068079e-09
-1.531957443021845587e-09
-1.528727995146073495e-09
-1.525498547269918211e-09
-1.522269099394146118e-09
-1.519039651517923626e-09
-1.515810203641921577e-09
-1.512580755765766087e-09
-1.509351307889773757e-09
-1.506121860013857942e-09
-1.503587496959038194e-09
-1.491318802616093937e-09
-1.486820464116294769e-09
-1.483666079245381963e-09
-1.480511694374420974e-09
-1.477357309503431448e-09
-1.474202924632297991e-09
-1.471048539761250976e-09
-1.467894154890194240e-09
-1.464739770019223739e-09
-1.461585385148138259e-09
-1.458431000277167757e-09
-1.455276615405881066e-09
-1.452122230534910564e-09
-1.449715025424239947e-09
-1.437065755382366816e-09
-1.432713558095430335e-09
-1.429629174755768824e-09
-1.426544791415762171e-09
-1.423460408076100660e-09
-1.420376024736343402e-09
-1.417291641396595657e-09
-1.414207258056780703e-09
-1.411122874717330123e-09
-1.408038491377275700e-09
-1.404954108037690910e-09
-1.401869724697827980e-09
-1.398785341358166468e-09
-1.396351766450798844e-09
-1.384471712593994193e-09
-1.379116534921871821e-09
-1.376093068623321629e-09
-1.373069602325011113e-09
-1.370046136026537435e-09
-1.367022669728131172e-09
-1.363999203429427538e-09
-1.360975737131117022e-09
-1.357952270832566623e-09
-1.354928804534265826e-09
-1.351905338235638913e-09
-1.348881871937318677e-09
-1.345858405638615043e-09
-1.343156209642753736e-09
-1.334444388653663783e-09
-1.327400028875927635e-09
-1.324574158882057575e-09
-1.321623485736846231e-09
-1.318672812591500676e-09
-1.315722139446519495e-09
-1.312771466301231430e-09
-1.309820793155924133e-09
-1.306870120010636068e-09
-1.303919446865510957e-09
-1.300968773720232404e-09
-1.298018100575097781e-09
-1.295067427429886437e-09
-1.292116754284751607e-09
-1.286686175541630266e-09
-1.276527633176824495e-09
-1.274182725250392202e-09
-1.271298977524985599e-09
-1.268415229799349040e-09
-1.265531482073865923e-09
-1.262647734348382599e-09
-1.259763986622822761e-09
-1.256880238897349157e-09
-1.253996491171770087e-09
-1.251112743446363690e-09
-1.248228995720803646e-09
-1.245345247995243807e-09
-1.242461500269530527e-09
-1.240269005230626136e-09
-1.228891852113396062e-09
-1.224630197003577936e-09
-1.221807136414259127e-09
-1.218984075825045989e-09
-1.216161015235602689e-09
-1.213337954646456553e-09
-1.210514894056936532e-09
-1.207691833467780884e-09
-1.204868772878337584e-09
-1.202045712289124446e-09
-1.199222651699805637e-09
-1.196399591110582780e-09
-1.193576530521139480e-09
-1.190773977751814045e-09
-1.184995142396060377e-09
-1.175691962844555576e-09
-1.173414392123694713e-09
-1.170663466558324518e-09
-1.167912540992772344e-09
-1.165161615427095265e-09
-1.162410689861638836e-09
-1.159659764296038685e-09
-1.156908838730515048e-09
-1.154157913164991412e-09
-1.151406987599305027e-09
-1.148656062033848598e-09
-1.145905136468238728e-09
-1.143154210902715091e-09
-1.140922892546766969e-09
-1.131040593295267320e-09
-1.125170134500577747e-09
-1.122506569321962230e-09
-1.119814067420210010e-09
-1.117121565518294836e-09
-1.114429063616686339e-09
-1.111736561714857398e-09
-1.109044059813105178e-09
-1.106351557911266518e-09
-1.103659056009667741e-09
-1.100966554107685358e-09
-1.098274052206000140e-09
-1.095581550304171199e-09
-1.092889048402246512e-09
-1.090610916570837968e-09
-1.078913729786490849e-09
-1.075502472506064744e-09
-1.072870482504372339e-09
-1.070238492502603006e-09
-1.067606502500689950e-09
-1.064974512499054828e-09
-1.062342522497295214e-09
-1.059710532495679323e-09
-1.057078542493842782e-09
-1.054446552492073449e-09
-1.051814562490390557e-09
-1.049182572488707458e-09
-1.046550582487005333e-09
-1.043918592485379930e-09
-1.040502392383142678e-09
-1.029608013618766650e-09
-1.027436920598339288e-09
-1.024874026350057235e-09
-1.022311132101861415e-09
-1.019748237853502641e-09
-1.017185343605134147e-09
-1.014622449356842582e-09
-1.012059555108560322e-09
-1.009496660860431711e-09
-1.006933766612082449e-09
-1.004370872363637441e-09
-1.001807978115355388e-09
-9.992450838670828477e-10
-9.966821896188677962e-10
-9.931133300546233297e-10
-9.823157510356184068e-10
-9.803569524161612479e-10
-9.778487988693623060e-10
-9.753406453224291540e-10
-9.728324917754767701e-10
-9.703243382286106198e-10
-9.678161846816582359e-10
-9.653080311345428974e-10
-9.627998775877534681e-10
-9.602917240407243632e-10
-9.577835704940116549e-10
-9.552754169469920626e-10
-9.527672634000493981e-10
-9.502591098530202932e-10
-9.474694180608683431e-10
-9.369692146386277857e-10
-9.342924557898046257e-10
-9.318470908983887717e-10
-9.294017260068291950e-10
-9.269563611152601058e-10
-9.245109962239976938e-10
-9.220656313323613961e-10
-9.196202664410223665e-10
-9.171749015493573243e-10
