1.013114368703417519e-07
1.045855720051140972e-07
1.078075039343331179e-07
1.109294008453169068e-07
1.139821378627484940e-07
1.169947353851352945e-07
1.198937223143553396e-07
1.227344992987288296e-07
1.255155905610659079e-07
1.281813336661494502e-07
1.308180107513297224e-07
1.333333557754558682e-07
1.357999668635104322e-07
1.381754262205517242e-07
1.404777481573629007e-07
1.427050410090417023e-07
1.448500096078695778e-07
1.469225374915541696e-07
1.489144778565161585e-07
1.508189973556286204e-07
1.526674455627021445e-07
1.544082063558465828e-07
1.561108257175675491e-07
1.576884964370739522e-07
1.592430834420169721e-07
1.606791049318511067e-07
1.620676369949855377e-07
1.633802815577317142e-07
1.645942871076558827e-07
1.657772345250473397e-07
1.668589182390484662e-07
1.678784163046875877e-07
1.688448311492762922e-07
1.697125242729061007e-07
1.705411580366033996e-07
1.713010070034927722e-07
1.719759712317353020e-07
1.726142825915308621e-07
1.731823546147884863e-07
1.736730064368425433e-07
1.741337282951768559e-07
1.745252237871599182e-07
1.748410170856051259e-07
1.751288826195402014e-07
1.753585039208252921e-07
1.755225248624647725e-07
1.756493805565876149e-07
1.757344531393675778e-07
1.757521134253048090e-07
1.757324494214662725e-07
1.756767338343710782e-07
1.755728537023418555e-07
1.754198080043372158e-07
1.752374654307300862e-07
1.750192888262211620e-07
1.747590652612101189e-07
1.744552992916980387e-07
1.741374063135133734e-07
1.737784831279110156e-07
1.733886662441101021e-07
1.729677315137118715e-07
1.725260784436275348e-07
1.720612513756706317e-07
1.715568087755363757e-07
1.710417943378634939e-07
1.704981509805344559e-07
1.699369080954233226e-07
1.693579186111866226e-07
1.687488661206694136e-07
1.681412372149233171e-07
1.675115389961641253e-07
1.668618690025025358e-07
1.662039235142122708e-07
1.655352861616479114e-07
1.648548151255127003e-07
1.641546997417654361e-07
1.634588660152043722e-07
1.627542317997323712e-07
1.620384679501251004e-07
1.613067243502926007e-07
1.605792838336763153e-07
1.598495326552386302e-07
1.591159806662704655e-07
1.583761344316148212e-07
1.576278813560211087e-07
1.568816785449778597e-07
1.561375213885656719e-07
1.553913471591622352e-07
1.546491075514164783e-07
1.539021239981410775e-07
1.531574085192510728e-07
1.524176297240844866e-07
1.516778129803053987e-07
1.509389651322972071e-07
1.501989311486783118e-07
1.494623705112716652e-07
1.487340067302007752e-07
1.480075767633799285e-07
1.472861489169705191e-07
1.465680365859926304e-07
1.458514503283484224e-07
1.451437922119653421e-07
1.444422846165615707e-07
1.437420341603557333e-07
1.430513003474784364e-07
1.423638101395455968e-07
1.416787918869071197e-07
1.410054058394892696e-07
1.403351622087691082e-07
1.396681472585205511e-07
1.390106416221972310e-07
1.383569798332297804e-07
1.377075699762653757e-07
1.370640345625070164e-07
1.364274025155722364e-07
1.357943653348868954e-07
1.351664206441076981e-07
1.345495970289975023e-07
1.339363653225730059e-07
1.333302712778339739e-07
1.327284110798604412e-07
1.321293493267187662e-07
1.315363508173919489e-07
1.309499892176148917e-07
1.303716661305642298e-07
1.297961025143761154e-07
1.292272916606327525e-07
1.286597768718398656e-07
1.280960749888282890e-07
1.275386317680760030e-07
1.269894329899454100e-07
1.264463694241749173e-07
1.259045186109446552e-07
1.253666887390426456e-07
1.248306745891007441e-07
1.242971826064883914e-07
1.237661677134267562e-07
1.232465099420310381e-07
1.227311755566319250e-07
1.222196028250048537e-07
1.217078188223626315e-07
1.211968184653422970e-07
1.206841992628049465e-07
1.201777096295713025e-07
1.196764041518288050e-07
1.191833674161650188e-07
1.186881393284188390e-07
1.181986195991131859e-07
1.177068858436299555e-07
1.172131833718811806e-07
1.167179967664333406e-07
1.162298609666172019e-07
1.157462277006472170e-07
1.152645521491783934e-07
1.147852395708846408e-07
1.143068477702309280e-07
1.138264490804319628e-07
1.133400906051222864e-07
1.128580530106557117e-07
1.123764036840765329e-07
1.118965152022784561e-07
1.114231296116612675e-07
1.109507654073635883e-07
1.104721602436545292e-07
1.099948135725784400e-07
1.095167314940440673e-07
1.090339236031994859e-07
1.085521752430621437e-07
1.080719276846455244e-07
1.075965805804700300e-07
1.071207375807289078e-07
1.066444050642433714e-07
1.061639683304176795e-07
1.056823360867869238e-07
1.052008334585183696e-07
1.047159527817744393e-07
1.042329950516918129e-07
1.037488314763715881e-07
1.032680678216611872e-07
1.027860062346908597e-07
1.023019891356961587e-07
1.018185803005953354e-07
1.013310058631316828e-07
1.008459237677906332e-07
1.003581290046076301e-07
9.986945596124272924e-08
9.938619700640560788e-08
9.889708513321327467e-08
9.841264596252801234e-08
9.792323306414313919e-08
9.743190505665738007e-08
9.694845051088910681e-08
9.645861213883019470e-08
9.597631756915297310e-08
9.548800449882395191e-08
9.499983291765733981e-08
9.451819921331032572e-08
9.402960363686561509e-08
9.354921552250112616e-08
9.306048737446064707e-08
9.257721544030779814e-08
9.209370926718463896e-08
9.161495806289036659e-08
9.114125906842457400e-08
9.066043205324970354e-08
9.019285645694699740e-08
8.971204793547494085e-08
8.924746676512937570e-08
8.877043880111548388e-08
8.830098931643147561e-08
8.783135355259023685e-08
8.736158220741341188e-08
8.690586621631853093e-08
8.644429869716384644e-08
8.599784352790019485e-08
8.553938192753634976e-08
8.509975843725260508e-08
8.464241361483489267e-08
8.420258776814182093e-08
8.375170166766413376e-08
8.331510017478160315e-08
8.287177213626115391e-08
8.244487378602502596e-08
8.201267949479685857e-08
8.159413040781306944e-08
8.117338532427820137e-08
8.075776683960344834e-08
8.034500919662862896e-08
7.993536854641133808e-08
7.952568607671120075e-08
7.911872034867502338e-08
7.871714966074708284e-08
7.831601595269149244e-08
7.792685129752391838e-08
7.754075277598302259e-08
7.716175197412547284e-08
7.678534441804219183e-08
7.641368186165962411e-08
7.604314386853075329e-08
7.567618534707220498e-08
7.531509074316859464e-08
7.495230802461267375e-08
7.459752521969807367e-08
7.424112047483541535e-08
7.389506068197704349e-08
7.354719212318499255e-08
7.321778889326503733e-08
7.288173370560739109e-08
7.255871524449148747e-08
7.222871903971614823e-08
7.191269310622784605e-08
7.158624925847041629e-08
7.127772128181026217e-08
7.096079540076430189e-08
7.065711824105422115e-08
7.034918080488861911e-08
7.005115049115943746e-08
6.975421981749585368e-08
6.946245540966596260e-08
6.917863706810766310e-08
6.889265431015415904e-08
6.861430273313564803e-08
6.833291798044433942e-08
6.806211838276143919e-08
6.778609447801578361e-08
6.752043599555178509e-08
6.725348748823869109e-08
6.699173217512971566e-08
6.673210258328235015e-08
6.647510295166460196e-08
6.622370740091664911e-08
6.597155401906869705e-08
6.572652226332665153e-08
6.548088419007153837e-08
6.523961922777031092e-08
6.499854687969547019e-08
6.476117449278292630e-08
6.452593706719294127e-08
6.429341415920039666e-08
6.406422811640260646e-08
6.383664268212789075e-08
6.361178559172187944e-08
6.338709562111079516e-08
6.316651686988319989e-08
6.294612843099185810e-08
6.272901229365231627e-08
6.251134720856613805e-08
6.229569308308383607e-08
6.208175608420449948e-08
6.186656373902839525e-08
6.165773490710679683e-08
6.144834788518784762e-08
6.124297960151746084e-08
6.103809876655140222e-08
6.083230928113232062e-08
6.063283148895566505e-08
6.042912220589553518e-08
6.022952992495681799e-08
6.002753128573700186e-08
5.982478157149701497e-08
5.962755304459730650e-08
5.942534288450740628e-08
5.922775767609341809e-08
5.902823845480747939e-08
5.882775200387153890e-08
5.863522993799246587e-08
5.843890958611580884e-08
5.824650830173490792e-08
5.805318776989388222e-08
5.785793138158263405e-08
5.766847066313014485e-08
5.747290138442604811e-08
5.727921105870660686e-08
5.708564663914469025e-08
5.688888803477334758e-08
5.669654171827225021e-08
5.650006757339661888e-08
5.630335838280934035e-08
5.611148145209295961e-08
5.591564840742911718e-08
5.572208272094079768e-08
5.552948393026022643e-08
5.533566397803963067e-08
5.514473640930938557e-08
5.495006889997386391e-08
5.475513967879150217e-08
5.456240639999856367e-08
5.436675834238756066e-08
5.417155882058497380e-08
5.397588671386902135e-08
5.377923218095691189e-08
5.358335017289983589e-08
5.338677156761867839e-08
5.318978533351450089e-08
5.299290558134770565e-08
5.279743167443148316e-08
5.260194513296914695e-08
5.240476279884210819e-08
5.220853718098763004e-08
5.201178943330471196e-08
5.181403373838384968e-08
5.161688003976097695e-08
5.141816261608635322e-08
5.122054412620313078e-08
5.102482242762042582e-08
5.082640239834240668e-08
5.062986902187545172e-08
5.043432883634736739e-08
5.023539376195201717e-08
5.004035332394837945e-08
4.984534817505899160e-08
4.964439831522570570e-08
4.945123692083973852e-08
4.925772888249487105e-08
4.905728930211737232e-08
4.886386738505091479e-08
4.866979564594875086e-08
4.846949116377115662e-08
4.827714921139413238e-08
4.808406680197502648e-08
4.788424589162104202e-08
4.769672076756190437e-08
4.750857504974569472e-08
4.731322139835053831e-08
4.712741305196423223e-08
4.694082474690957661e-08
4.674719809575488288e-08
4.656393944598949816e-08
4.637977400587148332e-08
4.618514248506438755e-08
4.600295253680733181e-08
4.581993219609127803e-08
4.562802698067656659e-08
4.544773892460538948e-08
4.526639363505282026e-08
4.507635673838427638e-08
4.490098563886220405e-08
4.472437551863020140e-08
4.453890172850673114e-08
4.436831416821670485e-08
4.419764289597107134e-08
4.401994512227711919e-08
4.385127306984511034e-08
4.368349977008736099e-08
4.351008224021677385e-08
4.334319088510492831e-08
4.317951840362346686e-08
4.301092761178886284e-08
4.284271896843047489e-08
4.268071847441856085e-08
4.251667127061934428e-08
4.234991557757052614e-08
4.219230024012423323e-08
4.203397019798912872e-08
4.186853311069943990e-08
4.171833080620892651e-08
4.156697493507436828e-08
4.140908033200503523e-08
4.126207955066240346e-08
4.111593719247480929e-08
4.096603896206629803e-08
4.082021151699136561e-08
4.067761432818067018e-08
4.053329623160290664e-08
4.038680491293288478e-08
4.024867869353841622e-08
4.010989006089619414e-08
3.996452507542507282e-08
3.982963470515417662e-08
3.969394686522714277e-08
3.955544113252900910e-08
3.942162335707307461e-08
3.929000731003677177e-08
3.915746702599492282e-08
3.902468292996221577e-08
3.890033680365371541e-08
3.877542382523282122e-08
3.864744964451729848e-08
3.852601669733554607e-08
3.840457799248796582e-08
3.828194000351646291e-08
3.816074298354522779e-08
3.804218979152755466e-08
3.792331148361075938e-08
3.780167137105351699e-08
3.768677491606228706e-08
3.757122928072007564e-08
3.745500327236748531e-08
3.734068804072940370e-08
3.722792203434200044e-08
3.711502956230655870e-08
3.700220635947300952e-08
3.689340865315864901e-08
3.678408260721010018e-08
3.667497983872713319e-08
3.656821509219437403e-08
3.646306862871862465e-08
3.635781336226940421e-08
3.625366704160505199e-08
3.615108377434521912e-08
3.604813302714322271e-08
3.594594290904103089e-08
3.584517729988231500e-08
3.574490645563046052e-08
3.564449057734909388e-08
3.554622181361411640e-08
3.544888310656497132e-08
3.535147829691717261e-08
3.525453929354520603e-08
3.515995086411647927e-08
3.506460964269498484e-08
3.496917902502860050e-08
3.487539363923524706e-08
3.478231041616027001e-08
3.468840061146793074e-08
3.459446928675927790e-08
3.450283018907021454e-08
3.440989784336246101e-08
3.431661673629704667e-08
3.422369593286921603e-08
3.413355051260410546e-08
3.404114561393819877e-08
3.394881096250985631e-08
3.385778492998557225e-08
3.376790869014860717e-08
3.367665901354893212e-08
3.358547606206030295e-08
3.349644956738597776e-08
3.340750369677780666e-08
3.331781207981195136e-08
3.322815871427531174e-08
3.314073939475589172e-08
3.305175487552486393e-08
3.296219403871995713e-08
3.287263320191509665e-08
3.278527589660927982e-08
3.269576879542125372e-08
3.260622673426967463e-08
3.251690015748084250e-08
3.242886401630982626e-08
3.233911172480431444e-08
3.224946238141069891e-08
3.216019531882050547e-08
3.207178199681166963e-08
3.198216136445118851e-08
3.189257857434681420e-08
3.180331613654574620e-08
3.171466747269932210e-08
3.162599905800180309e-08
3.153734713442457329e-08
3.144872795239663443e-08
3.136011940605648335e-08
3.127131670894423376e-08
3.118248064711708639e-08
3.109346407811357848e-08
3.100439405811058029e-08
3.091544991441690976e-08
3.082640976972172451e-08
3.073687733586183459e-08
3.064739596746575921e-08
3.055916004820461915e-08
3.047082399739630558e-08
3.038183334533362865e-08
3.029248669365911682e-08
3.020452651280942226e-08
3.011641101670407715e-08
3.002767884393441392e-08
2.993838010752121933e-08
2.985119188250685096e-08
2.976369321585624420e-08
2.967548767089778856e-08
2.958536903210614038e-08
2.949875425076230010e-08
2.941178326591584849e-08
2.932449425656985021e-08
2.923426528003083675e-08
2.914780275447164889e-08
2.906102933747471194e-08
2.897425592047779153e-08
2.888446709500254608e-08
2.879832451702081281e-08
2.871247182775461688e-08
2.862660443134174947e-08
2.853784407101594085e-08
2.845209695637097410e-08
2.836847712303207110e-08
2.828470572758861283e-08
2.819891146975458079e-08
2.811355116567906409e-08
2.803126527843158469e-08
2.794857621353051909e-08
2.786480162932927481e-08
2.777900515770958564e-08
2.769832035427714545e-08
2.761693726463425349e-08
2.753555417499135161e-08
2.744906429840370567e-08
2.736783021290620074e-08
2.728708660301631335e-08
2.720631616721534206e-08
2.712285298138095540e-08
2.704106334427544355e-08
2.696182441831598942e-08
2.688224348830724151e-08
2.680140476507841604e-08
2.671886286989679337e-08
2.664241185644694415e-08
2.656531493064747789e-08
2.648821800484799508e-08
2.640746913834005810e-08
2.633168680572840762e-08
2.625717068468335926e-08
2.618253561329128809e-08
2.610605980101295364e-08
2.602971608025783184e-08
2.595704144022078913e-08
2.588376890043130139e-08
2.581030230439752002e-08
2.573361397691999668e-08
2.566206066247693634e-08
2.559070595134635430e-08
2.551931678138149797e-08
2.544578660034790206e-08
2.537259300113740073e-08
2.530269173571924471e-08
2.523235398317299326e-08
2.516189777889359110e-08
2.508909355725501891e-08
2.502043657374117652e-08
2.495207571007294559e-08
2.488365318144621807e-08
2.481413472748019194e-08
2.474495759565064193e-08
2.467991042586565770e-08
2.461438707314843740e-08
2.454886372043121047e-08
2.448158001386163023e-08
2.441693275655306421e-08
2.435340544631083482e-08
2.428971227788449954e-08
2.422563097971268362e-08
2.416057177249816327e-08
2.409906678317527642e-08
2.403686293114656920e-08
2.397465907911787520e-08
2.391170547059453298e-08
2.384939811227060254e-08
2.378911656820219415e-08
2.372853577661087048e-08
2.366795498501955012e-08
2.360670687948281567e-08
2.354712246600743296e-08
2.348827555504221436e-08
2.342930169265689216e-08
2.337030352842983299e-08
2.331115990707106325e-08
2.325390632521026399e-08
2.319645821479351830e-08
2.313899258231196739e-08
2.308151093081324784e-08
2.302419161174839969e-08
2.296896844603143833e-08
2.291347776494064941e-08
2.285798708384987703e-08
2.280265818382530303e-08
2.274770223378650047e-08
2.269349263838414336e-08
2.263907518149365284e-08
2.258465772460315571e-08
2.253060906682913879e-08
2.247695011765696990e-08
2.242360121574190690e-08
2.237010177735465405e-08
2.231660233896740783e-08
2.226368890454429054e-08
2.221135749770406026e-08
2.215940299978668288e-08
2.210738088612356680e-08
2.205535877246043749e-08
2.200407396801028217e-08
2.195295288385385926e-08
2.190182736083616552e-08
2.185063787442867450e-08
2.179946754259311196e-08
2.174898829370203506e-08
2.169870880922553654e-08
2.164845523909320016e-08
2.159815810399852657e-08
2.154788053162114819e-08
2.149810861759573624e-08
2.144855186124177754e-08
2.139903748996259567e-08
2.134948218527585056e-08
2.129992991339833537e-08
2.125091399879036273e-08
2.120192086614967802e-08
2.115288045020441287e-08
2.110379279243867754e-08
2.105470513467294883e-08
2.100608321579492745e-08
2.095771084667639767e-08
2.090947591223941101e-08
2.086118316285251594e-08
2.081289041346564073e-08
2.076474987975095180e-08
2.071682196301340869e-08
2.066909804089642106e-08
2.062129740686238168e-08
2.057349677282834230e-08
2.052568519304895005e-08
2.047802031223478674e-08
2.043071349614063576e-08
2.038329980060568238e-08
2.033588610507071907e-08
2.028835785979194754e-08
2.024081927938381300e-08
2.019407288651427971e-08
2.014714979825972428e-08
2.010022671000517878e-08
2.005312073077167604e-08
2.000558129197914838e-08
1.995903006940474138e-08
1.991253071658945989e-08
1.986600190608137193e-08
1.981946405587804157e-08
1.977232509103258067e-08
1.972595585211944591e-08
1.968001247625691926e-08
1.963394789376473960e-08
1.958788331127255331e-08
1.954113078983145029e-08
1.949458799619976473e-08
1.944916723693406236e-08
1.940353779640706605e-08
1.935790835588009620e-08
1.931174015629115543e-08
1.926473076523222012e-08
1.921941451154186585e-08
1.917408348240818645e-08
1.912871501504418583e-08
1.908334654768022161e-08
1.903675587092584251e-08
1.899111482473664562e-08
1.894624077653042140e-08
1.890117447383873165e-08
1.885610817114704521e-08
1.881020728614226893e-08
1.876392554794876122e-08
1.872017739749415412e-08
1.867612720237635635e-08
1.863207700725856190e-08
1.858789420731838793e-08
1.854235254803883807e-08
1.849832037335369426e-08
1.845516806165060760e-08
1.841184682306748697e-08
1.836852558448433988e-08
1.832432468996106653e-08
1.827974411780881318e-08
1.823736048448397492e-08
1.819452730111867410e-08
1.815168766699461416e-08
1.810880648191499268e-08
1.806425244542008696e-08
1.802115467583242390e-08
1.797932154685202272e-08
1.793727831707843228e-08
1.789523508730483192e-08
1.785246255610503400e-08
1.780881485140250018e-08
1.776730915010131109e-08
1.772576246509170241e-08
1.768413747698678042e-08
1.764251248888183859e-08
1.759981692310133303e-08
1.755751485925185219e-08
1.751707361000278174e-08
1.747631210103338253e-08
1.743555059206401971e-08
1.739464114882677187e-08
1.735260656336990496e-08
1.731230614410714936e-08
1.727324667807283769e-08
1.723397848502711317e-08
1.719471029198139527e-08
1.715497149532173076e-08
1.711455319920143445e-08
1.707590909937454159e-08
1.703741414661291489e-08
1.699880591388767581e-08
1.696019768116245327e-08
1.692097028684768126e-08
1.688150206977297448e-08
1.684416334758357393e-08
1.680646427867735095e-08
1.676872995960694702e-08
1.673099564053653317e-08
1.669237030547456131e-08
1.665399068395849311e-08
1.661718272789200699e-08
1.658008019156626433e-08
1.654297765524053821e-08
1.650587511891479886e-08
1.646808909050225189e-08
1.643091279896284656e-08
1.639489567940896033e-08
1.635865154800682398e-08
1.632240741660468764e-08
1.628613676775946267e-08
1.624940892429830982e-08
1.621343767320531367e-08
1.617838434078279950e-08
1.614311537100445228e-08
1.610784640122611498e-08
1.607252024461258044e-08
1.603672771369769155e-08
1.600175085108686977e-08
1.596761713443836760e-08
1.593331876470478247e-08
1.589902039497121388e-08
1.586469011889608638e-08
1.583011725476404280e-08
1.579613043714755949e-08
1.576273760744457522e-08
1.572915651939266384e-08
1.569557543134076900e-08
1.566197768247010992e-08
1.562818616440813134e-08
1.559484092704065558e-08
1.556207119518689428e-08
1.552912376825416736e-08
1.549617634132143382e-08
1.546322891438869367e-08
1.543005607420607283e-08
1.539724419612135400e-08
1.536519274594495220e-08
1.533298951951073295e-08
1.530078629307650708e-08
1.526858306664228452e-08
1.523634741503267734e-08
1.520424216080528361e-08
1.517281589134101262e-08
1.514118672156672080e-08
1.510955529990737876e-08
1.507792387824802681e-08
1.504623670235274209e-08
1.501451884800658284e-08
1.498378244370381684e-08
1.495293135118845215e-08
1.492204752608146774e-08
1.489116370097448001e-08
1.486022527730311135e-08
1.482921618930377323e-08
1.479887034794904197e-08
1.476865044728326425e-08
1.473835530123777830e-08
1.470806015519228904e-08
1.467774574270726139e-08
1.464735163143890002e-08
1.461726810363044332e-08
1.458748936420982787e-08
1.455757302996881143e-08
1.452765669572778010e-08
1.449774036148675704e-08
1.446768904247869010e-08
1.443775584131070497e-08
1.440861672851403945e-08
1.437934151035613310e-08
1.435005312608935908e-08
1.432076474182260490e-08
1.429132410514150766e-08
1.426175125476879868e-08
1.423273565928590646e-08
1.420381149330443001e-08
1.417480964107750638e-08
1.414580778885056787e-08
1.411677646920543379e-08
1.408748731630313481e-08
1.405848765397169447e-08
1.403003567058847533e-08
1.400144343405563446e-08
1.397285119752279193e-08
1.394425896098995270e-08
1.391543168086202956e-08
1.388650091814349562e-08
1.385850862727893173e-08
1.383057736384264753e-08
1.380257745232105198e-08
1.377457754079946801e-08
1.374651862509293517e-08
1.371804619190464042e-08
1.368990348340957049e-08
1.366239628543610470e-08
1.363473779612062397e-08
1.360707930680515317e-08
1.357942081748968734e-08
1.355151074819579325e-08
1.352344070610544947e-08
1.349616424277601082e-08
1.346905619301739730e-08
1.344183909642249731e-08
1.341462199982759236e-08
1.338740490323270064e-08
1.335958707862168507e-08
1.333190542160504554e-08
1.330518139609233818e-08
1.327830407550533167e-08
1.325139657366734183e-08
1.322448907182934538e-08
1.319739291903430452e-08
1.316983906705059021e-08
1.314281070139018108e-08
1.311639569670421485e-08
1.308983434158917729e-08
1.306327298647413478e-08
1.303671163135909722e-08
1.300982461377205001e-08
1.298272923737354959e-08
1.295643676894431681e-08
1.293038069467308050e-08
1.290420231025591719e-08
1.287802392583875056e-08
1.285184554142158393e-08
1.282513065387985442e-08
1.279832402288675966e-08
1.277287242494219735e-08
1.274741044105944737e-08
1.272188133732299961e-08
1.269635223358653365e-08
1.267082312985009086e-08
1.264472553001916719e-08
1.261876518891899584e-08
1.259386664097919820e-08
1.256880815867660596e-08
1.254370345987879666e-08
1.251859876108100225e-08
1.249343021841457362e-08
1.246776398453919902e-08
1.244236362753364796e-08
1.241782473262159904e-08
1.239309589661679622e-08
1.236834146079202772e-08
1.234358702496724929e-08
1.231870089857433761e-08
1.229326211489282656e-08
1.226819611607957787e-08
1.224404165839984329e-08
1.221972382653148152e-08
1.219539444813386583e-08
1.217106506973625015e-08
1.214663047005858226e-08
1.212181782238604593e-08
1.209731647191549837e-08
1.207354873094586849e-08
1.204959909590443849e-08
1.202563654292259014e-08
1.200167398994072855e-08
1.197763035066615526e-08
1.195323788072663478e-08
1.192914789076853001e-08
1.190594264208003676e-08
1.188259063242622923e-08
1.185921859579941047e-08
1.183584655917258840e-08
1.181243160778919464e-08
1.178864062049463561e-08
1.176503621773934460e-08
1.174243528596958743e-08
1.171969883791164127e-08
1.169692243225722539e-08
1.167414602660281446e-08
1.165136962094839196e-08
1.162825375641179022e-08
1.160513740128525287e-08
1.158289292065495384e-08
1.156054035901101275e-08
1.153811685206789910e-08
1.151569334512479372e-08
1.149326983818168007e-08
1.147061425267566548e-08
1.144790730880382842e-08
1.142596427126314606e-08
1.140415985758290488e-08
1.138225711442638376e-08
1.136035437126987588e-08
1.133845162811336965e-08
1.131635563847235500e-08
1.129409338281849261e-08
1.127225743351278671e-08
1.125077992940885020e-08
1.122916723752505464e-08
1.120755454564126072e-08
1.118594185375747343e-08
1.116427699263041023e-08
1.114243720509903761e-08
1.112077407188176185e-08
1.109974874390743125e-08
1.107861648732626587e-08
1.105745661151631386e-08
1.103629673570635358e-08
1.101513685989639661e-08
1.099380063803480020e-08
1.097244641072938183e-08
1.095181469987802549e-08
1.093125994009206013e-08
1.091061908639825418e-08
1.088997823270443831e-08
1.086933737901063071e-08
1.084857422750343938e-08
1.082767048806064074e-08
1.080708049010227404e-08
1.078693527965688594e-08
1.076666772970452036e-08
1.074639663695507781e-08
1.072612554420563030e-08
1.070585445145618775e-08
1.068540529527671719e-08
1.066495972223837384e-08
1.064517820643984352e-08
1.062537823573686165e-08
1.060549959548098669e-08
1.058562095522511008e-08
1.056574231496922684e-08
1.054575163534922020e-08
1.052563943917059887e-08
1.050578692792339217e-08
1.048634382411463176e-08
1.046678074043312098e-08
1.044720746455535788e-08
1.042763418867759810e-08
1.040806091279984327e-08
1.038824089832113683e-08
1.036839670694234953e-08
1.034912029107157214e-08
1.032996538295404865e-08
1.031073171493943705e-08
1.029149804692484035e-08
1.027226437891022710e-08
1.025298019420193659e-08
1.023353533039297974e-08
1.021417711354102427e-08
1.019537029845582772e-08
1.017647648017611464e-08
1.015753388767299818e-08
1.013859129516988337e-08
1.011964870266676525e-08
1.010055265666303687e-08
1.008133606258921230e-08
1.006246179781047873e-08
1.004407601536933992e-08
1.002558734551604404e-08
1.000708883120537543e-08
9.988590316894711781e-09
9.970091802584049786e-09
9.951386843987739596e-09
9.932636973026512502e-09
9.914333352262826867e-09
9.896272651433303624e-09
9.878101086303384577e-09
9.859929521173455603e-09
9.841757956043534901e-09
9.823586390913619162e-09
9.805152303420199624e-09
9.786723661826413613e-09
9.768796786041351387e-09
9.750958573613276746e-09
9.733020417228039774e-09
9.715082260842814383e-09
9.697144104457580719e-09
9.679179794043253626e-09
9.660899049623172611e-09
9.642636610967643018e-09
9.625079979720189131e-09
9.607556642103288051e-09
9.589961161476712647e-09
9.572365680850142205e-09
9.554770200223571764e-09
9.537130714730349571e-09
9.519218403189041865e-09
9.501319048699615964e-09
9.484020319806087637e-09
9.466703290472093035e-09
9.449310578754387607e-09
9.431917867036675561e-09
9.414525155318961861e-09
9.397091949888529207e-09
9.379410587948351702e-09
9.361744310565448202e-09
9.344747434958127564e-09
9.327757428524065752e-09
9.310697581937857206e-09
9.293637735351643696e-09
9.276577888765436805e-09
9.259495126961241740e-09
9.242141107449229222e-09
9.224801928407509348e-09
9.208163292551853585e-09
9.191608775089243986e-09
9.174966980783670083e-09
9.158325186478106105e-09
9.141683392172533856e-09
9.125041597866963261e-09
9.108116542213020472e-09
9.091194288049285808e-09
9.074725223907879103e-09
9.058419681624714301e-09
9.042008900011577577e-09
9.025598118398440854e-09
9.009187336785307439e-09
8.992776555172169061e-09
8.976167655399413289e-09
8.959519586148668292e-09
8.943231202192421028e-09
8.927281143708615390e-09
8.911216993666707397e-09
8.895143550837119858e-09
8.879070108007533974e-09
8.862996665177949743e-09
8.846741517253894105e-09
8.830333096385740817e-09
8.814085846855418753e-09
8.798304117953749817e-09
8.782447221336328919e-09
8.766549644131846296e-09
8.750652066927368636e-09
8.734754489722879396e-09
8.718802761912202534e-09
8.702658098770942401e-09
8.686522232783909142e-09
8.670981655355164270e-09
8.655458173650296475e-09
8.639863336261296218e-09
8.624268498872299269e-09
8.608673661483300666e-09
8.593078824094303717e-09
8.577307753451709856e-09
8.561516654921922951e-09
8.546073488185251427e-09
8.530934525837860985e-09
8.515692295701917731e-09
8.500439485219585582e-09
8.485186674737246816e-09
8.469933864254911359e-09
8.454573518753499677e-09
8.439061795521358133e-09
8.423607416946517481e-09
8.408757145524386005e-09
8.393862499423843656e-09
8.378911412019498439e-09
8.363960324615159839e-09
8.349009237210816277e-09
8.334058149806474368e-09
8.318940416452379960e-09
8.303814022695324402e-09
8.289014539835915138e-09
8.274472114374188937e-09
8.259826441307424580e-09
8.245170379362694159e-09
8.230514317417963738e-09
8.215858255473233317e-09
8.201132910814881395e-09
8.186277808007500936e-09
8.171430058706795381e-09
8.157099840835653835e-09
8.142749478707128686e-09
8.128326199306668606e-09
8.113902919906201908e-09
8.099479640505741827e-09
8.085056361105280093e-09
8.070459092078360508e-09
8.055797103677349846e-09
8.041326188070911174e-09
8.027246791492059224e-09
8.013107087879572042e-09
7.998934832010510056e-09
7.984762576141443107e-09
7.970590320272379466e-09
7.956416700114581778e-09
7.942081130282172615e-09
7.927752692452582904e-09
7.913728948528663451e-09
7.899899807672220045e-09
7.885977147490221957e-09
7.872046453524730772e-09
7.858115759559241241e-09
7.844185065593748401e-09
7.830207402193543595e-09
7.816088698506555640e-09
7.801978063605646809e-09
7.788358683479639978e-09
7.774830232611910583e-09
7.761224072501875530e-09
7.747617912391850402e-09
7.734011752281820312e-09
7.720405592171781950e-09
7.706724318068652641e-09
7.692940777439845677e-09
7.679161447515604212e-09
7.665912717146591435e-09
7.652650679228735728e-09
7.639318837832230769e-09
7.625986996435722502e-09
7.612655155039219197e-09
7.599323313642715892e-09
7.585899797152831483e-09
7.572396360949862610e-09
7.558925822122066582e-09
7.545892026254512984e-09
7.532824430045144348e-09
7.519689192330370469e-09
7.506553954615596590e-09
7.493418716900821057e-09
7.480283479186050487e-09
7.467039834688318017e-09
7.453716139441469403e-09
7.440438804843809228e-09
7.427656112626419846e-09
7.414844141237227944e-09
7.401974026535419551e-09
7.389103911833602886e-09
7.376233797131787876e-09
7.363363682429972866e-09
7.350384450310134597e-09
7.337308035229161085e-09
7.324246289849298477e-09
7.311630662260982351e-09
7.298990419036956264e-09
7.286282910439512210e-09
7.273575401842068156e-09
7.260867893244623274e-09
7.248160384647177566e-09
7.235378692148348571e-09
7.222496037261604073e-09
7.209619771601166663e-09
7.197181091662136571e-09
7.184780361536171622e-09
7.172308939587182955e-09
7.159837517638200906e-09
7.147366095689217202e-09
7.134894673740226881e-09
7.122380720349096966e-09
7.109733055403206373e-09
7.097093744647716163e-09
7.084851451315414085e-09
7.072773389026920211e-09
7.060612749236326313e-09
7.048445473207439849e-09
7.036278197178547593e-09
7.024110921149661129e-09
7.011943645120777972e-09
6.999580809547455305e-09
6.987227307363792225e-09
6.975075511715644064e-09
6.963175645997040369e-09
6.951220524044122567e-09
6.939235552733031156e-09
6.927250581421939746e-09
6.915265610110849163e-09
6.903280638799757753e-09
6.891184225568765131e-09
6.879044009470834089e-09
6.866960212271503246e-09
6.855300512013457381e-09
6.843613569189670388e-09
6.831863682970424063e-09
6.820113796751181874e-09
6.808363910531940512e-09
6.796614024312695841e-09
6.784800936071372300e-09
6.772840201395822630e-09
6.760887764599298489e-09
6.749245948713027307e-09
6.737733240858347140e-09
6.726146389376818493e-09
6.714549759824604112e-09
6.702953130272400485e-09
6.691356500720185277e-09
6.679759871167975033e-09
6.668008477666585804e-09
6.656235367766794754e-09
6.644569138935698381e-09
6.633256824198590329e-09
6.621914301718569945e-09
6.610525115811105366e-09
6.599135929903651540e-09
6.587746743996192752e-09
6.576357558088732309e-09
6.564922976460652305e-09
6.553389548120603577e-09
6.541862372089188980e-09
6.530637092258942741e-09
6.519553347112452817e-09
6.508401476440445327e-09
6.497235648564031881e-09
6.486069820687627533e-09
6.474903992811213260e-09
6.463738164934806431e-09
6.452443840310187608e-09
6.441103169814066213e-09
6.429793997372120003e-09
6.418944137614229961e-09
6.408079572977961471e-09
6.397153883582658919e-09
6.386228194187359676e-09
6.375302504792062914e-09
6.364376815396756226e-09
6.353446719792930724e-09
6.342379734502701012e-09
6.331320048115837275e-09
6.320414451574444273e-09
6.309778648115220672e-09
6.299103537887388102e-09
6.288386569483485531e-09
6.277669601079584614e-09
6.266952632675682870e-09
6.256235664271780299e-09
6.245477715387024244e-09
6.234618327484505220e-09
6.223766275451540894e-09
6.213146475362336446e-09
6.202685368826193140e-09
6.192168526176462254e-09
6.181627852043204791e-09
6.171087177909948982e-09
6.160546503776689864e-09
6.150005829643430746e-09
6.139378499752729542e-09
6.128652702893836737e-09
6.117931623526318065e-09
6.107528961879382704e-09
6.097232427651327269e-09
6.086875393494233744e-09
6.076507003936084779e-09
6.066138614377931678e-09
6.055770224819782714e-09
6.045401835261631267e-09
6.034960464145871824e-09
6.024465404544264101e-09
6.013973412485727948e-09
6.003794369516336570e-09
5.993679070577688588e-09
5.983496300954851727e-09
5.973306707762827942e-09
5.963117114570793404e-09
5.952927521378769619e-09
5.942737928186737562e-09
5.932467562690589999e-09
5.922145203876759771e-09
5.911826828046483103e-09
5.901859215872544898e-09
5.891960523979823419e-09
5.882000606034761858e-09
5.872033769445994213e-09
5.862066932857232358e-09
5.852100096268468022e-09
5.842133259679696241e-09
5.832091525103594796e-09
5.821988315128475328e-09
5.811888545913309458e-09
5.802104436479378673e-09
5.792417594554515966e-09
5.782672380452247457e-09
5.772913681563890752e-09
5.763154982675535702e-09
5.753396283787178170e-09
5.743637584898822292e-09
5.733825056019918488e-09
5.723937240223843857e-09
5.714054029149970274e-09
5.704390331845754283e-09
5.694863365962934926e-09
5.685289120674606454e-09
5.675689324534212595e-09
5.666089528393825353e-09
5.656489732253429839e-09
5.646889936113039289e-09
5.637263224227623645e-09
5.627533059560924143e-09
5.617811524356542127e-09
5.608238962588138516e-09
5.598898996644394051e-09
5.589531090185408737e-09
5.580122707175578807e-09
5.570714324165740605e-09
5.561305941155912329e-09
5.551897558146079917e-09
5.542489175136241715e-09
5.532932415804435157e-09
5.523369035343809832e-09
5.513836451300125845e-09
5.504619076043865616e-09
5.495395572047591081e-09
5.486109629965759682e-09
5.476823687883918357e-09
5.467537745802090267e-09
5.458251803720252250e-09
5.448965861638420851e-09
5.439610372233287348e-09
5.430204078480570650e-09
5.420801516103374113e-09
5.411651833126123266e-09
5.402608474792965119e-09
5.393522406124724163e-09
5.384417289284366790e-09
5.375312172444008589e-09
5.366207055603647908e-09
5.357101938763293016e-09
5.347982481108480603e-09
5.338758863583070721e-09
5.329542656794063057e-09
5.320419796961092756e-09
5.311589094702912767e-09
5.302744167818773940e-09
5.293847101737445914e-09
5.284950035656107963e-09
5.276052969574780765e-09
5.267155903493449431e-09
5.258258837412114788e-09
5.249279841657627351e-09
5.240250092940863405e-09
5.231223717850856227e-09
5.222441516436672349e-09
5.213763770352412894e-09
5.205044515703350848e-09
5.196303599903135336e-09
5.187562684102920651e-09
5.178821768302704312e-09
5.170080852502492936e-09
5.161339856084340890e-09
5.152488954706901637e-09
5.143644486021316445e-09
5.134827384943393522e-09
5.126326043239810610e-09
5.117823418728348307e-09
5.109255325130078652e-09
5.100687231531807343e-09
5.092119137933531070e-09
5.083551044335263070e-09
5.074982950736988452e-09
5.066371770928687643e-09
5.057670825915921607e-09
5.048976617376101113e-09
5.040401834274275666e-09
5.032026340759812826e-09
5.023632095130965311e-09
5.015194113739415785e-09
5.006756132347867914e-09
4.998318150956320042e-09
4.989880169564768034e-09
4.981442188173220163e-09
4.972929981390842600e-09
4.964361583655074155e-09
4.955796626917923249e-09
4.947427611263414211e-09
4.939195005371396283e-09
4.930932869430900789e-09
4.922641096810669709e-09
4.914349324190432838e-09
4.906057551570201758e-09
4.897765778949967369e-09
4.889474006329735461e-09
4.881109299797232488e-09
4.872718715876642980e-09
4.864330542756264463e-09
4.856167977391810906e-09
4.848092262697969604e-09
4.839980071269479640e-09
4.831845103856998550e-09
4.823710136444518288e-09
4.815575169032036372e-09
4.807440201619556110e-09
4.799305234207074193e-09
4.791076377732618911e-09
4.782826379330478481e-09
4.774578747600611551e-09
4.766606031026358507e-09
4.758714728659355478e-09
4.750785851777474043e-09
4.742836653737515405e-09
4.734887455697555113e-09
4.726938257657598129e-09
4.718989059617637010e-09
4.711039861577680853e-09
4.703010742497322235e-09
4.694961625592830201e-09
4.686914410861886526e-09
4.679094527260469563e-09
4.671355615073283130e-09
4.663581203471879803e-09
4.655782990890216021e-09
4.647984778308554722e-09
4.640186565726893422e-09
4.632388353145232950e-09
4.624590140563569168e-09
4.616722328907911069e-09
4.608825127877882320e-09
4.600931047457334144e-09
4.593217505718891024e-09
4.585615118205730177e-09
4.577985363063833807e-09
4.570323977416064720e-09
4.562662591768298942e-09
4.555001206120527374e-09
4.547339820472759941e-09
4.539678434824996645e-09
4.531954917512396424e-09
4.524171154088081741e-09
4.516391764709317418e-09
4.508738444130796425e-09
4.501262405878022531e-09
4.493772849154269822e-09
4.486241422406208149e-09
4.478709995658142339e-09
4.471178568910080666e-09
4.463647142162017338e-09
4.456115715413956491e-09
4.448560315072533036e-09
4.440926254293863469e-09
4.433296798320317326e-09
4.425703215704020533e-09
4.418356953757088144e-09
4.411010691810152446e-09
4.403612624998589931e-09
4.396211167433696243e-09
4.388809709868790973e-09
4.381408252303895630e-09
4.374006794738994497e-09
4.366605337174099981e-09
4.359118740320772689e-09
4.351625098506208888e-09
4.344133207490411777e-09
4.336864800425706986e-09
4.329670276700567623e-09
4.322447491188534758e-09
4.315201274530846464e-09
4.307955057873156515e-09
4.300708841215461603e-09
4.293462624557775791e-09
4.286216407900084188e-09
4.278926121384167550e-09
4.271581880002237056e-09
4.264241465468076654e-09
4.256989710093422968e-09
4.249955511413490087e-09
4.242917631568524750e-09
4.235829198253657113e-09
4.228740764938796922e-09
4.221652331623928458e-09
4.214563898309067440e-09
4.207475464994207248e-09
4.200387031679342920e-09
4.193210976172141128e-09
4.186030855231247493e-09
4.178852101008948326e-09
4.171873324602235120e-09
4.164964818007955963e-09
4.158029542889768271e-09
4.151067643958449298e-09
4.144105745027133634e-09
4.137143846095816316e-09
4.130181947164505615e-09
4.123220048233189951e-09
4.116231727795777923e-09
4.109183725134150517e-09
4.102141562463469164e-09
4.095127497326887818e-09
4.088360212641992996e-09
4.081592927957101483e-09
4.074781423251746646e-09
4.067961899659782132e-09
4.061142376067820926e-09
4.054322852475858894e-09
4.047503328883896034e-09
4.040683805291938138e-09
4.033792374497214309e-09
4.026855527638727774e-09
4.019921836195863197e-09
4.013085080490687104e-09
4.006409490139994968e-09
3.999728617631709378e-09
3.993001555450685390e-09
3.986274493269657266e-09
3.979547431088634932e-09
3.972820368907608462e-09
3.966093306726586128e-09
3.959366244545559658e-09
3.952569412560425698e-09
3.945759186224051757e-09
3.938950903378725719e-09
3.932290995196478826e-09
3.925747968027945449e-09
3.919192123637281817e-09
3.912601458458851886e-09
3.906010793280417820e-09
3.899420128101987889e-09
3.892829462923555477e-09
3.886238797745127201e-09
3.879648132566691480e-09
3.872981738158574667e-09
3.866313224783127982e-09
3.859646218542052521e-09
3.853156245254527695e-09
3.846760383502031765e-09
3.840347579574181744e-09
3.833902625368348257e-09
3.827457671162514770e-09
3.821012716956679628e-09
3.814567762750845314e-09
3.808122808545011000e-09
3.801677854339175031e-09
3.795141559712079634e-09
3.788604609139130377e-09
3.782068967080240737e-09
3.775706202559504449e-09
3.769434286528123787e-09
3.763146418064376225e-09
3.756826174661728379e-09
3.750505931259083015e-09
3.744185687856439305e-09
3.737865444453793113e-09
3.731545201051146921e-09
3.725224957648501970e-09
3.718835761043974813e-09
3.712441064453482743e-09
3.706047839628017635e-09
3.699796645666695817e-09
3.693654137972963505e-09
3.687500783759041328e-09
3.681309704376753951e-09
3.675118624994471950e-09
3.668927545612190363e-09
3.662736466229904639e-09
3.656545386847622225e-09
3.650354307465336502e-09
3.644099194811457922e-09
3.637824269892151316e-09
3.631552549628912222e-09
3.625371938704362006e-09
3.619336775636366423e-09
3.613300474295396045e-09
3.607218005567890493e-09
3.601135536840389077e-09
3.595053068112888488e-09
3.588970599385383763e-09
3.582888130657882347e-09
3.576805661930375968e-09
3.570675626124958364e-09
3.564496647530361718e-09
3.558320913588191513e-09
3.552171968558862812e-09
3.546238098009777145e-09
3.540304227460696027e-09
3.534336801134900725e-09
3.528357066964952717e-09
3.522377332794999332e-09
3.516397598625050083e-09
3.510417864455101248e-09
3.504438130285147450e-09
3.498447766447853437e-09
3.492395030697098235e-09
3.486345794091361169e-09
3.480297039410920550e-09
3.474422066861459208e-09
3.468607321896890304e-09
3.462777541495227093e-09
3.456919258373129401e-09
3.451060975251025506e-09
3.445202692128925747e-09
3.439344409006828883e-09
3.433486125884726229e-09
3.427627842762628952e-09
3.421713040672817194e-09
3.415777190951256939e-09
3.409844159561237974e-09
3.403980975340563458e-09
3.398297368548027754e-09
3.392613761755493290e-09
3.386891894731453684e-09
3.381164027563005455e-09
3.375436160394561776e-09
3.369708293226118097e-09
3.363980426057669455e-09
3.358252558889225776e-09
3.352511254203079664e-09
3.346707646546560638e-09
3.340907365852717687e-09
3.335107490778268865e-09
3.329475561691346161e-09
3.323908216618786629e-09
3.318328072895361213e-09
3.312716320140166435e-09
3.307104567384979102e-09
3.301492814629785979e-09
3.295881061874597818e-09
3.290269309119408418e-09
3.284657556364215294e-09
3.279006142481372268e-09
3.273323400885706404e-09
3.267643907398012336e-09
3.261979580053837185e-09
3.256521274858376580e-09
3.251062969662918457e-09
3.245577863005101520e-09
3.240076043959198240e-09
3.234574224913292892e-09
3.229072405867391680e-09
3.223570586821490468e-09
3.218068767775585533e-09
3.212566948729682253e-09
3.206997552001585005e-09
3.201416583918295790e-09
3.195838035267441174e-09
3.190328686124099077e-09
3.184967585102978102e-09
3.179606484081854646e-09
3.174209398122016449e-09
3.168805805208079937e-09
3.163402212294149629e-09
3.157998619380216426e-09
3.152595026466280327e-09
3.147191433552348779e-09
3.141787412824583570e-09
3.136305405724502271e-09
3.130825832795316949e-09
3.125347355128871918e-09
3.119969456627521782e-09
3.114704739379395781e-09
3.109440022131269367e-09
3.104134344789868343e-09
3.098827843399085350e-09
3.093521342008302356e-09
3.088214840617517708e-09
3.082908339226735542e-09
3.077601837835950481e-09
3.072289502605392067e-09
3.066915648912519971e-09
3.061544854438005193e-09
3.056175021857119149e-09
3.050918181460937246e-09
3.045763701023027179e-09
3.040608621666356133e-09
3.035415305656215533e-09
3.030221989646072039e-09
3.025028673635931439e-09
3.019835357625790840e-09
3.014642041615647345e-09
3.009448725605505091e-09
3.004250656456720028e-09
2.998988563758637563e-09
2.993729270165554425e-09
2.988470995351810778e-09
2.983320307748523900e-09
2.978286184970242099e-09
2.973252062191957817e-09
2.968179003852159095e-09
2.963103962858452986e-09
2.958028921864746049e-09
2.952953880871037045e-09
2.947878839877329695e-09
2.942803798883619037e-09
2.937728757889912101e-09
2.932588808601072950e-09
2.927447730881711128e-09
2.922308038712686491e-09
2.917236900022045184e-09
2.912301458849880067e-09
2.907366017677714536e-09
2.902399129560741326e-09
2.897423775740483061e-09
2.892448421920222728e-09
2.887473068099964876e-09
2.882497714279703715e-09
2.877522360459447104e-09
2.872547006639186357e-09
2.867526354164993347e-09
2.862490947536355455e-09
2.857458120710104441e-09
2.852443700367649177e-09
2.847613359647556465e-09
2.842783018927468303e-09
2.837932226500378066e-09
2.833062833799957439e-09
2.828193441099537224e-09
2.823324048399114942e-09
2.818454655698692660e-09
2.813585262998270791e-09
2.808715870297850163e-09
2.803813908444335799e-09
2.798866613874976247e-09
2.793923076194563320e-09
2.788979538514148326e-09
2.784178397216554715e-09
2.779425991931543565e-09
2.774667451288806443e-09
2.769876266073633453e-09
2.765085080858456741e-09
2.760293895643283751e-09
2.755502710428109521e-09
2.750711525212933223e-09
2.745920339997761060e-09
2.741129154782584762e-09
2.736273728479016657e-09
2.731420148927482695e-09
2.726567810068036836e-09
2.721774025570534015e-09
2.717118708963187484e-09
2.712463392355842608e-09
2.707782700468092371e-09
2.703090641912250473e-09
2.698398583356408162e-09
2.693706524800567091e-09
2.689014466244724365e-09
2.684322407688883294e-09
2.679630349133040983e-09
2.674910998385109484e-09
2.670161781216241993e-09
2.665415718835156036e-09
2.660669656454072973e-09
2.656069948088756900e-09
2.651519894436747914e-09
2.646965490646858527e-09
2.642379246662149520e-09
2.637793002677444648e-09
2.633206758692736467e-09
2.628620514708031182e-09
2.624034270723326724e-09
2.619448026738619784e-09
2.614861782753913671e-09
2.610220000782479471e-09
2.605569904431617752e-09
2.600921669983252430e-09
2.596291616937308894e-09
2.591839614491233524e-09
2.587387612045155673e-09
2.582919209899461166e-09
2.578430447013584232e-09
2.573941684127711435e-09
2.569452921241837396e-09
2.564964158355961704e-09
2.560475395470088079e-09
2.555986632584211973e-09
2.551491171473691213e-09
2.546946508352130222e-09
2.542403934440532755e-09
2.537862210598793443e-09
2.533382764624369431e-09
2.529027305551114658e-09
2.524671846477856576e-09
2.520292404622468204e-09
2.515901022173505942e-09
2.511509639724546162e-09
2.507118257275585140e-09
2.502726874826621638e-09
2.498335492377662271e-09
2.493944109928698768e-09
2.489536499905570083e-09
2.485088249549241995e-09
2.480643482300488152e-09
2.476199256056863316e-09
2.471838933262981851e-09
2.467572857104696125e-09
2.463306780946406676e-09
2.459013031579075200e-09
2.454711651716063319e-09
2.450410271853050197e-09
2.446108891990037902e-09
2.441807512127023539e-09
2.437506132264010831e-09
2.433204752400997295e-09
2.428878773004769654e-09
2.424506136692282270e-09
2.420136387817023758e-09
2.415766908604858888e-09
2.411485909859660633e-09
2.407292789178259845e-09
2.403099668496859470e-09
2.398878843246654224e-09
2.394650833490489158e-09
2.390422823734322439e-09
2.386194813978158201e-09
2.381966804221990654e-09
2.377738794465826416e-09
2.373510784709661350e-09
2.369267164974340562e-09
2.364986882719005825e-09
2.360708929865780225e-09
2.356431365508089570e-09
2.352228889272846276e-09
2.348127689729877641e-09
2.344026490186909006e-09
2.339902412331848139e-09
2.335768409651561582e-09
2.331634406971273784e-09
2.327500404290988054e-09
2.323366401610701910e-09
2.319232398930414526e-09
2.315098396250129623e-09
2.310956614588133503e-09
2.306768870106465609e-09
2.302583457381864825e-09
2.298399081660834617e-09
2.294258040069464820e-09
2.290252512463306062e-09
2.286246984857150199e-09
2.282225153734229112e-09
2.278186565931546683e-09
2.274147978128863426e-09
2.270109390326178929e-09
2.266070802523496500e-09
2.262032214720811589e-09
2.257993626918127506e-09
2.253955039115442595e-09
2.249867952699000977e-09
2.245775538235304109e-09
2.241684666008131392e-09
2.237593793780960330e-09
2.233668107142717427e-09
2.229751021137150079e-09
2.225827924749596418e-09
2.221877515168430906e-09
2.217927105587264154e-09
2.213976696006095747e-09
2.210026286424930236e-09
2.206075876843761416e-09
2.202125467262594663e-09
2.198175057681428738e-09
2.194198783053736247e-09
2.190197942905414071e-09
2.186199727704631698e-09
2.182201512503849325e-09
2.178295218500332325e-09
2.174464263237986420e-09
2.170633307975641342e-09
2.166778096152883527e-09
2.162915151454196252e-09
2.159052206755507737e-09
2.155189262056821704e-09
2.151326317358133602e-09
2.147463372659448395e-09
2.143600427960761121e-09
2.139735803657283747e-09
2.135819017692927873e-09
2.131904245661896111e-09
2.127991154434592362e-09
2.124084243867675105e-09
2.120331091228335038e-09
2.116577938588994970e-09
2.112817575359569004e-09
2.109032520590211733e-09
2.105247465820850740e-09
2.101462411051492641e-09
2.097677356282134543e-09
2.093892301512774791e-09
2.090107246743416693e-09
2.086322191974056113e-09
2.082511503659988151e-09
2.078668182112766086e-09
2.074827175959274210e-09
2.070986311141300385e-09
2.067211947417241179e-09
2.063530599961928591e-09
2.059849252506612694e-09
2.056149506373454768e-09
2.052436588713844893e-09
2.048723671054231708e-09
2.045010753394622246e-09
2.041297835735008647e-09
2.037584918075397944e-09
2.033872000415785587e-09
2.030159082756175711e-09
2.026411413742016726e-09
2.022651950906720275e-09
2.018894490358112325e-09
2.015137029809501066e-09
2.011489071761560361e-09
2.007891828908234362e-09
2.004294586054907123e-09
2.000673500030342389e-09
1.997047451054993866e-09
1.993421402079647824e-09
1.989795353104299714e-09
1.986169304128952845e-09
1.982543255153605976e-09
1.978917206178258280e-09
1.975291157202912238e-09
1.971621139729606624e-09
1.967948524281541482e-09
1.964277560521285967e-09
1.960606596761032519e-09
1.957070647174653719e-09
1.953560893393866279e-09
1.950051139613081320e-09
1.946512153756195310e-09
1.942971948164991797e-09
1.939431742573787870e-09
1.935891536982582702e-09
1.932351331391380016e-09
1.928811125800175263e-09
1.925270920208972577e-09
1.921730714617767823e-09
1.918142461774750285e-09
1.914555026850655444e-09
1.910968876642210068e-09
1.907382726433766346e-09
1.903932238933888796e-09
1.900500573383042621e-09
1.897068907832195205e-09
1.893608042497063463e-09
1.890146539411648377e-09
1.886685036326232051e-09
1.883223533240817379e-09
1.879762030155400639e-09
1.876300527069985553e-09
1.872839023984570054e-09
1.869377520899153728e-09
1.865874120202079437e-09
1.862369675108706785e-09
1.858866783037117841e-09
1.855363890965528484e-09
1.851983194216149707e-09
1.848632178985253751e-09
1.845281163754355106e-09
1.841904996958847896e-09
1.838525493835749026e-09
1.835145990712651191e-09
1.831766487589551080e-09
1.828386984466453245e-09
1.825007481343356236e-09
1.821627978220256953e-09
1.818248475097158704e-09
