-1.037782462515368134e-08
-1.033850846481329478e-08
-1.029187233440371001e-08
-1.023802647812964629e-08
-1.017748227239217270e-08
-1.011135059783566168e-08
-1.003947592537219788e-08
-9.962367444912694283e-09
-9.880838384910821776e-09
-9.794616768264485862e-09
-9.704746421816220401e-09
-9.610984261161415956e-09
-9.513907260062934459e-09
-9.413832411718864906e-09
-9.310866935560259996e-09
-9.205543866967131232e-09
-9.097794984282086689e-09
-8.988156803053134728e-09
-8.876550346294176704e-09
-8.763453137766802903e-09
-8.648932056496995063e-09
-8.533089940100150986e-09
-8.416371142103837184e-09
-8.298531507003225339e-09
-8.180242521515501101e-09
-8.061164401727867454e-09
-7.941857376217103322e-09
-7.822173013032405305e-09
-7.702189954125156578e-09
-7.582389020293353909e-09
-7.462477593240178416e-09
-7.342878132184023504e-09
-7.223520735234851008e-09
-7.104381031075895278e-09
-6.986008150609238974e-09
-6.868047866554581715e-09
-6.750580154418815908e-09
-6.634112511888992009e-09
-6.518301392938078026e-09
-6.403239087951934497e-09
-6.289288863277834069e-09
-6.176243274730030969e-09
-6.064141418456244224e-09
-5.953239590627749893e-09
-5.843376621749400531e-09
-5.734639735601123026e-09
-5.627294135901888492e-09
-5.520993310504418500e-09
-5.416098472556711824e-09
-5.312485970761897618e-09
-5.210195604433936550e-09
-5.109282634240652140e-09
-5.009719145458873235e-09
-4.911568317544455404e-09
-4.814846493181940118e-09
-4.719569814399210627e-09
-4.625718124396442961e-09
-4.533326356399170728e-09
-4.442384479789954667e-09
-4.352928325693057479e-09
-4.264945818154610752e-09
-4.178380950302476884e-09
-4.093356549907500687e-09
-4.009796250576193741e-09
-3.927707090591378653e-09
-3.847097251019335531e-09
-3.767802890952033194e-09
-3.690245788443317444e-09
-3.613926276484058180e-09
-3.539066478940099046e-09
-3.465646079984162626e-09
-3.393705134919339756e-09
-3.322994952007174689e-09
-3.253891031051660946e-09
-3.186007706048214703e-09
-3.119518076069418598e-09
-3.054371691924402971e-09
-2.990569178122185456e-09
-2.928132445227714069e-09
-2.866808574892104949e-09
-2.806893693541957718e-09
-2.748194862129423807e-09
-2.690762901612324336e-09
-2.634548569784458038e-09
-2.579437171634289630e-09
-2.525599189141010524e-09
-2.472866980599803708e-09
-2.421229737043620511e-09
-2.370736549621707311e-09
-2.321283064558412501e-09
-2.273038492376312816e-09
-2.225817798632310411e-09
-2.179562682324637892e-09
-2.134326574828805206e-09
-2.089979521618967186e-09
-2.046681378542935986e-09
-2.004392477749280252e-09
-1.962930865708331292e-09
-1.922401988111928688e-09
-1.882713905670419060e-09
-1.843831776168366743e-09
-1.805922834765018687e-09
-1.768814923227965440e-09
-1.732451511271400439e-09
-1.696882333258437185e-09
-1.662022107353460141e-09
-1.627909149141823642e-09
-1.594589759636739847e-09
-1.561956159752355471e-09
-1.529971368175801166e-09
-1.498646437948923834e-09
-1.467927049073144131e-09
-1.437822014876615140e-09
-1.408408754415906299e-09
-1.379576150393627046e-09
-1.351250577817524032e-09
-1.323576730477438315e-09
-1.296412418268901746e-09
-1.269711499064491003e-09
-1.243616959953523405e-09
-1.218037079206995682e-09
-1.192881197382940842e-09
-1.168161341521890318e-09
-1.143917963354309952e-09
-1.120099613362479480e-09
-1.096724930402713040e-09
-1.073825545073359660e-09
-1.051312893223609094e-09
-1.029141562079922433e-09
-1.007323354392203967e-09
-9.859126930247831403e-10
-9.648452043889053033e-10
-9.441284483964905798e-10
-9.237592365315019778e-10
-9.037081184965881475e-10
-8.839351992876500167e-10
-8.645324186692994916e-10
-8.453969466191450804e-10
-8.265056968743008215e-10
-8.078540822541491995e-10
-7.895822755693535631e-10
-7.715821989874711823e-10
-7.537892808759784139e-10
-7.362059909677306010e-10
-7.189028802537022671e-10
-7.018456579950568972e-10
-6.849676790120159604e-10
-6.682897956888791077e-10
-6.519234165949917548e-10
-6.357649741444300510e-10
-6.197653029952330667e-10
-6.039277589920957796e-10
-5.883552193212519122e-10
-5.729479098608135931e-10
-5.576889240412159167e-10
-5.426047844546769243e-10
-5.278023588159182965e-10
-5.131312940412035209e-10
-4.985838203728937507e-10
-4.842559972022428417e-10
-4.700835685491317968e-10
-4.560378144921987802e-10
-4.421575827898541017e-10
-4.284686106378728139e-10
-4.149148915449954731e-10
-4.015466537767492449e-10
-3.883295562513270099e-10
-3.752220413075576488e-10
-3.622844408360703153e-10
-3.495098371139768480e-10
-3.368327689352928182e-10
-3.243004589684439327e-10
-3.119699523377110975e-10
-2.997557716856229476e-10
-2.877158102447850909e-10
-2.757971789871447604e-10
-2.639657898056167245e-10
-2.523611490321123977e-10
-2.408520094181410052e-10
-2.294440701133896294e-10
-2.182188721047708437e-10
-2.071010783616836916e-10
-1.961887688900671313e-10
-1.854120707234664605e-10
-1.747104233979157009e-10
-1.642067481059103486e-10
-1.538022004876629907e-10
-1.435347343469644236e-10
-1.334237345038675189e-10
-1.233851809228590264e-10
-1.135610495789508045e-10
-1.038546857027893911e-10
-9.430392898947831416e-11
-8.490899229630035453e-11
-7.557752822090241498e-11
-6.646557687044932828e-11
-5.742951814055594685e-11
-4.854983952728115085e-11
-3.979839110570631136e-11
-3.113266683933278208e-11
-2.270333972055070647e-11
-1.433966241839535267e-11
-6.204477942212955097e-12
1.857109696050918767e-12
9.774266439656233751e-12
1.755685817622476543e-11
2.523232721881019596e-11
3.273508932959382794e-11
4.018402375382944073e-11
4.742339858622647351e-11
5.461307680932106367e-11
6.154285839682925883e-11
6.840462095111411973e-11
7.510505917587044744e-11
8.170827331293478141e-11
8.819108430433782917e-11
9.453417131927608345e-11
1.007772289331226120e-10
1.068694567293450221e-10
1.128984444632353077e-10
1.187460651343643755e-10
1.245517047058112709e-10
1.301028511359914586e-10
1.356272947145465850e-10
1.409503693869518739e-10
1.462603038953230741e-10
1.513734403757374988e-10
1.564662095099940249e-10
1.613676416829826457e-10
1.662439334924223002e-10
1.709523902940914377e-10
1.756282710434536674e-10
1.801185852275458041e-10
1.845743444865420423e-10
1.888391931938366549e-10
1.930791208451516055e-10
1.971683973939894617e-10
2.012371473872912964e-10
2.051483379235661792e-10
2.090470860826047400e-10
2.127880738898997878e-10
2.165266341816903602e-10
2.201094516442350696e-10
2.236922691067856726e-10
2.270960148486604082e-10
2.304887098163624552e-10
2.337445980130198134e-10
2.369768285032927152e-10
2.401089719045860731e-10
2.432072711481161634e-10
2.462210960811210501e-10
2.491844432070876375e-10
2.520881647243087662e-10
2.549294311612120794e-10
2.577329685433479631e-10
2.604614559800000766e-10
2.631663595797292796e-10
2.657512337748222714e-10
2.683361079699202263e-10
2.708267747955908909e-10
2.733152553947951087e-10
2.757369132034892652e-10
2.781390281365065305e-10
2.804926508204931129e-10
2.828071221242860162e-10
2.850988287316616196e-10
2.873412370178621089e-10
2.895792623789346929e-10
2.917503138473084699e-10
2.939213653156839012e-10
2.960296294249783313e-10
2.981211757312186789e-10
3.001887640764090610e-10
3.022324596187598983e-10
3.042674214229536845e-10
3.062661329921841027e-10
3.082648445614174160e-10
3.102275293936897750e-10
3.121848312730512395e-10
3.141253184389234140e-10
3.160507810162220605e-10
3.179704749211183874e-10
3.198616674879330415e-10
3.217528600547462480e-10
3.236212357133918752e-10
3.254835653104706686e-10
3.273398923877067842e-10
3.291870087867128247e-10
3.310341251857232597e-10
3.328664410433155362e-10
3.346984594013644870e-10
3.365241346164017706e-10
3.383445692701274991e-10
3.401644776408283082e-10
3.419794477419143070e-10
3.437944178429987549e-10
3.456018122864636708e-10
3.474046865600950961e-10
3.492068865823503514e-10
3.510048548366724586e-10
3.528028230909958066e-10
3.546007338393607682e-10
3.563986107498316681e-10
3.581958749453899929e-10
3.599877754375179828e-10
3.617796759296432843e-10
3.635708888529592440e-10
3.653615531309941091e-10
3.671522174090313006e-10
3.689413040782146810e-10
3.707303754691068810e-10
3.725135732515122811e-10
3.742881430341940712e-10
3.760627128168757062e-10
3.778326577642123717e-10
3.796014458430915740e-10
3.813685610729671401e-10
3.831277839604077364e-10
3.848870068478440418e-10
3.866374596289405060e-10
3.883801295577118173e-10
3.901227994864829218e-10
3.918524195734756106e-10
3.935799951471079487e-10
3.953035128694018037e-10
3.970084093936465294e-10
3.987133059178883600e-10
4.004001245938825171e-10
4.020667843906063099e-10
4.037334441873333081e-10
4.053766558413632330e-10
4.070118830430244618e-10
4.086471102446883272e-10
4.102444865652488970e-10
4.118418003259934319e-10
4.134287536702295390e-10
4.149809697851867030e-10
4.165331859001456248e-10
4.180648309234859538e-10
4.195702914370431756e-10
4.210757519505987948e-10
4.225397279444751591e-10
4.239792249862259736e-10
4.254187220279759092e-10
4.267991798877200875e-10
4.281645408682040226e-10
4.295299018486819607e-10
4.308314694298006051e-10
4.321291228419135090e-10
4.334217368845524202e-10
4.346432885007133587e-10
4.358648401168717640e-10
4.370730521400608065e-10
4.382153345705610313e-10
4.393576170010629105e-10
4.404791071264643306e-10
4.415376214031793572e-10
4.425961356798966070e-10
4.436196495766335630e-10
4.445637239638447289e-10
4.455077983510570321e-10
4.464168628734228063e-10
4.472582679796492086e-10
4.480996730858751973e-10
4.489060015942415526e-10
4.496481824078742202e-10
4.503903632215069912e-10
4.510974172093161671e-10
4.517372479704337182e-10
4.523770787315499769e-10
4.529846192499907121e-10
4.535202563978943931e-10
4.540558935457995218e-10
4.545644725397926077e-10
4.549933472414654952e-10
4.554222219431408641e-10
4.558267666925030187e-10
4.561155203479988350e-10
4.564042740034937725e-10
4.566855370192811705e-10
4.568677469111606146e-10
4.570499568030415063e-10
4.572321666949210022e-10
4.573156371307424735e-10
4.573931696919842719e-10
4.574707022532214173e-10
4.574669444581515774e-10
4.574418843706318714e-10
4.574168242831137163e-10
4.573300347838042105e-10
4.572049887994360885e-10
4.570799428150672944e-10
4.569105561458925975e-10
4.566794707662801486e-10
4.564483853866698194e-10
4.561958135357856838e-10
4.558542524659255392e-10
4.555126913960618273e-10
4.551711303261996147e-10
4.547503407589245853e-10
4.543250469768757138e-10
4.538997531948279796e-10
4.534223638106518091e-10
4.529196752386399246e-10
4.524169866666303149e-10
4.518882645651211697e-10
4.513161578099380036e-10
4.507440510547556131e-10
4.501685949612265854e-10
4.495317603421464896e-10
4.488949257230655666e-10
4.482580911039847470e-10
4.475753792582689178e-10
4.468732931818272086e-10
4.461712071053862232e-10
4.454524746365159632e-10
4.446997680338202567e-10
4.439470614311244469e-10
4.431943548284301880e-10
4.424088297525392880e-10
4.416207903595671143e-10
4.408327509665934412e-10
4.400325385044233545e-10
4.392202916157233173e-10
4.384080447270255548e-10
4.375948885072434000e-10
4.367647139746866382e-10
4.359345394421312205e-10
4.351043649095749239e-10
4.342685075860292761e-10
4.334284018390000128e-10
4.325882960919714215e-10
4.317481352962888556e-10
4.309072096497686719e-10
4.300662840032494705e-10
4.292253583567294419e-10
4.283904210233063929e-10
4.275606822907183528e-10
4.267309435581278311e-10
4.259012048255383435e-10
4.250902233498562552e-10
4.242796937261494491e-10
4.234691641024426431e-10
4.226692615323684849e-10
4.218859474377302246e-10
4.211026333430926364e-10
4.203193192484558754e-10
4.195609750480720122e-10
4.188097935275479316e-10
4.180586120070208008e-10
4.173126430102946620e-10
4.165997594171013368e-10
4.158868758239057369e-10
4.151739922307109642e-10
4.144862695853753176e-10
4.138272279344937416e-10
4.131681862836127343e-10
4.125091446327317271e-10
4.118885942171142974e-10
4.112795089075197548e-10
4.106704235979230409e-10
4.100637216855035467e-10
4.095070773410258893e-10
4.089504329965475598e-10
4.083937886520700057e-10
4.078534780099511349e-10
4.073527804584417675e-10
4.068520829069325035e-10
4.063513853554244802e-10
4.058790966000551113e-10
4.054341260970347285e-10
4.049891555940144492e-10
4.045441850909957726e-10
4.041423606337161779e-10
4.037591391636828719e-10
4.033759176936481701e-10
4.029926962236146573e-10
4.026651200293020891e-10
4.023467099138205880e-10
4.020282997983369672e-10
4.017098896828553626e-10
4.014448760291532140e-10
4.011804516712911750e-10
4.009160273134297047e-10
4.006563056719715141e-10
4.004441092357542060e-10
4.002319127995355021e-10
4.000197163633181941e-10
3.998152478707712972e-10
3.996509852588038280e-10
3.994867226468370309e-10
3.993224600348696651e-10
3.991673367927269793e-10
3.990482306165444013e-10
3.989291244403620302e-10
3.988100182641794522e-10
3.987003821394505064e-10
3.986256674657320082e-10
3.985509527920143372e-10
3.984762381182966662e-10
3.984081825378143984e-10
3.983678284309507107e-10
3.983274743240862475e-10
3.982871202172239557e-10
3.982504587181861129e-10
3.982358242831420424e-10
3.982211898480965760e-10
3.982065554130541081e-10
3.981930503823384275e-10
3.981965129118717919e-10
3.981999754414051564e-10
3.982034379709392447e-10
3.982069005004726091e-10
3.982229362459599685e-10
3.982396326858604823e-10
3.982563291257617715e-10
3.982730255656622853e-10
3.982950139439183318e-10
3.983182733385287893e-10
3.983415327331384197e-10
3.983647921277503248e-10
3.983858886474377404e-10
3.984057200540392781e-10
3.984255514606407125e-10
3.984453828672414231e-10
3.984612695176481430e-10
3.984717899495991429e-10
3.984823103815516421e-10
3.984928308135033658e-10
3.985001687373426075e-10
3.984934169281652963e-10
3.984866651189901565e-10
3.984799133098135691e-10
3.984731615006369300e-10
3.984439998174777428e-10
3.984126883084727866e-10
3.983813767994664863e-10
3.983500652904608580e-10
3.982989173929741467e-10
3.982349828757665888e-10
3.981710483585617710e-10
3.981071138413542131e-10
3.980322125946507638e-10
3.979277742190743492e-10
3.978233358434958150e-10
3.977188974679195037e-10
3.976144590923430891e-10
3.974586156536003009e-10
3.972970821155351301e-10
3.971355485774692872e-10
3.969740150394034961e-10
3.967877961682176996e-10
3.965765482704859792e-10
3.963653003727545172e-10
3.961540524750230036e-10
3.959397652990369245e-10
3.956771021872323493e-10
3.954144390754271538e-10
3.951517759636218548e-10
3.948891128518166076e-10
3.945949465373815328e-10
3.942786874575974320e-10
3.939624283778141066e-10
3.936461692980308847e-10
3.933254751626898108e-10
3.929553394918590505e-10
3.925852038210282902e-10
3.922150681502010971e-10
3.918449324793696130e-10
3.914418208810637116e-10
3.910108929596191047e-10
3.905799650381758936e-10
3.901490371167301493e-10
3.897181091952854906e-10
3.892280767287862482e-10
3.887360828519200273e-10
3.882440889750552540e-10
3.877520950981918766e-10
3.872429710579841084e-10
3.867031791328060441e-10
3.861633872076286002e-10
3.856235952824522419e-10
3.850838033572745395e-10
3.845125506695589532e-10
3.839286767207815311e-10
3.833448027720054532e-10
3.827609288232287032e-10
3.821757627101141752e-10
3.815533322423418192e-10
3.809309017745703938e-10
3.803084713067974174e-10
3.796860408390263539e-10
3.790524521129540904e-10
3.783948880554334593e-10
3.777373239979126215e-10
3.770797599403924041e-10
3.764221958828715663e-10
3.757456656218520957e-10
3.750545721618937628e-10
3.743634787019365156e-10
3.736723852419778208e-10
3.729812917820197981e-10
3.722737471761587313e-10
3.715614927672422938e-10
3.708492383583268385e-10
3.701369839494115383e-10
3.694247295404951525e-10
3.687004981164237006e-10
3.679756711279263194e-10
3.672508441394280076e-10
3.665260171509298509e-10
3.658008205870272827e-10
3.650719314707418909e-10
3.643430423544566026e-10
3.636141532381698149e-10
3.628852641218840613e-10
3.621563671457337106e-10
3.614274371353824792e-10
3.606985071250308860e-10
3.599695771146786207e-10
3.592406471043269240e-10
3.585133559224290022e-10
3.577908274384522588e-10
3.570682989544759289e-10
3.563457704704991855e-10
3.556232419865234761e-10
3.549052989236461365e-10
3.541990244093928115e-10
3.534927498951391246e-10
3.527864753808854895e-10
3.520802008666331985e-10
3.513794823908366653e-10
3.506937684704979640e-10
3.500080545501599348e-10
3.493223406298207682e-10
3.486366267094827907e-10
3.479564882314531437e-10
3.472961096523556039e-10
3.466357310732578056e-10
3.459753524941596455e-10
3.453149739150625193e-10
3.446583495487559341e-10
3.440265563473634887e-10
3.433947631459708366e-10
3.427629699445794769e-10
3.421311767431870832e-10
3.414995016070448969e-10
3.408993146280731581e-10
3.402991276491001269e-10
3.396989406701274058e-10
3.390987536911557705e-10
3.384985667121827392e-10
3.379277487624732801e-10
3.373626512562882877e-10
3.367975537501039673e-10
3.362324562439186129e-10
3.356673587377339307e-10
3.351290284790272639e-10
3.346063678624743656e-10
3.340837072459218292e-10
3.335610466293685690e-10
3.330383860128157224e-10
3.325297546144370367e-10
3.320435552813153779e-10
3.315573559481934089e-10
3.310711566150725256e-10
3.305849572819505049e-10
3.301022269606553115e-10
3.296511675456016648e-10
3.292001081305481732e-10
3.287490487154945783e-10
3.282979893004417588e-10
3.278469298853878536e-10
3.274229014433351326e-10
3.270068427627615083e-10
3.265907840821883492e-10
3.261747254016154487e-10
3.257586667210419277e-10
3.253556156438432774e-10
3.249716591305716727e-10
3.245877026173001714e-10
3.242037461040289802e-10
3.238197895907574789e-10
3.234358330774870115e-10
3.230848589077444212e-10
3.227339806933109721e-10
3.223831024788764891e-10
3.220322242644416959e-10
3.216813460500075747e-10
3.213461309572346620e-10
3.210238507437491399e-10
3.207015705302628940e-10
3.203792903167777337e-10
3.200570101032915395e-10
3.197358851846094407e-10
3.194339874911489415e-10
3.191320897976888043e-10
3.188301921042286670e-10
3.185282944107685298e-10
3.182263967173077204e-10
3.179334316515343712e-10
3.176485899531302502e-10
3.173637482547271114e-10
3.170789065563222150e-10
3.167940648579183007e-10
3.165092231595141280e-10
3.162353944522543326e-10
3.159621636054117859e-10
3.156889327585681018e-10
3.154157019117251932e-10
3.151424710648818710e-10
3.148719306323587793e-10
3.146068349926370860e-10
3.143417393529160648e-10
3.140766437131947334e-10
3.138115480734729884e-10
3.135464524337512951e-10
3.132825109926693040e-10
3.130191380108708871e-10
3.127557650290731422e-10
3.124923920472750872e-10
3.122290190654769287e-10
3.119656460836780982e-10
3.116980148094587050e-10
3.114302339972492595e-10
3.111624531850405895e-10
3.108946723728310923e-10
3.106268915606227325e-10
3.103575012150291416e-10
3.100823566317473215e-10
3.098072120484644674e-10
3.095320674651819235e-10
3.092569228818994313e-10
3.089817782986173009e-10
3.087016245576293195e-10
3.084147538154567442e-10
3.081278830732845309e-10
3.078410123311123692e-10
3.075541415889394321e-10
3.072672708467672187e-10
3.069725018298302177e-10
3.066722792475845824e-10
3.063720566653384302e-10
3.060718340830925365e-10
3.057716115008455571e-10
3.054713889186000769e-10
3.051594085149300419e-10
3.048426570775994997e-10
3.045259056402692678e-10
3.042091542029387257e-10
3.038924027656088556e-10
3.035756513282785720e-10
3.032397478544381465e-10
3.028986374813188893e-10
3.025575271082003559e-10
3.022164167350817707e-10
3.018753063619621516e-10
3.015341959888436182e-10
3.011775866143420033e-10
3.008174795981839319e-10
3.004573725820248265e-10
3.000972655658667551e-10
2.997371585497078565e-10
2.993770515335486477e-10
2.990014369655745239e-10
2.986219435849990241e-10
2.982424502044227488e-10
2.978629568238465252e-10
2.974834634432702499e-10
2.971039700626943882e-10
2.967118907996690452e-10
2.963153436785585103e-10
2.959187965574490611e-10
2.955222494363398187e-10
2.951257023152292839e-10
2.947291551941198346e-10
2.943218728770935367e-10
2.939082805529723707e-10
2.934946882288513080e-10
2.930810959047306073e-10
2.926675035806098549e-10
2.922539112564887405e-10
2.918329223985106312e-10
2.914037567945793244e-10
2.909745911906484828e-10
2.905454255867168657e-10
2.901162599827849384e-10
2.896870943788548206e-10
2.892541215365161214e-10
2.888110143572125058e-10
2.883679071779095622e-10
2.879247999986063601e-10
2.874816928193031581e-10
2.870385856399999043e-10
2.865953011790521028e-10
2.861447618202078503e-10
2.856942224613632359e-10
2.852436831025186215e-10
2.847931437436743173e-10
2.843426043848304267e-10
2.838920650259857089e-10
2.834392862183020825e-10
2.829856660069080332e-10
2.825320457955132600e-10
2.820784255841189004e-10
2.816248053727243857e-10
2.811711851613299745e-10
2.807172475302106831e-10
2.802627960260595580e-10
2.798083445219082261e-10
2.793538930177573594e-10
2.788994415136058724e-10
2.784449900094553677e-10
2.779905385053038289e-10
2.775392379724819677e-10
2.770879746642653777e-10
2.766367113560479606e-10
2.761854480478314224e-10
2.757341847396147808e-10
2.752829214313981909e-10
2.748354128973992692e-10
2.743910267275936822e-10
2.739466405577877334e-10
2.735022543879824566e-10
2.730578682181768696e-10
2.726134820483716446e-10
2.721697070476973741e-10
2.717365493155843721e-10
2.713033915834715768e-10
2.708702338513592468e-10
2.704370761192465032e-10
2.700039183871333978e-10
2.695707606550210161e-10
2.691445670246783330e-10
2.687249765423953109e-10
2.683053860601132194e-10
2.678857955778300939e-10
2.674662050955469168e-10
2.670466146132645151e-10
2.666270241309817515e-10
2.662206338047424431e-10
2.658153568372926376e-10
2.654100798698438143e-10
2.650048029023943707e-10
2.645995259349445652e-10
2.641942489674955869e-10
2.637936210055547932e-10
2.634049008853136262e-10
2.630161807650732864e-10
2.626274606448319126e-10
2.622387405245911076e-10
2.618500204043500957e-10
2.614613002841091355e-10
2.610822362918772608e-10
2.607099202844214293e-10
2.603376042769652876e-10
2.599652882695098180e-10
2.595929722620530042e-10
2.592206562545977931e-10
2.588483402471411861e-10
2.584927454036122643e-10
2.581402088760817375e-10
2.577876723485523479e-10
2.574351358210224414e-10
2.570825992934921213e-10
2.567300627659622148e-10
2.563783921533005041e-10
2.560429630993159700e-10
2.557075340453309190e-10
2.553721049913461265e-10
2.550366759373612306e-10
2.547012468833761278e-10
2.543658178293916455e-10
2.540333323098672195e-10
2.537123353322106807e-10
2.533913383545546588e-10
2.530703413768983268e-10
2.527493443992422016e-10
2.524283474215862832e-10
2.521073504439294858e-10
2.517905945248415856e-10
2.514835022988602124e-10
2.511764100728794596e-10
2.508693178468983966e-10
2.505622256209172819e-10
2.502551333949362189e-10
2.499480411689553110e-10
2.496449032079723054e-10
2.493490012319177225e-10
2.490530992558625710e-10
2.487571972798081432e-10
2.484612953037533535e-10
2.481653933276988740e-10
2.478694913516439292e-10
2.475771322000047354e-10
2.472913922761737465e-10
2.470056523523422923e-10
2.467199124285105796e-10
2.464341725046797457e-10
2.461484325808481881e-10
2.458626926570166822e-10
2.455793281618943612e-10
2.453017680979507554e-10
2.450242080340072013e-10
2.447466479700643193e-10
2.444690879061209721e-10
2.441915278421772629e-10
2.439139677782338639e-10
2.436371395541695813e-10
2.433636849734633235e-10
2.430902303927578412e-10
2.428167758120526690e-10
2.425433212313466697e-10
2.422698666506407738e-10
2.419964120699347744e-10
2.417229920435028130e-10
2.414524659397339913e-10
2.411819398359652213e-10
2.409114137321966581e-10
2.406408876284278364e-10
2.403703615246591181e-10
2.400998354208906583e-10
2.398293093171221985e-10
2.395587188135892024e-10
2.392881112535772413e-10
2.390175036935649701e-10
2.387468961335529056e-10
2.384762885735410479e-10
2.382056810135289834e-10
2.379350734535167639e-10
2.376642394469233659e-10
2.373931915518997974e-10
2.371221436568765908e-10
2.368510957618532291e-10
2.365800478668294538e-10
2.363089999718064024e-10
2.360379520767825237e-10
2.357663582939631698e-10
2.354923166182340645e-10
2.352182749425048042e-10
2.349442332667760608e-10
2.346701915910471107e-10
2.343961499153178503e-10
2.341221082395889001e-10
2.338480665638593813e-10
2.335701038685802419e-10
2.332911265148989096e-10
2.330121491612188180e-10
2.327331718075375115e-10
2.324541944538570839e-10
2.321752171001761134e-10
2.318962397464951429e-10
2.316159508716643167e-10
2.313332271855995281e-10
2.310505034995349721e-10
2.307677798134708813e-10
2.304850561274060927e-10
2.302023324413414591e-10
2.299196087552773942e-10
2.296368850692128123e-10
2.293502468893237336e-10
2.290629118546183894e-10
2.287755768199129417e-10
2.284882417852076491e-10
2.282009067505023307e-10
2.279135717157966504e-10
2.276262366810915129e-10
2.273379910229472541e-10
2.270475201602348596e-10
2.267570492975229561e-10
2.264665784348112337e-10
2.261761075720990201e-10
2.258856367093873235e-10
2.255951658466754718e-10
2.253046949839627929e-10
2.250119478774297149e-10
2.247181006788697547e-10
2.244242534803100014e-10
2.241304062817499378e-10
2.238365590831897709e-10
2.235427118846300176e-10
2.232488646860699282e-10
2.229550174875099939e-10
2.226585285275244191e-10
2.223620390104268598e-10
2.220655494933297657e-10
2.217690599762323874e-10
2.214725704591349056e-10
2.211760809420377340e-10
2.208795914249402781e-10
2.205829324763590348e-10
2.202858078830002457e-10
2.199886832896411206e-10
2.196915586962823315e-10
2.193944341029232064e-10
2.190973095095638744e-10
2.188001849162049044e-10
2.185030603228457017e-10
2.182062837095465548e-10
2.179098921251975752e-10
2.176135005408491642e-10
2.173171089565005464e-10
2.170207173721517477e-10
2.167243257878033108e-10
2.164279342034543312e-10
2.161315426191055066e-10
2.158369357058266470e-10
2.155434080488409463e-10
2.152498803918551163e-10
2.149563527348699843e-10
2.146628250778844128e-10
2.143692974208990739e-10
2.140757697639137092e-10
2.137822421069279568e-10
2.134908434750544331e-10
2.132003076377378740e-10
2.129097718004208496e-10
2.126192359631038769e-10
2.123287001257870594e-10
2.120381642884702418e-10
2.117476284511536052e-10
2.114570926138366067e-10
2.111701930566943463e-10
2.108845734291120109e-10
2.105989538015295979e-10
2.103133341739474434e-10
2.100277145463650563e-10
2.097420949187830569e-10
2.094564752912007215e-10
2.091708556636184636e-10
2.088896712530965227e-10
2.086103266856004935e-10
2.083309821181046969e-10
2.080516375506085125e-10
2.077722929831128969e-10
2.074929484156168935e-10
2.072136038481212261e-10
2.069342592806252745e-10
2.066589921763143231e-10
2.063863036137281443e-10
2.061136150511420173e-10
2.058409264885563555e-10
2.055682379259700734e-10
2.052955493633836878e-10
2.050228608007977417e-10
2.047501722382118990e-10
2.044809448327504364e-10
2.042158369192437149e-10
2.039507290057368125e-10
2.036856210922301169e-10
2.034205131787232144e-10
2.031554052652164412e-10
2.028902973517097197e-10
2.026251894382032050e-10
2.023616152779533344e-10
2.021029445427489224e-10
2.018442738075441743e-10
2.015856030723399433e-10
2.013269323371355571e-10
2.010682616019309383e-10
2.008095908667266555e-10
2.005509201315222694e-10
2.002922493963179866e-10
2.000408601219609251e-10
1.997897965550965857e-10
1.995387329882317035e-10
1.992876694213671573e-10
1.990366058545024560e-10
1.987855422876377547e-10
1.985344787207730534e-10
1.982834151539083522e-10
1.980364838065326731e-10
1.977921627967448545e-10
1.975478417869572168e-10
1.973035207771692689e-10
1.970591997673816312e-10
1.968148787575940451e-10
1.965705577478064074e-10
1.963262367380186663e-10
1.960833225053787920e-10
1.958458705686742196e-10
1.956084186319698540e-10
1.953709666952652816e-10
1.951335147585606833e-10
1.948960628218562919e-10
1.946586108851517453e-10
1.944211589484475348e-10
1.941837070117426005e-10
1.939502970936150769e-10
1.937183630890665911e-10
1.934864290845184414e-10
1.932544950799701366e-10
1.930225610754214441e-10
1.927906270708733203e-10
1.925586930663251706e-10
1.923267590617766331e-10
1.920955874529100585e-10
1.918675523254537090e-10
1.916395171979975146e-10
1.914114820705414753e-10
1.911834469430853067e-10
1.909554118156287504e-10
1.907273766881727369e-10
1.904993415607165425e-10
1.902713064332603481e-10
1.900456216929848831e-10
1.898215477199042227e-10
1.895974737468233813e-10
1.893733997737418420e-10
1.891493258006608197e-10
1.889252518275801335e-10
1.887011778544989561e-10
1.884771038814179338e-10
1.882530299083372475e-10
1.880312899376324210e-10
1.878097379112353643e-10
1.875881858848390055e-10
1.873666338584425433e-10
1.871450818320462104e-10
1.869235298056493346e-10
1.867019777792530534e-10
1.864804257528563327e-10
1.862593013816835351e-10
1.860399837945875586e-10
1.858206662074911943e-10
1.856013486203949851e-10
1.853820310332987760e-10
1.851627134462025926e-10
1.849433958591065644e-10
1.847240782720102001e-10
1.845047606849140168e-10
1.842859606105688790e-10
1.840679679342838419e-10
1.838499752579990116e-10
1.836319825817137936e-10
1.834139899054289633e-10
1.831959972291441330e-10
1.829780045528590701e-10
1.827600118765736711e-10
1.825420192002888408e-10
1.823244531366442163e-10
1.821072767954930386e-10
1.818901004543420419e-10
1.816729241131908643e-10
1.814557477720400486e-10
1.812385714308888451e-10
1.810213950897378742e-10
1.808042187485868258e-10
1.805870424074358550e-10
1.803706565405403100e-10
1.801548271586219063e-10
1.799389977767035026e-10
1.797231683947851248e-10
1.795073390128668762e-10
1.792915096309482916e-10
1.790756802490298879e-10
1.788598508671115101e-10
1.786440214851932615e-10
1.784283972427995302e-10
1.782129198053178503e-10
1.779974423678365322e-10
1.777819649303548780e-10
1.775664874928731980e-10
1.773510100553915180e-10
1.771355326179098380e-10
1.769200551804280030e-10
1.767045777429466849e-10
1.764897952025719767e-10
1.762756799799826411e-10
1.760615647573923750e-10
1.758474495348026776e-10
1.756333343122127733e-10
1.754192190896227140e-10
1.752051038670328097e-10
1.749909886444432674e-10
1.747768734218534148e-10
1.745630764330730798e-10
1.743498257935183101e-10
1.741365751539631527e-10
1.739233245144081505e-10
1.737100738748531740e-10
1.734968232352982234e-10
1.732835725957432470e-10
1.730703219561882706e-10
1.728570713166334751e-10
1.726440368284472212e-10
1.724321699121981044e-10
1.722203029959491686e-10
1.720084360796998967e-10
1.717965691634507541e-10
1.715847022472016114e-10
1.713728353309528307e-10
1.711609684147037398e-10
1.709491014984545713e-10
1.707372345822054804e-10
1.705275166698379536e-10
1.703181086068290609e-10
1.701087005438203750e-10
1.698992924808113014e-10
1.696898844178024346e-10
1.694804763547933868e-10
1.692710682917846750e-10
1.690616602287754463e-10
1.688522521657669155e-10
1.686437593144549109e-10
1.684361083367466662e-10
1.682284573590382406e-10
1.680208063813303579e-10
1.678131554036219581e-10
1.676055044259138944e-10
1.673978534482054947e-10
1.671902024704974051e-10
1.669825514927887986e-10
1.667752053922355104e-10
1.665707197477044348e-10
1.663662341031734110e-10
1.661617484586423612e-10
1.659572628141113374e-10
1.657527771695806495e-10
1.655482915250495998e-10
1.653438058805185501e-10
1.651393202359878622e-10
1.649348345914566057e-10
1.647320782604050972e-10
1.645304758353947186e-10
1.643288734103843401e-10
1.641272709853741424e-10
1.639256685603637897e-10
1.637240661353535920e-10
1.635224637103430325e-10
1.633208612853328349e-10
1.631192588603224304e-10
1.629177633498551604e-10
1.627196408132891291e-10
1.625215182767234338e-10
1.623233957401572215e-10
1.621252732035911902e-10
1.619271506670256759e-10
1.617290281304596446e-10
1.615309055938937684e-10
1.613327830573277370e-10
1.611346605207618867e-10
1.609380096238038833e-10
1.607436743354585157e-10
1.605493390471132774e-10
1.603550037587682976e-10
1.601606684704230852e-10
1.599663331820780278e-10
1.597719978937328154e-10
1.595776626053875512e-10
1.593833273170424422e-10
1.591889920286973331e-10
1.589968111267006708e-10
1.588056780090203965e-10
1.586145448913397861e-10
1.584234117736592533e-10
1.582322786559786171e-10
1.580411455382980326e-10
1.578500124206175515e-10
1.576588793029366568e-10
1.574677461852562015e-10
1.572766130675754360e-10
1.570887361387718176e-10
1.569012915140339671e-10
1.567138468892958840e-10
1.565264022645583437e-10
1.563389576398204673e-10
1.561515130150825651e-10
1.559640683903447922e-10
1.557766237656068900e-10
1.555891791408693497e-10
1.554017897862764987e-10
1.552174102076913249e-10
1.550330306291057116e-10
1.548486510505205635e-10
1.546642714719351829e-10
1.544798918933495696e-10
1.542955123147641372e-10
1.541111327361789633e-10
1.539267531575932983e-10
1.537423735790078918e-10
1.535582650162130349e-10
1.533773633065349637e-10
1.531964615968572026e-10
1.530155598871793381e-10
1.528346581775016288e-10
1.526537564678235575e-10
1.524728547581456155e-10
1.522919530484679061e-10
1.521110513387897573e-10
1.519301496291120996e-10
1.517494405592202151e-10
1.515716508927588799e-10
1.513938612262971828e-10
1.512160715598356666e-10
1.510382818933739695e-10
1.508604922269125308e-10
1.506827025604508337e-10
1.505049128939894985e-10
1.503271232275279823e-10
1.501493335610662851e-10
1.499715438946045880e-10
1.497962708909331747e-10
1.496210773835478988e-10
1.494458838761626229e-10
1.492706903687770885e-10
1.490954968613916317e-10
1.489203033540062524e-10
1.487451098466207697e-10
1.485699163392355714e-10
1.483947228318501145e-10
1.482195293244646577e-10
1.480466505579245217e-10
1.478743512897968728e-10
1.477020520216698442e-10
1.475297527535424021e-10
1.473574534854149341e-10
1.471851542172876729e-10
1.470128549491603858e-10
1.468405556810330988e-10
1.466682564129056566e-10
1.464959571447781886e-10
1.463246138942661095e-10
1.461540449731170529e-10
1.459834760519677896e-10
1.458129071308187330e-10
1.456423382096694955e-10
1.454717692885205165e-10
1.453012003673713566e-10
1.451306314462224551e-10
1.449600625250731918e-10
1.447894936039242128e-10
1.446194961171428178e-10
1.444514449498259672e-10
1.442833937825089616e-10
1.441153426151923695e-10
1.439472914478754414e-10
1.437792402805587976e-10
1.436111891132419471e-10
1.434431379459250965e-10
1.432750867786082459e-10
1.431070356112911627e-10
1.429389844439743897e-10
1.427724446269170623e-10
1.426062308294375174e-10
1.424400170319581535e-10
1.422738032344788154e-10
1.421075894369993740e-10
1.419413756395199325e-10
1.417751618420402067e-10
1.416089480445608428e-10
1.414427342470814530e-10
1.412765204496020374e-10
1.411108812975191361e-10
1.409463641319553764e-10
1.407818469663911774e-10
1.406173298008271593e-10
1.404528126352633738e-10
1.402882954696993557e-10
1.401237783041352342e-10
1.399592611385714745e-10
1.397947439730072496e-10
1.396302268074432056e-10
1.394657096418792909e-10
1.393028824632729414e-10
1.391405465935097819e-10
1.389782107237464674e-10
1.388158748539830494e-10
1.386535389842200192e-10
1.384912031144568856e-10
1.383288672446934676e-10
1.381665313749300497e-10
1.380041955051669677e-10
1.378418596354037566e-10
1.376797041121580592e-10
1.375187539712467093e-10
1.373578038303351784e-10
1.371968536894237251e-10
1.370359035485121426e-10
1.368749534076009478e-10
1.367140032666892618e-10
1.365530531257777827e-10
1.363921029848660967e-10
1.362311528439548243e-10
1.360702027030433710e-10
1.359101436136998343e-10
1.357513977922495459e-10
1.355926519707997745e-10
1.354339061493498221e-10
1.352751603278995079e-10
1.351164145064496330e-10
1.349576686849994997e-10
1.347989228635493147e-10
1.346401770420995433e-10
1.344814312206493841e-10
1.343226853991994318e-10
1.341650370460846988e-10
1.340081313965555020e-10
1.338512257470262277e-10
1.336943200974970050e-10
1.335374144479676014e-10
1.333805087984383012e-10
1.332236031489090786e-10
1.330666974993799593e-10
1.329097918498504781e-10
1.327528862003211779e-10
1.325959805507918777e-10
1.324405151150893387e-10
1.322856493880958551e-10
1.321307836611027335e-10
1.319759179341092758e-10
1.318210522071161283e-10
1.316661864801229290e-10
1.315113207531293421e-10
1.313564550261362463e-10
1.312015892991428403e-10
1.310467235721495377e-10
1.308918578451562351e-10
1.307386845720845695e-10
1.305861294951906071e-10
1.304335744182966706e-10
1.302810193414028116e-10
1.301284642645091077e-10
1.299759091876150678e-10
1.298233541107212605e-10
1.296707990338273239e-10
1.295182439569334391e-10
1.293656888800394767e-10
1.292131338031455143e-10
1.290619785537200619e-10
1.289114970158544953e-10
1.287610154779888253e-10
1.286105339401234396e-10
1.284600524022578730e-10
1.283095708643922805e-10
1.281590893265267138e-10
1.280086077886613023e-10
1.278581262507955289e-10
1.277076447129299622e-10
1.275571631750645765e-10
1.274079952979231745e-10
1.272599771522617864e-10
1.271119590066004499e-10
1.269639408609389325e-10
1.268159227152773375e-10
1.266679045696161303e-10
1.265198864239546129e-10
1.263718682782929921e-10
1.262238501326315781e-10
1.260758319869702933e-10
1.259278138413085950e-10
1.257804207835673735e-10
1.256344430136878965e-10
1.254884652438086780e-10
1.253424874739294594e-10
1.251965097040501633e-10
1.250505319341707897e-10
1.249045541642914678e-10
1.247585763944121717e-10
1.246125986245329531e-10
1.244666208546535536e-10
1.243206430847741542e-10
1.241746653148949615e-10
1.240312486652418940e-10
1.238878482543060778e-10
1.237444478433702874e-10
1.236010474324345746e-10
1.234576470214987067e-10
1.233142466105628646e-10
1.231708461996271518e-10
1.230274457886911805e-10
1.228840453777554935e-10
1.227406449668196773e-10
1.225972445558837060e-10
1.224551536659801942e-10
1.223139554669913587e-10
1.221727572680024714e-10
1.220315590690138169e-10
1.218903608700248779e-10
1.217491626710360682e-10
1.216079644720472069e-10
1.214667662730582679e-10
1.213255680740694065e-10
1.211843698750805710e-10
1.210431716760919681e-10
1.209022038488744347e-10
1.207631285437920254e-10
1.206240532387097454e-10
1.204849779336274395e-10
1.203459026285452370e-10
1.202068273234628277e-10
1.200677520183806252e-10
1.199286767132982159e-10
1.197896014082161686e-10
1.196505261031336042e-10
1.195114507980515051e-10
1.193723754929690699e-10
1.192346030244697467e-10
1.190979644262126125e-10
1.189613258279556334e-10
1.188246872296987060e-10
1.186880486314417528e-10
1.185514100331848254e-10
1.184147714349279238e-10
1.182781328366708155e-10
1.181414942384138622e-10
1.180048556401569348e-10
1.178682170419001108e-10
1.177315784436430025e-10
1.175961883013248976e-10
1.174609807150714777e-10
1.173257731288177735e-10
1.171905655425643537e-10
1.170553579563109339e-10
1.169201503700573589e-10
1.167849427838038098e-10
1.166497351975503125e-10
1.165145276112969702e-10
1.163793200250434598e-10
1.162441124387899495e-10
1.161091814074453100e-10
1.159762572168061718e-10
1.158433330261670984e-10
1.157104088355279344e-10
1.155774846448890548e-10
1.154445604542499296e-10
1.153116362636109337e-10
1.151787120729716793e-10
1.150457878823327221e-10
1.149128636916937520e-10
1.147799395010547690e-10
1.146470153104156051e-10
1.145145966521481651e-10
1.143834776017699349e-10
1.142523585513913558e-10
1.141212395010129447e-10
1.139901204506343656e-10
1.138590014002560449e-10
1.137278823498776338e-10
1.135967632994990547e-10
1.134656442491207082e-10
1.133345251987422196e-10
1.132034061483638343e-10
1.130722870979855266e-10
1.129417462361632181e-10
1.128122860204704945e-10
1.126828258047778744e-10
1.125533655890851121e-10
1.124239053733923626e-10
1.122944451576995615e-10
1.121649849420068638e-10
1.120355247263139723e-10
1.119060645106213650e-10
1.117766042949287320e-10
1.116471440792359438e-10
1.115176838635433236e-10
1.113888827095550030e-10
1.112614446311488293e-10
1.111340065527425652e-10
1.110065684743362752e-10
1.108791303959299076e-10
1.107516923175237340e-10
1.106242542391175603e-10
1.104968161607112962e-10
1.103693780823049157e-10
1.102419400038987420e-10
1.101145019254923745e-10
1.099870638470862137e-10
1.098599357958850003e-10
1.097339637582174521e-10
1.096079917205502529e-10
1.094820196828828598e-10
1.093560476452157511e-10
1.092300756075483580e-10
1.091041035698810812e-10
1.089781315322137915e-10
1.088521594945464243e-10
1.087261874568791992e-10
1.086002154192118320e-10
1.084742433815444389e-10
1.083482797838775147e-10
1.082241845221955928e-10
1.081000892605138905e-10
1.079759939988318781e-10
1.078518987371499949e-10
1.077278034754682539e-10
1.076037082137862027e-10
1.074796129521043842e-10
1.073555176904225657e-10
1.072314224287407600e-10
1.071073271670587735e-10
1.069832319053769808e-10
1.068591366436950588e-10
1.067362144456131528e-10
1.066137847799661974e-10
1.064913551143192161e-10
1.063689254486723252e-10
1.062464957830252535e-10
1.061240661173784790e-10
1.060016364517314977e-10
1.058792067860845422e-10
1.057567771204376514e-10
1.056343474547906701e-10
1.055119177891435983e-10
1.053894881234966170e-10
1.052676165790542385e-10
1.051469864864404245e-10
1.050263563938269594e-10
1.049057263012132230e-10
1.047850962085996287e-10
1.046644661159858922e-10
1.045438360233722332e-10
1.044232059307585872e-10
1.043025758381448766e-10
1.041819457455312564e-10
1.040613156529176104e-10
1.039406855603038869e-10
1.038200554676903313e-10
1.037008964850904557e-10
1.035820575227675595e-10
1.034632185604446244e-10
1.033443795981218058e-10
1.032255406357990905e-10
1.031067016734762588e-10
1.029878627111532333e-10
1.028690237488306085e-10
1.027501847865076735e-10
1.026313458241847902e-10
1.025125068618621395e-10
1.023936678995391657e-10
1.022752336114006130e-10
1.021581011520215488e-10
1.020409686926425750e-10
1.019238362332634332e-10
1.018067037738843431e-10
1.016895713145052789e-10
1.015724388551262146e-10
1.014553063957470728e-10
1.013381739363678276e-10
1.012210414769889185e-10
1.011039090176097121e-10
1.009867765582307125e-10
1.008696440988517645e-10
1.007535572621983205e-10
1.006383026147911236e-10
1.005230479673836940e-10
1.004077933199763937e-10
1.002925386725691839e-10
1.001772840251618965e-10
1.000620293777545186e-10
9.994677473034720541e-11
9.983152008294000850e-11
9.971626543553270819e-11
9.960101078812533033e-11
9.948575614071819804e-11
9.937050149331082018e-11
9.925639273308385444e-11
9.914260777853893402e-11
9.902882282399428501e-11
9.891503786944926119e-11
9.880125291490462510e-11
9.868746796035978223e-11
9.857368300581477133e-11
9.845989805127010940e-11
9.834611309672527945e-11
9.823232814218034610e-11
9.811854318763550322e-11
9.800475823309086714e-11
9.789097327854593379e-11
9.777895357586621798e-11
9.766711930574553025e-11
9.755528503562515271e-11
9.744345076550465885e-11
9.733161649538417792e-11
9.721978222526361943e-11
9.710794795514330651e-11
9.699611368502264463e-11
9.688427941490222832e-11
9.677244514478166983e-11
9.666061087466118890e-11
9.654877660454079843e-11
9.643694233442022703e-11
9.632656690234263750e-11
9.621629812693912422e-11
9.610602935153533953e-11
9.599576057613170993e-11
9.588549180072811910e-11
9.577522302532450243e-11
9.566495424992087283e-11
9.555468547451710106e-11
9.544441669911357486e-11
9.533414792370986771e-11
9.522387914830626396e-11
9.511361037290256974e-11
9.500334159749903061e-11
9.489445975397816904e-11
9.478580421779623943e-11
9.467714868161463294e-11
9.456849314543272918e-11
9.445983760925089004e-11
9.435118207306918015e-11
9.424252653688736686e-11
9.413387100070565697e-11
9.402521546452383076e-11
9.391655992834219841e-11
9.380790439216029465e-11
9.369924885597849429e-11
9.359059331979675855e-11
9.348323897713721784e-11
9.337647545834723241e-11
9.326971193955720820e-11
9.316294842076731325e-11
9.305618490197746999e-11
9.294942138318748455e-11
9.284265786439757667e-11
9.273589434560757832e-11
9.262913082681757996e-11
9.252236730802784010e-11
9.241560378923793221e-11
9.230884027044794678e-11
9.220207675165801305e-11
9.209579803294275373e-11
9.199020232423080935e-11
9.188460661551912346e-11
9.177901090680736003e-11
9.167341519809540272e-11
9.156781948938363928e-11
9.146222378067185000e-11
9.135662807195999609e-11
9.125103236324821973e-11
9.114543665453653384e-11
9.103984094582458946e-11
9.093424523711282602e-11
9.082864952840104966e-11
9.072312768510933095e-11
9.061932594927832353e-11
9.051552421344749705e-11
9.041172247761669641e-11
9.030792074178577946e-11
9.020411900595487543e-11
9.010031727012404895e-11
8.999651553429322247e-11
8.989271379846224089e-11
8.978891206263141441e-11
8.968511032680051038e-11
8.958130859096958050e-11
8.947750685513877986e-11
8.937370511930795338e-11
8.927078161064275570e-11
8.916853407118745534e-11
8.906628653173268489e-11
8.896403899227755254e-11
8.886179145282232973e-11
8.875954391336739126e-11
8.865729637391234939e-11
8.855504883445733337e-11
8.845280129500208471e-11
8.835055375554723671e-11
8.824830621609211730e-11
8.814605867663699788e-11
8.804381113718195601e-11
8.794156359772692707e-11
8.784062449749440444e-11
8.773970392394210878e-11
8.763878335039001991e-11
8.753786277683791812e-11
8.743694220328563539e-11
8.733602162973341727e-11
8.723510105618125086e-11
8.713418048262903275e-11
8.703325990907684048e-11
8.693233933552464822e-11
8.683141876197245596e-11
8.673049818842026369e-11
8.662957761486814898e-11
8.652916808760765046e-11
8.642993247803866703e-11
8.633069686846978701e-11
8.623146125890062263e-11
8.613222564933165213e-11
8.603299003976275918e-11
8.593375443019369821e-11
8.583451882062468893e-11
8.573528321105573136e-11
8.563604760148665746e-11
8.553681199191767404e-11
8.543757638234852259e-11
8.533834077277953916e-11
8.523910516321073668e-11
8.514058550209967666e-11
8.504273724043457994e-11
8.494488897876954785e-11
8.484704071710427018e-11
8.474919245543923809e-11
8.465134419377412844e-11
8.455349593210919975e-11
8.445564767044390916e-11
8.435779940877888999e-11
8.425995114711378035e-11
8.416210288544868363e-11
8.406425462378356106e-11
8.396640636211854189e-11
8.386855810045343225e-11
8.377160789997894519e-11
8.367519996443278173e-11
8.357879202888645025e-11
8.348238409334010585e-11
8.338597615779401994e-11
8.328956822224761092e-11
8.319316028670135699e-11
8.309675235115492211e-11
8.300034441560884912e-11
8.290393648006259519e-11
8.280752854451626372e-11
8.271112060896993224e-11
8.261471267342375585e-11
8.251830473787742438e-11
8.242278889292291632e-11
8.232780861153746021e-11
8.223282833015202996e-11
8.213784804876658678e-11
8.204286776738123408e-11
8.194788748599576505e-11
8.185290720461041235e-11
8.175792692322496917e-11
8.166294664183961646e-11
8.156796636045406989e-11
8.147298607906871719e-11
8.137800579768327401e-11
8.128302551629781791e-11
8.118804523491238765e-11
8.109385503432936250e-11
8.100039618195590220e-11
8.090693732958259700e-11
8.081347847720904623e-11
8.072001962483574102e-11
8.062656077246237119e-11
8.053310192008905307e-11
8.043964306771556692e-11
8.034618421534227464e-11
8.025272536296878849e-11
8.015926651059549621e-11
8.006580765822219100e-11
7.997234880584889872e-11
7.987888995347541257e-11
7.978583713163660253e-11
7.969370514482433064e-11
7.960157315801190365e-11
7.950944117119952837e-11
7.941730918438721770e-11
7.932517719757476487e-11
7.923304521076241543e-11
7.914091322395011769e-11
7.904878123713783288e-11
7.895664925032539297e-11
7.886451726351306938e-11
7.877238527670055192e-11
7.868025328988826711e-11
7.858812130307596937e-11
7.849598931626351653e-11
7.840526451972586053e-11
7.831456237424471951e-11
7.822386022876355263e-11
7.813315808328247623e-11
7.804245593780123180e-11
7.795175379232007785e-11
7.786105164683887220e-11
7.777034950135786042e-11
7.767964735587664184e-11
7.758894521039548789e-11
7.749824306491432102e-11
7.740754091943316706e-11
7.731683877395192264e-11
7.722613662847084624e-11
7.713626084993666537e-11
7.704705323928248415e-11
7.695784562862808322e-11
7.686863801797395371e-11
7.677943040731968202e-11
7.669022279666526816e-11
7.660101518601106110e-11
7.651180757535697036e-11
7.642259996470246602e-11
7.633339235404834943e-11
7.624418474339419407e-11
7.615497713273984483e-11
7.606576952208562485e-11
7.597656191143140486e-11
7.588736723725198961e-11
7.579928704648051425e-11
7.571120685570933616e-11
7.562312666493779617e-11
7.553504647416648883e-11
7.544696628339511686e-11
7.535888609262377075e-11
7.527080590185250218e-11
7.518272571108111729e-11
7.509464552030974532e-11
7.500656532953839921e-11
7.491848513876689800e-11
7.483040494799556480e-11
7.474232475722411529e-11
7.465424456645273040e-11
7.456671993255834984e-11
7.448018741694193449e-11
7.439365490132563546e-11
7.430712238570936228e-11
7.422058987009293401e-11
7.413405735447664791e-11
7.404752483886024548e-11
7.396099232324377843e-11
7.387445980762744063e-11
7.378792729201125793e-11
7.370139477639479088e-11
7.361486226077844015e-11
7.352832974516199895e-11
7.344179722954569993e-11
7.335526471392942675e-11
7.326947437142327801e-11
7.318419016855582267e-11
7.309890596568847073e-11
7.301362176282106710e-11
7.292833755995352129e-11
7.284305335708610472e-11
7.275776915421868816e-11
7.267248495135119405e-11
7.258720074848373872e-11
7.250191654561634800e-11
7.241663234274893144e-11
7.233134813988148903e-11
7.224606393701407247e-11
7.216077973414650081e-11
7.207549553127917472e-11
7.199110249771141248e-11
7.190706059179525034e-11
7.182301868587916574e-11
7.173897677996319746e-11
7.165493487404699654e-11
7.157089296813093779e-11
7.148685106221485320e-11
7.140280915629888492e-11
7.131876725038276155e-11
7.123472534446667695e-11
7.115068343855068283e-11
7.106664153263462408e-11
7.098259962671855240e-11
7.089855772080237733e-11
7.081451581488629274e-11
7.073155134512471685e-11
7.064899239521228793e-11
7.056643344529984608e-11
7.048387449538735254e-11
7.040131554547492362e-11
7.031875659556258517e-11
7.023619764565015625e-11
7.015363869573762393e-11
7.007107974582527256e-11
6.998852079591279194e-11
6.990596184600032425e-11
6.982340289608789533e-11
6.974084394617540178e-11
6.965828499626302456e-11
6.957572604635059564e-11
6.949381943339188394e-11
6.941231053350581202e-11
6.933080163361972718e-11
6.924929273373369403e-11
6.916778383384780306e-11
6.908627493396165359e-11
6.900476603407568507e-11
