2.946673721185456758e-08
2.947347482675170700e-08
2.944891492431271974e-08
2.939462287488647904e-08
2.931384938823351323e-08
2.920745099293541062e-08
2.907631211505109420e-08
2.892388781528168413e-08
2.875036069629951508e-08
2.855742782547324163e-08
2.834754513311055666e-08
2.812050937984647553e-08
2.788009085552354372e-08
2.762488491325165071e-08
2.735876247823459083e-08
2.708066349858868069e-08
2.679381906536988693e-08
2.649754911342792097e-08
2.619485819325357624e-08
2.588482433389216893e-08
2.557054870456754696e-08
2.525104398102582643e-08
2.492879217510944486e-08
2.460359484728185527e-08
2.427682636915339654e-08
2.394923438472283454e-08
2.362088109916831658e-08
2.329382601397859875e-08
2.296746142036758348e-08
2.264314711454743211e-08
2.232108731877745803e-08
2.200162704273763726e-08
2.168593478735884935e-08
2.137386014373936535e-08
2.106579825204357705e-08
2.076254250146515866e-08
2.046425914415697436e-08
2.017095944094972121e-08
1.988328547603071472e-08
1.960140492174619415e-08
1.932520064341357894e-08
1.905519005499340755e-08
1.879143934716292228e-08
1.853385485457698880e-08
1.828297579918004355e-08
1.803859687971606146e-08
1.780038828911441260e-08
1.756914390389612448e-08
1.734430555564683476e-08
1.712607713094331171e-08
1.691427523915333383e-08
1.670897851172904293e-08
1.651004284318337484e-08
1.631749433595116883e-08
1.613112248069159114e-08
1.595062939078202103e-08
1.577651738334936177e-08
1.560790106151669894e-08
1.544516674928940525e-08
1.528776656689480519e-08
1.513599797885648272e-08
1.498933054933640402e-08
1.484757753561774469e-08
1.471086570014532278e-08
1.457874922392634696e-08
1.445124045388543233e-08
1.432799097680026365e-08
1.420845512460609707e-08
1.409358554463828119e-08
1.398192550061912828e-08
1.387378927096326690e-08
1.376912445534090492e-08
1.366760818921115395e-08
1.356873974945457153e-08
1.347282990984221148e-08
1.337944726376386488e-08
1.328831504521945518e-08
1.319934023859862025e-08
1.311216665389071968e-08
1.302713129891238516e-08
1.294347184208853147e-08
1.286127541313260091e-08
1.278026753765148820e-08
1.270020788515093142e-08
1.262145247706316468e-08
1.254329491516692390e-08
1.246573304754508580e-08
1.238860081343417855e-08
1.231178326087606606e-08
1.223536422097297451e-08
1.215900481222213429e-08
1.208260500844944106e-08
1.200602076979738768e-08
1.192910545391307402e-08
1.185211146268445319e-08
1.177475404562552621e-08
1.169684524928284922e-08
1.161834694817119544e-08
1.153915222512906426e-08
1.145937806767589759e-08
1.137914526054189876e-08
1.129811538890041248e-08
1.121624703628154321e-08
1.113352427522583266e-08
1.104995529070145461e-08
1.096569662529833432e-08
1.088083756603680890e-08
1.079510465379125610e-08
1.070851927348142743e-08
1.062110540215623168e-08
1.053289614615295493e-08
1.044412698658036259e-08
1.035480606336268851e-08
1.026477225064882952e-08
1.017410348245077821e-08
1.008286065345516099e-08
9.991082950135850256e-09
9.898988276586920182e-09
9.806667117260959320e-09
9.714030281447400856e-09
9.621070546351705762e-09
9.527983635804763370e-09
9.434736375181468242e-09
9.341389154331127486e-09
9.248293653698018095e-09
9.155370918783340112e-09
9.062529714962893716e-09
8.969879499257974212e-09
8.877745380662610105e-09
8.785963487296433126e-09
8.694636273652788023e-09
8.603909351981263538e-09
8.513816157771109859e-09
8.424245453635828891e-09
8.335631384713762790e-09
8.247917801272154887e-09
8.161008110143984211e-09
8.074905283740018816e-09
7.989817862514011574e-09
7.906012174822726871e-09
7.823112286938212006e-09
7.741273571267222157e-09
7.660646488464377127e-09
7.581612071490902644e-09
7.503696666351371151e-09
7.426944350776662768e-09
7.351414911008651326e-09
7.277487817240112786e-09
7.204789377846028327e-09
7.133432289056091703e-09
7.063601760053340609e-09
6.995621874117347064e-09
6.928806834490786216e-09
6.863193428275257216e-09
6.799231171102674710e-09
6.736833048309976465e-09
6.675610350282554533e-09
6.615580872121124736e-09
6.557995352634155073e-09
6.501506343082436493e-09
6.446094753570165170e-09
6.392427437673184974e-09
6.340115371038255675e-09
6.288860344248807839e-09
6.239098364331662207e-09
6.190869993363475915e-09
6.143732217947952468e-09
6.098227864733458257e-09
6.054003898219880421e-09
6.010647465706670219e-09
5.968692625479716368e-09
5.927940243123263116e-09
5.887967135359414157e-09
5.849322940057275316e-09
5.811854912977773379e-09
5.775200742237756884e-09
5.740006635027271644e-09
5.705489922715874627e-09
5.671657332711289322e-09
5.639099312582413333e-09
5.607055141883779492e-09
5.575842903355266398e-09
5.545436862125373896e-09
5.515485171036562915e-09
5.486765961348761272e-09
5.458478497203061114e-09
5.430676103914638974e-09
5.403560724830485179e-09
5.376734321890992073e-09
5.350606233737184586e-09
5.324806406458675884e-09
5.299326644454744033e-09
5.274360487233444690e-09
5.249581972630144286e-09
5.225321605163181558e-09
5.201208172496296659e-09
5.177291833916139889e-09
5.153598177146638644e-09
5.129996316778384231e-09
5.106639731129524529e-09
5.083319152953979341e-09
5.060098558407363950e-09
5.036916459016327944e-09
5.013777435586827443e-09
4.990627508766099678e-09
4.967472904615380068e-09
4.944226855735789301e-09
4.920960313123670017e-09
4.897602016521629037e-09
4.874195972378774179e-09
4.850679474120898793e-09
4.827049188738602613e-09
4.803293103979278090e-09
4.779352585261926203e-09
4.755305638914645779e-09
4.731014707170952013e-09
4.706654637811171394e-09
4.681996890320226601e-09
4.657303318454056861e-09
4.632376140309741764e-09
4.607407157057608629e-09
4.582156106513969799e-09
4.556835771794950630e-09
4.531265238689597534e-09
4.505597635566013371e-09
4.479692428906053780e-09
4.453690805467686596e-09
4.427508942884655880e-09
4.401240332328776483e-09
4.374837254822264151e-09
4.348374486462468528e-09
4.321829570574533703e-09
4.295214677560578882e-09
4.268508700291226074e-09
4.241750464534271323e-09
4.214923781687303739e-09
4.188080125652266981e-09
4.161212653824983203e-09
4.134350323630266244e-09
4.107496245011182090e-09
4.080672216293529093e-09
4.053907530949400759e-09
4.027188728279870839e-09
4.000592253263084031e-09
3.974028079779996328e-09
3.947598428922972515e-09
3.921197202820751237e-09
3.895055825881336440e-09
3.868914448941927433e-09
3.843126573469346415e-09
3.817343143869381231e-09
3.791871151432231396e-09
3.766449675921127088e-09
3.741362802761548323e-09
3.716407971242021456e-09
3.691715245982227719e-09
3.667230748561713439e-09
3.642937671206688593e-09
3.618955564428978688e-09
3.595101951097546172e-09
3.571802816020665022e-09
3.548503680943781391e-09
3.525808077268582591e-09
3.503125727724350327e-09
3.480910007340766502e-09
3.458848169471416099e-09
3.437128964163514785e-09
3.415740939058645389e-09
3.394514920680275086e-09
3.373780532184146822e-09
3.353046143688009046e-09
3.332961942453128178e-09
3.312897888150140340e-09
3.293400923103199692e-09
3.274177452005980786e-09
3.255193692954124083e-09
3.236632775323523030e-09
3.218092250174557332e-09
3.200182883219204979e-09
3.182273516263847249e-09
3.164823590691098548e-09
3.147586907890329586e-09
3.130543856681490407e-09
3.113918460419775241e-09
3.097293064158063383e-09
3.081282388609191784e-09
3.065316244100271141e-09
3.049707002375164015e-09
3.034414344098243563e-09
3.019178525356039066e-09
3.004407019197957334e-09
2.989635513039880979e-09
2.975208794897774347e-09
2.960952122441454318e-09
2.946794432638539065e-09
2.933005278557007050e-09
2.919216124475465109e-09
2.905741721112045638e-09
2.892380823740620566e-09
2.879129407387343647e-09
2.866226052615544599e-09
2.853322697843735212e-09
2.840690518497989190e-09
2.828161435171385376e-09
2.815688972337740609e-09
2.803456957623617487e-09
2.791224942909490642e-09
2.779164375863745196e-09
2.767201383269677937e-09
2.755253699942122911e-09
2.743528057383765425e-09
2.731802414825402564e-09
2.720167146273481493e-09
2.708632952875572727e-09
2.697098759477661065e-09
2.685751791775094509e-09
2.674435352353413511e-09
2.663150132202309042e-09
2.651970857506727500e-09
2.640791582811142649e-09
2.629666964273372396e-09
2.618582694008734030e-09
2.607498423744103935e-09
2.596508649994610655e-09
2.585529057054379868e-09
2.574559793254516834e-09
2.563629440826297343e-09
2.552699088398084056e-09
2.541791515404794890e-09
2.530907068004894002e-09
2.520022620604984016e-09
2.509174500133277531e-09
2.498337728034774683e-09
2.487501087967038248e-09
2.476683680691335250e-09
2.465866273415635147e-09
2.455056968551226601e-09
2.444274693184363169e-09
2.433492417817502220e-09
2.422725136807670371e-09
2.411977471638506529e-09
2.401229806469329038e-09
2.390506195473483514e-09
2.379797676069461478e-09
2.369089156665441924e-09
2.358418563864072494e-09
2.347759033183255062e-09
2.337099502502434735e-09
2.326501821449708492e-09
2.315910092646277655e-09
2.305320604575239616e-09
2.294807848862645679e-09
2.284295093150052569e-09
2.273793575568869235e-09
2.263372552071777033e-09
2.252951528574681522e-09
2.242553347253378734e-09
2.232249792389917642e-09
2.221946237526456136e-09
2.211671114221231144e-09
2.201484066142659796e-09
2.191297018064088862e-09
2.181152900566028686e-09
2.171124221354251854e-09
2.161095542142475022e-09
2.151113169592380993e-09
2.141252621566052159e-09
2.131392073539716707e-09
2.121573583104076280e-09
2.111876759394880150e-09
2.102179935685688984e-09
2.092524433940065792e-09
2.083019549132477345e-09
2.073514664324880626e-09
2.064037177778282302e-09
2.054714385570830540e-09
2.045391593363379191e-09
2.036080910152027922e-09
2.026952696445974604e-09
2.017824482739915908e-09
2.008696269033863003e-09
1.999793001295045034e-09
1.990901469657764727e-09
1.982009938020486489e-09
1.973281634652388078e-09
1.964590424983473207e-09
1.955899215314564954e-09
1.947341668163930576e-09
1.938854430915624279e-09
1.930367193667323359e-09
1.921972275530073088e-09
1.913680781648521447e-09
1.905389287766966911e-09
1.897149321885786177e-09
1.889053265612730081e-09
1.880957209339674813e-09
1.872867117649902909e-09
1.864962390214384780e-09
1.857057662778862721e-09
1.849152935343344799e-09
1.841409947241464055e-09
1.833714183628463819e-09
1.826018420015467720e-09
1.818406522151002468e-09
1.810881230699687425e-09
1.803355939248376312e-09
1.795859347043380460e-09
1.788489312542615396e-09
1.781119278041847643e-09
1.773749243541082165e-09
1.766513547556985369e-09
1.759301098539556642e-09
1.752088649522128536e-09
1.744943741519745736e-09
1.737867832922955158e-09
1.730791924326164580e-09
1.723732287076836637e-09
1.716802712429176116e-09
1.709873137781505876e-09
1.702943563133847217e-09
1.696110527715614523e-09
1.689318495735081217e-09
1.682526463754551426e-09
1.675763399346438456e-09
1.669080047614802168e-09
1.662396695883167535e-09
1.655713344151533936e-09
1.649120392250245045e-09
1.642549344634402669e-09
1.635978297018560706e-09
1.629438062746054089e-09
1.622964238386103225e-09
1.616490414026156290e-09
1.610016589666210597e-09
1.603621966401501889e-09
1.597246863011780236e-09
1.590871759622065201e-09
1.584525015060453389e-09
1.578258663144296847e-09
1.571992311228139684e-09
1.565725959311980246e-09
1.559525428866680051e-09
1.553354165277238124e-09
1.547182901687797231e-09
1.541020664145662101e-09
1.534943026151130398e-09
1.528865388156599729e-09
1.522787750162064718e-09
1.516751903853176395e-09
1.510762595267029765e-09
1.504773286680880448e-09
1.498783978094735059e-09
1.492873880193186327e-09
1.486980912668539962e-09
1.481087945143895664e-09
1.475208275695233708e-09
1.469408066940109485e-09
1.463607858184986708e-09
1.457807649429866414e-09
1.452058372482307007e-09
1.446374862989793431e-09
1.440691353497281095e-09
1.435007844004768760e-09
1.429395458070656318e-09
1.423813379902979603e-09
1.418231301735305783e-09
1.412649223567626587e-09
1.407159577667050943e-09
1.401676100870076194e-09
1.396192624073098549e-09
1.390724744380793556e-09
1.385348891139027699e-09
1.379973037897263290e-09
1.374597184655497640e-09
1.369254368169836662e-09
1.363980654793474922e-09
1.358706941417116284e-09
1.353433228040754337e-09
1.348212145978513907e-09
1.343049754933256320e-09
1.337887363887995839e-09
1.332724972842738045e-09
1.327632195273549923e-09
1.322587253629607143e-09
1.317542311985664156e-09
1.312497370341720963e-09
1.307521205770643997e-09
1.302576962112653991e-09
1.297632718454662538e-09
1.292688474796673773e-09
1.287820605028640830e-09
1.282979092315900914e-09
1.278137579603165341e-09
1.273296066890426665e-09
1.268526477463401845e-09
1.263777915298826100e-09
1.259029353134253457e-09
1.254280790969682469e-09
1.249606041828100099e-09
1.244952869260462164e-09
1.240299696692825055e-09
1.235646524125184431e-09
1.231062368516236605e-09
1.226502050342691504e-09
1.221941732169140613e-09
1.217381413995594064e-09
1.212879430304159685e-09
1.208404649813694439e-09
1.203929869323230227e-09
1.199455088832763327e-09
1.195026452179225381e-09
1.190629928239570181e-09
1.186233404299920566e-09
1.181836880360266608e-09
1.177471749748664281e-09
1.173142583761691165e-09
1.168813417774721357e-09
1.164484251787754030e-09
1.160176427894459560e-09
1.155915887753606966e-09
1.151655347612748375e-09
1.147394807471890197e-09
1.143141929555777085e-09
1.138943090744589845e-09
1.134744251933402811e-09
1.130545413122218673e-09
1.126346574311033086e-09
1.122204550824820165e-09
1.118068463917680422e-09
1.113932377010540473e-09
1.109796290103402178e-09
1.105698383160582507e-09
1.101620640747600383e-09
1.097542898334623222e-09
1.093465155921642752e-09
1.089407276085516588e-09
1.085383084070041390e-09
1.081358892054572396e-09
1.077334700039100093e-09
1.073313470053396823e-09
1.069343404945691168e-09
1.065373339837987788e-09
1.061403274730285235e-09
1.057433209622581027e-09
1.053500281064400438e-09
1.049582849444778886e-09
1.045665417825157333e-09
1.041747986205532885e-09
1.037848758630065187e-09
1.033987651909429335e-09
1.030126545188792036e-09
1.026265438468157839e-09
1.022404331747520746e-09
1.018599582464502919e-09
1.014800587536918138e-09
1.011001592609335011e-09
1.007202597681748990e-09
1.003430735807105543e-09
9.996910109818826600e-10
9.959512861566585360e-10
9.922115613314358595e-10
9.884718365062131831e-10
9.847935818353232090e-10
9.811169528648481094e-10
9.774403238943730098e-10
9.737636949238964627e-10
9.701145069688149503e-10
9.664979977715037810e-10
9.628814885741895098e-10
9.592649793768768929e-10
9.556484701795626217e-10
9.520933358221561473e-10
9.485447087107387261e-10
9.449960815993171689e-10
9.414474544878985069e-10
9.379213205040636930e-10
9.344436338471872198e-10
9.309659471903105398e-10
9.274882605334327225e-10
9.240105738765590410e-10
9.205858581636953183e-10
9.171843921786023903e-10
9.137829261935123574e-10
9.103814602084205668e-10
9.069827213639525086e-10
9.036538543512372675e-10
9.003249873385219230e-10
8.969961203258079228e-10
8.936672533130937157e-10
8.903622306479597546e-10
8.871025599928486064e-10
8.838428893377404568e-10
8.805832186826278611e-10
8.773235480275168163e-10
8.741069116701796905e-10
8.709171277456380055e-10
8.677273438210998361e-10
8.645375598965594952e-10
8.613477759720202918e-10
8.582170906555816043e-10
8.550967660223130741e-10
8.519764413890438202e-10
8.488561167557746697e-10
8.457393084036259398e-10
8.426900029704394037e-10
8.396406975372518337e-10
8.365913921040628160e-10
8.335420866708781411e-10
8.305067597840852844e-10
8.275235420594526680e-10
8.245403243348213956e-10
8.215571066101907437e-10
8.185738888855581272e-10
8.156108538817723968e-10
8.126876023884639316e-10
8.097643508951585683e-10
8.068410994018518608e-10
8.039178479085448432e-10
8.010177149472593222e-10
7.981489383683068454e-10
7.952801617893526108e-10
7.924113852103982728e-10
7.895426086314445552e-10
7.866985092560953440e-10
7.838817183760957680e-10
7.810649274960983634e-10
7.782481366160985805e-10
7.754313457360982808e-10
7.726392688715416862e-10
7.698732054285051564e-10
7.671071419854676959e-10
7.643410785424317865e-10
7.615750150993947396e-10
7.588304045521804425e-10
7.561108161649018086e-10
7.533912277776253461e-10
7.506716393903468157e-10
7.479520510030676648e-10
7.452495760405174771e-10
7.425730267540988207e-10
7.398964774676787168e-10
7.372199281812570619e-10
7.345433788948392327e-10
7.318789986437733324e-10
7.292437040125209031e-10
7.266084093812650617e-10
7.239731147500125291e-10
7.213378201187565843e-10
7.187078869042479186e-10
7.161075541072451485e-10
7.135072213102417580e-10
7.109068885132396083e-10
7.083065557162368382e-10
7.057062229192340681e-10
7.031432476192234596e-10
7.005813303525433475e-10
6.980194130858641660e-10
6.954574958191853981e-10
6.928955785525069404e-10
6.903621274687219211e-10
6.878380643397323771e-10
6.853140012107435568e-10
6.827899380817541162e-10
6.802658749527646755e-10
6.777597715388960693e-10
6.752722368728183994e-10
6.727847022067413499e-10
6.702971675406668853e-10
6.678096328745884916e-10
6.653296119883241651e-10
6.628813846618681668e-10
6.604331573354122719e-10
6.579849300089572043e-10
6.555367026825014128e-10
6.530884753560462417e-10
6.506739031683798755e-10
6.482652625374447245e-10
6.458566219065116414e-10
6.434479812755777311e-10
6.410393406446460956e-10
6.386482570815530112e-10
6.362771011855053328e-10
6.339059452894591020e-10
6.315347893934127679e-10
6.291636334973671575e-10
6.267944298432719691e-10
6.244661880279541678e-10
6.221379462126376073e-10
6.198097043973212536e-10
6.174814625820033489e-10
6.151532207666856510e-10
6.128502457498081685e-10
6.105654783961537833e-10
6.082807110425001218e-10
6.059959436888491487e-10
6.037111763351954872e-10
6.014297492228786865e-10
5.991894303310320151e-10
5.969491114391846199e-10
5.947087925473379485e-10
5.924684736554897261e-10
5.902281547636423309e-10
5.880117906293083922e-10
5.858169217181163569e-10
5.836220528069263895e-10
5.814271838957350780e-10
5.792323149845451107e-10
5.770374460733552467e-10
5.748819329921385085e-10
5.727290842929883654e-10
5.705762355938376019e-10
5.684233868946860112e-10
5.662705381955351443e-10
5.641306356702326356e-10
5.620204529615790742e-10
5.599102702529255128e-10
5.578000875442727785e-10
5.556899048356200443e-10
5.535797221269671032e-10
5.514968684864873912e-10
5.494302557674362858e-10
5.473636430483853872e-10
5.452970303293351089e-10
5.432304176102841069e-10
5.411638048912322777e-10
5.391357690492825865e-10
5.371116555603015923e-10
5.350875420713218390e-10
5.330634285823400177e-10
5.310393150933589202e-10
5.290211262185335598e-10
5.270380172159158621e-10
5.250549082133003357e-10
5.230717992106833618e-10
5.210886902080672151e-10
5.191055812054496208e-10
5.171356301788214637e-10
5.151915367286103730e-10
5.132474432784002130e-10
5.113033498281896394e-10
5.093592563779780318e-10
5.074151629277669412e-10
5.054881635967474132e-10
5.035792679202085022e-10
5.016703722436712456e-10
4.997614765671330584e-10
4.978525808905950780e-10
4.959436852140578214e-10
4.940552175963061505e-10
4.921809823471796569e-10
4.903067470980511987e-10
4.884325118489253255e-10
4.865582765997988318e-10
4.846840413506718212e-10
4.828329322905975328e-10
4.809943821974715554e-10
4.791558321043454746e-10
4.773172820112179463e-10
4.754787319180918655e-10
4.736401818249644405e-10
4.718222229738116971e-10
4.700148071155441068e-10
4.682073912572778608e-10
4.663999753990103739e-10
4.645925595407434557e-10
4.627851436824765892e-10
4.609977520546092288e-10
4.592221735418101505e-10
4.574465950290111240e-10
4.556710165162119423e-10
4.538954380034128641e-10
4.521198594906124417e-10
4.503622709740320689e-10
4.486193738693348909e-10
4.468764767646384885e-10
4.451335796599405350e-10
4.433906825552434605e-10
4.416477854505476267e-10
4.399157806017076031e-10
4.381984790452684450e-10
4.364811774888276326e-10
4.347638759323891467e-10
4.330465743759497301e-10
4.313292728195091762e-10
4.296200835006242225e-10
4.279347374340870438e-10
4.262493913675480558e-10
4.245640453010116527e-10
4.228786992344731299e-10
4.211933531679353826e-10
4.195090577932153350e-10
4.178537042162397746e-10
4.161983506392661788e-10
4.145429970622898429e-10
4.128876434853155750e-10
4.112322899083406350e-10
4.095769363313650746e-10
4.079429300944469270e-10
4.063153469811935137e-10
4.046877638679413928e-10
4.030601807546893237e-10
4.014325976414372029e-10
3.998050145281851337e-10
3.981917281096517981e-10
3.965955993324946095e-10
3.949994705553374209e-10
3.934033417781794052e-10
3.918072130010215962e-10
3.902110842238651314e-10
3.886175932013216970e-10
3.870501004887388927e-10
3.854826077761562436e-10
3.839151150635742148e-10
3.823476223509914105e-10
3.807801296384086580e-10
3.792126369258273013e-10
3.776646124334803465e-10
3.761257027674825077e-10
3.745867931014846689e-10
3.730478834354853826e-10
3.715089737694867683e-10
3.699700641034889295e-10
3.684378358103656789e-10
3.669291388804332594e-10
3.654204419504988237e-10
3.639117450205665076e-10
3.624030480906334160e-10
3.608943511606990319e-10
3.593856542307667675e-10
3.578982069895404872e-10
3.564193618543003314e-10
3.549405167190616748e-10
3.534616715838222428e-10
3.519828264485813115e-10
3.505039813133419311e-10
3.490295639705062186e-10
3.475796927636179928e-10
3.461298215567304390e-10
3.446799503498396282e-10
3.432300791429527466e-10
3.417802079360638486e-10
3.403303367291757262e-10
3.388965164878776580e-10
3.374761667144221214e-10
3.360558169409660160e-10
3.346354671675112549e-10
3.332151173940557699e-10
3.317947676206010088e-10
3.303744178471455238e-10
3.289790110960709426e-10
3.275868737793644559e-10
3.261947364626592100e-10
3.248025991459526199e-10
3.234104618292468053e-10
3.220183245125409907e-10
3.206307086298495207e-10
3.192646075491111525e-10
3.178985064683721639e-10
3.165324053876337957e-10
3.151663043068933595e-10
3.138002032261557151e-10
3.124341021454166231e-10
3.110800282059487051e-10
3.097431225130649664e-10
3.084062168201797802e-10
3.070693111272959381e-10
3.057324054344108036e-10
3.043954997415255656e-10
3.030585940486424990e-10
3.017368503320438048e-10
3.004252734922195831e-10
2.991136966523954130e-10
2.978021198125713463e-10
2.964905429727470729e-10
2.951789661329222824e-10
2.938673892930971301e-10
2.925745817269294555e-10
2.912886033337844227e-10
2.900026249406383560e-10
2.887166465474936335e-10
2.874306681543486525e-10
2.861446897612037232e-10
2.848587113680576565e-10
2.835949632940683449e-10
2.823362480199290912e-10
2.810775327457897857e-10
2.798188174716511524e-10
2.785601021975114850e-10
2.773013869233729033e-10
2.760426716492342700e-10
2.748019590562156827e-10
2.735645551956062518e-10
2.723271513349962523e-10
2.710897474743874419e-10
2.698523436137770288e-10
2.686149397531668742e-10
2.673775358925574434e-10
2.661610917932365111e-10
2.649492221570060439e-10
2.637373525207764040e-10
2.625254828845456266e-10
2.613136132483161935e-10
2.601017436120854161e-10
2.588898739758560347e-10
2.576963006535754183e-10
2.565090456444445885e-10
2.553217906353140689e-10
2.541345356261839628e-10
2.529472806170530813e-10
2.517600256079229752e-10
2.505727705987928692e-10
2.493984154750340664e-10
2.482322484748253859e-10
2.470660814746173258e-10
2.458999144744088521e-10
2.447337474742006885e-10
2.435675804739923699e-10
2.424014134737832759e-10
2.412457591713377540e-10
2.401042898765053577e-10
2.389628205816729097e-10
2.378213512868402032e-10
2.366798819920073934e-10
2.355384126971743250e-10
2.343969434023415668e-10
2.332597626618108026e-10
2.321415112242829523e-10
2.310232597867551278e-10
2.299050083492273550e-10
2.287867569116993496e-10
2.276685054741725850e-10
2.265502540366448380e-10
2.254320025991180217e-10
2.243325638337220623e-10
2.232354868489880029e-10
2.221384098642542795e-10
2.210413328795202460e-10
2.199442558947861866e-10
2.188471789100525150e-10
2.177501019253180679e-10
2.166654752277092955e-10
2.155916053022650739e-10
2.145177353768212401e-10
2.134438654513766826e-10
2.123699955259327971e-10
2.112961256004886531e-10
2.102222556750440955e-10
2.091513689315791399e-10
2.081007393208468717e-10
2.070501097101145000e-10
2.059994800993818181e-10
2.049488504886492137e-10
2.038982208779172039e-10
2.028475912671846254e-10
2.017969616564519436e-10
2.007599150737434063e-10
1.997297523748282128e-10
1.986995896759126057e-10
1.976694269769976707e-10
1.966392642780821412e-10
1.956091015791672320e-10
1.945789388802523487e-10
1.935519959363030685e-10
1.925445169040616844e-10
1.915370378718196023e-10
1.905295588395775202e-10
1.895220798073356966e-10
1.885146007750936145e-10
1.875071217428522562e-10
1.864996427106095021e-10
1.855046775189063064e-10
1.845194343299616187e-10
1.835341911410186371e-10
1.825489479520742854e-10
1.815637047631299597e-10
1.805784615741862284e-10
1.795932183852419285e-10
1.786079751962975251e-10
1.776403592710416513e-10
1.766741575951472334e-10
1.757079559192536427e-10
1.747417542433591730e-10
1.737755525674643673e-10
1.728093508915691739e-10
1.718431492156758934e-10
1.708821715830842166e-10
1.699386486142840249e-10
1.689951256454839366e-10
1.680516026766841842e-10
1.671080797078837340e-10
1.661645567390840075e-10
1.652210337702841777e-10
1.642775108014841152e-10
1.633434157274344328e-10
1.624196910039347454e-10
1.614959662804360404e-10
1.605722415569366632e-10
1.596485168334382942e-10
1.587247921099386068e-10
1.578010673864398759e-10
1.568773426629401627e-10
1.559663329514604487e-10
1.550617913084619952e-10
1.541572496654633349e-10
1.532527080224649589e-10
1.523481663794655747e-10
1.514436247364672504e-10
1.505390830934685384e-10
1.496345414504701883e-10
1.487469904319983942e-10
1.478639620294083063e-10
1.469809336268192782e-10
1.460979052242296298e-10
1.452148768216405759e-10
1.443318484190504880e-10
1.434488200164611239e-10
1.425657916138721216e-10
1.416980634763750070e-10
1.408328967887504842e-10
1.399677301011262200e-10
1.391025634135015680e-10
1.382373967258773555e-10
1.373722300382532463e-10
1.365070633506289821e-10
1.356418966630048471e-10
1.347936487119648931e-10
1.339480905411844500e-10
1.331025323704040586e-10
1.322569741996242359e-10
1.314114160288445166e-10
1.305658578580636857e-10
1.297202996872835787e-10
1.288747415165031615e-10
1.280452091034904083e-10
1.272194847013268277e-10
1.263937602991646689e-10
1.255680358970018122e-10
1.247423114948382576e-10
1.239165870926750648e-10
1.230908626905120788e-10
1.222651382883489377e-10
1.214513495364358826e-10
1.206428816007081368e-10
1.198344136649801324e-10
1.190259457292524641e-10
1.182174777935254421e-10
1.174090098577967139e-10
1.166005419220700537e-10
1.157920739863412998e-10
1.149932798441022281e-10
1.142036569917274846e-10
1.134140341393530642e-10
1.126244112869786955e-10
1.118347884346042881e-10
1.110451655822298806e-10
1.102555427298554732e-10
1.094659198774814405e-10
1.086814661739803032e-10
1.079108098727609273e-10
1.071401535715421977e-10
1.063694972703228219e-10
1.055988409691033555e-10
1.048281846678847164e-10
1.040575283666655990e-10
1.032868720654465592e-10
1.025162157642271446e-10
1.017618169423679887e-10
1.010079415376129618e-10
1.002540661328583226e-10
9.950019072810368339e-11
9.874631532334835919e-11
9.799243991859372000e-11
9.723856451383874476e-11
9.648468910908405387e-11
9.574164907818300388e-11
9.500578288699529458e-11
9.426991669580832199e-11
9.353405050462038005e-11
9.279818431343409247e-11
9.206231812224609882e-11
9.132645193105917793e-11
9.059058573987226997e-11
8.985794125116043688e-11
8.914095944720200821e-11
8.842397764324326936e-11
8.770699583928450465e-11
8.699001403532542975e-11
8.627303223136665212e-11
8.555605042740823638e-11
8.483906862344954922e-11
8.412208681949112055e-11
8.341513859878439299e-11
8.271301799247192148e-11
8.201089738615882959e-11
8.130877677984562137e-11
8.060665617353283966e-11
7.990453556722078174e-11
7.920241496090727626e-11
7.850029435459454625e-11
7.780023170390635413e-11
7.711603433463537318e-11
7.643183696536403033e-11
7.574763959609366976e-11
7.506344222682232691e-11
7.437924485755098406e-11
7.369504748828033915e-11
7.301085011900895753e-11
7.232665274973765345e-11
7.165119069760665484e-11
7.098485301069216256e-11
7.031851532377755395e-11
6.965217763686409564e-11
6.898583994994942241e-11
6.831950226303526617e-11
6.765316457612068341e-11
6.698682688920722511e-11
6.632048920229332736e-11
6.566569821073351760e-11
6.501383883472680925e-11
6.436197945872116073e-11
6.371012008271450409e-11
6.305826070670778282e-11
6.240640133070175948e-11
6.175454195469475387e-11
6.110268257868876931e-11
6.045152327453490150e-11
5.981736796433967436e-11
5.918321265414475741e-11
5.854905734395017651e-11
5.791490203375525956e-11
5.728074672356029738e-11
5.664659141336507670e-11
5.601243610317049579e-11
5.537828079297592135e-11
5.474758778191720669e-11
5.412956019461910888e-11
5.351153260732204503e-11
5.289350502002498765e-11
5.227547743272719357e-11
5.165744984542910221e-11
5.103942225813203837e-11
5.042139467083458032e-11
4.980336708353648897e-11
4.918995583556993012e-11
4.858624617254225809e-11
4.798253650951424356e-11
4.737882684648588006e-11
4.677511718345786552e-11
4.617140752042976698e-11
4.556769785740175244e-11
4.496398819437373145e-11
4.436027853134576215e-11
4.376266257312072554e-11
4.317577525594872321e-11
4.258888793877564166e-11
4.200200062160329683e-11
4.141511330443090675e-11
4.082822598725856192e-11
4.024133867008655959e-11
3.965445135291382701e-11
3.906756403574177944e-11
3.848568451897489097e-11
3.791380737948014559e-11
3.734193023998574270e-11
3.677005310049169525e-11
3.619817596099729237e-11
3.562629882150285717e-11
3.505442168200910053e-11
3.448254454251397386e-11
3.391066740301995872e-11
3.334226771612113474e-11
3.278512186315090251e-11
3.222797601018067027e-11
3.167083015721078699e-11
3.111368430423986975e-11
3.055653845126963751e-11
2.999939259829906277e-11
2.944224674532917949e-11
2.888510089235825901e-11
2.832904280951735981e-11
2.778765990319281528e-11
2.724627699686870374e-11
2.670489409054433046e-11
2.616351118421983117e-11
2.562212827789584564e-11
2.508074537157160161e-11
2.453936246524692784e-11
2.399797955892272905e-11
2.345659665259827176e-11
2.292694185816292111e-11
2.239965619780359649e-11
2.187237053744457237e-11
2.134508487708486001e-11
2.081779921672553539e-11
2.029051355636616877e-11
1.976322789600684415e-11
1.923594223564747752e-11
1.870865657528815291e-11
1.818872290186473988e-11
1.767545890529744202e-11
1.716219490873013770e-11
1.664893091216283983e-11
1.613566691559537072e-11
1.562240291902816010e-11
1.510913892246103026e-11
1.459587492589338667e-11
1.408261092932639092e-11
1.357154553457262125e-11
1.307337866391692627e-11
1.257521179326179028e-11
1.207704492260544907e-11
1.157887805195016283e-11
1.108071118129448723e-11
1.058254431063917999e-11
1.008437743998301003e-11
9.586210569327702787e-12
9.088043698671707306e-12
8.599312725362269158e-12
8.114716821352393371e-12
7.630120917342475579e-12
7.145525013332577982e-12
6.660929109322960690e-12
6.176333205313063900e-12
5.691737301303016054e-12
5.207141397293441574e-12
4.722545493283931718e-12
4.240326689451964970e-12
3.769487712409541477e-12
3.298648735366945521e-12
2.827809758324543030e-12
2.356970781281601742e-12
1.886131804239177845e-12
1.415292827196603093e-12
9.444538501543514585e-13
4.736148731115828360e-13
2.775896069008083853e-15
-4.595914752152991058e-13
-9.157624575411652536e-13
-1.371933439865997628e-12
-1.828104422191367992e-12
-2.284275404516911224e-12
-2.740446386842088122e-12
-3.196617369167458487e-12
-3.652788351492613978e-12
-4.108959333817790876e-12
-4.565130316143139834e-12
-5.010363092319784160e-12
-5.454501341162662651e-12
-5.898639590005390085e-12
-6.342777838848075514e-12
-6.786916087690630080e-12
-7.231054336533186262e-12
-7.675192585375870075e-12
-8.119330834218792995e-12
-8.563469083061520429e-12
-9.005363951022137317e-12
-9.436042526409670145e-12
-9.866721101797524476e-12
-1.029739967718529480e-11
-1.072807825257263375e-11
-1.115875682796048647e-11
-1.158943540334786905e-11
-1.202011397873520639e-11
-1.245079255412306234e-11
-1.288147112951044491e-11
-1.330724788380733353e-11
-1.372391738900904447e-11
-1.414058689421094928e-11
-1.455725639941315943e-11
-1.497392590461471689e-11
-1.539059540981696905e-11
-1.580726491501831325e-11
-1.622393442022056218e-11
-1.664060392542296621e-11
-1.705727343062452366e-11
-1.746866516468403163e-11
-1.787381509226894125e-11
-1.827896501985359239e-11
-1.868411494743861188e-11
-1.908926487502328886e-11
-1.949441480260789476e-11
-1.989956473019310812e-11
-2.030471465777761062e-11
-2.070986458536226176e-11
-2.111501451294689351e-11
-2.151358730015697517e-11
-2.190533804799302449e-11
-2.229708879582912551e-11
-2.268883954366485495e-11
-2.308059029150126939e-11
-2.347234103933717008e-11
-2.386409178717307723e-11
-2.425584253500929780e-11
-2.464759328284504986e-11
-2.503934403068116704e-11
-2.542524694618669171e-11
-2.580392817960121563e-11
-2.618260941301651826e-11
-2.656129064643173366e-11
-2.693997187984612510e-11
-2.731865311326119186e-11
-2.769733434667593227e-11
-2.807601558009121228e-11
-2.845469681350610133e-11
-2.883337804692101622e-11
-2.920861983765687382e-11
-2.957679295624111783e-11
-2.994496607482573019e-11
-3.031313919340967047e-11
-3.068131231199410835e-11
-3.104948543057872071e-11
-3.141765854916261576e-11
-3.178583166774707949e-11
-3.215400478633121364e-11
-3.252217790491550288e-11
-3.288867733293102108e-11
-3.324396526084160370e-11
-3.359925318875216693e-11
-3.395454111666307913e-11
-3.430982904457386208e-11
-3.466511697248443177e-11
-3.502040490039531811e-11
-3.537569282830607522e-11
-3.573098075621666429e-11
-3.608626868412757003e-11
-3.644155661203798463e-11
-3.678643105831674792e-11
-3.712953361859753491e-11
-3.747263617887828959e-11
-3.781573873915905073e-11
-3.815884129943944351e-11
-3.850194385972027574e-11
-3.884504642000118551e-11
-3.918814898028161707e-11
-3.953125154056253977e-11
-3.987435410084312643e-11
-4.021199749803809771e-11
-4.054419933849016192e-11
-4.087640117894251047e-11
-4.120860301939440020e-11
-4.154080485984692970e-11
-4.187300670029913609e-11
-4.220520854075155573e-11
-4.253741038120374272e-11
-4.286961222165596849e-11
-4.320181406210815549e-11
-4.353319047209874608e-11
-4.385324448357014247e-11
-4.417329849504134500e-11
-4.449335250651281248e-11
-4.481340651798433812e-11
-4.513346052945590253e-11
-4.545351454092726015e-11
-4.577356855239868239e-11
-4.609362256387004001e-11
-4.641367657534126192e-11
-4.673373058681279402e-11
-4.704753855252041696e-11
-4.735634671028106617e-11
-4.766515486804199973e-11
-4.797396302580316593e-11
-4.828277118356396378e-11
-4.859157934132511706e-11
-4.890038749908555302e-11
-4.920919565684669338e-11
-4.951800381460734906e-11
-4.982681197236867036e-11
-5.013562013012909985e-11
-5.043464931985796924e-11
-5.073329834362650368e-11
-5.103194736739521261e-11
-5.133059639116404433e-11
-5.162924541493221042e-11
-5.192789443870091935e-11
-5.222654346246960889e-11
-5.252519248623779437e-11
-5.282384151000682642e-11
-5.312249053377499251e-11
-5.341780431358227062e-11
-5.370490654724799236e-11
-5.399200878091356547e-11
-5.427911101457948108e-11
-5.456621324824538377e-11
-5.485331548191060791e-11
-5.514041771557685310e-11
-5.542751994924274933e-11
-5.571462218290834182e-11
-5.600172441657408941e-11
-5.628882665023983054e-11
-5.657023757730765670e-11
-5.684667378656430112e-11
-5.712310999582063535e-11
-5.739954620507733794e-11
-5.767598241433400821e-11
-5.795241862359052985e-11
-5.822885483284754909e-11
-5.850529104210407719e-11
-5.878172725136092841e-11
-5.905816346061724972e-11
-5.933459966987411386e-11
-5.960392942327022532e-11
-5.987015806281942694e-11
-6.013638670236822789e-11
-6.040261534191688668e-11
-6.066884398146595905e-11
-6.093507262101461784e-11
-6.120130126056376776e-11
-6.146752990011260749e-11
-6.173375853966143429e-11
-6.199998717921042912e-11
-6.226621581875926885e-11
-6.252392476309234971e-11
-6.277917478639261125e-11
-6.303442480969216193e-11
-6.328967483299222960e-11
-6.354492485629233604e-11
-6.380017487959244249e-11
-6.405542490289265233e-11
-6.431067492619224178e-11
-6.456592494949246454e-11
-6.482117497279223495e-11
-6.507642499609247063e-11
-6.532432324285421281e-11
-6.557005584706919996e-11
-6.581578845128418712e-11
-6.606152105549900625e-11
-6.630725365971434237e-11
-6.655298626392914858e-11
-6.679871886814381262e-11
-6.704445147235881269e-11
-6.729018407657379985e-11
-6.753591668078878700e-11
-6.778164928500392925e-11
-6.802075991643206302e-11
-6.825682319483284201e-11
-6.849288647323342712e-11
-6.872894975163385714e-11
-6.896501303003462321e-11
-6.920107630843504030e-11
-6.943713958683549617e-11
-6.967320286523608129e-11
-6.990926614363673103e-11
-7.014532942203716105e-11
-7.038139270043791419e-11
-7.061214291586478951e-11
-7.083784024833077854e-11
-7.106353758079654786e-11
-7.128923491326269199e-11
-7.151493224572828036e-11
-7.174062957819443742e-11
-7.196632691066037476e-11
-7.219202424312582096e-11
-7.241772157559196509e-11
-7.264341890805795412e-11
-7.286911624052403363e-11
-7.309248448782497347e-11
-7.330904555537406641e-11
-7.352560662292336614e-11
-7.374216769047245907e-11
-7.395872875802179758e-11
-7.417528982557091636e-11
-7.439185089312017732e-11
-7.460841196066964507e-11
-7.482497302821890603e-11
-7.504153409576767585e-11
-7.525809516331715652e-11
-7.547465623086627531e-11
-7.568249426963450932e-11
-7.588948352647112202e-11
-7.609647278330787690e-11
-7.630346204014412771e-11
-7.651045129698088259e-11
-7.671744055381730143e-11
-7.692442981065423725e-11
-7.713141906749047514e-11
-7.733840832432726879e-11
-7.754539758116366177e-11
-7.775238683800030033e-11
-7.795469682323398798e-11
-7.815195958483783421e-11
-7.834922234644151241e-11
-7.854648510804535864e-11
-7.874374786964906269e-11
-7.894101063125305109e-11
-7.913827339285692316e-11
-7.933553615446075647e-11
-7.953279891606429250e-11
-7.973006167766809995e-11
-7.992732443927214005e-11
-8.012458720087579240e-11
-8.031413117511585968e-11
-8.050338312740630113e-11
-8.069263507969617389e-11
-8.088188703198638270e-11
-8.107113898427644933e-11
-8.126039093656674861e-11
-8.144964288885663429e-11
-8.163889484114667508e-11
-8.182814679343689680e-11
-8.201739874572713146e-11
-8.220665069801701714e-11
-8.239265008767410492e-11
-8.257281774584555510e-11
-8.275298540401716038e-11
-8.293315306218861056e-11
-8.311332072036004781e-11
-8.329348837853148507e-11
-8.347365603670311619e-11
-8.365382369487454052e-11
-8.383399135304582268e-11
-8.401415901121745381e-11
-8.419432666938886521e-11
-8.437449432756023785e-11
-8.454859506990635650e-11
-8.471962444346002633e-11
-8.489065381701346351e-11
-8.506168319056710748e-11
-8.523271256412057051e-11
-8.540374193767411109e-11
-8.557477131122774214e-11
-8.574580068478136026e-11
-8.591683005833479744e-11
-8.608785943188845434e-11
-8.625888880544190444e-11
-8.642991817899565182e-11
-8.659401511082058488e-11
-8.675717069249234516e-11
-8.692032627416415715e-11
-8.708348185583618886e-11
-8.724663743750811716e-11
-8.740979301917959311e-11
-8.757294860085152142e-11
-8.773610418252341095e-11
-8.789925976419499029e-11
-8.806241534586681520e-11
-8.822557092753856256e-11
-8.838866546556886537e-11
-8.854309158073011659e-11
-8.869751769589113517e-11
-8.885194381105220545e-11
-8.900636992621323696e-11
-8.916079604137451403e-11
-8.931522215653557139e-11
-8.946964827169677091e-11
-8.962407438685787997e-11
-8.977850050201889855e-11
-8.993292661718014977e-11
-9.008735273234125883e-11
-9.024141888268356031e-11
-9.038744572835069106e-11
-9.053347257401804152e-11
-9.067949941968537907e-11
-9.082552626535235472e-11
-9.097155311101973103e-11
-9.111757995668687471e-11
-9.126360680235435442e-11
-9.140963364802131715e-11
-9.155566049368861592e-11
-9.170168733935559157e-11
-9.184771418502316175e-11
-9.199374103069012448e-11
-9.213286781394392952e-11
-9.227190615131820133e-11
-9.241094448869225342e-11
-9.254998282606652523e-11
-9.268902116344095214e-11
-9.282805950081521102e-11
-9.296709783818946990e-11
-9.310613617556354784e-11
-9.324517451293791012e-11
-9.338421285031233703e-11
-9.352325118768649252e-11
-9.366228952506084187e-11
-9.379444135575269211e-11
-9.392527910036406055e-11
-9.405611684497539022e-11
-9.418695458958660356e-11
-9.431779233419777813e-11
-9.444863007880928875e-11
-9.457946782342037284e-11
-9.471030556803162496e-11
-9.484114331264298048e-11
-9.497198105725401288e-11
-9.510281880186562689e-11
-9.523365654647671099e-11
-9.535982843192738671e-11
-9.548288186583545257e-11
-9.560593529974366061e-11
-9.572898873365189449e-11
-9.585204216755990866e-11
-9.597509560146822009e-11
-9.609814903537627303e-11
-9.622120246928444229e-11
-9.634425590319250815e-11
-9.646730933710069034e-11
-9.659036277100882082e-11
-9.671341620491705471e-11
-9.683458062410590854e-11
-9.695052025337920093e-11
-9.706645988265233822e-11
-9.718239951192554013e-11
-9.729833914119857402e-11
-9.741427877047162084e-11
-9.753021839974490030e-11
-9.764615802901827023e-11
-9.776209765829132997e-11
-9.787803728756419584e-11
-9.799397691683750115e-11
-9.810991654611070306e-11
-9.822585617538398252e-11
-9.833540759349571563e-11
-9.844371942928835206e-11
-9.855203126508124698e-11
-9.866034310087406436e-11
-9.876865493666679126e-11
-9.887696677245967326e-11
-9.898527860825242601e-11
-9.909359044404530801e-11
-9.920190227983803492e-11
-9.931021411563076182e-11
-9.941852595142357919e-11
-9.952683778721647412e-11
-9.963296854630683776e-11
-9.973434578435100521e-11
-9.983572302239490124e-11
-9.993710026043875850e-11
-1.000384774984827062e-10
-1.001398547365265247e-10
-1.002412319745703949e-10
-1.003426092126145236e-10
-1.004439864506582257e-10
-1.005453636887023027e-10
-1.006467409267460695e-10
-1.007481181647900301e-10
-1.008494954028340037e-10
-1.009463917261629527e-10
-1.010413299997263967e-10
-1.011362682732897372e-10
-1.012312065468527417e-10
-1.013261448204161728e-10
-1.014210830939794229e-10
-1.015160213675428281e-10
-1.016109596411061169e-10
-1.017058979146692766e-10
-1.018008361882325396e-10
-1.018957744617960611e-10
-1.019907127353592078e-10
-1.020856510089226388e-10
-1.021736504839594218e-10
-1.022615149638842797e-10
-1.023493794438089824e-10
-1.024372439237337627e-10
-1.025251084036585429e-10
-1.026129728835831164e-10
-1.027008373635078967e-10
-1.027887018434326770e-10
-1.028765663233574443e-10
-1.029644308032821341e-10
-1.030522952832068239e-10
-1.031401597631315913e-10
-1.032269233282779250e-10
-1.033082663851164980e-10
-1.033896094419551227e-10
-1.034709524987938379e-10
-1.035522955556326436e-10
-1.036336386124713717e-10
-1.037149816693099188e-10
-1.037963247261487891e-10
-1.038776677829872717e-10
-1.039590108398260127e-10
-1.040403538966649476e-10
-1.041216969535035852e-10
-1.042030400103422229e-10
-1.042827374138940858e-10
-1.043577231917424817e-10
-1.044327089695909164e-10
-1.045076947474392735e-10
-1.045826805252877469e-10
-1.046576663031362979e-10
-1.047326520809847325e-10
-1.048076378588332835e-10
-1.048826236366818216e-10
-1.049576094145301011e-10
-1.050325951923787167e-10
-1.051075809702271643e-10
-1.051825667480755990e-10
-1.052559223229276713e-10
-1.053243952935058748e-10
-1.053928682640840267e-10
-1.054613412346622302e-10
-1.055298142052404079e-10
-1.055982871758186115e-10
-1.056667601463968021e-10
-1.057352331169750962e-10
-1.058037060875531317e-10
-1.058721790581314257e-10
-1.059406520287095776e-10
-1.060091249992877811e-10
-1.060775979698661527e-10
-1.061452667705028148e-10
-1.062080924826005740e-10
-1.062709181946984495e-10
-1.063337439067962216e-10
-1.063965696188939937e-10
-1.064593953309917658e-10
-1.065222210430895379e-10
-1.065850467551873876e-10
-1.066478724672851080e-10
-1.067106981793830352e-10
-1.067735238914808849e-10
-1.068363496035786828e-10
-1.068991753156763645e-10
-1.069620010277743305e-10
-1.070194199207180054e-10
-1.070764591065869505e-10
-1.071334982924561153e-10
-1.071905374783250863e-10
-1.072475766641940572e-10
-1.073046158500632091e-10
-1.073616550359320896e-10
-1.074186942218011381e-10
-1.074757334076701995e-10
-1.075327725935393514e-10
-1.075898117794082319e-10
-1.076468509652772933e-10
-1.077038901511464193e-10
-1.077571856694578022e-10
-1.078082396313727946e-10
-1.078592935932874380e-10
-1.079103475552023399e-10
-1.079614015171171126e-10
-1.080124554790321050e-10
-1.080635094409469165e-10
-1.081145634028617538e-10
-1.081656173647764877e-10
-1.082166713266914801e-10
-1.082677252886061623e-10
-1.083187792505209867e-10
-1.083698332124356430e-10
-1.084197244758008099e-10
-1.084653690784796364e-10
-1.085110136811584887e-10
-1.085566582838374186e-10
-1.086023028865162709e-10
-1.086479474891951232e-10
-1.086935920918738721e-10
-1.087392366945529700e-10
-1.087848812972317318e-10
-1.088305258999104936e-10
-1.088761705025894235e-10
-1.089218151052683792e-10
-1.089674597079472315e-10
-1.090131043106260709e-10
-1.090548751365788063e-10
-1.090950013473671244e-10
-1.091351275581557915e-10
-1.091752537689442260e-10
-1.092153799797328026e-10
-1.092555061905212241e-10
-1.092956324013096327e-10
-1.093357586120983257e-10
-1.093758848228867343e-10
-1.094160110336751558e-10
-1.094561372444637454e-10
-1.094962634552521669e-10
-1.095363896660408340e-10
-1.095760479093048717e-10
-1.096107201826734667e-10
-1.096453924560419067e-10
-1.096800647294105147e-10
-1.097147370027790192e-10
-1.097494092761474592e-10
-1.097840815495158216e-10
-1.098187538228842357e-10
-1.098534260962528437e-10
-1.098880983696211802e-10
-1.099227706429896073e-10
-1.099574429163580343e-10
-1.099921151897266293e-10
-1.100267874630949788e-10
-1.100598078301464468e-10
-1.100899622255922852e-10
-1.101201166210382915e-10
-1.101502710164839489e-10
-1.101804254119298002e-10
-1.102105798073758453e-10
-1.102407342028215803e-10
-1.102708885982674444e-10
-1.103010429937133086e-10
-1.103311973891591728e-10
-1.103613517846049077e-10
-1.103915061800508624e-10
-1.104216605754965973e-10
-1.104518149709425520e-10
-1.104792376737563755e-10
-1.105043397744391214e-10
-1.105294418751219448e-10
-1.105545439758046778e-10
-1.105796460764874236e-10
-1.106047481771701437e-10
-1.106298502778528120e-10
-1.106549523785356225e-10
-1.106800544792182650e-10
-1.107051565799011013e-10
-1.107302586805838343e-10
-1.107553607812664897e-10
-1.107804628819494423e-10
-1.108055649826321753e-10
-1.108276495870806994e-10
-1.108478061152413397e-10
-1.108679626434017087e-10
-1.108881191715621552e-10
-1.109082756997226146e-10
-1.109284322278830869e-10
-1.109485887560436368e-10
-1.109687452842040187e-10
-1.109889018123644910e-10
-1.110090583405250280e-10
-1.110292148686855908e-10
-1.110493713968460244e-10
-1.110695279250064967e-10
-1.110896844531668786e-10
-1.111072971152340029e-10
-1.111230156618577899e-10
-1.111387342084812926e-10
-1.111544527551048858e-10
-1.111701713017286082e-10
-1.111858898483520850e-10
-1.112016083949757040e-10
-1.112173269415991809e-10
-1.112330454882230454e-10
-1.112487640348467161e-10
-1.112644825814702447e-10
-1.112802011280938120e-10
-1.112959196747174310e-10
-1.113116382213410888e-10
-1.113253695112271520e-10
-1.113364563876288773e-10
-1.113475432640304734e-10
-1.113586301404321987e-10
-1.113697170168336784e-10
-1.113808038932355201e-10
-1.113918907696370386e-10
-1.114029776460386993e-10
-1.114140645224403342e-10
-1.114251513988420207e-10
-1.114362382752437460e-10
-1.114473251516452646e-10
-1.114584120280469899e-10
-1.114694989044485601e-10
-1.114798175396075666e-10
-1.114865612963399938e-10
-1.114933050530725503e-10
-1.115000488098049646e-10
-1.115067925665376115e-10
-1.115135363232699612e-10
-1.115202800800025306e-10
-1.115270238367350353e-10
-1.115337675934673333e-10
-1.115405113501999286e-10
-1.115472551069323299e-10
-1.115539988636651061e-10
-1.115607426203974299e-10
-1.115674863771300122e-10
-1.115742301338623231e-10
-1.115779106603928506e-10
-1.115808998337362898e-10
-1.115838890070797937e-10
-1.115868781804230908e-10
-1.115898673537664266e-10
-1.115928565271099564e-10
-1.115958457004532276e-10
-1.115988348737968736e-10
-1.116018240471401966e-10
-1.116048132204834807e-10
-1.116078023938270104e-10
-1.116107915671703722e-10
-1.116137807405137080e-10
-1.116167699138573282e-10
0.000000000000000000e+00
0.000000000000000000e+00
0.000000000000000000e+00
0.000000000000000000e+00
0.000000000000000000e+00
0.000000000000000000e+00
0.000000000000000000e+00
0.000000000000000000e+00
0.000000000000000000e+00
0.000000000000000000e+00
0.000000000000000000e+00
0.000000000000000000e+00
0.000000000000000000e+00
0.000000000000000000e+00
0.000000000000000000e+00
0.000000000000000000e+00
0.000000000000000000e+00
0.000000000000000000e+00
0.000000000000000000e+00
0.000000000000000000e+00
0.000000000000000000e+00
0.000000000000000000e+00
0.000000000000000000e+00
0.000000000000000000e+00
0.000000000000000000e+00
0.000000000000000000e+00
0.000000000000000000e+00
0.000000000000000000e+00
0.000000000000000000e+00
0.000000000000000000e+00
0.000000000000000000e+00
0.000000000000000000e+00
0.000000000000000000e+00
0.000000000000000000e+00
0.000000000000000000e+00
0.000000000000000000e+00
0.000000000000000000e+00
0.000000000000000000e+00
0.000000000000000000e+00
0.000000000000000000e+00
0.000000000000000000e+00
0.000000000000000000e+00
0.000000000000000000e+00
0.000000000000000000e+00
0.000000000000000000e+00
0.000000000000000000e+00
0.000000000000000000e+00
0.000000000000000000e+00
0.000000000000000000e+00
0.000000000000000000e+00
0.000000000000000000e+00
0.000000000000000000e+00
0.000000000000000000e+00
0.000000000000000000e+00
0.000000000000000000e+00
0.000000000000000000e+00
0.000000000000000000e+00
0.000000000000000000e+00
0.000000000000000000e+00
0.000000000000000000e+00
0.000000000000000000e+00
0.000000000000000000e+00
0.000000000000000000e+00
0.000000000000000000e+00
0.000000000000000000e+00
0.000000000000000000e+00
0.000000000000000000e+00
0.000000000000000000e+00
0.000000000000000000e+00
0.000000000000000000e+00
0.000000000000000000e+00
0.000000000000000000e+00
0.000000000000000000e+00
0.000000000000000000e+00
0.000000000000000000e+00
0.000000000000000000e+00
0.000000000000000000e+00
0.000000000000000000e+00
0.000000000000000000e+00
0.000000000000000000e+00
0.000000000000000000e+00
0.000000000000000000e+00
0.000000000000000000e+00
0.000000000000000000e+00
0.000000000000000000e+00
0.000000000000000000e+00
0.000000000000000000e+00
0.000000000000000000e+00
0.000000000000000000e+00
0.000000000000000000e+00
0.000000000000000000e+00
