1.188385016000672692e-07
1.188779297766437232e-07
1.187922466418486935e-07
1.185901980806018375e-07
1.182800900386988243e-07
1.178666219664840953e-07
1.173566321292713611e-07
1.167599927865365625e-07
1.160780000497682965e-07
1.153213479543991831e-07
1.144939443081271354e-07
1.136010092737296476e-07
1.126505135071698852e-07
1.116451129915863997e-07
1.105926224216946067e-07
1.094955357699055654e-07
1.083611525828166453e-07
1.071917726701494571e-07
1.059939388015860855e-07
1.047695944768721385e-07
1.035251661890533356e-07
1.022629669170857513e-07
1.009877426812035843e-07
9.970241774097705599e-08
9.841034413295044648e-08
9.711494384847312638e-08
9.581878059646640234e-08
9.452517475014666210e-08
9.323654368121429633e-08
9.195513477044530174e-08
9.068287806539307396e-08
8.942328986683933925e-08
8.817699339808543151e-08
8.694601894907282490e-08
8.573274718368884828e-08
8.453727422346407254e-08
8.336247748211703076e-08
8.220877904120604606e-08
8.107644835910762648e-08
7.996812524609269940e-08
7.888372086528923058e-08
7.782333190024888181e-08
7.678948470711456150e-08
7.578148395082659167e-08
7.479814510881791483e-08
7.384097558799786550e-08
7.291276700189092263e-08
7.200971196241628302e-08
7.113167287907930652e-08
7.028314792292577449e-08
6.946047331803254556e-08
6.866171672307472963e-08
6.789119756207676567e-08
6.714626906106764195e-08
6.642526728506117280e-08
6.572923126519023648e-08
6.505756960421820529e-08
6.441103154422294362e-08
6.378499646216262692e-08
6.318283926305718817e-08
6.260268244300780622e-08
6.204422630428715857e-08
6.150481752894116389e-08
6.098429644765625128e-08
6.048571295564528609e-08
6.000312999056980330e-08
5.953858527149745693e-08
5.908975869550088778e-08
5.865702268862806590e-08
5.824074394154122340e-08
5.783715921260727956e-08
5.744568594179798013e-08
5.706851199779579823e-08
5.670317472729786948e-08
5.634764010896955164e-08
5.600144968953699813e-08
5.566536382404129907e-08
5.533803361533968700e-08
5.501787478786235190e-08
5.470405535882165786e-08
5.439632701266229009e-08
5.409415625497177125e-08
5.379693072996442378e-08
5.350329832736792588e-08
5.321266365868811381e-08
5.292449776863049329e-08
5.263842500466651402e-08
5.235381136008314513e-08
5.206981159894553188e-08
5.178594772324363906e-08
5.150179583732284382e-08
5.121685317299447949e-08
5.093053100441371727e-08
5.064250369947368933e-08
5.035244959677847319e-08
5.006006399120986280e-08
4.976510101031513253e-08
4.946667043733253676e-08
4.916481407074385836e-08
4.885954862097728095e-08
4.855063236365767857e-08
4.823801559025501488e-08
4.792150736332180815e-08
4.760009672267770454e-08
4.727467414033054252e-08
4.694523205154852166e-08
4.661170285859038597e-08
4.627420213699148511e-08
4.593248835003583011e-08
4.558634382551743244e-08
4.523635054257673622e-08
4.488276812278590707e-08
4.452573382822401361e-08
4.416545719154710641e-08
4.380194268575916991e-08
4.343519309903662427e-08
4.306565315718051774e-08
4.269380996953385013e-08
4.231971867773524840e-08
4.194370115569722444e-08
4.156618551671298014e-08
4.118720086810917281e-08
4.080719592387964281e-08
4.042662512634513331e-08
4.004577310176393174e-08
3.966484695659589337e-08
3.928430855313581640e-08
3.890442496148287275e-08
3.852563104466246095e-08
3.814821161941188401e-08
3.777238456515110829e-08
3.739843543484825721e-08
3.702716793696668524e-08
3.665834662713747754e-08
3.629234218046554573e-08
3.592951807128129336e-08
3.557032393548959116e-08
3.521578992248932695e-08
3.486499821217247650e-08
3.451807433434393749e-08
3.417512669324698911e-08
3.383726786329711433e-08
3.350548286784838096e-08
3.317872210801834601e-08
3.285688162763097871e-08
3.254071152831201575e-08
3.223104872271048843e-08
3.192642036555212872e-08
3.162681820190147071e-08
3.133371137817297856e-08
3.104876649140537735e-08
3.076947588616895809e-08
3.049549780992589534e-08
3.022957127073380468e-08
2.996953693219037805e-08
2.971474702036221592e-08
2.946641818826836695e-08
2.922596039444271649e-08
2.899138222484838722e-08
2.876288891584577310e-08
2.854317006354305594e-08
2.832836280666822432e-08
2.811836839977569082e-08
2.791652147160307067e-08
2.771999324430208023e-08
2.752806792731966818e-08
2.734431687774850732e-08
2.716657656010739024e-08
2.699332267570761541e-08
2.682706446010661264e-08
2.666574582020401258e-08
2.650816286572429117e-08
2.635751654430596404e-08
2.621095347693211877e-08
2.606769678217265458e-08
2.593255826823454510e-08
2.580053609637811350e-08
2.567240231160204922e-08
2.554965321831677228e-08
2.542939000240297044e-08
2.531335737276932130e-08
2.520107628747971283e-08
2.509089088156351671e-08
2.498535807511768759e-08
2.488234611004172138e-08
2.478235344024613520e-08
2.468563064723615371e-08
2.459023800024574900e-08
2.449777868152473176e-08
2.440693937179819219e-08
2.431763711913560080e-08
2.423056156973575063e-08
2.414426703122437083e-08
2.405992382227318521e-08
2.397644912252857002e-08
2.389400569576058579e-08
2.381238472723071988e-08
2.373105897102322604e-08
2.365041541829875394e-08
2.356985416383688964e-08
2.348949993016808589e-08
2.340909471172152659e-08
2.332864496778227730e-08
2.324773911814139300e-08
2.316669687802251183e-08
2.308457405293529205e-08
2.300218211332397045e-08
2.291875533495943007e-08
2.283469617663071644e-08
2.274967458199798303e-08
2.266359164759465806e-08
2.257673382456850375e-08
2.248836528407925963e-08
2.239948125315792707e-08
2.230818881188693044e-08
2.221652807471350538e-08
2.212242483816833453e-08
2.202791631700285820e-08
2.193134116607735539e-08
2.183405829226148637e-08
2.173490884997153238e-08
2.163482960347325871e-08
2.153317702470945174e-08
2.143039768609867398e-08
2.132626026940012789e-08
2.122057754435395505e-08
2.111347296661152336e-08
2.100511941318371726e-08
2.089583661463887817e-08
2.078532059570977825e-08
2.067401979030198567e-08
2.056154265750638585e-08
2.044838596792876785e-08
2.033423425917094619e-08
2.021952639967555956e-08
2.010393124237012373e-08
1.998782358117481523e-08
1.987102290505361238e-08
1.975378092252358615e-08
1.963623473926071658e-08
1.951846147434365626e-08
1.940057317723672648e-08
1.928257811528720848e-08
1.916463779268279362e-08
1.904676464216891274e-08
1.892906457418344596e-08
1.881166748202731564e-08
1.869450915080961578e-08
1.857802262424287035e-08
1.846173556506691062e-08
1.834662657599922105e-08
1.823153621572594930e-08
1.811808807052592404e-08
1.800463992532588885e-08
1.789291367433340361e-08
1.778146462229966905e-08
1.767160659715004318e-08
1.756244666374064752e-08
1.745459059678143857e-08
1.734797630637868248e-08
1.724239630881012409e-08
1.713908984966198604e-08
1.703609599145141459e-08
1.693603342786608460e-08
1.683597086428073146e-08
1.673877553321527349e-08
1.664203489153269861e-08
1.654748483443797229e-08
1.645431874988095994e-08
1.636239735652464977e-08
1.627283549563701770e-08
1.618350113173354936e-08
1.609769707072514243e-08
1.601189300971671233e-08
1.592947573933482471e-08
1.584813804726539966e-08
1.576845499229099972e-08
1.569089112431331780e-08
1.561370735130190146e-08
1.553991064119540783e-08
1.546611393108883810e-08
1.539513498124095643e-08
1.532511801445526689e-08
1.525643637205043522e-08
1.519000808796266255e-08
1.512357980387495606e-08
1.506079990214981502e-08
1.499809229449660626e-08
1.493751084974051500e-08
1.487852825003384137e-08
1.481998238390903492e-08
1.476406270997202544e-08
1.470814303603498287e-08
1.465424746147402116e-08
1.460123661175574578e-08
1.454884396695636131e-08
1.449851604442605345e-08
1.444818812189568933e-08
1.439964587092704448e-08
1.435171107784519049e-08
1.430435756584983194e-08
1.425881550227401008e-08
1.421327343869819483e-08
1.416911530816864484e-08
1.412549380425153564e-08
1.408213394041752006e-08
1.403997430950249246e-08
1.399781467858741688e-08
1.395642713600767154e-08
1.391551693640306255e-08
1.387464451683123883e-08
1.383474534942148331e-08
1.379484618201169469e-08
1.375531064100200243e-08
1.371624342883146466e-08
1.367717621666078956e-08
1.363862769805084088e-08
1.360019542284165172e-08
1.356178790923564971e-08
1.352349572262769829e-08
1.348520353601977003e-08
1.344684416244811897e-08
1.340842187640156003e-08
1.336999959035508049e-08
1.333129870452962911e-08
1.329254307762948954e-08
1.325372246760395602e-08
1.321448426764790308e-08
1.317524606769182368e-08
1.313574671183181078e-08
1.309587603369994741e-08
1.305600535556811216e-08
1.301552534449879129e-08
1.297474571726385368e-08
1.293396609002888629e-08
1.289244715570292559e-08
1.285085231382962237e-08
1.280915470826138077e-08
1.276671957880207014e-08
1.272428444934278598e-08
1.268158208565893129e-08
1.263830244857284382e-08
1.259502281148672657e-08
1.255136334890444416e-08
1.250730721095320414e-08
1.246325107300202204e-08
1.241869054963971489e-08
1.237384664041407230e-08
1.232900273118842805e-08
1.228362492443394970e-08
1.223808730770443616e-08
1.219254969097489450e-08
1.214662752595830063e-08
1.210065146015534025e-08
1.205467539435232197e-08
1.200841015405129070e-08
1.196213361866659056e-08
1.191585368441086846e-08
1.186944381533445399e-08
1.182303394625800808e-08
1.177662643693199493e-08
1.173025224403980799e-08
1.168387805114767565e-08
1.163752181488139230e-08
1.159136089983767765e-08
1.154519998479399112e-08
1.149907468633394223e-08
1.145336195420225498e-08
1.140764922207056277e-08
1.136196819996480765e-08
1.131686768416011053e-08
1.127176716835540514e-08
1.122666743911836385e-08
1.118235497410773753e-08
1.113804250909710625e-08
1.109373004408642534e-08
1.105026603024970725e-08
1.100686892932378280e-08
1.096347182839791790e-08
1.092092819915494494e-08
1.087856021576785392e-08
1.083619223238076621e-08
1.079476781193682883e-08
1.075373237597711721e-08
1.071269694001741717e-08
1.067238321094989031e-08
1.063262963170629547e-08
1.059287605246275192e-08
1.055364617865730863e-08
1.051522205923576833e-08
1.047679793981428593e-08
1.043866077127269671e-08
1.040166692880772533e-08
1.036467308634271259e-08
1.032767924387772301e-08
1.029205275737032969e-08
1.025645000309437564e-08
1.022084724881839015e-08
1.018631215821355981e-08
1.015215087130753214e-08
1.011798958440150778e-08
1.008457072129060437e-08
1.005197687340149673e-08
1.001938302551233946e-08
9.987029343233416704e-09
9.955757427575002457e-09
9.924485511916507145e-09
9.893213596258038304e-09
9.863050061122319103e-09
9.833060164108693212e-09
9.803070267095095445e-09
9.773720906567038904e-09
9.744957843370059254e-09
9.716194780173079603e-09
9.687600195373579235e-09
9.659930269155326089e-09
9.632260342937054747e-09
9.604590416718798293e-09
9.577733871099145857e-09
9.551133592581564876e-09
9.524533314063970661e-09
9.498252521542593418e-09
9.472589715652162774e-09
9.446926909761763563e-09
9.421264103871389167e-09
9.396253380086247078e-09
9.371319114090658582e-09
9.346384848095114754e-09
9.321719926469394873e-09
9.297422416188016689e-09
9.273124905906585565e-09
9.248827395625185875e-09
9.225001999918787932e-09
9.201215204942784577e-09
9.177428409966799419e-09
9.153797740323007238e-09
9.130402117985860042e-09
9.107006495648731044e-09
9.083610873311600392e-09
9.060472021828419200e-09
9.037379588690394941e-09
9.014287155552400461e-09
8.991240883181234329e-09
8.968320982708754834e-09
8.945401082236291882e-09
8.922481181763825622e-09
8.899624756930760018e-09
8.876800906684277859e-09
8.853977056437734488e-09
8.831154404932674249e-09
8.808375580425435009e-09
8.785596755918195769e-09
8.762817931410925096e-09
8.740037628050757915e-09
8.717254747797458455e-09
8.694471867544157341e-09
8.671688987290871115e-09
8.648885595785301517e-09
8.626072313675132364e-09
8.603259031564910272e-09
8.580445749454729538e-09
8.557551647728841411e-09
8.534653872968128521e-09
8.511756098207466917e-09
8.488850641973777496e-09
8.465916286722499769e-09
8.442981931471195573e-09
8.420047576219891377e-09
8.397107949508414355e-09
8.374161471326738242e-09
8.351214993145053858e-09
8.328268514963359547e-09
8.305337425076960254e-09
8.282415339982730483e-09
8.259493254888489132e-09
8.236571169794254398e-09
8.213703023898996146e-09
8.190848548203290145e-09
8.167994072507625502e-09
8.145139596811965823e-09
8.122393110294872630e-09
8.099654070435989508e-09
8.076915030577093151e-09
8.054184137261951761e-09
8.031631614927539974e-09
8.009079092593116606e-09
7.986526570258701510e-09
7.964005460349523643e-09
7.941710123009996911e-09
7.919414785670458599e-09
7.897119448330920287e-09
7.874878887404041528e-09
7.852904535300272023e-09
7.830930183196507481e-09
7.808955831092767754e-09
7.787054210355184165e-09
7.765464715456898378e-09
7.743875220558622517e-09
7.722285725660392979e-09
7.700770868519820699e-09
7.679603283560591878e-09
7.658435698601353130e-09
7.637268113642124308e-09
7.616167084718730381e-09
7.595495506030423249e-09
7.574823927342135970e-09
7.554152348653832147e-09
7.533513354201064428e-09
7.513379585925236746e-09
7.493245817649390866e-09
7.473112049373535059e-09
7.452978281097694142e-09
7.433348854472787075e-09
7.413742707771714352e-09
7.394136561070678025e-09
7.374530414369606956e-09
7.355380388272115001e-09
7.336330609327486100e-09
7.317280830382867952e-09
7.298231051438281237e-09
7.279537110290060828e-09
7.261032952404475290e-09
7.242528794518861628e-09
7.224024636633234731e-09
7.205757261251435280e-09
7.187776158459867480e-09
7.169795055668294716e-09
7.151813952876736842e-09
7.133956026857315796e-09
7.116531935177863754e-09
7.099107843498398478e-09
7.081683751818915003e-09
7.064259660139477024e-09
7.047298428287571202e-09
7.030357858445491560e-09
7.013417288603449969e-09
6.996476718761397624e-09
6.979823474816939829e-09
6.963317699722780748e-09
6.946811924628591889e-09
6.930306149534446870e-09
6.913940484617589647e-09
6.897857262190583328e-09
6.881774039763548057e-09
6.865690817336530157e-09
6.849607594909496541e-09
6.833873962916671470e-09
6.818151416338221346e-09
6.802428869759797692e-09
6.786706323181389754e-09
6.771169019931677027e-09
6.755769403921080477e-09
6.740369787910470692e-09
6.724970171899859253e-09
6.709614966756464724e-09
6.694522846721950065e-09
6.679430726687462703e-09
6.664338606652950525e-09
6.649246486618463163e-09
6.634315515445332821e-09
6.619459893963819651e-09
6.604604272482293247e-09
6.589748651000809029e-09
6.574931799026208981e-09
6.560286566501649413e-09
6.545641333977059240e-09
6.530996101452487265e-09
6.516350868927913635e-09
6.501831392121223062e-09
6.487378797382536276e-09
6.472926202643846181e-09
6.458473607905170149e-09
6.444034987332083851e-09
6.429743508172969258e-09
6.415452029013881135e-09
6.401160549854794667e-09
6.386869070695651951e-09
6.372649637602518284e-09
6.358506467029954646e-09
6.344363296457361230e-09
6.330220125884766986e-09
6.316076955312160335e-09
6.302052347331010032e-09
6.288048712057319217e-09
6.274045076783613513e-09
6.260041441509935934e-09
6.246062217919120258e-09
6.232195573806388180e-09
6.218328929693640385e-09
6.204462285580909961e-09
6.190595641468163821e-09
6.176797689676200830e-09
6.163076881952398059e-09
6.149356074228596942e-09
6.135635266504780108e-09
6.121914458780964929e-09
6.108307491330450283e-09
6.094743079903636412e-09
6.081178668476836604e-09
6.067614257050021906e-09
6.054049845623241123e-09
6.040640012061271408e-09
6.027238564028505818e-09
6.013837115995731957e-09
6.000435667962964713e-09
5.987058288531761687e-09
5.973838232548117774e-09
5.960618176564491232e-09
5.947398120580869653e-09
5.934178064597276199e-09
5.921013500320156831e-09
5.907991592293232347e-09
5.894969684266293801e-09
5.881947776239391652e-09
5.868925868212454760e-09
5.855985052525388028e-09
5.843170885382816612e-09
5.830356718240232788e-09
5.817542551097648137e-09
5.804728383955051078e-09
5.792020285436874562e-09
5.779435055153400278e-09
5.766849824869895389e-09
5.754264594586435168e-09
5.741679364302941032e-09
5.729210604402442673e-09
5.716858952422004398e-09
5.704507300441540480e-09
5.692155648461093932e-09
5.679803996480630014e-09
5.667569302360357279e-09
5.655453431977947792e-09
5.643337561595560639e-09
5.631221691213128818e-09
5.619105820830740837e-09
5.607107497516179813e-09
5.595249834046812770e-09
5.583392170577443245e-09
5.571534507108068757e-09
5.559676843638697578e-09
5.547911412372311810e-09
5.536299083255038053e-09
5.524686754137751061e-09
5.513074425020471513e-09
5.501462095903177904e-09
5.489911277351142719e-09
5.478537497329683567e-09
5.467163717308215316e-09
5.455789937286756991e-09
5.444416157265310247e-09
5.433067293245847480e-09
5.421941012002351710e-09
5.410814730758820370e-09
5.399688449515325427e-09
5.388562168271799878e-09
5.377435887028304107e-09
5.366512542970839491e-09
5.355610724576358312e-09
5.344708906181858108e-09
5.333807087787349632e-09
5.322905269392846946e-09
5.312147591772727380e-09
5.301461603796541159e-09
5.290775615820357419e-09
5.280089627844178642e-09
5.269403639867994903e-09
5.258802278682515834e-09
5.248332400349260626e-09
5.237862522016007072e-09
5.227392643682753519e-09
5.216922765349499965e-09
5.206466957357811638e-09
5.196184574573417530e-09
5.185902191789026731e-09
5.175619809004624351e-09
5.165337426220221144e-09
5.155055043435827036e-09
5.144901286613264538e-09
5.134798076074760627e-09
5.124694865536260024e-09
5.114591654997748668e-09
5.104488444459251375e-09
5.094440989375102377e-09
5.084512112171228694e-09
5.074583234967389752e-09
5.064654357763516069e-09
5.054725480559663065e-09
5.044796603355803444e-09
5.035005768936102571e-09
5.025233665177612341e-09
5.015461561419115493e-09
5.005689457660625263e-09
4.995917353902129242e-09
4.986206231602799592e-09
4.976586701915610773e-09
4.966967172228431053e-09
4.957347642541242235e-09
4.947728112854048453e-09
4.938108583166867906e-09
4.928618770705456422e-09
4.919147153812607624e-09
4.909675536919750555e-09
4.900203920026909202e-09
4.890732303134074466e-09
4.881304292153579997e-09
4.871972390825395739e-09
4.862640489497238779e-09
4.853308588169068584e-09
4.843976686840909969e-09
4.834644785512761280e-09
4.825412924008219430e-09
4.816222978837343241e-09
4.807033033666481114e-09
4.797843088495603271e-09
4.788653143324733699e-09
4.779470892644396198e-09
4.770422091087776997e-09
4.761373289531143734e-09
4.752324487974522878e-09
4.743275686417911122e-09
4.734226884861284476e-09
4.725227569387186923e-09
4.716315790074085363e-09
4.707404010760991248e-09
4.698492231447889688e-09
4.689580452134787302e-09
4.680668672821699804e-09
4.671845286067922574e-09
4.663075091444145098e-09
4.654304896820372584e-09
4.645534702196577737e-09
4.636764507572791989e-09
4.627994312949019476e-09
4.619343731710507520e-09
4.610715318151216398e-09
4.602086904591952572e-09
4.593458491032654005e-09
4.584830077473376117e-09
4.576204315769135971e-09
4.567716671274068531e-09
4.559229026779023425e-09
4.550741382283967566e-09
4.542253737788893508e-09
4.533766093293840131e-09
4.525300568185190895e-09
4.516960838891405203e-09
4.508621109597612894e-09
4.500281380303824721e-09
4.491941651010018349e-09
4.483601921716232658e-09
4.475296068382097703e-09
4.467100236935235700e-09
4.458904405488398511e-09
4.450708574041534853e-09
4.442512742594692702e-09
4.434316911147843106e-09
4.426160082065884707e-09
4.418105500507743282e-09
4.410050918949585312e-09
4.401996337391449677e-09
4.393941755833300806e-09
4.385887174275151109e-09
4.377872283493874136e-09
4.369963992158950357e-09
4.362055700824037330e-09
4.354147409489140021e-09
4.346239118154222031e-09
4.338330826819313141e-09
4.330453124148476119e-09
4.322683465394708084e-09
4.314913806640941704e-09
4.307144147887174496e-09
4.299374489133429622e-09
4.291604830379654142e-09
4.283851931394170698e-09
4.276217690169928326e-09
4.268583448945675200e-09
4.260949207721427865e-09
4.253314966497173912e-09
4.245680725272926576e-09
4.238046484048686686e-09
4.230549383676767949e-09
4.223055036898977147e-09
4.215560690121191309e-09
4.208066343343398853e-09
4.200571996565621286e-09
4.193077649787842065e-09
4.185685119862243433e-09
4.178319663521109589e-09
4.170954207179998079e-09
4.163588750838878297e-09
4.156223294497758515e-09
4.148857838156623844e-09
4.141562209463946470e-09
4.134323183326167636e-09
4.127084157188382185e-09
4.119845131050608315e-09
4.112606104912843543e-09
4.105367078775063055e-09
4.098161699926880507e-09
4.091048686592210272e-09
4.083935673257546655e-09
4.076822659922896273e-09
4.069709646588232655e-09
4.062596633253576483e-09
4.055483619918918656e-09
4.048480861646274054e-09
4.041485929350450773e-09
4.034490997054640727e-09
4.027496064758823236e-09
4.020501132462999954e-09
4.013506200167176673e-09
4.006575709977188996e-09
3.999697507555318596e-09
3.992819305133454814e-09
3.985941102711583588e-09
3.979062900289719806e-09
3.972184697867841962e-09
3.965320639315539548e-09
3.958558694421083695e-09
3.951796749526612952e-09
3.945034804632149654e-09
3.938272859737673121e-09
3.931510914843202378e-09
3.924748969948739907e-09
3.918057205831969028e-09
3.911404552031749310e-09
3.904751898231551098e-09
3.898099244431339652e-09
3.891446590631128206e-09
3.884793936830915106e-09
3.878153552318688367e-09
3.871609338502442016e-09
3.865065124686189047e-09
3.858520910869950968e-09
3.851976697053704618e-09
3.845432483237458267e-09
3.838888269421204471e-09
3.832401197055756996e-09
3.825963934367921664e-09
3.819526671680078887e-09
3.813089408992235282e-09
3.806652146304385061e-09
3.800214883616541457e-09
3.793777620928691235e-09
3.787434411296193281e-09
3.781101055957741092e-09
3.774767700619288902e-09
3.768434345280816861e-09
3.762100989942370462e-09
3.755767634603910828e-09
3.749458056485970120e-09
3.743230181235633386e-09
3.737002305985282590e-09
3.730774430734951646e-09
3.724546555484608295e-09
3.718318680234272388e-09
3.712090804983928209e-09
3.705914258184082160e-09
3.699790148326455781e-09
3.693666038468836020e-09
3.687541928611216672e-09
3.681417818753596911e-09
3.675293708895970532e-09
3.669169599038365660e-09
3.663117001503968971e-09
3.657093260959633609e-09
3.651069520415309414e-09
3.645045779870974466e-09
3.639022039326647376e-09
3.632998298782309119e-09
3.626974558237980374e-09
3.621039387842444243e-09
3.615116464045397686e-09
3.609193540248351543e-09
3.603270616451304987e-09
3.597347692654255121e-09
3.591424768857208565e-09
3.585501845060157872e-09
3.579676977570730991e-09
3.573852864423477305e-09
3.568028751276226514e-09
3.562204638128969932e-09
3.556380524981698048e-09
3.550556411834451393e-09
3.544737492960876552e-09
3.539010265923241516e-09
3.533283038885605653e-09
3.527555811847972272e-09
3.521828584810333101e-09
3.516101357772701374e-09
3.510374130735061375e-09
3.504653033826163157e-09
3.499024897821567838e-09
3.493396761816979137e-09
3.487768625812391263e-09
3.482140489807799667e-09
3.476512353803204762e-09
3.470884217798611097e-09
3.465257663444856117e-09
3.459724149986716514e-09
3.454190636528594696e-09
3.448657123070473291e-09
3.443123609612341547e-09
3.437590096154216420e-09
3.432056582696090466e-09
3.426523069237958308e-09
3.421074094222448361e-09
3.415632694692660457e-09
3.410191295162865935e-09
3.404749895633078858e-09
3.399308496103285577e-09
3.393867096573488160e-09
3.388425697043700256e-09
3.383054390346131380e-09
3.377704665122180809e-09
3.372354939898226515e-09
3.367005214674275117e-09
3.361655489450317514e-09
3.356305764226369838e-09
3.350956039002419267e-09
3.345655556695712763e-09
3.340394274028156250e-09
3.335132991360588157e-09
3.329871708693027922e-09
3.324610426025464378e-09
3.319349143357901247e-09
3.314087860690344321e-09
3.308852149015182407e-09
3.303677865629251401e-09
3.298503582243329080e-09
3.293329298857408000e-09
3.288155015471474099e-09
3.282980732085555501e-09
3.277806448699627804e-09
3.272632165313705483e-09
3.267544047246796868e-09
3.262458084654006037e-09
3.257372122061218515e-09
3.252286159468434301e-09
3.247200196875646779e-09
3.242114234282859256e-09
3.237028271690074215e-09
3.231992452137911240e-09
3.226989870328198259e-09
3.221987288518477007e-09
3.216984706708756995e-09
3.211982124899042774e-09
3.206979543089312422e-09
3.201976961279596546e-09
3.196988402802654640e-09
3.192067909259712349e-09
3.187147415716765922e-09
3.182226922173819081e-09
3.177306428630872240e-09
3.172385935087926640e-09
3.167465441544982695e-09
3.162544948002037095e-09
3.157679728119951680e-09
3.152840098442202261e-09
3.148000468764453669e-09
3.143160839086705904e-09
3.138321209408957313e-09
3.133481579731207066e-09
3.128641950053458061e-09
3.123813331298270246e-09
3.119052881239463463e-09
3.114292431180664951e-09
3.109531981121868508e-09
3.104771531063069169e-09
3.100011081004265281e-09
3.095250630945472974e-09
3.090490180886674049e-09
3.085772137391970051e-09
3.081090661973115068e-09
3.076409186554247677e-09
3.071727711135384422e-09
3.067046235716529025e-09
3.062364760297672387e-09
3.057683284878803342e-09
3.053001809459953736e-09
3.048389279735684521e-09
3.043786437204739321e-09
3.039183594673803220e-09
3.034580752142861742e-09
3.029977909611930191e-09
3.025375067080991608e-09
3.020772224550045995e-09
3.016181338568216941e-09
3.011654103112970262e-09
3.007126867657704972e-09
3.002599632202462429e-09
2.998072396747204170e-09
2.993545161291949633e-09
2.989017925836704195e-09
2.984490690381441800e-09
2.979991793784634277e-09
2.975539031404870178e-09
2.971086269025115178e-09
2.966633506645351907e-09
2.962180744265591530e-09
2.957727981885829499e-09
2.953275219506062918e-09
2.948822457126300474e-09
2.944409480484822478e-09
2.940029919939951118e-09
2.935650359395081000e-09
2.931270798850209641e-09
2.926891238305332077e-09
2.922511677760457409e-09
2.918132117215589359e-09
2.913752556670711796e-09
2.909419625489260327e-09
2.905112175800280266e-09
2.900804726111292760e-09
2.896497276422313113e-09
2.892189826733328915e-09
2.887882377044351749e-09
2.883574927355368793e-09
2.879267477666380874e-09
2.875009890560010485e-09
2.870774763246543812e-09
2.866539635933080861e-09
2.862304508619615429e-09
2.858069381306141725e-09
2.853834253992680015e-09
2.849599126679205484e-09
2.845363999365749979e-09
2.841176280543719339e-09
2.837011755149171652e-09
2.832847229754642989e-09
2.828682704360095716e-09
2.824518178965559195e-09
2.820353653571019366e-09
2.816189128176482018e-09
2.812024602781939294e-09
2.807900706262169595e-09
2.803804776663017306e-09
2.799708847063870808e-09
2.795612917464716865e-09
2.791516987865571608e-09
2.787421058266424696e-09
2.783325128667279025e-09
2.779229199068125909e-09
2.775163540115080480e-09
2.771134671076138861e-09
2.767105802037213372e-09
2.763076932998268031e-09
2.759048063959333030e-09
2.755019194920394306e-09
2.750990325881462199e-09
2.746961456842523062e-09
2.742949004286583540e-09
2.738986246760805713e-09
2.735023489235017959e-09
2.731060731709236410e-09
2.727097974183454446e-09
2.723135216657673724e-09
2.719172459131885557e-09
2.715209701606104834e-09
2.711246944080323284e-09
2.707348273907758905e-09
2.703450739521028712e-09
2.699553205134298105e-09
2.695655670747567912e-09
2.691758136360840200e-09
2.687860601974113729e-09
2.683963067587383122e-09
2.680065533200652515e-09
2.676210883531297724e-09
2.672378949438516733e-09
2.668547015345740705e-09
2.664715081252956819e-09
2.660883147160182446e-09
2.657051213067398973e-09
2.653219278974615501e-09
2.649387344881838646e-09
2.645571936289542762e-09
2.641803256010165620e-09
2.638034575730793029e-09
2.634265895451412579e-09
2.630497215172036679e-09
2.626728534892655815e-09
2.622959854613283637e-09
2.619191174333906910e-09
2.615422494054526460e-09
2.611703753448324010e-09
2.607997134028738842e-09
2.604290514609158224e-09
2.600583895189558994e-09
2.596877275769977135e-09
2.593170656350389072e-09
2.589464036930807626e-09
2.585757417511212946e-09
2.582067830548269381e-09
2.578421283316890641e-09
2.574774736085516450e-09
2.571128188854144328e-09
2.567481641622770138e-09
2.563835094391401324e-09
2.560188547160027133e-09
2.556541999928648393e-09
2.552895452697280407e-09
2.549290779728602200e-09
2.545704284759017854e-09
2.542117789789438057e-09
2.538531294819849989e-09
2.534944799850265643e-09
2.531358304880682538e-09
2.527771809911098605e-09
2.524185314941511778e-09
2.520601518262835421e-09
2.517074348234572423e-09
2.513547178206320592e-09
2.510020008178058007e-09
2.506492838149802867e-09
2.502965668121546900e-09
2.499438498093291346e-09
2.495911328065035792e-09
2.492384158036775689e-09
2.488876382953080484e-09
2.485408417678844756e-09
2.481940452404613164e-09
2.478472487130381571e-09
2.475004521856145843e-09
2.471536556581914251e-09
2.468068591307685553e-09
2.464600626033453961e-09
2.461132660759218233e-09
2.457695788753638957e-09
2.454285073296686528e-09
2.450874357839722932e-09
2.447463642382770503e-09
2.444052926925806493e-09
2.440642211468854064e-09
2.437231496011887159e-09
2.433820780554933489e-09
2.430410065097974028e-09
2.427038109078698624e-09
2.423683440937844630e-09
2.420328772796980709e-09
2.416974104656122578e-09
2.413619436515261966e-09
2.410264768374400526e-09
2.406910100233544050e-09
2.403555432092679301e-09
2.400200763951817862e-09
2.396888160339445201e-09
2.393587953312122546e-09
2.390287746284800718e-09
2.386987539257474340e-09
2.383687332230156234e-09
2.380387125202833166e-09
2.377086918175506788e-09
2.373786711148192818e-09
2.370486504120863132e-09
2.367229161377315157e-09
2.363983552573396350e-09
2.360737943769475061e-09
2.357492334965561218e-09
2.354246726161639929e-09
2.351001117357725672e-09
2.347755508553803969e-09
2.344509899749885990e-09
2.341264290945968837e-09
2.338058108283983779e-09
2.334866570604251349e-09
2.331675032924525122e-09
2.328483495244796001e-09
2.325291957565059435e-09
2.322100419885333209e-09
2.318908882205604087e-09
2.315717344525874552e-09
2.312525806846145844e-09
2.309366467430509890e-09
2.306228233185412135e-09
2.303089998940315621e-09
2.299951764695211249e-09
2.296813530450108118e-09
2.293675296205007055e-09
2.290537061959903096e-09
2.287398827714802860e-09
2.284260593469705106e-09
2.281143651458047452e-09
2.278057442676856614e-09
2.274971233895672393e-09
2.271885025114486931e-09
2.268798816333298161e-09
2.265712607552115181e-09
2.262626398770926410e-09
2.259540189989742189e-09
2.256453981208555487e-09
2.253375044512689787e-09
2.250339248919756378e-09
2.247303453326827933e-09
2.244267657733898660e-09
2.241231862140963184e-09
2.238196066548026053e-09
2.235160270955096367e-09
2.232124475362165026e-09
2.229088679769229963e-09
2.226052884176301104e-09
2.223057221829473703e-09
2.220071067104950756e-09
2.217084912380433600e-09
2.214098757655922235e-09
2.211112602931401356e-09
2.208126448206884614e-09
2.205140293482365390e-09
2.202154138757848234e-09
2.199167984033329837e-09
2.196201756649489531e-09
2.193265247532433742e-09
2.190328738415378781e-09
2.187392229298320925e-09
2.184455720181265136e-09
2.181519211064210175e-09
2.178582701947152733e-09
2.175646192830098185e-09
2.172709683713040742e-09
2.169773174595986195e-09
2.166882014760998413e-09
2.163994666627244681e-09
2.161107318493494258e-09
2.158219970359739286e-09
2.155332622225985141e-09
2.152445274092229341e-09
2.149557925958472714e-09
2.146670577824721878e-09
2.143783229690965251e-09
2.140913769705695182e-09
2.138074619103304106e-09
2.135235468500906825e-09
2.132396317898519058e-09
2.129557167296120123e-09
2.126718016693726979e-09
2.123878866091334662e-09
2.121039715488938209e-09
2.118200564886544652e-09
2.115361414284150680e-09
2.112557623636722868e-09
2.109765817133592774e-09
2.106974010630454823e-09
2.104182204127320180e-09
2.101390397624183469e-09
2.098598591121043863e-09
2.095806784617915424e-09
2.093014978114781194e-09
2.090223171611640761e-09
2.087433586523327795e-09
2.084687027493577778e-09
2.081940468463826107e-09
2.079193909434077331e-09
2.076447350404326900e-09
2.073700791374580605e-09
2.070954232344833070e-09
2.068207673315079744e-09
2.065461114285329727e-09
2.062714555255581778e-09
2.059980614662500491e-09
2.057279568301296208e-09
2.054578521940100196e-09
2.051877475578896326e-09
2.049176429217697420e-09
2.046475382856496445e-09
2.043774336495297952e-09
2.041073290134101940e-09
2.038372243772900552e-09
2.035671197411700405e-09
2.032989630091408662e-09
2.030333802364149120e-09
2.027677974636886682e-09
2.025022146909621763e-09
2.022366319182365530e-09
2.019710491455103092e-09
2.017054663727843136e-09
2.014398836000581112e-09
2.011743008273318675e-09
2.009087180546058306e-09
2.006454073587356966e-09
2.003842875542961009e-09
2.001231677498564637e-09
1.998620479454175711e-09
1.996009281409783475e-09
1.993398083365389999e-09
1.990786885320997764e-09
1.988175687276604701e-09
1.985564489232212466e-09
1.982953291187814440e-09
1.980364501136485531e-09
1.977797099571075255e-09
1.975229698005662497e-09
1.972662296440253462e-09
1.970094894874839050e-09
1.967527493309428360e-09
1.964960091744015602e-09
1.962392690178606153e-09
1.959825288613197532e-09
1.957257887047783120e-09
1.954709343129844768e-09
1.952185012568762614e-09
1.949660682007685836e-09
1.947136351446606164e-09
1.944612020885526077e-09
1.942087690324450127e-09
1.939563359763371282e-09
1.937039029202289541e-09
1.934514698641208214e-09
1.931990368080129782e-09
1.929477718848916157e-09
1.926994079043416244e-09
1.924510439237912609e-09
1.922026799432409802e-09
1.919543159626906580e-09
1.917059519821403359e-09
1.914575880015899724e-09
1.912092240210393194e-09
1.909608600404893281e-09
1.907124960599391715e-09
1.904643782262561111e-09
1.902202005663413787e-09
1.899760229064260673e-09
1.897318452465110455e-09
1.894876675865957754e-09
1.892434899266807949e-09
1.889993122667655663e-09
1.887551346068505858e-09
1.885109569469356880e-09
1.882667792870200871e-09
1.880226016271054374e-09
1.877815264378319522e-09
1.875414722035257398e-09
1.873014179692193207e-09
1.870613637349129843e-09
1.868213095006068960e-09
1.865812552663006423e-09
1.863412010319940990e-09
1.861011467976880315e-09
1.858610925633820466e-09
1.856210383290757722e-09
1.853824703890484328e-09
1.851464628138623470e-09
1.849104552386767575e-09
1.846744476634908578e-09
1.844384400883049167e-09
1.842024325131186241e-09
1.839664249379329106e-09
1.837304173627469488e-09
1.834944097875606976e-09
1.832584022123749427e-09
1.830223946371888569e-09
1.827899959233780006e-09
1.825579854895507539e-09
1.823259750557239207e-09
1.820939646218967152e-09
1.818619541880698821e-09
1.816299437542428421e-09
1.813979333204156160e-09
1.811659228865887828e-09
1.809339124527617428e-09
1.807019020189347235e-09
1.804712818588492814e-09
1.802431493515394528e-09
1.800150168442297275e-09
1.797868843369201056e-09
1.795587518296103804e-09
1.793306193223004070e-09
1.791024868149906817e-09
1.788743543076808530e-09
1.786462218003712312e-09
1.784180892930611337e-09
1.781899567857513670e-09
1.779645709780082938e-09
1.777401824771597903e-09
1.775157939763114523e-09
1.772914054754631969e-09
1.770670169746148382e-09
1.768426284737664174e-09
1.766182399729184102e-09
1.763938514720700929e-09
1.761694629712221270e-09
1.759450744703738303e-09
1.757207914560647869e-09
1.755002257504580735e-09
1.752796600448515875e-09
1.750590943392448741e-09
1.748385286336379746e-09
1.746179629280311165e-09
1.743973972224242377e-09
1.741768315168175863e-09
1.739562658112108729e-09
1.737357001056043249e-09
1.735151343999974668e-09
1.732954686473226436e-09
1.730786559546320547e-09
1.728618432619418379e-09
1.726450305692512489e-09
1.724282178765613837e-09
1.722114051838711463e-09
1.719945924911805987e-09
1.717777797984901958e-09
1.715609671057998137e-09
1.713441544131095969e-09
1.711273417204193181e-09
1.709118918996716290e-09
1.706987665975956031e-09
1.704856412955201149e-09
1.702725159934442545e-09
1.700593906913682080e-09
1.698462653892927611e-09
1.696331400872165491e-09
1.694200147851408955e-09
1.692068894830649937e-09
1.689937641809891540e-09
1.687806388789133349e-09
1.685690342791767719e-09
1.683595610831685794e-09
1.681500878871603662e-09
1.679406146911520289e-09
1.677311414951438157e-09
1.675216682991355818e-09
1.673121951031270791e-09
1.671027219071190314e-09
1.668932487111103632e-09
1.666837755151023155e-09
1.664743023190939162e-09
1.662661518644964909e-09
1.660601639492304147e-09
1.658541760339645659e-09
1.656481881186984483e-09
1.654422002034323721e-09
1.652362122881665026e-09
1.650302243729005712e-09
1.648242364576343502e-09
1.646182485423686255e-09
1.644122606271027560e-09
1.642062727118364937e-09
1.640011791185400397e-09
1.637986527444896677e-09
1.635961263704394404e-09
1.633935999963887581e-09
1.631910736223385308e-09
1.629885472482879727e-09
1.627860208742378074e-09
1.625834945001872079e-09
1.623809681261365256e-09
1.621784417520861329e-09
1.619759153780357402e-09
1.617735716459211201e-09
1.615745402397517152e-09
1.613755088335818140e-09
1.611764774274124091e-09
1.609774460212426940e-09
1.607784146150731236e-09
1.605793832089033465e-09
1.603803518027337968e-09
1.601813203965640610e-09
1.599822889903946975e-09
1.597832575842247549e-09
1.595842261780551638e-09
1.593877886534406666e-09
1.591921676883823956e-09
1.589965467233246622e-09
1.588009257582665567e-09
1.586053047932089268e-09
1.584096838281508832e-09
1.582140628630931085e-09
1.580184418980352098e-09
1.578228209329771042e-09
1.576271999679192261e-09
1.574315790028610999e-09
1.572372493346390340e-09
1.570450030540601221e-09
1.568527567734811689e-09
1.566605104929020916e-09
1.564682642123231177e-09
1.562760179317436681e-09
1.560837716511645494e-09
1.558915253705858030e-09
1.556992790900067050e-09
1.555070328094274209e-09
1.553147865288484470e-09
1.551225402482693904e-09
1.549333599875541965e-09
1.547444542728063522e-09
1.545555485580587974e-09
1.543666428433106016e-09
1.541777371285630468e-09
1.539888314138153059e-09
1.537999256990673169e-09
1.536110199843195760e-09
1.534221142695718971e-09
1.532332085548240115e-09
1.530443028400761258e-09
1.528565400833964536e-09
1.526707621284369273e-09
1.524849841734774630e-09
1.522992062185179367e-09
1.521134282635582863e-09
1.519276503085987807e-09
1.517418723536391303e-09
1.515560943986794799e-09
1.513703164437198089e-09
1.511845384887603446e-09
1.509987605338006529e-09
1.508129825788413127e-09
1.506295334280875708e-09
1.504469684966731643e-09
1.502644035652591507e-09
1.500818386338452404e-09
1.498992737024313715e-09
1.497167087710172131e-09
1.495341438396031581e-09
1.493515789081891445e-09
1.491690139767749241e-09
1.489864490453608897e-09
1.488038841139468554e-09
1.486213191825328004e-09
1.484419375296311745e-09
1.482625709939712590e-09
1.480832044583115296e-09
1.479038379226514486e-09
1.477244713869913470e-09
1.475451048513313073e-09
1.473657383156715366e-09
1.471863717800114970e-09
1.470070052443513953e-09
1.468276387086913143e-09
1.466482721730314195e-09
1.464694507719511716e-09
1.462931787628834398e-09
1.461169067538158114e-09
1.459406347447481830e-09
1.457643627356807614e-09
1.455880907266129883e-09
1.454118187175457528e-09
1.452355467084779590e-09
1.450592746994103513e-09
1.448830026903428883e-09
1.447067306812752806e-09
1.445304586722075281e-09
1.443550137555688163e-09
1.441818420314993566e-09
1.440086703074297728e-09
1.438354985833602510e-09
1.436623268592905224e-09
1.434891551352212902e-09
1.433159834111516237e-09
1.431428116870822260e-09
1.429696399630124768e-09
1.427964682389429757e-09
1.426232965148733092e-09
1.424501247908039115e-09
1.422777628464133133e-09
1.421076303815558632e-09
1.419374979166983510e-09
1.417673654518410250e-09
1.415972329869835748e-09
1.414271005221262281e-09
1.412569680572686125e-09
1.410868355924113485e-09
1.409167031275539604e-09
1.407465706626962208e-09
1.405764381978389154e-09
1.404063057329815066e-09
1.402366689187527410e-09
1.400693777181390887e-09
1.399020865175253123e-09
1.397347953169114945e-09
1.395675041162978836e-09
1.394002129156843346e-09
1.392329217150705582e-09
1.390656305144567404e-09
1.388983393138430261e-09
1.387310481132293324e-09
1.385637569126154319e-09
1.383964657120019243e-09
1.382291745113881893e-09
1.380648262084252457e-09
1.379005073264882847e-09
1.377361884445511583e-09
1.375718695626142387e-09
1.374075506806771537e-09
1.372432317987401721e-09
1.370789129168030043e-09
1.369145940348661054e-09
1.367502751529289790e-09
1.365859562709920801e-09
1.364216373890550571e-09
1.362573185071179308e-09
1.360950768196517195e-09
1.359336724892210066e-09
1.357722681587907900e-09
1.356108638283603460e-09
1.354494594979299640e-09
1.352880551674991891e-09
1.351266508370686830e-09
1.349652465066383837e-09
1.348038421762078362e-09
1.346424378457773715e-09
1.344810335153469481e-09
1.343196291849164421e-09
1.341591923060978329e-09
1.340006207165145416e-09
1.338420491269312710e-09
1.336834775373477523e-09
1.335249059477643990e-09
1.333663343581809216e-09
1.332077627685976717e-09
1.330491911790143184e-09
1.328906195894309030e-09
1.327320479998475290e-09
1.325734764102641550e-09
1.324149048206806569e-09
1.322563332310974484e-09
1.321002514176546274e-09
1.319445224703467492e-09
1.317887935230388091e-09
1.316330645757310343e-09
1.314773356284232389e-09
1.313216066811153193e-09
1.311658777338073791e-09
1.310101487864998525e-09
1.308544198391916435e-09
1.306986908918836620e-09
1.305429619445759906e-09
1.303872329972680504e-09
1.302323652670563601e-09
1.300793703253660091e-09
1.299263753836759682e-09
1.297733804419859067e-09
1.296203855002956178e-09
1.294673905586053908e-09
1.293143956169152259e-09
1.291614006752249990e-09
1.290084057335349582e-09
1.288554107918446899e-09
1.287024158501546697e-09
1.285494209084644221e-09
1.283964259667743192e-09
1.282451715408237559e-09
1.280948209437360738e-09
1.279444703466480815e-09
1.277941197495601098e-09
1.276437691524723036e-09
1.274934185553843733e-09
1.273430679582966085e-09
1.271927173612086161e-09
1.270423667641207686e-09
1.268920161670329417e-09
1.267416655699450114e-09
1.265913149728573293e-09
1.264409643757695024e-09
1.262930774037489062e-09
1.261454498340619453e-09
1.259978222643751291e-09
1.258501946946879614e-09
1.257025671250010005e-09
1.255549395553139982e-09
1.254073119856271200e-09
1.252596844159400351e-09
1.251120568462530948e-09
1.249644292765660926e-09
1.248168017068790283e-09
1.246691741371918812e-09
1.245216892406796731e-09
1.243767102898010777e-09
1.242317313389222548e-09
1.240867523880438042e-09
1.239417734371649193e-09
1.237967944862860964e-09
1.236518155354074803e-09
1.235068365845287815e-09
1.233618576336500621e-09
1.232168786827714046e-09
1.230718997318924163e-09
1.229269207810136348e-09
1.227819418301349981e-09
1.226372361263419272e-09
1.224948633113738497e-09
1.223524904964059170e-09
1.222101176814375293e-09
1.220677448664694932e-09
1.219253720515012503e-09
1.217829992365330694e-09
1.216406264215648886e-09
1.214982536065967491e-09
1.213558807916287129e-09
1.212135079766604700e-09
1.210711351616923719e-09
1.209287623467241290e-09
1.207865377937375907e-09
1.206467692795757063e-09
1.205070007654138013e-09
1.203672322512518548e-09
1.202274637370902806e-09
1.200876952229282515e-09
1.199479267087664912e-09
1.198081581946045861e-09
1.196683896804428051e-09
1.195286211662809620e-09
1.193888526521190983e-09
1.192490841379573587e-09
1.191093156237954950e-09
1.189695471096334658e-09
1.188320120974214659e-09
1.186946997141006132e-09
1.185573873307798846e-09
1.184200749474591146e-09
1.182827625641384066e-09
1.181454501808176573e-09
1.180081377974968666e-09
1.178708254141761173e-09
1.177335130308553680e-09
1.175962006475345980e-09
1.174588882642138487e-09
1.173215758808930580e-09
1.171842634975722260e-09
1.170485818142284847e-09
1.169137350661294649e-09
1.167788883180302796e-09
1.166440415699311771e-09
1.165091948218319918e-09
1.163743480737328065e-09
1.162395013256337867e-09
1.161046545775345807e-09
1.159698078294355609e-09
1.158349610813363756e-09
1.157001143332372523e-09
1.155652675851382739e-09
1.154304208370389645e-09
1.152963528978922178e-09
1.151640007132061014e-09
1.150316485285199437e-09
1.148992963438339928e-09
1.147669441591477523e-09
1.146345919744616153e-09
1.145022397897754576e-09
1.143698876050895066e-09
1.142375354204033489e-09
1.141051832357170464e-09
1.139728310510309921e-09
1.138404788663450205e-09
1.137081266816588834e-09
1.135757744969727464e-09
1.134454912636743771e-09
1.133155418212281452e-09
1.131855923787820374e-09
1.130556429363356607e-09
1.129256934938896149e-09
1.127957440514433210e-09
1.126657946089971718e-09
1.125358451665508778e-09
1.124058957241047907e-09
1.122759462816585587e-09
1.121459968392122441e-09
1.120160473967661983e-09
1.118860979543198216e-09
1.117568866551133333e-09
1.116293398462210161e-09
1.115017930373287403e-09
1.113742462284364232e-09
1.112466994195438785e-09
1.111191526106518302e-09
1.109916058017592856e-09
1.108640589928669477e-09
1.107365121839748787e-09
1.106089653750823754e-09
1.104814185661902030e-09
1.103538717572976997e-09
1.102263249484052585e-09
1.100987781395132929e-09
1.099727814355133275e-09
1.098476199613946892e-09
1.097224584872760302e-09
1.095972970131574126e-09
1.094721355390388363e-09
1.093469740649201980e-09
1.092218125908016631e-09
1.090966511166830248e-09
1.089714896425643038e-09
1.088463281684456655e-09
1.087211666943271099e-09
1.085960052202084716e-09
1.084708437460899367e-09
1.083456822719713812e-09
1.082224782322180535e-09
1.080995206672596971e-09
1.079765631023015682e-09
1.078536055373433152e-09
1.077306479723852690e-09
1.076076904074269954e-09
1.074847328424686803e-09
1.073617752775103653e-09
1.072388177125521744e-09
1.071158601475939421e-09
1.069929025826358545e-09
1.068699450176774568e-09
1.067469874527192865e-09
1.066240790621781983e-09
1.065034219209405558e-09
1.063827647797029961e-09
1.062621076384653536e-09
1.061414504972276077e-09
1.060207933559899239e-09
1.059001362147521780e-09
1.057794790735146389e-09
1.056588219322769758e-09
1.055381647910392299e-09
1.054175076498016701e-09
1.052968505085639036e-09
1.051761933673263438e-09
1.050555362260887014e-09
1.049349902284937415e-09
1.048166162463427788e-09
1.046982422641917128e-09
1.045798682820405847e-09
1.044614942998895187e-09
1.043431203177385353e-09
1.042247463355875727e-09
1.041063723534363412e-09
1.039879983712851718e-09
1.038696243891341264e-09
1.037512504069831638e-09
1.036328764248319323e-09
1.035145024426809490e-09
1.033961284605298829e-09
1.032777544783788996e-09
1.031614913529162642e-09
1.030452951587076703e-09
1.029290989644991591e-09
1.028129027702904205e-09
1.026967065760819920e-09
1.025805103818732327e-09
1.024643141876645561e-09
1.023481179934559828e-09
1.022319217992474510e-09
1.021157256050388778e-09
1.019995294108301185e-09
1.018833332166214212e-09
1.017671370224128479e-09
1.016509408282042541e-09
1.015364785738226656e-09
1.014224987838426654e-09
1.013085189938627687e-09
1.011945392038829339e-09
1.010805594139027683e-09
1.009665796239228716e-09
1.008525998339427887e-09
1.007386200439629746e-09
1.006246402539828711e-09
1.005106604640031604e-09
1.003966806740228707e-09
1.002827008840430774e-09
1.001687210940630565e-09
1.000547413040832425e-09
9.994181328162732852e-10
9.982999307826593266e-10
9.971817287490499175e-10
9.960635267154394745e-10
9.949453246818284110e-10
9.938271226482163136e-10
9.927089206146040094e-10
9.915907185809946003e-10
9.904725165473835368e-10
9.893543145137714394e-10
9.882361124801603760e-10
9.871179104465480718e-10
9.859997084129388695e-10
9.848815063793257381e-10
9.837649737696954556e-10
9.826669965494884057e-10
9.815690193292805286e-10
9.804710421090718243e-10
9.793730648888647744e-10
9.782750876686542090e-10
9.771771104484471591e-10
9.760791332282388684e-10
9.749811560080307845e-10
9.738831787878227006e-10
9.727852015676142031e-10
9.716872243474063260e-10
9.705892471271984489e-10
9.694912699069889175e-10
9.683932926867808336e-10
0.000000000000000000e+00
0.000000000000000000e+00
0.000000000000000000e+00
0.000000000000000000e+00
0.000000000000000000e+00
0.000000000000000000e+00
0.000000000000000000e+00
0.000000000000000000e+00
0.000000000000000000e+00
0.000000000000000000e+00
0.000000000000000000e+00
0.000000000000000000e+00
0.000000000000000000e+00
0.000000000000000000e+00
0.000000000000000000e+00
0.000000000000000000e+00
0.000000000000000000e+00
0.000000000000000000e+00
0.000000000000000000e+00
0.000000000000000000e+00
0.000000000000000000e+00
0.000000000000000000e+00
0.000000000000000000e+00
0.000000000000000000e+00
0.000000000000000000e+00
0.000000000000000000e+00
0.000000000000000000e+00
0.000000000000000000e+00
0.000000000000000000e+00
0.000000000000000000e+00
0.000000000000000000e+00
0.000000000000000000e+00
0.000000000000000000e+00
0.000000000000000000e+00
0.000000000000000000e+00
0.000000000000000000e+00
0.000000000000000000e+00
0.000000000000000000e+00
0.000000000000000000e+00
0.000000000000000000e+00
0.000000000000000000e+00
0.000000000000000000e+00
0.000000000000000000e+00
0.000000000000000000e+00
0.000000000000000000e+00
0.000000000000000000e+00
0.000000000000000000e+00
0.000000000000000000e+00
0.000000000000000000e+00
0.000000000000000000e+00
0.000000000000000000e+00
0.000000000000000000e+00
0.000000000000000000e+00
0.000000000000000000e+00
0.000000000000000000e+00
0.000000000000000000e+00
0.000000000000000000e+00
0.000000000000000000e+00
0.000000000000000000e+00
0.000000000000000000e+00
0.000000000000000000e+00
0.000000000000000000e+00
0.000000000000000000e+00
0.000000000000000000e+00
0.000000000000000000e+00
0.000000000000000000e+00
0.000000000000000000e+00
0.000000000000000000e+00
0.000000000000000000e+00
0.000000000000000000e+00
0.000000000000000000e+00
0.000000000000000000e+00
0.000000000000000000e+00
0.000000000000000000e+00
0.000000000000000000e+00
0.000000000000000000e+00
0.000000000000000000e+00
0.000000000000000000e+00
0.000000000000000000e+00
0.000000000000000000e+00
0.000000000000000000e+00
0.000000000000000000e+00
0.000000000000000000e+00
0.000000000000000000e+00
0.000000000000000000e+00
