-1.180325117796196515e-08
-1.233029962963757838e-08
-1.282355126151048584e-08
-1.335477410834944225e-08
-1.389107762249541998e-08
-1.436663908878822487e-08
-1.488686187854215261e-08
-1.539456267291608953e-08
-1.585746448070778749e-08
-1.636921094264224444e-08
-1.681490038328534007e-08
-1.730450335507247809e-08
-1.775262247176064680e-08
-1.820065700470229531e-08
-1.865321988535858945e-08
-1.906131066613490398e-08
-1.949850402823121984e-08
-1.988808238974974223e-08
-2.027998937598110051e-08
-2.066993242592765941e-08
-2.102679012094128609e-08
-2.139896059221006224e-08
-2.171148361437908271e-08
-2.207678901621955134e-08
-2.236353061717048632e-08
-2.270412749572076172e-08
-2.295816803045284297e-08
-2.321880371278298411e-08
-2.350075600704858941e-08
-2.371635584449216216e-08
-2.396384217489885495e-08
-2.416538664821589384e-08
-2.433951046771563307e-08
-2.455801385997067882e-08
-2.470748329855713002e-08
-2.483629062033932389e-08
-2.500201922748813884e-08
-2.510979466207131410e-08
-2.520236516135332461e-08
-2.531151587310843254e-08
-2.537122989636479416e-08
-2.541969265631093555e-08
-2.549349948108621829e-08
-2.551256604035678436e-08
-2.550414899930253367e-08
-2.554625215910737044e-08
-2.551120631466144600e-08
-2.548187300604503462e-08
-2.545714811746473095e-08
-2.540357173831638024e-08
-2.534558425003852488e-08
-2.525740857404992176e-08
-2.519656970270362731e-08
-2.508210300691437191e-08
-2.497454039567077428e-08
-2.485894607035714777e-08
-2.473060023463431679e-08
-2.459480087999250666e-08
-2.443280904594465836e-08
-2.429721021526459246e-08
-2.411995486941657588e-08
-2.395388153701878507e-08
-2.376232116177617028e-08
-2.358256400863477310e-08
-2.338252626306181089e-08
-2.319118980431813091e-08
-2.297771042002701806e-08
-2.277679000946656128e-08
-2.255936828086196585e-08
-2.233620175349520494e-08
-2.212313391077526525e-08
-2.188102749485974385e-08
-2.166113660914995272e-08
-2.140472970327961922e-08
-2.121095289925285773e-08
-2.094817153313752051e-08
-2.071695677077251500e-08
-2.046986114706191260e-08
-2.022308152123317013e-08
-2.000702302635357641e-08
-1.974744549806489977e-08
-1.951563857606833953e-08
-1.926140918522621442e-08
-1.903032470662678041e-08
-1.880693492494700132e-08
-1.855538518889624849e-08
-1.832935879798990159e-08
-1.808630385383591347e-08
-1.786487663772907940e-08
-1.764571556289829592e-08
-1.740381681678038050e-08
-1.720280351238575961e-08
-1.698203507321227772e-08
-1.675374421277645988e-08
-1.657899708107016342e-08
-1.635727417688743239e-08
-1.615353973020842167e-08
-1.597347249857456290e-08
-1.577117023363704887e-08
-1.559148852144725704e-08
-1.542179437888435341e-08
-1.523580089001035412e-08
-1.507059570191990101e-08
-1.491179417177314521e-08
-1.474781688415851716e-08
-1.460448134444119576e-08
-1.446171636068897062e-08
-1.431455703673984617e-08
-1.419246376124986351e-08
-1.406723185027877620e-08
-1.393562571298860800e-08
-1.383500482487997421e-08
-1.372428031194366850e-08
-1.361268529578901687e-08
-1.353466872564522648e-08
-1.344888001902474545e-08
-1.336174017976560782e-08
-1.329195798380479856e-08
-1.323128594385884784e-08
-1.316149616409022403e-08
-1.310354416105319980e-08
-1.307282876885859118e-08
-1.302416995585747612e-08
-1.298613859209500459e-08
-1.295915213499341188e-08
-1.293489876094660350e-08
-1.291186946536186297e-08
-1.290377083096843181e-08
-1.290744592041173799e-08
-1.290139236878727615e-08
-1.290367925916737350e-08
-1.291159599774498191e-08
-1.292271499445547233e-08
-1.293436163968466950e-08
-1.297214745169415537e-08
-1.300580369913233163e-08
-1.303668964035429225e-08
-1.306713206644508881e-08
-1.310738504667067810e-08
-1.314708526933089832e-08
-1.318864888155146401e-08
-1.323949877844759290e-08
-1.331183128901945151e-08
-1.336382629407044906e-08
-1.341650804070522274e-08
-1.347018266946972595e-08
-1.352719751586286847e-08
-1.358703804240986106e-08
-1.364877536149979643e-08
-1.371665394357084891e-08
-1.380100547088543685e-08
-1.386039438230063746e-08
-1.392025732735777871e-08
-1.398112417060413794e-08
-1.404529357158082071e-08
-1.410380192431584412e-08
-1.416547310717848682e-08
-1.423704951481395568e-08
-1.430616432031099505e-08
-1.436526545060623505e-08
-1.441777873611820227e-08
-1.447292938746239430e-08
-1.452165328944092658e-08
-1.456926803240309058e-08
-1.461247500532281919e-08
-1.466434085331365752e-08
-1.471756522608882839e-08
-1.475831010214329953e-08
-1.478819857859541977e-08
-1.481627882827728471e-08
-1.484878025742109032e-08
-1.486903889364379180e-08
-1.488597170626674282e-08
-1.489446789973217826e-08
-1.491437987298360364e-08
-1.494289930961117651e-08
-1.493619462908792671e-08
-1.492994144530917857e-08
-1.492042420682614603e-08
-1.491635560087365184e-08
-1.490696343159113005e-08
-1.487868850368615873e-08
-1.485165646113930390e-08
-1.482450564089214339e-08
-1.479873026558691161e-08
-1.476423768194538558e-08
-1.471255352139433906e-08
-1.466496626327978515e-08
-1.461829886837208250e-08
-1.456585933304012254e-08
-1.450648422561167549e-08
-1.443028699824856881e-08
-1.436200604122372713e-08
-1.429456094005670319e-08
-1.421365550403972524e-08
-1.413230373887144337e-08
-1.403288619453812388e-08
-1.395031810255673884e-08
-1.386627170463379016e-08
-1.376981399860477344e-08
-1.367376337864326488e-08
-1.355432333902957319e-08
-1.344831644439943454e-08
-1.334111035676059984e-08
-1.322891631852202511e-08
-1.310505188869164418e-08
-1.297864197299668392e-08
-1.285370978100811243e-08
-1.274853312268425099e-08
-1.264287221791504635e-08
-1.250003103154287769e-08
-1.236713620804502586e-08
-1.222067862279261023e-08
-1.209204884134498909e-08
-1.195937382390361698e-08
-1.182111938540077383e-08
-1.166895019177580223e-08
-1.153108133927856246e-08
-1.138727072046616881e-08
-1.126539804194360721e-08
-1.114866700178625104e-08
-1.099031024810384555e-08
-1.084667472044402194e-08
-1.069626468424523711e-08
-1.055753589218673179e-08
-1.041296551671803413e-08
-1.027633272995479642e-08
-1.012181227619244095e-08
-9.985156692245830332e-09
-9.848775961348669781e-09
-9.724965475986635782e-09
-9.593768313992099542e-09
-9.467420092601909598e-09
-9.320005241715565403e-09
-9.188444593695537478e-09
-9.053056578213561428e-09
-8.928129712733256633e-09
-8.794427459103181176e-09
-8.670689526685006015e-09
-8.535947973734639331e-09
-8.418561786204197461e-09
-8.310429820725297437e-09
-8.209108039526017188e-09
-8.092171997063509654e-09
-7.985041285312498289e-09
-7.868005397302242857e-09
-7.759219148602188583e-09
-7.657697680940811799e-09
-7.555349402529026334e-09
-7.461164645543372692e-09
-7.358165802050161711e-09
-7.268759837159056606e-09
-7.168666221861824258e-09
-7.098161041814724562e-09
-7.028450506286119997e-09
-6.959056145841309941e-09
-6.876851374477283387e-09
-6.804321915522679590e-09
-6.731752353468661096e-09
-6.665193918816682467e-09
-6.607562077206223167e-09
-6.548689300293308154e-09
-6.496537096233732407e-09
-6.437539299141522871e-09
-6.393087622789635226e-09
-6.345757709827621091e-09
-6.309124971137095655e-09
-6.276379021270712345e-09
-6.245863857611076343e-09
-6.213320496080137859e-09
-6.179495925088394956e-09
-6.160124854009933710e-09
-6.136804841499414370e-09
-6.122512068163024700e-09
-6.109569173615611680e-09
-6.098588886230215707e-09
-6.089734799679580940e-09
-6.079735912843431408e-09
-6.080777041671746300e-09
-6.079849717514395303e-09
-6.083845368594323273e-09
-6.090121823474443017e-09
-6.096625437420142599e-09
-6.109141331287529153e-09
-6.119252253905491316e-09
-6.139074469023878731e-09
-6.159832455322873092e-09
-6.181118807703985391e-09
-6.206467930451802798e-09
-6.229114977058663682e-09
-6.256766241641272225e-09
-6.284061573076659902e-09
-6.310623205360764048e-09
-6.341010213869235864e-09
-6.368440226526243824e-09
-6.403513515832464632e-09
-6.437610235298604317e-09
-6.471038729167086146e-09
-6.508418301083348962e-09
-6.543495901585904101e-09
-6.588875316209651572e-09
-6.633811061010033058e-09
-6.672152001254986615e-09
-6.712818085565878017e-09
-6.749853350478531062e-09
-6.789864114237416600e-09
-6.831108662405441868e-09
-6.865553065548894349e-09
-6.902644191670932042e-09
-6.936356078502404942e-09
-6.973818383894181486e-09
-7.012660683914791261e-09
-7.047074326114334169e-09
-7.084312882552474975e-09
-7.120949839903242630e-09
-7.155944385529008880e-09
-7.194970708568590916e-09
-7.229389788892999993e-09
-7.257637452133034709e-09
-7.288261360870320642e-09
-7.312854556571880312e-09
-7.338147049788836328e-09
-7.363978952127325435e-09
-7.382708656606954203e-09
-7.404079095891899365e-09
-7.422765813894491382e-09
-7.437108637285772169e-09
-7.453094595399182735e-09
-7.465857016378943317e-09
-7.477594584786615606e-09
-7.490308493563957767e-09
-7.498021308456344046e-09
-7.505475285749331754e-09
-7.514051229283118565e-09
-7.510590424005268107e-09
-7.508111066728819605e-09
-7.505832894240765754e-09
-7.499472429435370881e-09
-7.494257359504784292e-09
-7.487110141374980157e-09
-7.473726463072334856e-09
-7.462645858350486710e-09
-7.446430559036655442e-09
-7.423606348379043062e-09
-7.402825047198358124e-09
-7.381907313782692402e-09
-7.358203578549888186e-09
-7.336152086403664523e-09
-7.307353261871934175e-09
-7.275105729184230261e-09
-7.245862849379306123e-09
-7.208228802329584691e-09
-7.168320634766921960e-09
-7.133742441639057070e-09
-7.098672633248692075e-09
-7.063469419997840761e-09
-7.031781130764858920e-09
-6.983215689939757920e-09
-6.935577281363568809e-09
-6.892639129608705876e-09
-6.839174366541222744e-09
-6.785196531842314185e-09
-6.737631646259684211e-09
-6.685480375043773231e-09
-6.633034405839733776e-09
-6.585049011097903238e-09
-6.525074131446800601e-09
-6.464856590603097649e-09
-6.410992426183035318e-09
-6.350059993729302481e-09
-6.286808156852547370e-09
-6.233136866973058031e-09
-6.182227566554049726e-09
-6.130334275593594303e-09
-6.084678837716161696e-09
-6.018170355736126371e-09
-5.951250828161930931e-09
-5.890836127729457693e-09
-5.828226162174842395e-09
-5.762216126843645365e-09
-5.697480147846975943e-09
-5.641771946095299140e-09
-5.578863297462921384e-09
-5.517394132363069001e-09
-5.459716104935923448e-09
-5.393727710766303510e-09
-5.328826361457776800e-09
-5.274676796267046848e-09
-5.215953453942035325e-09
-5.156576016030397097e-09
-5.107025402024294257e-09
-5.054848314180164558e-09
-5.001265476125032886e-09
-4.953652759057258990e-09
-4.895290731289343484e-09
-4.835385302386599225e-09
-4.779400398088369455e-09
-4.729953889652410794e-09
-4.675947297651990483e-09
-4.622439862787191910e-09
-4.577353123539803584e-09
-4.527000255391535789e-09
-4.476998150073969362e-09
-4.433402812088959354e-09
-4.387177996197557767e-09
-4.337901888530676622e-09
-4.296078181952565290e-09
-4.260045549018040883e-09
-4.221980528588637573e-09
-4.184149634259827619e-09
-4.153264756650296432e-09
-4.117409046720233275e-09
-4.081908040090814894e-09
-4.051278791531461915e-09
-4.018784762676950188e-09
-3.984225115333059989e-09
-3.953819335269902350e-09
-3.928473045918676714e-09
-3.901744586117748342e-09
-3.874753466822156169e-09
-3.854010792436685917e-09
-3.832163321766923583e-09
-3.809203357935756424e-09
-3.789625591350025216e-09
-3.771634403420364421e-09
-3.751982456902668003e-09
-3.732011778890691953e-09
-3.721234816050736126e-09
-3.710295026647201527e-09
-3.698464801675740893e-09
-3.688604373908618323e-09
-3.678607631275955425e-09
-3.667730176746093243e-09
-3.656618969497858247e-09
-3.650745347311831132e-09
-3.645478546655916470e-09
-3.638607106535954806e-09
-3.634071509357979166e-09
-3.636721891748134734e-09
-3.638609737419234323e-09
-3.639711168006278497e-09
-3.642569559917174271e-09
-3.646541652281597200e-09
-3.649655075714811922e-09
-3.652348882658235559e-09
-3.660109891676932725e-09
-3.667883595849347753e-09
-3.674754068488891658e-09
-3.681951896001020014e-09
-3.691922144936312622e-09
-3.701785342710017206e-09
-3.711149510244473685e-09
-3.721310877267930835e-09
-3.733611607981913222e-09
-3.745274872319776137e-09
-3.755520171237829057e-09
-3.769738902424456773e-09
-3.784129837883686063e-09
-3.797774457695969697e-09
-3.810688668041512454e-09
-3.826131241988415265e-09
-3.841909074177675079e-09
-3.857284179172513486e-09
-3.870258866913030986e-09
-3.884312465849613255e-09
-3.899029528834725548e-09
-3.913421111717232016e-09
-3.924887934832977844e-09
-3.938221023942594332e-09
-3.951712889772557639e-09
-3.963259471535067862e-09
-3.975029107799807972e-09
-3.987254377998480097e-09
-3.999373935847173017e-09
-4.009635237580097711e-09
-4.020169698999420920e-09
-4.031188077172901540e-09
-4.042185081112727165e-09
-4.051303500472836434e-09
-4.060444663288792948e-09
-4.070151136798174683e-09
-4.079909955057490845e-09
-4.087198054533147358e-09
-4.093809586158044651e-09
-4.101279248904630368e-09
-4.108937005522449214e-09
-4.112667748297332391e-09
-4.115063091941428846e-09
-4.118342701453960282e-09
-4.121824629065169573e-09
-4.122929520806726381e-09
-4.123448053439438145e-09
-4.124630207807908468e-09
-4.125973213181614156e-09
-4.124277762411834603e-09
-4.121106112360643487e-09
-4.118779543569375061e-09
-4.116815180530399676e-09
-4.111619414885901905e-09
-4.104415242000432987e-09
-4.097676269062765063e-09
-4.091376884688171592e-09
-4.084800066902266818e-09
-4.076639386087085876e-09
-4.068920887765856801e-09
-4.061717746817964001e-09
-4.052279078968067812e-09
-4.039376481486835849e-09
-4.026875228209628470e-09
-4.015161801288646657e-09
-4.002919838006851009e-09
-3.987387709125448154e-09
-3.971581501265275020e-09
-3.956452443329552961e-09
-3.943996941700985720e-09
-3.930036727015737406e-09
-3.915814996144558197e-09
-3.902475227973463334e-09
-3.889902970833653895e-09
-3.869357585502778430e-09
-3.848404299303955425e-09
-3.829095701241889904e-09
-3.812019834137915285e-09
-3.790562631643545548e-09
-3.768612661808091229e-09
-3.747064255020668054e-09
-3.725817616557284226e-09
-3.707014278715304180e-09
-3.685313582293083819e-09
-3.663265205163264720e-09
-3.641989024903846719e-09
-3.621995180622822476e-09
-3.597944031451466692e-09
-3.573298018156017469e-09
-3.549567136160892913e-09
-3.528938697726504028e-09
-3.505396860115382994e-09
-3.480905606821372602e-09
-3.456898470632798890e-09
-3.434866750304855706e-09
-3.415971270315770630e-09
-3.395363235292711287e-09
-3.374371172212078904e-09
-3.354030229313197147e-09
-3.334243674020371437e-09
-3.309453521968873024e-09
-3.284022928889209783e-09
-3.259641710316990182e-09
-3.238586136915965293e-09
-3.215283093149132839e-09
-3.191247745155379986e-09
-3.167448506925450765e-09
-3.143733666816314038e-09
-3.124986396228226052e-09
-3.103510218062979078e-09
-3.081112078136317499e-09
-3.059334732458863233e-09
-3.040583414708860830e-09
-3.019131530757601992e-09
-2.996767049095459878e-09
-2.974663707041392008e-09
-2.952694224417848243e-09
-2.937613490687764064e-09
-2.920173212195914188e-09
-2.901391143946683594e-09
-2.883065070600790597e-09
-2.868649340942426281e-09
-2.852942043978803952e-09
-2.836566446314067849e-09
-2.820570708956174550e-09
-2.804574971598260571e-09
-2.790961549888063153e-09
-2.775032101121016185e-09
-2.758191306106042520e-09
-2.741717914547255758e-09
-2.728238469505393235e-09
-2.715734019447240494e-09
-2.702903364762339264e-09
-2.689493782050271652e-09
-2.676219057796340016e-09
-2.666157265706590439e-09
-2.655187054409400509e-09
-2.643577066816247647e-09
-2.631984242273235540e-09
-2.621048354700652822e-09
-2.612878933100517955e-09
-2.604007137781946687e-09
-2.594089859839087191e-09
-2.584268112752084355e-09
-2.577015789366414311e-09
-2.571651229567005076e-09
-2.566104272295470305e-09
-2.560022365217670619e-09
-2.554009195649071861e-09
-2.549717986642184071e-09
-2.545127454619885501e-09
-2.540233901729587540e-09
-2.535193361793860982e-09
-2.530152821858157584e-09
-2.527287053135568895e-09
-2.524332640423811242e-09
-2.520969552049941010e-09
-2.517411180879548775e-09
-2.514125785427673080e-09
-2.513255743385626374e-09
-2.512325323900080059e-09
-2.511011104702503105e-09
-2.509594427029925191e-09
-2.508575096477083396e-09
-2.508434638711445113e-09
-2.508294180945741070e-09
-2.507909280159191710e-09
-2.507502783095672832e-09
-2.507313493882809510e-09
-2.507762884118607999e-09
-2.508194698017614977e-09
-2.508353420361581596e-09
-2.508474286950039504e-09
-2.509042581317596732e-09
-2.510699226130002114e-09
-2.512363706052954246e-09
-2.513918273906471995e-09
-2.515428451434499710e-09
-2.516698756132199887e-09
-2.518134972551185359e-09
-2.519595998942549502e-09
-2.521072366327109085e-09
-2.522526870982646199e-09
-2.523633105244005850e-09
-2.524890890370813477e-09
-2.526151079163117656e-09
-2.527345377582385224e-09
-2.528520048598882484e-09
-2.529892322902918636e-09
-2.531878154414162048e-09
-2.533892631757607175e-09
-2.536045727734027167e-09
-2.538187985469886480e-09
-2.539562829310521653e-09
-2.539669144296637154e-09
-2.539784688030860670e-09
-2.540161817279312684e-09
-2.540600208335986404e-09
-2.540804554067677989e-09
-2.540607131721374656e-09
-2.540409709375071323e-09
-2.540342980938371861e-09
-2.540332723553269892e-09
-2.540370191313391799e-09
-2.539532384450424089e-09
-2.538685272071054152e-09
-2.537998301533941098e-09
-2.537504123082754207e-09
-2.537014503163370994e-09
-2.534717204739002564e-09
-2.531892366760810809e-09
-2.529100391789100017e-09
-2.526697381829705610e-09
-2.524294371870281011e-09
-2.521754746483121030e-09
-2.518464992833070959e-09
-2.515116382540698797e-09
-2.512117960778560815e-09
-2.509151891651757785e-09
-2.506141548779825330e-09
-2.501451452866863172e-09
-2.496746289550602185e-09
-2.492261728210790848e-09
-2.488009339325339840e-09
-2.484343100625603605e-09
-2.478280441444121012e-09
-2.472217782262641315e-09
-2.466084726988542694e-09
-2.460335703317309494e-09
-2.454586679646183001e-09
-2.449420282750725446e-09
-2.443087853189569797e-09
-2.436535951361894455e-09
-2.430382646751384271e-09
-2.424254246801350359e-09
-2.418980780004657870e-09
-2.411647991286297679e-09
-2.404315202567998286e-09
-2.396934911527164491e-09
-2.389969108858214616e-09
-2.383498855239200633e-09
-2.375662364400619689e-09
-2.366868824668319345e-09
-2.357805404267002846e-09
-2.349305166269125322e-09
-2.340804928271278818e-09
-2.333509651488644721e-09
-2.324557298638654739e-09
-2.315556283849136282e-09
-2.306368089488600694e-09
-2.297509173790412555e-09
-2.289464819756997950e-09
-2.281057296560836076e-09
-2.271930863704447864e-09
-2.262478165064030213e-09
-2.253475280162668400e-09
-2.244472395261215183e-09
-2.236681701051316261e-09
-2.226998780928854558e-09
-2.217315860806430905e-09
-2.207057366286036904e-09
-2.197184037165574498e-09
-2.187310708045082727e-09
-2.181037765723087397e-09
-2.173344952716242125e-09
-2.165311466658998454e-09
-2.157402291445264939e-09
-2.149557484957368387e-09
-2.143250772307194017e-09
-2.134539775044692862e-09
-2.125828777782191707e-09
-2.116772584367436951e-09
-2.108177072605810866e-09
-2.099581560844261295e-09
-2.092398909830029104e-09
-2.083741629659667813e-09
-2.075075711936943856e-09
-2.065874105925728023e-09
-2.056992741079480369e-09
-2.048111376233206245e-09
-2.042140623570479219e-09
-2.035059146690880027e-09
-2.027761815995837317e-09
-2.020359328542230608e-09
-2.013061505465016186e-09
-2.006858171383936601e-09
-1.999808153399419675e-09
-1.992542480553304536e-09
-1.984912495848865124e-09
-1.977482708087099706e-09
-1.970052920325405425e-09
-1.964099078552871824e-09
-1.957933649234805826e-09
-1.951768219916731971e-09
-1.945075173920827272e-09
-1.938423902259652308e-09
-1.931772630598500504e-09
-1.927354906368631328e-09
-1.923157246925147728e-09
-1.918959587481664541e-09
-1.914426014205253663e-09
-1.910045764931476451e-09
-1.905665515657721987e-09
-1.901970309517350178e-09
-1.897008719742999050e-09
-1.892047129968664880e-09
-1.886768694389859345e-09
-1.881689050841767994e-09
-1.876609407293694427e-09
-1.873027743020136047e-09
-1.869270571649557326e-09
-1.865513400278967024e-09
-1.861391810556848805e-09
-1.857357028864036266e-09
-1.853322247171283490e-09
-1.850511827739710093e-09
-1.847403982380029403e-09
-1.844296137020347472e-09
-1.840903898681351602e-09
-1.837606773636841952e-09
-1.834309648592364148e-09
-1.831919899097196661e-09
-1.829226904947548132e-09
-1.826533910797932689e-09
-1.823593462648769234e-09
-1.820729392346851553e-09
-1.817865322044933666e-09
-1.815829244194364725e-09
-1.813688442450263294e-09
-1.811547640706142631e-09
-1.809183047085205455e-09
-1.806854279087870689e-09
-1.804525511090525584e-09
-1.802918244272352535e-09
-1.801359201382232478e-09
-1.799800158492107251e-09
-1.798121647396753114e-09
-1.796498453586021797e-09
-1.794875259775303302e-09
-1.793597174699431123e-09
-1.791798314323290982e-09
-1.789999453947122923e-09
-1.788120745426852631e-09
-1.786316923221580442e-09
-1.784529024831151280e-09
-1.782847452468092827e-09
-1.781308974756461492e-09
-1.779565661626426084e-09
-1.777784892047188785e-09
-1.775936052166011470e-09
-1.774143718363425912e-09
-1.772351384560821330e-09
-1.771146474835583319e-09
-1.769675910713601490e-09
-1.768205346591611803e-09
-1.766689601311183741e-09
-1.765276088300134621e-09
-1.763862575289072886e-09
-1.762519942933793502e-09
-1.760340677953517810e-09
-1.758161412973221851e-09
-1.755884450640819418e-09
-1.753765832804119806e-09
-1.751647214967448319e-09
-1.749770764813396990e-09
-1.748070115215550796e-09
-1.746208391436068029e-09
-1.744314544160250614e-09
-1.742396236475575007e-09
-1.740554479371453425e-09
-1.738712722267331842e-09
-1.737115722213743412e-09
-1.734808790408111596e-09
-1.732501858602502940e-09
-1.730149447617249891e-09
-1.728014646983106813e-09
-1.725879846348908935e-09
-1.724136414772554757e-09
-1.721065156320128103e-09
-1.717993897867671051e-09
-1.714857456702893097e-09
-1.711782762704785837e-09
-1.708804279037722360e-09
-1.705825795370638617e-09
-1.703565530242376620e-09
-1.700774808733802618e-09
-1.697984087225190152e-09
-1.695093123218781683e-09
-1.692390503920284931e-09
-1.689687884621816097e-09
-1.687421893570167041e-09
-1.684013420607723592e-09
-1.680441484808623015e-09
-1.676835011915400684e-09
-1.673241008011374733e-09
-1.669804236568879252e-09
-1.666367465126370951e-09
-1.663485272977765867e-09
-1.659805574971253525e-09
-1.656125876964795777e-09
-1.652252644972960140e-09
-1.648535432553339344e-09
-1.644826577974652469e-09
-1.641117723395962907e-09
-1.638655732260212510e-09
-1.635468540332698917e-09
-1.632281348405152030e-09
-1.628929736894546803e-09
-1.625785172728581208e-09
-1.622640608562627193e-09
-1.620152336469807918e-09
-1.616241422654403883e-09
-1.612185291283986247e-09
-1.608100678438389285e-09
-1.603949367685873226e-09
-1.600015690065247855e-09
-1.596082012444579058e-09
-1.592938790479454634e-09
-1.588940588188292310e-09
-1.584942385897170726e-09
-1.580830241388709114e-09
-1.576735427019848151e-09
-1.572731498618848537e-09
-1.568727570217850164e-09
-1.565611579858614093e-09
-1.561718392403027636e-09
-1.557825204947389067e-09
-1.553755611422996022e-09
-1.549816308633699494e-09
-1.545906015607740992e-09
-1.541995722581733066e-09
-1.538936751530040798e-09
-1.535063558665416262e-09
-1.531190365800790279e-09
-1.527113106817138986e-09
-1.523224829501217998e-09
-1.519336552185305696e-09
-1.515448274869415108e-09
-1.512422309705179375e-09
-1.508631632905553186e-09
-1.504840956105998134e-09
-1.500772539725529398e-09
-1.496828052446040165e-09
-1.492883565166500060e-09
-1.488939077887001935e-09
-1.486694337134838946e-09
-1.483843845438837080e-09
-1.480993353742803575e-09
-1.477937241495697928e-09
-1.475021934135567698e-09
-1.472106626775424646e-09
-1.469191319415263809e-09
-1.466744078679928125e-09
-1.463365099668677741e-09
-1.459986120657449070e-09
-1.456423831068072898e-09
-1.453070097721629291e-09
-1.449716364375155286e-09
-1.446362631028730912e-09
-1.443796226993195657e-09
-1.440662366438521633e-09
-1.437528505883859191e-09
-1.434215367858590579e-09
-1.430935932297912589e-09
-1.427675408902023203e-09
-1.424414885506124718e-09
-1.422213530433854165e-09
-1.419735929746373981e-09
-1.417258329058895038e-09
-1.414688125945978249e-09
-1.412088335462151348e-09
-1.409539896352991950e-09
-1.406991457243862952e-09
-1.404978716158146335e-09
-1.402256471581788189e-09
-1.399534227005409571e-09
-1.396776471326822312e-09
-1.393872489239000447e-09
-1.391082803548454468e-09
-1.388293117857928756e-09
-1.386045944613558191e-09
-1.383997518722332993e-09
-1.381879373035992187e-09
-1.379761227349650141e-09
-1.377429658339178498e-09
-1.375181919548788354e-09
-1.372934180758408343e-09
-1.370686441968031021e-09
-1.369321508493962483e-09
-1.367452343902242479e-09
-1.365583179310554321e-09
-1.363601939309932312e-09
-1.361724508784444192e-09
-1.359857736879606268e-09
-1.357990964974801224e-09
-1.356454998839253166e-09
-1.354234200508218198e-09
-1.352013402177151383e-09
-1.349757031511957021e-09
-1.347420254793612528e-09
-1.345181203236331813e-09
-1.342942151678997952e-09
-1.341033215784297317e-09
-1.339390778010007992e-09
-1.337606468670832929e-09
-1.335822159331689506e-09
-1.333917451633124288e-09
-1.332099933164386547e-09
-1.330282414695667830e-09
-1.328464896226928641e-09
-1.327008060594860933e-09
-1.325020912162003995e-09
-1.323033763729147057e-09
-1.321002960150207976e-09
-1.318949501101960423e-09
-1.316971725071198728e-09
-1.314993949040413045e-09
-1.313314366521518906e-09
-1.311550044244128124e-09
-1.309649447902883478e-09
-1.307748851561598299e-09
-1.305713277736408429e-09
-1.303772063796001120e-09
-1.301830849855610147e-09
-1.299889635915218141e-09
-1.298540869793228932e-09
-1.296844012304045129e-09
-1.295147154814891933e-09
-1.293437066610430580e-09
-1.291632805691262017e-09
-1.289929895861485611e-09
-1.288226986031724508e-09
-1.286524076201939210e-09
-1.285156923042733907e-09
-1.283255495932567210e-09
-1.281354068822400513e-09
-1.279376630603160728e-09
-1.277472035157554748e-09
-1.275612600418649244e-09
-1.273753165679732367e-09
-1.272334182314729595e-09
-1.270346131447793742e-09
-1.268337892871722204e-09
-1.266329654295655629e-09
-1.264210253629885247e-09
-1.262231484723250587e-09
-1.260252715816607035e-09
-1.258273946909957279e-09
-1.256741791364767212e-09
-1.254680340454493683e-09
-1.252618889544195958e-09
-1.250557438633909814e-09
-1.248372993867751150e-09
-1.246315611202888508e-09
-1.244258228537997948e-09
-1.242200845873149368e-09
-1.240667610505462487e-09
-1.238646499186452130e-09
-1.236625387867456869e-09
-1.234593722352414809e-09
-1.232485913139591446e-09
-1.230493408221409739e-09
-1.228500903303233202e-09
-1.226508398385087270e-09
-1.224834058561275755e-09
-1.222587472692424622e-09
-1.220340886823559633e-09
-1.218053775286061297e-09
-1.215669115972256189e-09
-1.213384710699941513e-09
-1.211100305427588580e-09
-1.208815900155268734e-09
-1.207506954843527704e-09
-1.205766559203194745e-09
-1.204026163562845243e-09
-1.202244099819269971e-09
-1.200403453556182603e-09
-1.198644746737525190e-09
-1.196886039918897349e-09
-1.195127333100231250e-09
-1.193661197886785933e-09
-1.191512818518339924e-09
-1.189364439149921833e-09
-1.187182989666038764e-09
-1.184987302784838184e-09
-1.182907609877157378e-09
-1.180827916969472435e-09
-1.178748224061771156e-09
-1.177055984302222353e-09
-1.174821362676849667e-09
-1.172586741051475739e-09
-1.170329739805573999e-09
-1.167946537190213020e-09
-1.165672243367773859e-09
-1.163397949545330977e-09
-1.161123655722887887e-09
-1.159645989026870964e-09
-1.157822127123362597e-09
-1.155998265219863329e-09
-1.154174403316353722e-09
-1.152227505182647902e-09
-1.150391439477555206e-09
-1.148555373772458787e-09
-1.146719308067343343e-09
-1.145269664347324070e-09
-1.143117490103945030e-09
-1.140965315860544277e-09
-1.138813141617156138e-09
-1.136525129899797431e-09
-1.134374879933851718e-09
-1.132224629967940332e-09
-1.130074380002004959e-09
-1.128454767356332951e-09
-1.126582477342023987e-09
-1.124710187327701995e-09
-1.122837897313382691e-09
-1.120848245649245636e-09
-1.118861513715759735e-09
-1.116903295194293389e-09
-1.114945076672831385e-09
-1.113043812572930953e-09
-1.111933134894110244e-09
-1.110380119137021660e-09
-1.108827103379901437e-09
-1.107249338098895382e-09
-1.105605150868618407e-09
-1.104052893475703931e-09
-1.102500636082791937e-09
-1.100948378689894211e-09
-1.099712895695216449e-09
-1.097786907436150463e-09
-1.095860919177079307e-09
-1.093934930917997191e-09
-1.091880052414618348e-09
-1.089962346603948941e-09
-1.088044640793250376e-09
-1.086126934982555119e-09
-1.084558567764840592e-09
-1.083035188701324672e-09
-1.081395576414260104e-09
-1.079755964127221178e-09
-1.078066301751504117e-09
-1.076339062827431523e-09
-1.074666913875889652e-09
-1.072994764924359154e-09
-1.071322615972812112e-09
-1.070094927695520942e-09
-1.068421420508296940e-09
-1.066747913321083484e-09
-1.065074406133870234e-09
-1.063282410094857408e-09
-1.061594047157923531e-09
-1.059905684221001234e-09
-1.058217321284072527e-09
-1.056765462769591048e-09
-1.055378994996012679e-09
-1.053804007623655164e-09
-1.052229020251316674e-09
-1.050623957917121269e-09
-1.048940513487900417e-09
-1.047331010375466475e-09
-1.045721507263031706e-09
-1.044112004150576670e-09
-1.042997032698963388e-09
-1.041550309035024872e-09
-1.040103585371090699e-09
-1.038656861707161281e-09
-1.037117353900056722e-09
-1.035610635618953548e-09
-1.034128166052733140e-09
-1.032645696486487504e-09
-1.031163226920253034e-09
-1.030212996108474656e-09
-1.028854185963043321e-09
-1.027495375817594822e-09
-1.026136565672178997e-09
-1.024672877077862215e-09
-1.023314076647829716e-09
-1.021955276217792046e-09
-1.020596475787743624e-09
-1.019360417401716811e-09
-1.018191369068240885e-09
-1.016715176690526898e-09
-1.015238984312796988e-09
-1.013762791935083621e-09
-1.012193389816788802e-09
-1.010733712784158696e-09
-1.009274035751558576e-09
-1.007814358718929091e-09
-1.006665462891909696e-09
-1.005260644729010027e-09
-1.003784462444328881e-09
-1.002308280159673585e-09
-1.000809288386702421e-09
-9.992377562315780291e-10
-9.977425520131531897e-10
-9.962473477947105660e-10
-9.947521435762762140e-10
-9.936895229333369698e-10
-9.923495591067666324e-10
-9.910095952801706523e-10
-9.896696314535945246e-10
-9.883006621460876663e-10
-9.868992956911468696e-10
-9.855616736640187034e-10
-9.842240516368832995e-10
-9.828864296097435528e-10
-9.818962011918548893e-10
-9.803994546141183807e-10
-9.789027080363982088e-10
-9.774059614586883768e-10
-9.758706895742940150e-10
-9.742835268159753150e-10
-9.727661796239902507e-10
-9.712488324320045659e-10
-9.697314852400085415e-10
-9.686937937743519505e-10
-9.674829318943718945e-10
-9.662720700143798443e-10
-9.650612081344148843e-10
-9.638247981833926402e-10
-9.625211259734510102e-10
-9.612856399514071843e-10
-9.600501539293461944e-10
-9.588146679072965783e-10
-9.579412963854927658e-10
-9.566704751679258456e-10
-9.553342622585810956e-10
-9.539980493492733620e-10
-9.526568368427184816e-10
-9.512468029915778997e-10
-9.499446572965500121e-10
-9.486425116015270876e-10
-9.473403659064932029e-10
-9.461748935673039886e-10
-9.449621751073141554e-10
-9.434922457579166316e-10
-9.420223164084934653e-10
-9.405523870590965620e-10
-9.389699877143403961e-10
-9.374894461664445479e-10
-9.360089046185236775e-10
-9.345283630706112858e-10
-9.330478215227096473e-10
-9.321315277040875809e-10
-9.308853412485312186e-10
-9.296391547929759936e-10
-9.283929683373908867e-10
-9.270744737194762951e-10
-9.258041222977222446e-10
-9.245522903415837617e-10
-9.233004583854389715e-10
-9.220486264293062788e-10
-9.211205491329355189e-10
-9.196996768959000714e-10
-9.182788046588552148e-10
-9.168579324218261780e-10
-9.154059253431675501e-10
-9.139217263807047689e-10
-9.125086195014933379e-10
-9.110955126223043442e-10
-9.096824057431152471e-10
-9.084969416620082332e-10
-9.073217146176235759e-10
-9.060014443022582637e-10
-9.046811739868928481e-10
-9.033609036715382892e-10
-9.019129889192381985e-10
-9.005425555649064372e-10
-8.991721222105739522e-10
-8.978016888562365041e-10
-8.964312555018900603e-10
-8.956643605908049336e-10
-8.945992746288444404e-10
-8.935341886668787773e-10
-8.924691027049291409e-10
-8.913617915162202254e-10
-8.902436245043825727e-10
-8.891747924584825011e-10
-8.881059604125780868e-10
-8.870371283666665381e-10
-8.862056820640612714e-10
-8.850388220192563314e-10
-8.837152655528510477e-10
-8.823917090864662367e-10
-8.810681526200673637e-10
-8.796464272917153177e-10
-8.783393404049071278e-10
-8.770322535181053486e-10
-8.757251666312907480e-10
-8.744180797444889688e-10
-8.735219049128209599e-10
-8.723232807556166412e-10
-8.711246565984351735e-10
-8.699260324412505004e-10
-8.687082756761520737e-10
-8.674275323137864356e-10
-8.662131421268028244e-10
-8.649987519398479577e-10
-8.637843617528797527e-10
-8.625699715659095831e-10
-8.617375961645341305e-10
-8.605487491837381773e-10
-8.593599022029255771e-10
-8.581710552221296240e-10
-8.569261235003234751e-10
-8.556918077393485426e-10
-8.544929618286344963e-10
-8.532941159179185888e-10
-8.520952700071937891e-10
-8.511256786138736206e-10
-8.501045222542603824e-10
-8.489554439338261342e-10
-8.478063656133734813e-10
-8.466572872929398535e-10
-8.454267428037678744e-10
-8.442572179107241260e-10
-8.430977782725754105e-10
-8.419383386344280391e-10
-8.407788989962793236e-10
-8.399773102440527528e-10
-8.388549301362412929e-10
-8.377325500284539246e-10
-8.366101699206793777e-10
-8.354877898128711231e-10
-8.342565860714502103e-10
-8.331037432844458993e-10
-8.319509004974562708e-10
-8.307980577104373808e-10
-8.296452149234476489e-10
-8.289347267473855507e-10
-8.279800673131708254e-10
-8.270254078789572374e-10
-8.260707484447291738e-10
-8.251160890105041087e-10
-8.240733057000733179e-10
-8.231127913184980661e-10
-8.221522769369088556e-10
-8.211917625553285372e-10
-8.202312481737539058e-10
-8.195838449191019865e-10
-8.184838273660738655e-10
-8.173838098130367489e-10
-8.162837922599934285e-10
-8.151837747069461789e-10
-8.140038719706734934e-10
-8.129224086327307324e-10
-8.118409452947942787e-10
-8.107594819568476920e-10
-8.096780186188953151e-10
-8.089133585828600373e-10
-8.078212328268968854e-10
-8.067291070709236004e-10
-8.056369813149439048e-10
-8.045448555589820970e-10
-8.033593654516346889e-10
-8.022503794929460733e-10
-8.011413935342351237e-10
-8.000324075755515745e-10
-7.989234216168730918e-10
-7.981755206207565813e-10
-7.972015863439079606e-10
-7.962276520670777446e-10
-7.952537177902430825e-10
-7.942797835134198976e-10
-7.932407571661247340e-10
-7.922510678691377010e-10
-7.912742549586188735e-10
-7.902974420480969440e-10
-7.893206291375731534e-10
-7.885019001915036880e-10
-7.875927641646202482e-10
-7.865170194441620809e-10
-7.854412747237096005e-10
-7.843655300032456430e-10
-7.832401734706607450e-10
-7.821146709799516907e-10
-7.810289001477672359e-10
-7.799431293155770942e-10
-7.788573584834002909e-10
-7.777715876512202822e-10
-7.771367314791435661e-10
-7.762166100729931350e-10
-7.752964886668528369e-10
-7.743763672606966156e-10
-7.734429785448412451e-10
-7.724356426929837689e-10
-7.714913442397285642e-10
-7.705470457864765648e-10
-7.696027473332251857e-10
-7.686584488799496116e-10
-7.680830641895852049e-10
-7.671714899470806738e-10
-7.662599157045793481e-10
-7.653483414620806072e-10
-7.644367672195748353e-10
-7.634570699787611502e-10
-7.625485591421075303e-10
-7.616492862708131579e-10
-7.607500133995301593e-10
-7.598507405282662893e-10
-7.590580714923337566e-10
-7.582588273435523571e-10
-7.572347878185055392e-10
-7.562107482934700949e-10
-7.551867087684283434e-10
-7.541354890829355773e-10
-7.530511147080075224e-10
-7.520258675602548171e-10
-7.510006204125072818e-10
-7.499753732647476489e-10
-7.489501261170103499e-10
-7.482909190327795415e-10
-7.473881136103897377e-10
-7.464853081879884568e-10
-7.455825027655878997e-10
-7.446796973431980959e-10
-7.437107987929893782e-10
-7.427905910221778108e-10
-7.418805745646549507e-10
-7.409705581071320906e-10
-7.400605416496111951e-10
-7.391800346339682115e-10
-7.385084103523571410e-10
-7.375452710956516172e-10
-7.365821318389632575e-10
-7.356189925822520469e-10
-7.346485196521776508e-10
-7.336129461403854179e-10
-7.326493949278176778e-10
-7.316858437152359790e-10
-7.307222925026530395e-10
-7.297587412900808533e-10
-7.290697753587528605e-10
-7.281880680499908065e-10
-7.272733072585377196e-10
-7.263585464670732589e-10
-7.254437856756048691e-10
-7.244889296564479421e-10
-7.235094986443819420e-10
-7.225702740711167066e-10
-7.216310494978457844e-10
-7.206918249245811694e-10
-7.197526003512891540e-10
-7.191987555562245688e-10
-7.184052685221040330e-10
-7.176117814879834972e-10
-7.168182944538540692e-10
-7.160248074197283635e-10
-7.151772023182938583e-10
-7.143520674634087109e-10
-7.135502826479974481e-10
-7.127484978325848412e-10
-7.119467130171995312e-10
-7.111449282017984014e-10
-7.106276048026960592e-10
-7.097537075010684874e-10
-7.088798101994346084e-10
-7.080059128978121031e-10
-7.071320155961686081e-10
-7.061947231326097562e-10
-7.053131932050649951e-10
-7.044466546726740551e-10
-7.035801161402843559e-10
-7.027135776079144057e-10
-7.018470390755329783e-10
-7.012841176551337651e-10
-7.004265022994351831e-10
-6.995688869437608995e-10
-6.987112715880789645e-10
-6.978536562324096440e-10
-6.969308950217509700e-10
-6.960601028064595239e-10
-6.951992829885978003e-10
-6.943384631707482777e-10
-6.934776433528814876e-10
-6.926168235350388925e-10
-6.920577057498407754e-10
-6.912162751709973292e-10
-6.903748445921392006e-10
-6.895334140132924457e-10
-6.886919834344522049e-10
-6.877887404069950210e-10
-6.869263161792239754e-10
-6.860773643333097147e-10
-6.852284124873857346e-10
-6.843794606414669244e-10
-6.835305087955366371e-10
-6.829905579271528504e-10
-6.821786671563238520e-10
-6.813667763855089156e-10
-6.805548856146768153e-10
-6.797429948438580532e-10
-6.788846248842139075e-10
-6.780469911457121319e-10
-6.772331189798400004e-10
-6.764192468139939251e-10
-6.756053746481275839e-10
-6.747915024822802678e-10
-6.742503644642448322e-10
-6.734202180897191072e-10
-6.725900717151736333e-10
-6.717599253406318816e-10
-6.709297789660914742e-10
-6.700628495468681224e-10
-6.691685629607921612e-10
-6.683152357001674378e-10
-6.674619084395370276e-10
-6.666085811789148892e-10
-6.657552539182933711e-10
-6.651706129790208907e-10
-6.645693493102923706e-10
-6.639079160126531721e-10
-6.632464827150247270e-10
-6.625850494173898712e-10
-6.619186084149612012e-10
-6.611898551176952322e-10
-6.605216351048952430e-10
-6.598534150920889465e-10
-6.591851950792813058e-10
-6.585169750664672545e-10
-6.578487550536647837e-10
-6.573869620427194665e-10
-6.565925259051124854e-10
-6.557980897674909252e-10
-6.550036536298825999e-10
-6.542092174922711727e-10
-6.533632682002183491e-10
-6.525653725378986911e-10
-6.517867967373974118e-10
-6.510082209368930307e-10
-6.502296451363879258e-10
-6.494510693358662772e-10
-6.489352335551134821e-10
-6.481534232586903427e-10
-6.473716129622703052e-10
-6.465898026658260727e-10
-6.458079923693977634e-10
-6.450085997124234193e-10
-6.441652546891580542e-10
-6.433718986110896238e-10
-6.425785425330442510e-10
-6.417851864549816108e-10
-6.409918303769285866e-10
-6.402299311074912040e-10
-6.397511942786808629e-10
-6.390463685880631216e-10
-6.383415428974670937e-10
-6.376367172068519373e-10
-6.369318915162341960e-10
-6.361796025994889484e-10
-6.354536368170791012e-10
-6.347451385675057448e-10
-6.340366403179361107e-10
-6.333281420683627543e-10
-6.326196438187868129e-10
-6.321637697245590500e-10
-6.314102831283185985e-10
-6.306521958748678287e-10
-6.298941086213953454e-10
-6.291360213679222417e-10
-6.283775508577603425e-10
-6.275470004924819792e-10
-6.267846850117224573e-10
-6.260223695309635559e-10
-6.252600540502110651e-10
-6.244977385694463734e-10
-6.237354230886938826e-10
-6.232771844475506925e-10
-6.225903769235183862e-10
-6.219035693994815305e-10
-6.212167618754523261e-10
-6.205299543514027524e-10
-6.198200245773645189e-10
-6.190710118457860853e-10
-6.183651100006236303e-10
-6.176592081554732728e-10
-6.169533063103114381e-10
-6.162474044651482593e-10
-6.155415026199940761e-10
-6.151809078027759173e-10
-6.145530553352358031e-10
-6.139252028677121290e-10
-6.132973504001745997e-10
-6.126694979326331413e-10
-6.120107278165335068e-10
-6.113508618090474825e-10
-6.107254013964474487e-10
-6.100999409838506202e-10
-6.094744805712435554e-10
-6.088490201586403162e-10
-6.082746446601776830e-10
-6.077911529605825842e-10
-6.070752625503390853e-10
-6.063593721401236071e-10
-6.056434817298916888e-10
-6.049275913196564617e-10
-6.041727739702885042e-10
-6.034296330589405400e-10
-6.027173874242854264e-10
-6.020051417896144929e-10
-6.012928961549397337e-10
-6.005806505202757279e-10
-5.999430627523297320e-10
-5.994575528122628747e-10
-5.987991736537976596e-10
-5.981407944953368906e-10
-5.974824153368753978e-10
-5.968240361784077011e-10
-5.961295323397306791e-10
-5.954392688566529851e-10
-5.947751613247521215e-10
-5.941110537928301648e-10
-5.934469462609082081e-10
-5.927828387289906975e-10
-5.921594975392235971e-10
-5.917045909480017240e-10
-5.910374278703684907e-10
-5.903702647927262619e-10
-5.897031017150812413e-10
-5.890359386374446993e-10
-5.883394818404733648e-10
-5.876353191221636601e-10
-5.869653070418788638e-10
-5.862952949615803157e-10
-5.856252828812763910e-10
-5.849552708009762919e-10
-5.842852587206876700e-10
-5.838779462714314027e-10
-5.832306640449871294e-10
-5.825833818185480261e-10
-5.819360995921079922e-10
-5.812888173656637190e-10
-5.806240932713187158e-10
-5.799208000457985564e-10
-5.792622548262122884e-10
-5.786037096066165078e-10
-5.779451643870108010e-10
-5.772866191674121253e-10
-5.766280739478157243e-10
-5.762569172871736694e-10
-5.756653547862389794e-10
-5.750737922853157665e-10
-5.744822297843861429e-10
-5.738906672834557956e-10
-5.732991047825230701e-10
-5.726396891105271700e-10
-5.720383848827298432e-10
-5.714374823932093776e-10
-5.708365799036761940e-10
-5.702356774141494212e-10
-5.696347749246267842e-10
-5.692313165048780803e-10
-5.687067115830549676e-10
-5.681151106290549647e-10
-5.675235096750490682e-10
-5.669319087210504095e-10
-5.663403077670379989e-10
-5.657115516701988196e-10
-5.650959543813269240e-10
-5.645063182982801962e-10
-5.639166822152280917e-10
-5.633270461321721615e-10
-5.627374100491231589e-10
-5.621477739660914237e-10
-5.617896251710380638e-10
-5.611756495346697312e-10
-5.605616738983125655e-10
-5.599476982619551931e-10
-5.593337226255922372e-10
-5.587131675934624380e-10
-5.580448029503806208e-10
-5.574322419018511393e-10
-5.568196808533209341e-10
-5.562071198047862827e-10
-5.555945587562571115e-10
-5.549819977077317659e-10
-5.545684482544256732e-10
-5.540068592156101692e-10
-5.534072021055384028e-10
-5.528075449954628108e-10
-5.522078878853907343e-10
-5.516082307753163830e-10
-5.509743666937756747e-10
-5.503434522256364004e-10
-5.497383296679366264e-10
-5.491332071102252719e-10
-5.485280845525318052e-10
-5.479229619948317210e-10
-5.473178394371353591e-10
-5.469636812427105496e-10
-5.463870999334289366e-10
-5.458105186241387416e-10
-5.452339373148625053e-10
-5.446573560055709661e-10
-5.440807746962807711e-10
-5.434522032163306133e-10
-5.428666330249159435e-10
-5.422875557691052565e-10
-5.417084785132994293e-10
-5.411294012574913273e-10
-5.405503240016756772e-10
-5.400056529810784206e-10
-5.396180932505550216e-10
-5.390337701490460464e-10
-5.384494470475507197e-10
-5.378651239460298538e-10
-5.372808008445240839e-10
-5.366884676755978110e-10
-5.360418340834236496e-10
-5.354455243843752412e-10
-5.348492146853366555e-10
-5.342529049862901083e-10
-5.336565952872493513e-10
-5.330602855882053890e-10
-5.326053398899286347e-10
-5.322084957083141191e-10
-5.317078821829376846e-10
-5.312072686575532885e-10
-5.307066551321745793e-10
-5.302060416067981448e-10
-5.296897329228093950e-10
-5.291422601889635499e-10
-5.286350459843799795e-10
-5.281278317797876204e-10
-5.276206175751923661e-10
-5.271134033705986628e-10
-5.266061891660034085e-10
-5.262659554862900278e-10
-5.257965126516287294e-10
-5.252517794766621510e-10
-5.247070463017214220e-10
-5.241623131267685954e-10
-5.236175799518166995e-10
-5.230559033432522644e-10
-5.224735198869218473e-10
-5.219350982658569444e-10
-5.213966766447887328e-10
-5.208582550237292066e-10
-5.203198334026589271e-10
-5.197814117815980567e-10
-5.193935813607247491e-10
-5.189135575675243010e-10
-5.183620405192770491e-10
-5.178105234710290734e-10
-5.172590064227862676e-10
-5.167074893745510098e-10
-5.161412762251161445e-10
-5.155435191526548184e-10
-5.149878755129141651e-10
-5.144322318731680317e-10
-5.138765882334152809e-10
-5.133209445936816587e-10
-5.127653009539335608e-10
-5.123187825802823759e-10
-5.119173200025382865e-10
-5.114034712646979058e-10
-5.108896225268594896e-10
-5.103757737890369966e-10
-5.098619250511934106e-10
-5.093428809760758409e-10
-5.087784742632073823e-10
-5.082613622063741269e-10
-5.077442501495382866e-10
-5.072271380927090637e-10
-5.067100260358758083e-10
-5.061929139790469989e-10
-5.056889972213907518e-10
-5.053695076735649415e-10
-5.048415423534372248e-10
-5.043135770333202614e-10
-5.037856117131818948e-10
-5.032576463930540747e-10
-5.027296810729288395e-10
-5.021555268289322870e-10
-5.016151667792206645e-10
-5.010850100961646835e-10
-5.005548534130978458e-10
-5.000246967300358677e-10
-4.994945400469661349e-10
-4.989643833639038466e-10
-4.986604587263397538e-10
-4.981554222820889798e-10
-4.976503858378189738e-10
-4.971453493935659250e-10
-4.966403129493087403e-10
-4.961352765050505216e-10
-4.955998237735488916e-10
-4.950540498910878277e-10
-4.945356662328205281e-10
-4.940172825745583984e-10
-4.934988989162815862e-10
-4.929805152580217312e-10
-4.924621315997623933e-10
-4.920961977689636225e-10
-4.917419864791228590e-10
-4.913034277128641420e-10
-4.908648689465997381e-10
-4.904263101803441231e-10
-4.899877514140844755e-10
-4.895477027880836206e-10
-4.890579642586914856e-10
-4.886167059424727550e-10
-4.881765620409742176e-10
-4.877364181394752666e-10
-4.872962742379894470e-10
-4.868561303364953556e-10
-4.864159864350075715e-10
-4.861686001083095360e-10
-4.856672187505694948e-10
-4.851658373928303841e-10
-4.846644560350897224e-10
-4.841630746773426501e-10
-4.836616933196000239e-10
-4.831360799175107161e-10
-4.826059767960727843e-10
-4.821090065564635891e-10
-4.816120363168658710e-10
-4.811150660772646374e-10
-4.806180958376644377e-10
-4.801211255980564832e-10
-4.796989350898173591e-10
-4.793543716264653151e-10
-4.788791301382752919e-10
-4.784038886500758594e-10
-4.779286471618807696e-10
-4.774534056736867139e-10
-4.769781641854897630e-10
-4.764624137193720361e-10
-4.759711559032353591e-10
-4.754921109911635540e-10
-4.750130660790928862e-10
-4.745340211670160146e-10
-4.740549762549478283e-10
-4.735759313428770572e-10
-4.732799037523238126e-10
-4.728362619891350534e-10
-4.723672129460898541e-10
-4.718981639030426903e-10
-4.714291148599958367e-10
-4.709600658169506374e-10
-4.704891846726667277e-10
-4.699706024043771221e-10
-4.694968250357158009e-10
-4.690248597827695890e-10
-4.685528945298326829e-10
-4.680809292769023942e-10
-4.676089640239616624e-10
-4.671369987710192762e-10
-4.668737077781069984e-10
-4.664145820477340764e-10
-4.659554563173620849e-10
-4.654963305869836828e-10
-4.650372048566126220e-10
-4.645780791262438358e-10
-4.641106388084291329e-10
-4.636043463624244762e-10
-4.631399631250903631e-10
-4.626755798877709325e-10
-4.622111966504358889e-10
-4.617468134131011554e-10
-4.612824301757715402e-10
-4.608180469384368067e-10
-4.605728796722988043e-10
-4.601373836793702825e-10
-4.597018876864417089e-10
-4.592663916935147898e-10
-4.588308957005888012e-10
-4.583953997076596073e-10
-4.579501642775147240e-10
-4.574659902043679952e-10
-4.570224745490334888e-10
-4.565789588936970696e-10
-4.561354432383622530e-10
-4.556919275830334335e-10
-4.552484119276986170e-10
-4.548048962723641106e-10
-4.545900903001419854e-10
-4.541811514286651828e-10
-4.537722125571867259e-10
-4.533632736857175231e-10
-4.529543348142438225e-10
-4.525453959427644351e-10
-4.521318776738324791e-10
-4.516764177003058706e-10
-4.512667938967206911e-10
-4.508572740195415193e-10
-4.504477541423699473e-10
-4.500382342651857090e-10
-4.496287143880040040e-10
-4.492191945108222473e-10
-4.490030272226634982e-10
-4.485725038016352968e-10
-4.481355981600931770e-10
-4.476986925185504369e-10
-4.472617868770057839e-10
-4.468248812354639743e-10
-4.463879755939110495e-10
-4.459099731763399837e-10
-4.454654745902637021e-10
-4.450306858986796892e-10
-4.445958972070867841e-10
-4.441611085155025128e-10
-4.437263198239181897e-10
-4.432915311323307130e-10
-4.429565138070191042e-10
-4.426248388773979010e-10
-4.421992677303359144e-10
-4.417736965832758407e-10
-4.413481254362138542e-10
-4.409225542891492827e-10
-4.404969831420942754e-10
-4.400439540393586570e-10
-4.395932738727716025e-10
-4.391642736578043606e-10
-4.387352734428266756e-10
-4.383062732278559182e-10
-4.378772730128836098e-10
-4.374482727979106294e-10
-4.370192725829351674e-10
-4.367943674106766583e-10
-4.363825536669518667e-10
-4.359707399232242834e-10
-4.355589261795087459e-10
-4.351471124357814211e-10
-4.347352986920534759e-10
-4.343151088132707943e-10
-4.338622784448850028e-10
-4.334479474359762667e-10
-4.330336164270554848e-10
-4.326192854181382184e-10
-4.322049544092199180e-10
-4.317906234003080800e-10
-4.313762923913815079e-10
-4.311160423479437887e-10
-4.307435811166153762e-10
-4.303338947149740157e-10
-4.299242083133272267e-10
-4.295145219116839533e-10
-4.291048355100441953e-10
-4.286951491084085733e-10
-4.282537417326627186e-10
-4.278187070741180056e-10
-4.274027260612158910e-10
-4.269867450483076760e-10
-4.265707640354026663e-10
-4.261547830225027231e-10
-4.257388020095983337e-10
-4.253228209966962192e-10
-4.251287130350160385e-10
-4.247558743810152341e-10
-4.243830357270220295e-10
-4.240101970730342533e-10
-4.236373584190388257e-10
-4.232645197650376595e-10
-4.228899619276984080e-10
-4.224720056828786736e-10
-4.220896104942211914e-10
-4.217113994763866240e-10
-4.213331884585526770e-10
-4.209549774407234863e-10
-4.205767664228939854e-10
-4.201985554050575052e-10
-4.198833325560518357e-10
-4.196438053669349453e-10
-4.192673412544831236e-10
-4.188908771420271659e-10
-4.185144130295784978e-10
-4.181379489171244531e-10
-4.177614848046761469e-10
-4.173728824066253148e-10
-4.169612064260107967e-10
-4.165861027405093951e-10
-4.162109990549999802e-10
-4.158358953694883940e-10
-4.154607916839895257e-10
-4.150856879984804210e-10
-4.147105843129761242e-10
-4.144563875365893212e-10
-4.141362315741238646e-10
-4.137493701718044609e-10
-4.133625087694851088e-10
-4.129756473671629133e-10
-4.125887859648460945e-10
-4.122019245625238473e-10
-4.117969926011418111e-10
-4.113800985199541239e-10
-4.109926536223949337e-10
-4.106052087248284023e-10
-4.102177638272666272e-10
-4.098303189296975626e-10
-4.094428740321316516e-10
-4.090554291345699282e-10
-4.088153605882594189e-10
-4.084795120958066407e-10
-4.081064376797961348e-10
-4.077333632637853187e-10
-4.073602888477725897e-10
-4.069872144317547943e-10
-4.066141400157490446e-10
-4.062223911148283446e-10
-4.058205489751106791e-10
-4.054450585370580858e-10
-4.050695680990099903e-10
-4.046940776609571385e-10
-4.043185872229093015e-10
-4.039430967848583626e-10
-4.035676063468083542e-10
-4.033252960750802020e-10
-4.030040565504669516e-10
-4.026350216591406871e-10
-4.022659867678262098e-10
-4.018969518765047532e-10
-4.015279169851877427e-10
-4.011588820938665964e-10
-4.007746760860361289e-10
-4.003736547703660600e-10
-4.000022293432082245e-10
-3.996308039160370507e-10
-3.992593784888738386e-10
-3.988879530617105747e-10
-3.985165276345476728e-10
-3.981451022073812553e-10
-3.978606013565102310e-10
-3.975921987249767184e-10
