-1.291047216937805730e-09
-1.382741098840207854e-09
-1.480832186399051988e-09
-1.590217237811228012e-09
-1.683502604807148166e-09
-1.777517101057422805e-09
-1.894932242965993234e-09
-1.984333889005785225e-09
-2.091621925790515888e-09
-2.195560492090429882e-09
-2.287773435139950636e-09
-2.402989288473159970e-09
-2.493330964074381761e-09
-2.606463083188441479e-09
-2.694167970189698433e-09
-2.806288619181847122e-09
-2.891588975366679264e-09
-2.999719659825684293e-09
-3.084478173540204807e-09
-3.198163942437281287e-09
-3.278535617707939662e-09
-3.385235391761701687e-09
-3.469550380358870566e-09
-3.567638437650558468e-09
-3.655237109776023099e-09
-3.738747929934545839e-09
-3.833610441146856818e-09
-3.911528746633450232e-09
-4.007856974177250305e-09
-4.083424529516939824e-09
-4.155530469295039299e-09
-4.246374496102070881e-09
-4.315138691529703252e-09
-4.392255773575386315e-09
-4.470022355420914249e-09
-4.531480505554356000e-09
-4.605615331041887071e-09
-4.670776574419211282e-09
-4.725711907419043708e-09
-4.792163863867544944e-09
-4.850418647369464602e-09
-4.899659454619253485e-09
-4.961069579999408465e-09
-5.014233355736417514e-09
-5.055742004282574152e-09
-5.099473279342516836e-09
-5.151941466560241004e-09
-5.190161134946460718e-09
-5.221154878482484363e-09
-5.269702982604103689e-09
-5.297827086497119399e-09
-5.324397269974764349e-09
-5.353225459618355999e-09
-5.384384654813855128e-09
-5.402557275031999032e-09
-5.418960648207967249e-09
-5.445858555718070449e-09
-5.459223076776248606e-09
-5.471220009148357482e-09
-5.474909371511737869e-09
-5.498486756279095254e-09
-5.496319531422811529e-09
-5.501633735041359389e-09
-5.496505647337421346e-09
-5.504071697371271012e-09
-5.497508487916184455e-09
-5.492240633165437980e-09
-5.479545295353977048e-09
-5.476900116810682824e-09
-5.464268600649648380e-09
-5.449279803668269287e-09
-5.435715557012853105e-09
-5.415867016309454075e-09
-5.400301938016353075e-09
-5.374831164578007873e-09
-5.359070908210292488e-09
-5.326078947739420802e-09
-5.307064501742243231e-09
-5.278492072146355387e-09
-5.249221777671984811e-09
-5.223142275163683450e-09
-5.184208345228412483e-09
-5.156089676057408993e-09
-5.118288712944209551e-09
-5.087144407948509230e-09
-5.055820182628694783e-09
-5.012789125704773749e-09
-4.977336591666502176e-09
-4.934333044131461265e-09
-4.894086881593822937e-09
-4.855076487640952059e-09
-4.807029600492449540e-09
-4.771770575433870016e-09
-4.729862022368386367e-09
-4.683403656105139794e-09
-4.652820222162388896e-09
-4.602193168214361556e-09
-4.554177439384774757e-09
-4.517528220076567294e-09
-4.465602397356022127e-09
-4.420345764281970001e-09
-4.381754421949514088e-09
-4.330231616800045624e-09
-4.285597141490013926e-09
-4.243462354978098317e-09
-4.192667516257405058e-09
-4.150453064017013486e-09
-4.108306059076643178e-09
-4.055618317254734437e-09
-4.011356574384801206e-09
-3.965411132521483213e-09
-3.914206991605977262e-09
-3.876420094307292743e-09
-3.835456353978588182e-09
-3.789394623596692751e-09
-3.749473079786129090e-09
-3.710814820152151494e-09
-3.666676057167112601e-09
-3.625464252774625701e-09
-3.594819559178925536e-09
-3.545705248615780543e-09
-3.500610196071497208e-09
-3.468831893093503131e-09
-3.432756713368748124e-09
-3.395124766274709505e-09
-3.362661877315142283e-09
-3.333633620921380139e-09
-3.289328776067114561e-09
-3.254665638781360616e-09
-3.226688856723178224e-09
-3.197040989742385372e-09
-3.166320313544567170e-09
-3.138223901016766219e-09
-3.107457449159116266e-09
-3.078867247007036058e-09
-3.054798941839562074e-09
-3.033750863314783924e-09
-3.008435466161085267e-09
-2.979101797385139742e-09
-2.961053054502997925e-09
-2.943554159418849533e-09
-2.923029605691192311e-09
-2.896848000599117988e-09
-2.884893475334368555e-09
-2.871731440814023656e-09
-2.855309743388016208e-09
-2.835574254793507174e-09
-2.826973545402718447e-09
-2.816929387672975587e-09
-2.803985136915913142e-09
-2.790346231749467498e-09
-2.786686241014113320e-09
-2.782020700138970159e-09
-2.772636923489987069e-09
-2.765930676920528497e-09
-2.762877732200039347e-09
-2.760087370843827000e-09
-2.754711355288988607e-09
-2.754297310497381740e-09
-2.755974323656916021e-09
-2.758515108032478158e-09
-2.758970407351077755e-09
-2.760160632420943231e-09
-2.763265753376004083e-09
-2.767566794992075692e-09
-2.770943304044211090e-09
-2.775487678083473291e-09
-2.785995598717419174e-09
-2.795112189350402981e-09
-2.803857500004429452e-09
-2.812316243498102002e-09
-2.819902260620266644e-09
-2.830594943046552029e-09
-2.840883278301016049e-09
-2.849518075769847179e-09
-2.861760801804536379e-09
-2.878255300932846418e-09
-2.893708128859611245e-09
-2.908463705664260325e-09
-2.919620209923502130e-09
-2.931727227141550042e-09
-2.947916214933976598e-09
-2.959531759036578188e-09
-2.975696499117084054e-09
-2.989789391895066486e-09
-3.004839142133316203e-09
-3.027671954439054780e-09
-3.042491335344695837e-09
-3.058117267469441322e-09
-3.072760113175058252e-09
-3.085305892357762181e-09
-3.103555415151679622e-09
-3.115637402552469478e-09
-3.131847700948479397e-09
-3.147876523081973941e-09
-3.163681275924385885e-09
-3.183594183980634823e-09
-3.196715575610830629e-09
-3.212669956613306326e-09
-3.223780951836542896e-09
-3.237606087734121627e-09
-3.250343420653380144e-09
-3.260576108028894532e-09
-3.273681982569900383e-09
-3.284887807141208569e-09
-3.301892472040957010e-09
-3.312908796341191056e-09
-3.324946326584688058e-09
-3.332246201032033933e-09
-3.340154891069470455e-09
-3.349618389582237728e-09
-3.357198970278254159e-09
-3.364100218267195730e-09
-3.368333009269405605e-09
-3.372827343801683181e-09
-3.379481283251585272e-09
-3.389263406761764122e-09
-3.393255791430477335e-09
-3.394582093291613958e-09
-3.394584906772157854e-09
-3.394952719621537020e-09
-3.396912950197348045e-09
-3.398827016283182100e-09
-3.395850780872881281e-09
-3.392550476903299557e-09
-3.388538241779191033e-09
-3.386186654441574873e-09
-3.383186250483465377e-09
-3.381399300030873804e-09
-3.371680610774605955e-09
-3.364880312155925086e-09
-3.355389996793986427e-09
-3.350180030353944829e-09
-3.340087250589371712e-09
-3.333830533475424095e-09
-3.317850196368179702e-09
-3.306971807083632273e-09
-3.292572730634205886e-09
-3.282567042458170072e-09
-3.266860394174356940e-09
-3.253774016302636814e-09
-3.234515290001189094e-09
-3.216895381650078520e-09
-3.202262708360230178e-09
-3.186364061935800782e-09
-3.170919619939213401e-09
-3.148949957831061913e-09
-3.131546862705470464e-09
-3.104137713712513074e-09
-3.089567888893104977e-09
-3.064792726623481499e-09
-3.049452689317665992e-09
-3.019849132216602630e-09
-3.001716813783986420e-09
-2.969383587183248600e-09
-2.953085522375516808e-09
-2.928701854350472679e-09
-2.912830085594704838e-09
-2.884241468903273582e-09
-2.854623093474786532e-09
-2.829971408371796060e-09
-2.795444300008753785e-09
-2.777275000945836990e-09
-2.745457670036126194e-09
-2.726605678549421900e-09
-2.689691816267562434e-09
-2.667185350637241266e-09
-2.633072534362352634e-09
-2.604327897783375982e-09
-2.583840967774020184e-09
-2.554203884474160010e-09
-2.535499022228818267e-09
-2.496801972904552685e-09
-2.475223867616737696e-09
-2.439047597240592302e-09
-2.412581817813280426e-09
-2.384184007477209775e-09
-2.349987599783354913e-09
-2.328964181045329025e-09
-2.290820413210992014e-09
-2.271239460758240671e-09
-2.238235250957044301e-09
-2.213752458201420590e-09
-2.190502799982369366e-09
-2.158934960342695011e-09
-2.140776776423429283e-09
-2.104172461131003619e-09
-2.082811691543473578e-09
-2.051852194641379629e-09
-2.020503339761661340e-09
-2.001814559630944460e-09
-1.968804953633665455e-09
-1.950649089316951432e-09
-1.917980408134489338e-09
-1.889657602607435343e-09
-1.873170038435636261e-09
-1.846268120727593004e-09
-1.833792874612556272e-09
-1.805279756446767883e-09
-1.781349537621116729e-09
-1.761944011118668611e-09
-1.732843951792675752e-09
-1.718052932671847249e-09
-1.693255676829037441e-09
-1.671094470732361234e-09
-1.655640378251941669e-09
-1.630166141476575437e-09
-1.616482093995004622e-09
-1.592958044360605439e-09
-1.569074833962989279e-09
-1.561675860125000114e-09
-1.544223834299688928e-09
-1.534232761439063354e-09
-1.517600192704615109e-09
-1.497593166461171881e-09
-1.487303153152559430e-09
-1.469535255313091927e-09
-1.454264419221896369e-09
-1.445484983740536695e-09
-1.431001150487247716e-09
-1.423213522381303528e-09
-1.410340865509822160e-09
-1.396306864326915798e-09
-1.390084169544924091e-09
-1.378826514592548790e-09
-1.369085010864354291e-09
-1.365128590517227295e-09
-1.357093689577730307e-09
-1.352422150590517241e-09
-1.346031670196574663e-09
-1.338115885194500456e-09
-1.334464379129648864e-09
-1.329599949699888559e-09
-1.324471182226842134e-09
-1.323461447981333280e-09
-1.320763912406204443e-09
-1.318463263336176430e-09
-1.317739655742968099e-09
-1.315811888340478172e-09
-1.314626761502518864e-09
-1.315245012835072508e-09
-1.315772408170126227e-09
-1.316222390991836008e-09
-1.318385768530335395e-09
-1.320534036053429268e-09
-1.321663058231478697e-09
-1.325301569893233035e-09
-1.328691862738865011e-09
-1.331499861581035593e-09
-1.337577509804614686e-09
-1.343335818648397867e-09
-1.347482833454077705e-09
-1.354544241033518775e-09
-1.361129504712943099e-09
-1.365399519027514765e-09
-1.373238193983612813e-09
-1.379988037506627271e-09
-1.384527849811431060e-09
-1.393152513523144939e-09
-1.400105394351848670e-09
-1.405514681986488719e-09
-1.415407343829176546e-09
-1.423208427159002408e-09
-1.429457937405065420e-09
-1.439923886371081194e-09
-1.448502230909386980e-09
-1.456565694817056620e-09
-1.469124582913657807e-09
-1.479642391941271682e-09
-1.486958453802973127e-09
-1.498326886390699074e-09
-1.508127118044940253e-09
-1.514435906482849514e-09
-1.526007388002454300e-09
-1.536469713434829361e-09
-1.541239212627060631e-09
-1.551742732195887236e-09
-1.561790420770564908e-09
-1.566293424708981970e-09
-1.577182256847267956e-09
-1.587804938815541594e-09
-1.592877514321831403e-09
-1.603201671719239069e-09
-1.613515959603250493e-09
-1.619298611705460094e-09
-1.629919276125119974e-09
-1.640873949034943639e-09
-1.647266344393306027e-09
-1.654902381744050761e-09
-1.663649454802937341e-09
-1.669420129678755073e-09
-1.674842729135783348e-09
-1.682630136690677650e-09
-1.689013236893384141e-09
-1.692537981772564845e-09
-1.699104887730059155e-09
-1.705484727134631434e-09
-1.707988763769125048e-09
-1.712881225022573305e-09
-1.717883029744802912e-09
-1.720575059090144737e-09
-1.724540513400096874e-09
-1.728766996199132685e-09
-1.732122449889907602e-09
-1.734638348126838967e-09
-1.737688654712553630e-09
-1.740656797094643984e-09
-1.741290490603172454e-09
-1.741604207995330682e-09
-1.742090979233530258e-09
-1.742421061204914949e-09
-1.741925335681669413e-09
-1.741493135604438407e-09
-1.741745890456376224e-09
-1.740494779485570636e-09
-1.738242734710702545e-09
-1.736418899543043248e-09
-1.735070957337336237e-09
-1.730340512792392011e-09
-1.725742387169014653e-09
-1.724018608336880400e-09
-1.719685856802142135e-09
-1.714551547836795847e-09
-1.710728219298788734e-09
-1.707560893744004823e-09
-1.700209144756398909e-09
-1.693199273352664104e-09
-1.690083004400241185e-09
-1.681279236434628774e-09
-1.671746378862685331e-09
-1.664870736528142901e-09
-1.661115264675290507e-09
-1.652753789992807906e-09
-1.644727267863992602e-09
-1.642673712789564106e-09
-1.631899459487920600e-09
-1.620044922393377948e-09
-1.610751633217701013e-09
-1.604472002125401457e-09
-1.591314758791962340e-09
-1.578338108493724999e-09
-1.572222787898276747e-09
-1.561773853990041406e-09
-1.548780857817064580e-09
-1.536749697501977416e-09
-1.531778189397893640e-09
-1.517111749746207221e-09
-1.502125498700530768e-09
-1.492271388701415614e-09
-1.482486894074135126e-09
-1.466639433377927232e-09
-1.451387829234207088e-09
-1.447026373716197076e-09
-1.435477787609522650e-09
-1.422322385646494259e-09
-1.410622622375645682e-09
-1.406271874202256804e-09
-1.389695849809298462e-09
-1.372720058834980059e-09
-1.361247675010315058e-09
-1.351403453971147472e-09
-1.334825162057669034e-09
-1.318587521180445680e-09
-1.310608820609234447e-09
-1.298198669819789392e-09
-1.282215317094529526e-09
-1.267070753798306750e-09
-1.261629904624903170e-09
-1.245723538653390667e-09
-1.228809630668657057e-09
-1.213397606237017534e-09
-1.208349277597124659e-09
-1.193702521396870013e-09
-1.178309057968742188e-09
-1.167003412083075592e-09
-1.161846040582782877e-09
-1.148380414254806435e-09
-1.134737333993236999e-09
-1.126152829630011083e-09
-1.117869498635903517e-09
-1.102626356323525524e-09
-1.087576060789159160e-09
-1.078767162841342608e-09
-1.069547996089539715e-09
-1.055678353905815030e-09
-1.042168932955219495e-09
-1.035205643886163175e-09
-1.025846140759722068e-09
-1.012843311098092654e-09
-1.000276113966301077e-09
-9.941933306954876721e-10
-9.847349544139564097e-10
-9.721965420234644205e-10
-9.600851496875319500e-10
-9.553292142247799437e-10
-9.479695651847760301e-10
-9.381390897996222260e-10
-9.286757911449956095e-10
-9.253418078390565446e-10
-9.184849370159663090e-10
-9.091961274980124810e-10
-9.002624903550521602e-10
-8.960840641844548041e-10
-8.897057216221402470e-10
-8.809897628997691537e-10
-8.725028607221272869e-10
-8.680659230597480176e-10
-8.634498517572566049e-10
-8.566565946985967335e-10
-8.499896096581818787e-10
-8.461572630539151466e-10
-8.427946298875040464e-10
-8.371430747200163345e-10
-8.314861581786507025e-10
-8.276430478877157115e-10
-8.252165988112201969e-10
-8.205073081750534566e-10
-8.156203281268700208e-10
-8.118577620553837379e-10
-8.112429936453681724e-10
-8.086560303084680306e-10
-8.058840460719794825e-10
-8.032336558140852818e-10
-8.030913510448641313e-10
-8.008140361404380800e-10
-7.983233873132034211e-10
-7.958713297365250799e-10
-7.947899410549869226e-10
-7.938944237273838682e-10
-7.926721797195584813e-10
-7.914046002568610818e-10
-7.908886744848267830e-10
-7.916408856451353040e-10
-7.925258199998972677e-10
-7.933697678524988508e-10
-7.940328677533314050e-10
-7.949710648140691174e-10
-7.963619552163514168e-10
-7.977207797214436947e-10
-7.989325962949384595e-10
-7.994759559398827167e-10
-8.019121182160865832e-10
-8.043990766767873822e-10
-8.067409511436544768e-10
-8.079820782486703529e-10
-8.100909875162501140e-10
-8.132077127681144881e-10
-8.163171212956592347e-10
-8.186615732488424402e-10
-8.199517297826203471e-10
-8.236490848303571493e-10
-8.274588812036209235e-10
-8.309808910204522861e-10
-8.324852359563132851e-10
-8.360997633807333860e-10
-8.404477508630926944e-10
-8.447071403916324352e-10
-8.478584578928664446e-10
-8.504593307881882399e-10
-8.551233438002732159e-10
-8.599189353024628052e-10
-8.644413219868032024e-10
-8.663071106995990963e-10
-8.701618613230781146e-10
-8.746699839580776913e-10
-8.791048571177145214e-10
-8.822311314083174179e-10
-8.841504078913263242e-10
-8.882575030168856035e-10
-8.925424175739396757e-10
-8.965937683563609432e-10
-8.979693198120187828e-10
-9.009430221062073982e-10
-9.048812383036017914e-10
-9.087881781063509134e-10
-9.119165723367879322e-10
-9.131746605974449885e-10
-9.165898774437695627e-10
-9.202019280685614990e-10
-9.237018446278795395e-10
-9.257931792684976788e-10
-9.279321571534959699e-10
-9.311159674833542962e-10
-9.343663611096124043e-10
-9.374905916810706574e-10
-9.388381299407872891e-10
-9.410551715937090814e-10
-9.436528421707853626e-10
-9.462432564500175823e-10
-9.484128773264151999e-10
-9.491602807468457252e-10
-9.504894865474042633e-10
-9.519731390231169637e-10
-9.534665078502766820e-10
-9.543969621796608620e-10
-9.548718362436145979e-10
-9.556828862098549211e-10
-9.565508112254962637e-10
-9.574511425432151304e-10
-9.580222402881603781e-10
-9.579852578144363063e-10
-9.578420580484598173e-10
-9.577113046896779373e-10
-9.577578688117718342e-10
-9.578230770665420726e-10
-9.567084698074926405e-10
-9.554141183330373631e-10
-9.541301896379071783e-10
-9.531752407735258555e-10
-9.532157532856478667e-10
-9.516663752325655154e-10
-9.500788744296901359e-10
-9.485421925863339883e-10
-9.474803074813994940e-10
-9.469979942287674016e-10
-9.442021045114196455e-10
-9.413312406100784141e-10
-9.385720503605459313e-10
-9.365866341294422135e-10
-9.352005487072345822e-10
-9.316012688983236787e-10
-9.278175410929379327e-10
-9.241690261526656618e-10
-9.218810646470875415e-10
-9.210162506085843155e-10
-9.177651064017406142e-10
-9.143449200399303503e-10
-9.110816248925550516e-10
-9.091331780291044062e-10
-9.078439965337366317e-10
-9.028698681265542465e-10
-8.976898026691589812e-10
-8.927290971361616496e-10
-8.892883815633911662e-10
-8.872521006797456558e-10
-8.819368406011849868e-10
-8.763369765710614104e-10
-8.708835432841583364e-10
-8.668415732518833972e-10
-8.652516386739265467e-10
-8.599385159528515080e-10
-8.543109501613901885e-10
-8.487787691022954574e-10
-8.442663932016135917e-10
-8.429709573514110763e-10
-8.370285774268491872e-10
-8.306576838631727314e-10
-8.243065965580979265e-10
-8.185567013173287560e-10
-8.173447492010944439e-10
-8.119934932127169123e-10
-8.055737885221862792e-10
-7.991540838316556460e-10
-7.932281916044070246e-10
-7.920308368674479153e-10
-7.884049928705454258e-10
-7.829534767620888249e-10
-7.774060163534442280e-10
-7.722469410781725557e-10
-7.699962583353851633e-10
-7.668031806962383139e-10
-7.603307243800361165e-10
-7.536211880263440144e-10
-7.471823157984654225e-10
-7.426803848464100575e-10
-7.403453307922703985e-10
-7.343990038633799923e-10
-7.280340794245830725e-10
-7.217188730335677442e-10
-7.159804708116282395e-10
-7.149243558493862874e-10
-7.099779580108509401e-10
-7.040955002829394975e-10
-6.982119057917850562e-10
-6.927005465811453438e-10
-6.902384007581556924e-10
-6.867789893627095837e-10
-6.810546441007239305e-10
-6.751010566737421915e-10
-6.693312277731772679e-10
-6.652787429400142130e-10
-6.639741860347292897e-10
-6.595177774210157164e-10
-6.545947950717024651e-10
-6.496718127223884900e-10
-6.451296591074204819e-10
-6.445165960444523118e-10
-6.416578344851469747e-10
-6.374094707240614761e-10
-6.330664876234025093e-10
-6.289302725499022994e-10
-6.263629578967789852e-10
-6.249144365749618882e-10
-6.208579088223801438e-10
-6.164783924325346834e-10
-6.121041943665165068e-10
-6.080579150225800501e-10
-6.069714580866812132e-10
-6.045181413760397475e-10
-6.011585770261166454e-10
-5.977150519850686065e-10
-5.943716697291399988e-10
-5.921078152608624923e-10
-5.912322000220262819e-10
-5.885491882920802878e-10
-5.855901392040264764e-10
-5.826310901159777314e-10
-5.798441934697065701e-10
-5.788210615861073885e-10
-5.774194257109180823e-10
-5.751282532092536907e-10
-5.726950167714599323e-10
-5.702960898342293242e-10
-5.682800048265644698e-10
-5.682744126431261344e-10
-5.671976159188671629e-10
-5.658121674408131815e-10
-5.644198364904568241e-10
-5.630734934397694036e-10
-5.623759761614120741e-10
-5.621929536621302062e-10
-5.612445443426647950e-10
-5.601678813160300925e-10
-5.590912182893992157e-10
-5.580597675061110889e-10
-5.576625432874984005e-10
-5.573483282962242963e-10
-5.568138147761131236e-10
-5.562091011112415775e-10
-5.556025156854687122e-10
-5.549833194558161599e-10
-5.550394908432160061e-10
-5.551466415519997078e-10
-5.551915076812708074e-10
-5.552141455947938836e-10
-5.552230620597852477e-10
-5.552458434487637123e-10
-5.554987402825436659e-10
-5.558187740870412460e-10
-5.561068939501104978e-10
-5.563924459625218494e-10
-5.566600495584788384e-10
-5.568802347205763797e-10
-5.570606288229580242e-10
-5.575738441508474378e-10
-5.580654240545999820e-10
-5.585570039583276074e-10
-5.590107739555808257e-10
-5.593531345570066732e-10
-5.596639920794796363e-10
-5.604623758357314664e-10
-5.612936505082392668e-10
-5.621249251807580273e-10
-5.629026545624381325e-10
-5.634134289998458906e-10
-5.637651014770125618e-10
-5.645776408451490029e-10
-5.654384308885451092e-10
-5.662992209319501077e-10
-5.671141284617659500e-10
-5.676215414778029200e-10
-5.679343644573424569e-10
-5.687092662563474815e-10
-5.695113556264168145e-10
-5.703134449964778757e-10
-5.710782554309434582e-10
-5.716851500313934920e-10
-5.722032347028133271e-10
-5.731589097328264707e-10
-5.741848073476651140e-10
-5.752107049625184398e-10
-5.762126892480165240e-10
-5.769776877945153762e-10
-5.773560600613246736e-10
-5.778245191830679998e-10
-5.783627120832287631e-10
-5.789009049833837361e-10
-5.794474956473339775e-10
-5.798958361241385447e-10
-5.799877178812499186e-10
-5.803289040327081059e-10
-5.807338849521204672e-10
-5.811449382987838571e-10
-5.815567713177353081e-10
-5.819574178319957095e-10
-5.821508787910450243e-10
-5.823146490919386616e-10
-5.825022860565511263e-10
-5.827040741723164825e-10
-5.829104977166334321e-10
-5.831597622339280576e-10
-5.833130371100157341e-10
-5.831897235411058390e-10
-5.828426904498357216e-10
-5.824979079089967030e-10
-5.821531253681607862e-10
-5.819019142445389213e-10
-5.818210110680295655e-10
-5.817151517500805369e-10
-5.811997831702274670e-10
-5.806698076786686780e-10
-5.801398321871105093e-10
-5.796688583584761151e-10
-5.793692956988413678e-10
-5.794198924975174632e-10
-5.785939793241406154e-10
-5.776747492750068982e-10
-5.767503849134194783e-10
-5.758543042929275417e-10
-5.750877282962168493e-10
-5.748605390605498279e-10
-5.740633300830601288e-10
-5.727198766071775243e-10
-5.713314532746142552e-10
-5.699430299420599817e-10
-5.686941355682192546e-10
-5.679940508995084257e-10
-5.676802059208544032e-10
-5.662680049136373342e-10
-5.647330861843480649e-10
-5.631981674550651028e-10
-5.617251554742259635e-10
-5.604041620937358584e-10
-5.604425023316452863e-10
-5.593281907134689964e-10
-5.575475455966048709e-10
-5.557040197472181268e-10
-5.538604938978473060e-10
-5.522201978379966303e-10
-5.513356932480758547e-10
-5.508750247761136725e-10
-5.487462969463206505e-10
-5.464464012317010903e-10
-5.441465055170963161e-10
-5.419178000772127068e-10
-5.398781478187407829e-10
-5.393924768517300333e-10
-5.379817259141293605e-10
-5.357164793829307300e-10
-5.333406872499434587e-10
-5.309648951169460545e-10
-5.287444715696139184e-10
-5.271939581358536504e-10
-5.268245755247453450e-10
-5.246555388141866620e-10
-5.222285491980950469e-10
-5.197639908650095075e-10
-5.173046722714485935e-10
-5.150779471569612216e-10
-5.140117160609538013e-10
-5.129776569356138187e-10
-5.105182898304973995e-10
-5.078155893340371064e-10
-5.051128888375696789e-10
-5.024851535594993069e-10
-5.000165236965523909e-10
-4.997802580942495136e-10
-4.986557891637717631e-10
-4.966453583978517033e-10
-4.944872151368559125e-10
-4.923290718758714954e-10
-4.902897415626588961e-10
-4.887285136298345920e-10
-4.887347849475419033e-10
-4.870249329849870982e-10
-4.846936668013215429e-10
-4.822771973516332554e-10
-4.798607279019200489e-10
-4.776371313569081646e-10
-4.761274032473092396e-10
-4.756700768814459766e-10
-4.735748638954907598e-10
-4.712058651716423082e-10
-4.687819671118512206e-10
-4.663580690520411078e-10
-4.641062598626769030e-10
-4.628405642286526420e-10
-4.623761381531842760e-10
-4.606121272063024310e-10
-4.586613063528377809e-10
-4.566879922222715790e-10
-4.547146780917022235e-10
-4.528910664884908977e-10
-4.519805053162817615e-10
-4.514691380683620310e-10
-4.496758929557964173e-10
-4.476861588122333548e-10
-4.456867377952678403e-10
-4.436930286164351661e-10
-4.418531022199662711e-10
-4.409293695013525541e-10
-4.403747257445966652e-10
-4.388763573892016336e-10
-4.371426734117791304e-10
-4.353993121166848184e-10
-4.336583271349680123e-10
-4.320280427668194860e-10
-4.314105081955385390e-10
-4.313432245482896187e-10
-4.303778605559865504e-10
-4.292716113296325991e-10
-4.281522032233965918e-10
-4.270327951171637898e-10
-4.260089437578284214e-10
-4.255123864188106240e-10
-4.254603005954341141e-10
-4.243246901774113659e-10
-4.230700028159279129e-10
-4.217882572720008899e-10
-4.205065117280688003e-10
-4.193139680503571922e-10
-4.185025716529986256e-10
-4.182677843596170369e-10
-4.175252023363983423e-10
-4.166337249679590928e-10
-4.156981038575300955e-10
-4.147624827471043035e-10
-4.138588704831861164e-10
-4.131343481277986309e-10
-4.130644696024230590e-10
-4.126293642565330796e-10
-4.119838573697676270e-10
-4.112816864789715968e-10
-4.105795155881708104e-10
-4.098971212026400051e-10
-4.092418182924062555e-10
-4.091762092330876107e-10
-4.089433522271566771e-10
-4.084423471566667977e-10
-4.078683577086062986e-10
-4.072943682605396991e-10
-4.067258346032776193e-10
-4.061922096673168930e-10
-4.059952095453060627e-10
-4.059354266067548465e-10
-4.056147683968208947e-10
-4.052251669926906326e-10
-4.048252178268088573e-10
-4.044252686609324587e-10
-4.040462092330075687e-10
-4.038084353993021900e-10
-4.038815095993186854e-10
-4.037733804179863106e-10
-4.035866260981535130e-10
-4.033775427997843876e-10
-4.031684595014232755e-10
-4.029685637180416624e-10
-4.027827882923233644e-10
-4.028095273003753572e-10
-4.027744889483619534e-10
-4.025683149693145741e-10
-4.023297936879040495e-10
-4.020912724065122916e-10
-4.018527511251099872e-10
-4.016441176334528843e-10
-4.015219422183247292e-10
-4.015128703894860635e-10
-4.013569840131112405e-10
-4.011546565939480481e-10
-4.009354703353507522e-10
-4.007162840767480796e-10
-4.005083822903591147e-10
-4.003156128974825317e-10
-4.003700720239712020e-10
-4.003855436862074961e-10
-4.002656682046151813e-10
-4.001299924532924819e-10
-3.999943167019777441e-10
-3.998586409506651777e-10
-3.997515612960071562e-10
-3.996898664753288491e-10
-3.997132900456579217e-10
-3.994915323827408257e-10
-3.991673440787654253e-10
-3.988256320680055357e-10
-3.984839200572513330e-10
-3.981542347132438416e-10
-3.978646623343328322e-10
-3.977680770355449411e-10
-3.977401161971618112e-10
-3.974831148393448024e-10
-3.972016840957320924e-10
-3.969127801946149749e-10
-3.966238762935008043e-10
-3.963586440424475302e-10
-3.961131543524508937e-10
-3.961962281519658542e-10
-3.961068113228140489e-10
-3.957182296394625547e-10
-3.953058139761109497e-10
-3.948933983127469370e-10
-3.944809826493880426e-10
-3.941281424704588575e-10
-3.938579620636984103e-10
-3.938136309723945440e-10
-3.934334767998164136e-10
-3.928188841883131941e-10
-3.921652792877979745e-10
-3.915116743872887520e-10
-3.908580694867769962e-10
-3.902881307214069049e-10
-3.899372874618432579e-10
-3.898939870023922498e-10
-3.894570429702685931e-10
-3.888873264073281435e-10
-3.882919358448842389e-10
-3.876965452824320624e-10
-3.871112956208841970e-10
-3.865910035081503339e-10
-3.863236022116859250e-10
-3.862708519160248327e-10
-3.855746688068618249e-10
-3.847680784845736684e-10
-3.839351434065876685e-10
-3.831022083285991354e-10
-3.822904921959464002e-10
-3.815575853787903724e-10
-3.811607308751500571e-10
-3.809825360924941754e-10
-3.801869708303033260e-10
-3.793013830464135711e-10
-3.783776352841101235e-10
-3.774538875218095711e-10
-3.765507294984187205e-10
-3.757170061519412521e-10
-3.753914388412966551e-10
-3.753905819921705501e-10
-3.747182140872827436e-10
-3.739534540837753293e-10
-3.731534522251417100e-10
-3.723534503665154318e-10
-3.715710901848350962e-10
-3.708667992105463671e-10
-3.705602362341868433e-10
-3.705746743310916447e-10
-3.697404756248870834e-10
-3.687303293003194553e-10
-3.676743768659318283e-10
-3.666184244315461140e-10
-3.655723426405930993e-10
-3.646421420041205512e-10
-3.640415415367646290e-10
-3.638688841513811945e-10
-3.631124487334838142e-10
-3.621098482570369339e-10
-3.610423526459778478e-10
-3.599748570349241385e-10
-3.589073614238752371e-10
-3.579296675765334811e-10
-3.571688635108526735e-10
-3.570166452119083901e-10
-3.564399339511324309e-10
-3.554872683632623935e-10
-3.544505996002215794e-10
-3.534139308371883650e-10
-3.523772620741430531e-10
-3.514050240778542406e-10
-3.504725459542818200e-10
-3.503222591290624872e-10
-3.499452667925415050e-10
-3.489934719894131634e-10
-3.479589579698848216e-10
-3.469112848882184625e-10
-3.458636118065498287e-10
-3.448523757762753340e-10
-3.438986953432324421e-10
-3.434868760689149508e-10
-3.433003637634872167e-10
-3.424012766258109514e-10
-3.414079695455193818e-10
-3.403554731347133086e-10
-3.393029767239037199e-10
-3.382531321707819519e-10
-3.372852419955198985e-10
-3.366460964347089419e-10
-3.366532549720736010e-10
-3.362673112432130441e-10
-3.355853572429964053e-10
-3.348229727033948144e-10
-3.340605881637960670e-10
-3.332982036241992323e-10
-3.325817666798584548e-10
-3.318945573276597769e-10
-3.318342620870899411e-10
-3.317308093565848923e-10
-3.309244850588141478e-10
-3.300599779763849974e-10
-3.291683527152677199e-10
-3.282767274541453241e-10
-3.273963846484442610e-10
-3.265937649152528409e-10
-3.260415916448462630e-10
-3.258549289952032441e-10
-3.253314628851663159e-10
-3.245897462830523224e-10
-3.237677848296070667e-10
-3.229458233761723577e-10
-3.221238619227350637e-10
-3.213352807081091666e-10
-3.205711189877645422e-10
-3.203849707521788501e-10
-3.202834290870676225e-10
-3.197442162249536576e-10
-3.191641424887101315e-10
-3.185535963776371943e-10
-3.179430502665668421e-10
-3.173325041554968001e-10
-3.167690119731810535e-10
-3.163135948659364134e-10
-3.162428958996483637e-10
-3.159586004705461698e-10
-3.153624230133005408e-10
-3.146938291018960188e-10
-3.140189425718623096e-10
-3.133440560418308234e-10
-3.126855383587399899e-10
-3.120685660040442935e-10
-3.117348973303425864e-10
-3.116598627799138813e-10
-3.113390183396068809e-10
-3.108972131801293260e-10
-3.103954496437815251e-10
-3.098936861074356370e-10
-3.093919225710903693e-10
-3.089105759453587161e-10
-3.084469030449436510e-10
-3.083769402093117371e-10
-3.084294808956403533e-10
-3.081055541517775501e-10
-3.077311697197095103e-10
-3.073287862430446088e-10
-3.069264027663762435e-10
-3.065240192897088605e-10
-3.061548772286778689e-10
-3.057984978605371602e-10
-3.057472334116668041e-10
-3.056827499900167788e-10
-3.052453614609496630e-10
-3.047767228826768976e-10
-3.042838498772148554e-10
-3.037909768717576211e-10
-3.032981038662902022e-10
-3.028456689567907673e-10
-3.024171977298672904e-10
-3.023684628484242805e-10
-3.022728244705697723e-10
-3.019567286552242211e-10
-3.016130171712285931e-10
-3.012539778808769210e-10
-3.008949385905249388e-10
-3.005358993001780230e-10
-3.002062597071337856e-10
-2.999046733057724534e-10
-2.998892100270763428e-10
-2.998031282807770860e-10
-2.994325406741558823e-10
-2.990348941805118460e-10
-2.986229821086983319e-10
-2.982110700368838356e-10
-2.977991579650677366e-10
-2.974264120712009645e-10
-2.970740978527322940e-10
-2.970159975035768635e-10
-2.969124530217790965e-10
-2.965587253177160557e-10
-2.961769451313330096e-10
-2.957762962132236578e-10
-2.953756472951130653e-10
-2.949749983770062468e-10
-2.946047732906888755e-10
-2.942426087223014680e-10
-2.942269597533949488e-10
-2.942177996115957563e-10
-2.939086645235548961e-10
-2.935803899148712385e-10
-2.932306846684678519e-10
-2.928809794220561935e-10
-2.925312741756397788e-10
-2.922077977597548522e-10
-2.918993735559010581e-10
-2.918485993147044358e-10
-2.918708255004337246e-10
-2.915580432881515851e-10
-2.911780358149716394e-10
-2.907699002998232856e-10
-2.903617647846727088e-10
-2.899536292695294215e-10
-2.895669066091210938e-10
-2.892109630867378447e-10
-2.890303964348800015e-10
-2.889992586403421823e-10
-2.887429842773028329e-10
-2.883372882216774196e-10
-2.878921419804264085e-10
-2.874469957391779824e-10
-2.870018494979238177e-10
-2.865624432728159907e-10
-2.861673353169099260e-10
-2.858501336584046897e-10
-2.857936003095430956e-10
-2.856345761616798745e-10
-2.852081218645149806e-10
-2.847517613599905545e-10
-2.842808781525203458e-10
-2.838099949450574784e-10
-2.833391117375898029e-10
-2.829046930997830703e-10
-2.824825489569906742e-10
-2.823807991874270947e-10
-2.823359653313992574e-10
-2.819528260148873471e-10
-2.815139481464995512e-10
-2.810469796254311795e-10
-2.805800111043723720e-10
-2.801130425833091185e-10
-2.796615384173817818e-10
-2.792444439441382862e-10
-2.789585882396492399e-10
-2.788724376053292926e-10
-2.786142839552873199e-10
-2.781122379868732601e-10
-2.775633874754510014e-10
-2.770017211238835621e-10
-2.764400547723161228e-10
-2.758783884207544221e-10
-2.753591132315884619e-10
-2.748504428771173214e-10
-2.747795726269851637e-10
-2.747730990500512355e-10
-2.744473829798059504e-10
-2.740640797659655934e-10
-2.736431387483455827e-10
-2.732221977307259339e-10
-2.728012567131049926e-10
-2.723903289331753402e-10
-2.720155138177045309e-10
-2.717523560888619533e-10
-2.717847001947432508e-10
-2.716809896703972724e-10
-2.711917381096168158e-10
-2.706760767949772556e-10
-2.701433410793965628e-10
-2.696106053638263132e-10
-2.690778696482430355e-10
-2.685812144326293232e-10
-2.681127833397982761e-10
-2.678595752498552935e-10
-2.677478286104174090e-10
-2.674023982375509983e-10
-2.668839830385883298e-10
-2.663113007823189212e-10
-2.657331529745341339e-10
-2.651550051667522418e-10
-2.645768573589738652e-10
-2.640396796518706183e-10
-2.635108137589418057e-10
-2.633904828240000141e-10
-2.633373760356501687e-10
-2.630015491402965064e-10
-2.625953097543111216e-10
-2.621508359505711620e-10
-2.617063621468327534e-10
-2.612618883430911394e-10
-2.608185502480929599e-10
-2.604157010063705676e-10
-2.600267091466481231e-10
-2.599739858051681487e-10
-2.599212624636932926e-10
-2.594291474303282104e-10
-2.589130733374384023e-10
-2.583602785985174850e-10
-2.578074838596012722e-10
-2.572546891206787521e-10
-2.567098227552182244e-10
-2.562104721172171288e-10
-2.557695191927570963e-10
-2.556716338206096579e-10
-2.555511567819273520e-10
-2.551298481922204810e-10
-2.546858988119994947e-10
-2.542026038474257500e-10
-2.537193088828510747e-10
-2.532360139182722635e-10
-2.527600907815209165e-10
-2.523148022654855292e-10
-2.519531621560896499e-10
-2.519837489850654135e-10
-2.519836752265591609e-10
-2.516506218738197645e-10
-2.513020115035684332e-10
-2.509265337098991342e-10
-2.505510559162269400e-10
-2.501755781225623972e-10
-2.498070563966783351e-10
-2.494741105371646532e-10
-2.491828423806847368e-10
-2.491706156772034911e-10
-2.491488709618332546e-10
-2.487139018737558018e-10
-2.482648930056720078e-10
-2.477818062687635100e-10
-2.472987195318562529e-10
-2.468156327949439293e-10
-2.463353298426528038e-10
-2.459014888251142942e-10
-2.454703270893682522e-10
-2.453986357244250001e-10
-2.453269443594786461e-10
-2.450102725111609296e-10
-2.446554784095542840e-10
-2.442642080554541278e-10
-2.438729377013600204e-10
-2.434816673472627076e-10
-2.430903969931702029e-10
-2.427271160919993516e-10
-2.423679321451257696e-10
-2.422645164382048699e-10
-2.422220598221277258e-10
-2.419693461787095437e-10
-2.416120319538586149e-10
-2.412169112342872784e-10
-2.408180747634463091e-10
-2.404192382926040990e-10
-2.400204018217621991e-10
-2.396441078886554203e-10
-2.392822070684770751e-10
-2.390838152149615472e-10
-2.390305564429176703e-10
-2.388746090389061198e-10
-2.385465440571827257e-10
-2.381929679490161941e-10
-2.378225947387084735e-10
-2.374522215284071636e-10
-2.370818483181004253e-10
-2.367202635401857893e-10
-2.363824464455562281e-10
-2.360990965267980244e-10
-2.360751992668873446e-10
-2.360510462439425659e-10
-2.357570800485511493e-10
-2.354539950341068904e-10
-2.351179541611375295e-10
-2.347819132881631023e-10
-2.344458724151950339e-10
-2.341098315422282064e-10
-2.338013315915195790e-10
-2.334976689374149850e-10
-2.334263660519212203e-10
-2.334374908629968181e-10
-2.332945866620501599e-10
-2.330251463092313372e-10
-2.327297841314520131e-10
-2.324258342986155402e-10
-2.321218844657816264e-10
-2.318179346329521587e-10
-2.315260046941703007e-10
-2.312562338153969866e-10
-2.310448539225904043e-10
-2.310368213359127779e-10
-2.310237681025791052e-10
-2.307241236907495922e-10
-2.304180299452778191e-10
-2.300870234538686231e-10
-2.297560169624567129e-10
-2.294250104710444925e-10
-2.290940039796384501e-10
-2.287908508244747806e-10
-2.284958974227334334e-10
-2.283526168355222150e-10
-2.282992879115168053e-10
-2.281446788653544801e-10
-2.278412764920047520e-10
-2.275169534668278819e-10
-2.271774554751682374e-10
-2.268379574835041468e-10
-2.264984594918406766e-10
-2.261624750266008471e-10
-2.258541653062308394e-10
-2.255458555858673457e-10
-2.255050925258873016e-10
-2.254779873366897942e-10
-2.252821531790535496e-10
-2.250179808714284026e-10
-2.247296001767250804e-10
-2.244376781031366978e-10
-2.241457560295422665e-10
-2.238538339559527465e-10
-2.235729796030519194e-10
-2.233108630759063222e-10
-2.230913101530151224e-10
-2.230490470121300808e-10
-2.230067838712383700e-10
-2.227051512837589048e-10
-2.223828370376578512e-10
-2.220255371784416347e-10
-2.216682373192207910e-10
-2.213109374600034371e-10
-2.209536376007861090e-10
-2.206153178243367795e-10
-2.202926550953060026e-10
-2.200774598845148444e-10
-2.200587161306126420e-10
-2.200222536510891710e-10
-2.197808229607556884e-10
-2.195321781613442092e-10
-2.192567204206642200e-10
-2.189812626799912100e-10
-2.187058049393172695e-10
-2.184303471986414162e-10
-2.181729587873686643e-10
-2.179256488801666608e-10
-2.177959139379086891e-10
-2.178215131675664403e-10
-2.178044672537444903e-10
-2.175241800147677053e-10
-2.172369316649016154e-10
-2.169296209082610189e-10
-2.166223101516205516e-10
-2.163149993949797741e-10
-2.160076886383453815e-10
-2.157253871934211619e-10
-2.154563976363162659e-10
-2.152803836224530233e-10
-2.152303594738353663e-10
-2.151484634918156390e-10
-2.148229846622591044e-10
-2.144894305181900037e-10
-2.141271643503170439e-10
-2.137648981824491506e-10
-2.134026320145745881e-10
-2.130403658467057643e-10
-2.126979616077956981e-10
-2.123699772832206371e-10
-2.121402767874649133e-10
-2.121062520443720227e-10
-2.120704932970540686e-10
-2.118142657628845516e-10
-2.115553239625622510e-10
-2.112711513594424009e-10
-2.109869787563222406e-10
-2.107028061532027007e-10
-2.104186335500787147e-10
-2.101460471635725802e-10
-2.098893595110220850e-10
-2.096685951370820850e-10
-2.096373095385911554e-10
-2.096060239400986490e-10
-2.093397600228277694e-10
-2.090201801796442610e-10
-2.086730040222056286e-10
-2.083224099856100489e-10
-2.079718159490168732e-10
-2.076212219124235424e-10
-2.072768949807126601e-10
-2.069614097056173817e-10
-2.066459244305194149e-10
-2.065529455636096310e-10
-2.064849496069165821e-10
-2.062981914772034911e-10
-2.060089709270977827e-10
-2.056955150201707220e-10
-2.053656902293504466e-10
-2.050358654385301454e-10
-2.047060406477099993e-10
-2.043762158568897240e-10
-2.040691560792109998e-10
-2.037661264505695553e-10
-2.036401761450154942e-10
-2.036575164304519809e-10
-2.036340420860953808e-10
-2.034147452137020249e-10
-2.031891898716877265e-10
-2.029411433943535941e-10
-2.026930969170194618e-10
-2.024450504396877076e-10
-2.021970039623532650e-10
-2.019612951429971142e-10
-2.017416661049740906e-10
-2.015488749075221588e-10
-2.015533513031207428e-10
-2.015578276987257116e-10
-2.013462502590915292e-10
-2.010512009713568114e-10
-2.007325525385484110e-10
-2.004061047637808205e-10
-2.000796569890119375e-10
-1.997532092142416328e-10
-1.994267614394673473e-10
-1.991337175254575225e-10
-1.988431286526609915e-10
-1.986976426775824835e-10
-1.986491109486652658e-10
-1.985629210957742122e-10
-1.983082733777856800e-10
-1.980477794389156503e-10
-1.977635965846151248e-10
-1.974794137303141082e-10
-1.971952308760073789e-10
-1.969110480217117648e-10
-1.966352674283665635e-10
-1.963757201159590469e-10
-1.961161728035486610e-10
-1.960816715949854035e-10
-1.960491747047810808e-10
-1.958935651834976545e-10
-1.956396270427908613e-10
-1.953694029657876459e-10
-1.950861756628346016e-10
-1.948029483598764908e-10
-1.945197210569196466e-10
-1.942364937539667832e-10
-1.939708266408876756e-10
-1.937141226416240556e-10
-1.935233250770748229e-10
-1.934906182159267911e-10
-1.934579113547741581e-10
-1.932498596195544346e-10
-1.930085127441238029e-10
-1.927443412892133517e-10
-1.924753357253692509e-10
-1.922063301615224360e-10
-1.919373245976856247e-10
-1.916683190338402573e-10
-1.914217819579154587e-10
-1.911779125384096271e-10
-1.910414043474233824e-10
-1.910088968503705732e-10
-1.909691191026352289e-10
-1.907312256510163966e-10
-1.904931737176721059e-10
-1.902223415192262247e-10
-1.899515093207803177e-10
-1.896806771223366597e-10
-1.894098449238953797e-10
-1.891398993137173258e-10
-1.888938342309915914e-10
-1.886477691482669685e-10
-1.885611552528127040e-10
-1.885675251652947917e-10
-1.885464913763023303e-10
-1.883574228757177947e-10
-1.881659452204717961e-10
-1.879512804468560693e-10
-1.877366156732405236e-10
-1.875219508996292946e-10
-1.873072861260151706e-10
-1.870946880467102062e-10
-1.869037358883312445e-10
-1.867127837299602186e-10
-1.866526543896663723e-10
-1.866585319721049727e-10
-1.866281015209818875e-10
-1.863984960347572068e-10
-1.861667750294608595e-10
-1.859142899056639696e-10
-1.856618047818655029e-10
-1.854093196580695952e-10
-1.851568345342725502e-10
-1.849057079845531664e-10
-1.846819716684375019e-10
-1.844582353523278861e-10
-1.843418689510764736e-10
-1.842952380881561052e-10
-1.842343816846256586e-10
-1.840020640850938665e-10
-1.837697464855544229e-10
-1.835095574013085007e-10
-1.832493443716775783e-10
-1.829891313420399608e-10
-1.827289183124075907e-10
-1.824687052827722222e-10
-1.822293807035968349e-10
-1.819919865452656781e-10
-1.818531184227709264e-10
-1.818319082018634992e-10
-1.818106979809600270e-10
-1.816352166750411438e-10
-1.814438781715648056e-10
-1.812354175772896305e-10
-1.810230305270073568e-10
-1.808106434767204560e-10
-1.805982564264346667e-10
-1.803858693761502992e-10
-1.801880197607802920e-10
-1.799966742924788941e-10
-1.798403372960902601e-10
-1.798137735340703233e-10
-1.797872097720480084e-10
-1.796273114540963680e-10
-1.793937153404453285e-10
-1.791458374769076127e-10
-1.788855317343585151e-10
-1.786252259918066774e-10
-1.783649202492561322e-10
-1.781046145067044755e-10
-1.778537932905672466e-10
-1.776189142751174634e-10
-1.773840352596657933e-10
-1.773327297705793979e-10
-1.773074938710265099e-10
-1.772359405250177473e-10
-1.770496594723669581e-10
-1.768590591915326143e-10
-1.766461444903565468e-10
-1.764332297891815650e-10
-1.762203150880067641e-10
-1.760074003868338503e-10
-1.757944856856577828e-10
-1.756006842866664727e-10
-1.754076573329438442e-10
-1.753079541079694635e-10
-1.753248230187833272e-10
-1.753416919295983024e-10
-1.751884101214126570e-10
-1.750019465975795104e-10
-1.748014671806332207e-10
-1.745948410806816050e-10
-1.743882149807327035e-10
-1.741815888807802866e-10
-1.739749627808277145e-10
-1.737796563383210339e-10
-1.735979465209422880e-10
-1.734162367035571573e-10
-1.733811446024736011e-10
-1.733590363672536086e-10
-1.732779891789135482e-10
-1.730532875430618342e-10
-1.728252306964908954e-10
-1.725752826995827464e-10
-1.723253347026733309e-10
-1.720753867057639153e-10
-1.718254387088559215e-10
-1.715754907119477984e-10
-1.713466307302051254e-10
-1.711214328959848745e-10
-1.709550029638028747e-10
-1.709276702779109825e-10
-1.709003375920252941e-10
-1.707728262057069566e-10
-1.705911860026111785e-10
-1.703997862526155761e-10
-1.701975870438113375e-10
-1.699953878350070988e-10
-1.697931886261999909e-10
-1.695909894174008446e-10
-1.693916884399161706e-10
-1.692083686213605417e-10
-1.690250488028036462e-10
-1.689353787831226155e-10
-1.689138104505628793e-10
-1.688922421179991622e-10
-1.686992503395618708e-10
-1.684895021845949322e-10
-1.682640256524554709e-10
-1.680324277374728224e-10
-1.678008298224914406e-10
-1.675692319075099037e-10
-1.673376339925261437e-10
-1.671142256790152793e-10
-1.669055034139633297e-10
-1.666967811489150508e-10
-1.666184685370358553e-10
-1.665804836848840494e-10
-1.665308108591596813e-10
-1.663378286013939135e-10
-1.661448463436283266e-10
-1.659294851381100001e-10
-1.657107075899830207e-10
-1.654919300418549040e-10
-1.652731524937252105e-10
-1.650543749455983604e-10
-1.648443829242649197e-10
-1.646445082771436113e-10
-1.644446336300235695e-10
-1.644160544050669301e-10
-1.644175248711800084e-10
-1.643960285268522478e-10
-1.642355644086126351e-10
-1.640751002903697138e-10
-1.638950921838833953e-10
-1.637133178226695488e-10
-1.635315434614587267e-10
-1.633497691002467931e-10
-1.631679947390359710e-10
-1.629955154067055351e-10
-1.628333895669927148e-10
-1.626712637272810061e-10
-1.626486164743163276e-10
-1.626527177625670662e-10
-1.626359653397178403e-10
-1.624495648400196179e-10
-1.622631643403228172e-10
-1.620586381559009106e-10
-1.618513498848931707e-10
-1.616440616138867234e-10
-1.614367733428801209e-10
-1.612294850718736477e-10
-1.610310190134290822e-10
-1.608468174278019252e-10
-1.606626158421714337e-10
-1.605964850425566072e-10
-1.605744604836995601e-10
-1.605524359248474503e-10
-1.603770958611128825e-10
-1.601982383167382655e-10
-1.600050856216217567e-10
-1.598063391399246592e-10
-1.596075926582224952e-10
-1.594088461765238208e-10
-1.592100996948254567e-10
-1.590149937230514033e-10
-1.588352854718317343e-10
-1.586555772206096872e-10
-1.585558495691276563e-10
-1.585308868211217748e-10
-1.585059240731158933e-10
-1.583676069912984863e-10
-1.581905685692176082e-10
-1.580038943631689266e-10
-1.578063239695132955e-10
-1.576087535758589052e-10
-1.574111831822030932e-10
-1.572136127885460145e-10
-1.570160423948916500e-10
-1.568350714870274296e-10
-1.566559539501495555e-10
-1.565093777795117771e-10
-1.564891786610616245e-10
-1.564689795426128677e-10
-1.563884561770883342e-10
-1.562218848696351727e-10
-1.560532142134683818e-10
-1.558689523789836702e-10
-1.556846905445015437e-10
-1.555004287100155656e-10
-1.553161668755254774e-10
-1.551319050410418774e-10
-1.549566839351460664e-10
-1.547902754907605704e-10
-1.546238670463734717e-10
-1.545661367727407364e-10
-1.545371197100028156e-10
-1.545081026472633181e-10
-1.543330640752440286e-10
-1.541545946924301585e-10
-1.539599015424283057e-10
-1.537570746863047474e-10
-1.535542478301813700e-10
-1.533514209740605258e-10
-1.531485941179369675e-10
-1.529459657734932203e-10
-1.527613145826648540e-10
-1.525766633918363067e-10
-1.524439854878513106e-10
-1.524484605148142239e-10
-1.524529355417763359e-10
-1.524000489580126555e-10
-1.522739632828541015e-10
-1.521458827104879949e-10
-1.520017800828175154e-10
-1.518576774551494140e-10
-1.517135748274763753e-10
-1.515694721998058957e-10
-1.514253695721350801e-10
-1.512878457433843910e-10
-1.511596961881560375e-10
-1.510315466329267533e-10
-1.509952652346073392e-10
-1.510072926100964356e-10
-1.510193199855852218e-10
-1.508882599218214404e-10
-1.507210376282099370e-10
-1.505465185613881523e-10
-1.503631475319617379e-10
-1.501797765025351685e-10
-1.499964054731111323e-10
-1.498130344436858295e-10
-1.496296634142567268e-10
-1.494618000997751446e-10
-1.493002712969551505e-10
-1.491387424941310204e-10
-1.490949157931922775e-10
-1.490596877097172243e-10
-1.490174054668994480e-10
-1.488490375386934785e-10
-1.486806696104926013e-10
-1.484983790499179256e-10
-1.483097939115232884e-10
-1.481212087731248514e-10
-1.479326236347276552e-10
-1.477440384963314412e-10
-1.475554533579304451e-10
-1.473815458692348297e-10
-1.472092161520612724e-10
-1.470531750615012174e-10
-1.470379913256712958e-10
-1.470228075898412191e-10
-1.469830697533203376e-10
-1.468467678490860776e-10
-1.467104659448491292e-10
-1.465615314711214360e-10
-1.464098303839232220e-10
-1.462581292967288336e-10
-1.461064282095295080e-10
-1.459547271223311130e-10
-1.458030260351330799e-10
-1.456660378560356509e-10
-1.455291917209959466e-10
-1.454128143560507708e-10
-1.453965341735909982e-10
-1.453802539911302692e-10
-1.453272471374858942e-10
-1.451620904124644075e-10
-1.449969336874457642e-10
-1.448164824435195834e-10
-1.446332494059167881e-10
-1.444500163683166811e-10
-1.442667833307149973e-10
-1.440835502931134686e-10
-1.439003172555092516e-10
-1.437347032335382496e-10
-1.435696027250824507e-10
-1.434227647824508986e-10
-1.433987189610900518e-10
-1.433746731397343231e-10
-1.433292844570451650e-10
-1.431892865126089310e-10
-1.430492885681711202e-10
-1.428939478446001518e-10
-1.427338978548983769e-10
-1.425738478651958006e-10
-1.424137978754906652e-10
-1.422537478857893555e-10
-1.420936978960815318e-10
-1.419456652997145325e-10
-1.417998227292546336e-10
-1.416539801587942437e-10
-1.416619365925228739e-10
-1.416727221283761512e-10
-1.416816192456418873e-10
-1.415578681320575339e-10
-1.414341170184678038e-10
-1.413018272533842858e-10
-1.411632686371143406e-10
-1.410247100208482210e-10
-1.408861514045792321e-10
-1.407475927883089766e-10
-1.406090341720415904e-10
-1.404805116403389235e-10
-1.403583480958070022e-10
-1.402361845512782603e-10
-1.401983399487449579e-10
-1.401922620450315152e-10
-1.401861841413172712e-10
-1.400704648621995336e-10
-1.399153737140649348e-10
-1.397555073444228480e-10
-1.395833480708808916e-10
-1.394111887973389094e-10
-1.392390295238009080e-10
-1.390668702502606835e-10
-1.388947109767214155e-10
-1.387274418398657485e-10
-1.385734131945802209e-10
-1.384193845492892649e-10
-1.383134502890135970e-10
-1.382923203827969212e-10
-1.382711904765820032e-10
-1.382114185215231700e-10
-1.380794007052012175e-10
-1.379473828888808418e-10
-1.378021521677907244e-10
-1.376550116299105105e-10
-1.375078710920293143e-10
-1.373607305541484542e-10
-1.372135900162701531e-10
-1.370664494783867339e-10
-1.369303762379016643e-10
-1.367967694937297333e-10
-1.366631627495539766e-10
-1.366345358977887867e-10
-1.366191877479931051e-10
-1.366038395981996723e-10
-1.364816415973426768e-10
-1.363407783345413478e-10
-1.361944062607597127e-10
-1.360381390471404750e-10
-1.358818718335139220e-10
-1.357256046198913497e-10
-1.355693374062673558e-10
-1.354130701926430257e-10
-1.352606980658261889e-10
-1.351196811007405022e-10
-1.349786641356551516e-10
-1.348739563351675139e-10
-1.348527735602601528e-10
-1.348315907853518611e-10
-1.347829605827046956e-10
-1.346490019178723912e-10
-1.345150432530419997e-10
-1.343688038418613212e-10
-1.342180376020106250e-10
-1.340672713621556118e-10
-1.339165051223045795e-10
-1.337657388824509881e-10
-1.336149726426006021e-10
-1.334722193912867773e-10
-1.333352247307485794e-10
-1.331982300702143624e-10
-1.331406880596158647e-10
-1.331346123729546030e-10
-1.331285366862894897e-10
-1.330630549320002637e-10
-1.329435875715979507e-10
-1.328241202111943970e-10
-1.326886750751021580e-10
-1.325531010478416165e-10
-1.324175270205812559e-10
-1.322819529933183104e-10
-1.321463789660549254e-10
-1.320108049387932724e-10
-1.318862170377536639e-10
-1.317644408948623364e-10
-1.316426647519716552e-10
-1.316211041376539152e-10
-1.316248278097818068e-10
-1.316285514819116112e-10
-1.315462733969944665e-10
-1.314257174799825443e-10
-1.313031368639190147e-10
-1.311681969905288182e-10
-1.310332571171368641e-10
-1.308983172437465125e-10
-1.307633773703545584e-10
-1.306284374969643619e-10
-1.304934976235736744e-10
-1.303721530510267882e-10
-1.302523584283103668e-10
-1.301325638055921876e-10
-1.301109088206119562e-10
-1.301030078996192285e-10
-1.300951069786220547e-10
-1.299981825436081714e-10
-1.298710788144698209e-10
-1.297415543314504327e-10
-1.296007039303801010e-10
-1.294598535293085026e-10
-1.293190031282381709e-10
-1.291781527271703725e-10
-1.290373023261001959e-10
-1.288964519250279772e-10
-1.287684666249031239e-10
-1.286421478778906484e-10
-1.285158291308735716e-10
-1.284799024273742762e-10
-1.284609804982063708e-10
-1.284420585690354410e-10
-1.283502931156385920e-10
-1.282254171902968195e-10
-1.280991238653914132e-10
-1.279596567708985960e-10
-1.278201896764096045e-10
-1.276807225819210782e-10
-1.275412554874320867e-10
-1.274017883929411824e-10
-1.272623212984520357e-10
-1.271326357678994543e-10
-1.270060677831991808e-10
-1.268794997984965033e-10
-1.268313526500981698e-10
