-5.794911250126951322e-08
-5.710444715762088027e-08
-5.636299693047249387e-08
-5.592639758192657511e-08
-5.584570399588539273e-08
-5.573484203746251865e-08
-5.584529794092453130e-08
-5.628018921971248738e-08
-5.673675022338012456e-08
-5.773064457302886801e-08
-5.851891580638522460e-08
-5.983911965970697104e-08
-6.106996343403168791e-08
-6.269858299602046110e-08
-6.448346344982545706e-08
-6.629040834302725156e-08
-6.853172229973923659e-08
-7.076906251860860415e-08
-7.322219750034059383e-08
-7.575813616522257706e-08
-7.855873832878982585e-08
-8.146106367624701186e-08
-8.425891999754631888e-08
-8.740384432138248120e-08
-9.044838607426659246e-08
-9.386663763066643709e-08
-9.695820607352621180e-08
-1.004723891408865364e-07
-1.039222429656570264e-07
-1.073033850658689464e-07
-1.107820517798790820e-07
-1.143425873852784328e-07
-1.179115892035788188e-07
-1.215321877339717266e-07
-1.250926963235774149e-07
-1.286140793948975181e-07
-1.320593104426516537e-07
-1.354705432538663547e-07
-1.390114752411488001e-07
-1.424289935611843536e-07
-1.455958815031850250e-07
-1.488923988278641105e-07
-1.521132674132198578e-07
-1.553554388166299217e-07
-1.583296311507570949e-07
-1.612511628179563157e-07
-1.639309139136359844e-07
-1.669411045080283580e-07
-1.695611298413312080e-07
-1.719713644091410759e-07
-1.744969536968164110e-07
-1.767983449747139226e-07
-1.787888093648475793e-07
-1.810374846435438602e-07
-1.827713361156988149e-07
-1.847401873329671579e-07
-1.861998613232652126e-07
-1.879020491039524656e-07
-1.891225970218894616e-07
-1.904523104659801708e-07
-1.914079904608402451e-07
-1.924689761658666999e-07
-1.931395056159580434e-07
-1.938418537132170865e-07
-1.944404569695258749e-07
-1.945115380599486311e-07
-1.948625452921708661e-07
-1.946164372748237547e-07
-1.946725628684991824e-07
-1.944863723492693620e-07
-1.938341798202428581e-07
-1.933296482415101549e-07
-1.926590829894343905e-07
-1.918939527982742588e-07
-1.907092960317636882e-07
-1.896892184618510627e-07
-1.884667904020332782e-07
-1.871318109855269999e-07
-1.853860857568519505e-07
-1.837212219783206077e-07
-1.819822430595754297e-07
-1.800438864228714357e-07
-1.780180100272739674e-07
-1.757560649145465780e-07
-1.735348313268955255e-07
-1.712179924634270141e-07
-1.687605494670763242e-07
-1.662378594391062481e-07
-1.636098988684700752e-07
-1.609000746355502032e-07
-1.581624527936609336e-07
-1.553301008566576444e-07
-1.525007771816101193e-07
-1.495380299760189108e-07
-1.465773343089729197e-07
-1.436083030078402017e-07
-1.405924932720761752e-07
-1.375589632637646230e-07
-1.345120255579693403e-07
-1.313865071066571402e-07
-1.283443141377939188e-07
-1.253210838882691558e-07
-1.223179476913145063e-07
-1.193472039543489629e-07
-1.163848159018091090e-07
-1.134112462599322443e-07
-1.105553293770953775e-07
-1.077461568867527185e-07
-1.049936321944544477e-07
-1.023216079416040949e-07
-9.968398382866755143e-08
-9.706735143169564310e-08
-9.453821056628744039e-08
-9.217793150156334120e-08
-8.990817710238258656e-08
-8.774472016199863712e-08
-8.568329691772470444e-08
-8.365115723245498347e-08
-8.175276010632686184e-08
-7.997521133227171308e-08
-7.826996215030442803e-08
-7.667638271944437492e-08
-7.527425255511504985e-08
-7.397649669002488141e-08
-7.269163201548201710e-08
-7.159959554204185268e-08
-7.060385751100045728e-08
-6.966435925473680728e-08
-6.895934676256103817e-08
-6.833087851595882951e-08
-6.776996999413118769e-08
-6.725915806315233903e-08
-6.690215377295669821e-08
-6.669463104693871540e-08
-6.659108799728481483e-08
-6.649426589844821258e-08
-6.653091427841930065e-08
-6.659578580957001393e-08
-6.699396798355922345e-08
-6.723673192692684062e-08
-6.759022826449014551e-08
-6.792012990121905454e-08
-6.832204203940811664e-08
-6.917660208236591740e-08
-6.978170584213023887e-08
-7.036409268049481851e-08
-7.101605160876319311e-08
-7.210080451461069343e-08
-7.288380341499733993e-08
-7.355397037480502010e-08
-7.460231702706994916e-08
-7.560671468852079447e-08
-7.648348548674414442e-08
-7.731065716546555334e-08
-7.861058350379523654e-08
-7.952136188117557524e-08
-8.039681372311581074e-08
-8.149219278861396607e-08
-8.247641654400555090e-08
-8.335746179422035162e-08
-8.420902254726934736e-08
-8.547961940983153414e-08
-8.626175822557138945e-08
-8.706752575949862355e-08
-8.827229022728274042e-08
-8.895879004697090375e-08
-8.961433946809822290e-08
-9.072767777765226328e-08
-9.138377196471694816e-08
-9.198471554882896102e-08
-9.297003085227594321e-08
-9.348611637380776748e-08
-9.399355119132896706e-08
-9.482256578134751265e-08
-9.510633269621810040e-08
-9.539436063179968766e-08
-9.602137796640827944e-08
-9.623450359182130966e-08
-9.675334572999766412e-08
-9.679211451084868139e-08
-9.684136364263008646e-08
-9.713555746522704755e-08
-9.705838405255462040e-08
-9.686612683176566387e-08
-9.691900136609250975e-08
-9.667247803755312021e-08
-9.660909488667509362e-08
-9.622608786998222182e-08
-9.579574946947356541e-08
-9.550480625660539371e-08
-9.498010539528308329e-08
-9.457680477020142502e-08
-9.390359160107008104e-08
-9.319813372998157464e-08
-9.253954920813581966e-08
-9.174397582984500048e-08
-9.098011905470806436e-08
-9.006220598914645950e-08
-8.918104402667445430e-08
-8.817400962121473000e-08
-8.716784782920442998e-08
-8.611605196640616214e-08
-8.501136416099235234e-08
-8.386531505037508230e-08
-8.268721329075554332e-08
-8.145983456886257229e-08
-8.022802734923851416e-08
-7.898218415646377169e-08
-7.763903562425010596e-08
-7.635690830034743800e-08
-7.497097483123057000e-08
-7.367186948116863377e-08
-7.225230576358061300e-08
-7.094196484290865385e-08
-6.949289998470386233e-08
-6.817436736566644611e-08
-6.671104570505124520e-08
-6.540619750628015234e-08
-6.404169064470104806e-08
-6.263227182925477618e-08
-6.134768573354345950e-08
-5.993317119154434773e-08
-5.868188151941891448e-08
-5.730620835896340837e-08
-5.611798600653898399e-08
-5.480549874885464874e-08
-5.366023588968509697e-08
-5.240700120854918402e-08
-5.131342283471777624e-08
-5.013181081517621760e-08
-4.908276196647405255e-08
-4.798085442875599222e-08
-4.703109464816170421e-08
-4.601113446928063532e-08
-4.513864685064567948e-08
-4.421843476615237046e-08
-4.342553271860151468e-08
-4.262281090226815390e-08
-4.191583214941953248e-08
-4.121417886499811719e-08
-4.057110780472317259e-08
-3.997487622023260206e-08
-3.940201952973667548e-08
-3.891259325860568863e-08
-3.843972133042442847e-08
-3.805546622969586871e-08
-3.762963562586604010e-08
-3.736888066759817272e-08
-3.707510968985443426e-08
-3.687245206864524350e-08
-3.672265004557367296e-08
-3.656744151120745615e-08
-3.651447572092913827e-08
-3.638948494275333936e-08
-3.642867315543349040e-08
-3.637246463144173289e-08
-3.649842794010714512e-08
-3.649868017569865329e-08
-3.670561445196066781e-08
-3.668712956247796031e-08
-3.697939141464318016e-08
-3.720169638915136781e-08
-3.740565489424984578e-08
-3.776115408428570672e-08
-3.792875654221973372e-08
-3.833494057537265908e-08
-3.849434564941572160e-08
-3.894143292927176305e-08
-3.914278001827419108e-08
-3.962474363623605306e-08
-4.003696133097419396e-08
-4.034189674456005087e-08
-4.084942844206666870e-08
-4.100701063538931903e-08
-4.153010145431304749e-08
-4.177118586058933241e-08
-4.229490648840811674e-08
-4.260286291209637696e-08
-4.304481638881498322e-08
-4.355990996111251098e-08
-4.375731815703231966e-08
-4.425513765573014804e-08
-4.446441556940227195e-08
-4.493894627464533665e-08
-4.542002658606172638e-08
-4.554386522385999575e-08
-4.598296916625730996e-08
-4.607021022792264536e-08
-4.646068080599284322e-08
-4.657885217462346755e-08
-4.693282388958992130e-08
-4.727475315021351983e-08
-4.732526557376582184e-08
-4.761415177396062975e-08
-4.765134867010593550e-08
-4.788291278946497281e-08
-4.811447690882369910e-08
-4.808445904208346850e-08
-4.825492660941685313e-08
-4.816999532097327101e-08
-4.826345726075241271e-08
-4.835691920053524034e-08
-4.820362550903930147e-08
-4.822311166776891269e-08
-4.808085206323743308e-08
-4.803727588497776038e-08
-4.799369970672177360e-08
-4.776848751980836463e-08
-4.766023580236938641e-08
-4.743697345764896775e-08
-4.725520270407504115e-08
-4.707842629030132882e-08
-4.677630410463923991e-08
-4.652507542829238498e-08
-4.627667245798976107e-08
-4.586562334730145239e-08
-4.554367796646060282e-08
-4.516440446988157787e-08
-4.480609165289765795e-08
-4.444777883591389024e-08
-4.404213657757654189e-08
-4.364129955261525941e-08
-4.324248520894867165e-08
-4.277794187215298517e-08
-4.233215399475680081e-08
-4.189536797128359499e-08
-4.140621438188751979e-08
-4.091706079248546903e-08
-4.044532035753826358e-08
-3.992668284948836540e-08
-3.940804534143953924e-08
-3.892624832336836717e-08
-3.839344282947126793e-08
-3.789266710342377864e-08
-3.738289575365765071e-08
-3.684623420730711144e-08
-3.636764103219100394e-08
-3.583523582772061102e-08
-3.530283062324669099e-08
-3.483099522700941351e-08
-3.430986835965734795e-08
-3.378874149230651323e-08
-3.334327497846802660e-08
-3.283904195200221028e-08
-3.233480892553271466e-08
-3.191848590607600163e-08
-3.144132434355717964e-08
-3.095989532944292679e-08
-3.058250293350159433e-08
-3.014500994110335683e-08
-2.974014112593657296e-08
-2.935770458716503122e-08
-2.896148376725020473e-08
-2.860059222529750074e-08
-2.824916333529020283e-08
-2.789886294672855597e-08
-2.757209562893393843e-08
-2.727054493229431762e-08
-2.696899423565101419e-08
-2.669119234204794039e-08
-2.643917623616735654e-08
-2.618716013028937997e-08
-2.593487259582566551e-08
-2.574060896347463877e-08
-2.554634533112452854e-08
-2.533264693761085114e-08
-2.519164851622257715e-08
-2.505065009483461086e-08
-2.487869713899071826e-08
-2.478573471647082121e-08
-2.469277229395445126e-08
-2.453479862645238200e-08
-2.448647096510733431e-08
-2.443814330376106241e-08
-2.431735861103343508e-08
-2.431234864033888023e-08
-2.430418154827651419e-08
-2.422136357293338550e-08
-2.423714502576135613e-08
-2.426450353987773357e-08
-2.426357712702662165e-08
-2.421766289928384253e-08
-2.428328429702222863e-08
-2.435023894202817810e-08
-2.431547279003039394e-08
-2.440597915165033064e-08
-2.449648551327011515e-08
-2.447015173805545039e-08
-2.457894422835006040e-08
-2.468773671864237086e-08
-2.465816049638600296e-08
-2.477835010099257639e-08
-2.489853970559746238e-08
-2.488126735321984482e-08
-2.500799552767557225e-08
-2.513472370212684945e-08
-2.516005639155391660e-08
-2.523993695550782705e-08
-2.536831903945398903e-08
-2.549670112340168626e-08
-2.544052057927255984e-08
-2.556326751989975820e-08
-2.568601446052526580e-08
-2.566066322399063572e-08
-2.577156572718308023e-08
-2.588246823037306966e-08
-2.584786467881687972e-08
-2.594571546691628588e-08
-2.604080299018631080e-08
-2.614327598533693312e-08
-2.607227292039413414e-08
-2.614857161235614326e-08
-2.622487030431930051e-08
-2.616549123288404656e-08
-2.622068467196261793e-08
-2.627587811104249625e-08
-2.618047521420158545e-08
-2.621952613694470387e-08
-2.624799458087058421e-08
-2.627646302479692116e-08
-2.615841812131211093e-08
-2.615740347160854598e-08
-2.615638882190367739e-08
-2.605624555247570844e-08
-2.602880403901939467e-08
-2.600136252556354081e-08
-2.597573045207626774e-08
-2.583477666956705516e-08
-2.578120277973889861e-08
-2.572762888991020274e-08
-2.559226479975378159e-08
-2.551344007280266994e-08
-2.543461534585278583e-08
-2.535707314053015445e-08
-2.519594395075617933e-08
-2.509358123697211307e-08
-2.499121852318996587e-08
-2.482013694536570048e-08
-2.469262343184462771e-08
-2.456510991832485858e-08
-2.443759640480432182e-08
-2.425923346769450654e-08
-2.411300001528376548e-08
-2.396676656287256782e-08
-2.379326251370606446e-08
-2.363318589855743866e-08
-2.347344161256134935e-08
-2.331369732656518394e-08
-2.312641811513423614e-08
-2.295672694226288657e-08
-2.278703576939030947e-08
-2.261797224717465843e-08
-2.242805428868259079e-08
-2.225212420449845258e-08
-2.207619412031485368e-08
-2.189405146940416963e-08
-2.171583385329571405e-08
-2.153728342268946881e-08
-2.135873299208038468e-08
-2.117200298743012062e-08
-2.099579384342826130e-08
-2.081958469943077280e-08
-2.064337555543259277e-08
-2.047072116158073513e-08
-2.030197744000306471e-08
-2.013323371842547369e-08
-1.996439868594260382e-08
-1.980422042233911488e-08
-1.964555460200001650e-08
-1.948688878166283719e-08
-1.931484841127648268e-08
-1.916964369671658879e-08
-1.902329861412442683e-08
-1.887695353153226487e-08
-1.872941563339209875e-08
-1.859708211867626823e-08
-1.846474860395990170e-08
-1.833241508924529541e-08
-1.819345103851317961e-08
-1.807846593009698588e-08
-1.796348082168148037e-08
-1.784849571326597485e-08
-1.771883819762626900e-08
-1.762488749905886322e-08
-1.753093680048861855e-08
-1.743698610192427665e-08
-1.732868360120793607e-08
-1.725192261955792098e-08
-1.717516163790966613e-08
-1.709840065625765589e-08
-1.699480747813032481e-08
-1.693443912085211546e-08
-1.687407076357559687e-08
-1.681437462485180557e-08
-1.672171622570202164e-08
-1.667646695504688603e-08
-1.663121768439305406e-08
-1.658678018492657322e-08
-1.650326813658976534e-08
-1.647200723178583366e-08
-1.644074632698374494e-08
-1.640948542217973717e-08
-1.632572888835818199e-08
-1.630839312689161600e-08
-1.629105736542251883e-08
-1.627372160395472530e-08
-1.619356638009072223e-08
-1.618626716330061933e-08
-1.617896794651036424e-08
-1.617166872971956983e-08
-1.610147087953997800e-08
-1.610010724779637151e-08
-1.609874361604954232e-08
-1.609737998430470499e-08
-1.602770749520590673e-08
-1.602960099648445970e-08
-1.603149449776300937e-08
-1.603338799904109912e-08
-1.596251346381731096e-08
-1.596553675774325680e-08
-1.596856005166873942e-08
-1.597158334559422203e-08
-1.590336299617880948e-08
-1.590841301883192986e-08
-1.591047527653202823e-08
-1.591253753423151449e-08
-1.590702067420006770e-08
-1.582729200443600136e-08
-1.582555630439140401e-08
-1.582382060434795479e-08
-1.582208490430197770e-08
-1.574532050692505778e-08
-1.573779334606129135e-08
-1.573026618519568526e-08
-1.572273902433191882e-08
-1.565184519459031531e-08
-1.563772456854007041e-08
-1.562360394248737044e-08
-1.560948331643405504e-08
-1.554611496130119146e-08
-1.550698577846016715e-08
-1.548550735269811571e-08
-1.546402892693476064e-08
-1.544255050117079014e-08
-1.536190661440930977e-08
-1.533278279035565570e-08
-1.530365896630016198e-08
-1.527453514224781154e-08
-1.519034202225767553e-08
-1.515335889355996915e-08
-1.511637576486042643e-08
-1.507939263616080430e-08
-1.503550249348260591e-08
-1.493686537815989747e-08
-1.489067369667245027e-08
-1.484448201518500307e-08
-1.479829033369571456e-08
-1.471087551140839414e-08
-1.465845010716772764e-08
-1.460602470292767326e-08
-1.455359929868723837e-08
-1.448592897516240194e-08
-1.440556842871856256e-08
-1.434804634204981780e-08
-1.429052425537923338e-08
-1.423300216871179391e-08
-1.413936152855119218e-08
-1.407783158318408782e-08
-1.401630163781583202e-08
-1.395477169244750012e-08
-1.388978433391353793e-08
-1.379876518349693079e-08
-1.373459897518811844e-08
-1.367043276687869067e-08
-1.360626655856857468e-08
-1.351275985609203832e-08
-1.344710275546764903e-08
-1.338144565484264763e-08
-1.331578855422009965e-08
-1.325013145359578811e-08
-1.315455965970135166e-08
-1.308932378243798905e-08
-1.302408790517217302e-08
-1.295885202790819829e-08
-1.287811495396755757e-08
-1.280640293112916396e-08
-1.274325464791080776e-08
-1.268010636469122568e-08
-1.261695808147409702e-08
-1.253145007239690625e-08
-1.247123077839800832e-08
-1.241101148440018407e-08
-1.235079219040105784e-08
-1.229057289640254372e-08
-1.220446624378007679e-08
-1.214798693040844288e-08
-1.209150761703795711e-08
-1.203502830366724303e-08
-1.198020852953054047e-08
-1.190226318230865396e-08
-1.185022009693506513e-08
-1.179817701156209006e-08
-1.174613392618850289e-08
-1.167243463399174464e-08
-1.161577935107517720e-08
-1.156922756296599304e-08
-1.152267577485749876e-08
-1.147612398674831461e-08
-1.139551258541857274e-08
-1.135616315083278142e-08
-1.131498668438476213e-08
-1.127381021793858249e-08
-1.123263375149209679e-08
-1.116332045031544947e-08
-1.112677960608383088e-08
-1.109023876184891515e-08
-1.105369791761614678e-08
-1.101715707338330065e-08
-1.094488370810892340e-08
-1.091248611694552589e-08
-1.088008852578028873e-08
-1.084769093461574144e-08
-1.081529334345165407e-08
-1.075062818079121551e-08
-1.072185112664412827e-08
-1.069307407249581515e-08
-1.066429701834742428e-08
-1.063551996419849740e-08
-1.057141499611652675e-08
-1.054562204648727336e-08
-1.051982909685767421e-08
-1.049403614722692528e-08
-1.046824319759736583e-08
-1.039707521973967059e-08
-1.037361684558833666e-08
-1.035015847143727240e-08
-1.032670009728636199e-08
-1.030324172313472200e-08
-1.024097943788810028e-08
-1.021865128441500081e-08
-1.019632313094079127e-08
-1.017399497746711774e-08
-1.015166682399309845e-08
-1.008924404007337051e-08
-1.006795895918945933e-08
-1.004606878244759783e-08
-1.002417860570389503e-08
-1.000228842896111372e-08
-9.938986976079733009e-09
-9.918631546802346586e-09
-9.896419487447800019e-09
-9.874207428092715784e-09
-9.851995368738475274e-09
-9.814107143529203942e-09
-9.767993515094179825e-09
-9.745079659757743772e-09
-9.722165804422533601e-09
-9.699251949086363900e-09
-9.677902748058524690e-09
-9.615589411108037735e-09
-9.591501868313838305e-09
-9.567414325519640531e-09
-9.543326782723945559e-09
-9.519239239929440073e-09
-9.449903547398376460e-09
-9.423849928265920257e-09
-9.397796309133922311e-09
-9.371742690000468527e-09
-9.345689070868204230e-09
-9.283083602932187840e-09
-9.257974366066898316e-09
-9.230452931498295953e-09
-9.202931496929423929e-09
-9.175410062360247503e-09
-9.148382450656717461e-09
-9.088271530865508936e-09
-9.059379713097905905e-09
-9.030487895329460804e-09
-9.001596077561665867e-09
-8.972704259794484699e-09
-8.909170708127331145e-09
-8.879039677804354322e-09
-8.848908647480724027e-09
-8.818777617157363393e-09
-8.788646586834692627e-09
-8.740260385229721835e-09
-8.699666586874555870e-09
-8.668670306819575274e-09
-8.637674026766204372e-09
-8.606677746712145255e-09
-8.575681466657854528e-09
-8.513244812039471685e-09
-8.481623658002533447e-09
-8.450002503965287497e-09
-8.418381349928347604e-09
-8.386760195890833648e-09
-8.331388508581380175e-09
-8.291664968340836472e-09
-8.259828724646288895e-09
-8.227992480951741318e-09
-8.196156237256886029e-09
-8.164319993563527937e-09
-8.107902708721912448e-09
-8.076464660986451470e-09
-8.045026613252216373e-09
-8.013588565517599119e-09
-7.982150517783364022e-09
-7.942587627649543914e-09
-7.891981769382544520e-09
-7.861218083065735250e-09
-7.830454396747658738e-09
-7.799690710428700453e-09
-7.768927024110701696e-09
-7.712717708171619983e-09
-7.683553934668876144e-09
-7.653739359713662046e-09
-7.623924784758179941e-09
-7.594110209803273553e-09
-7.564295634847485391e-09
-7.509258432058570078e-09
-7.480616114659797080e-09
-7.451973797260754421e-09
-7.423331479861672885e-09
-7.394689162463243994e-09
-7.360104450615957170e-09
-7.309348700529189410e-09
-7.282046970259477501e-09
-7.254745239989151824e-09
-7.227443509720090907e-09
-7.200141779450034064e-09
-7.146547927307876568e-09
-7.119558516204299567e-09
-7.093657042936346970e-09
-7.067755569668432424e-09
-7.041854096399750255e-09
-7.015952623131490775e-09
-6.963455050126341432e-09
-6.939229914722134696e-09
-6.914610493233245818e-09
-6.889991071743436289e-09
-6.865371650254815419e-09
-6.840752228765964592e-09
-6.790385601832944145e-09
-6.766865624513245643e-09
-6.743345647192934201e-09
-6.719825669872852715e-09
-6.696305692553767982e-09
-6.672785715233724546e-09
-6.622094492075412054e-09
-6.599567887415872980e-09
-6.577041282756716890e-09
-6.554514678097484700e-09
-6.531988073437714842e-09
-6.509745405727366266e-09
-6.461763781262383197e-09
-6.440108837678014072e-09
-6.418453894093913781e-09
-6.396798950509583533e-09
-6.375144006926097010e-09
-6.354073166711473182e-09
-6.299890619631970510e-09
-6.278874155867983625e-09
-6.257857692103460726e-09
-6.236841228339473841e-09
-6.215824764575563883e-09
-6.194950207034841951e-09
-6.146708260421732936e-09
-6.126102728371205823e-09
-6.105497196321906247e-09
-6.084891664271418012e-09
-6.064286132220852849e-09
-6.043680600171016432e-09
-5.998186782426017827e-09
-5.977882130361648137e-09
-5.957577478298237976e-09
-5.937272826234520931e-09
-5.916968174170458125e-09
-5.896663522107622855e-09
-5.847929896197486766e-09
-5.827690687470412345e-09
-5.807451478743989742e-09
-5.787212270016647315e-09
-5.766973061289917828e-09
-5.746733852562805357e-09
-5.700681303814278910e-09
-5.682018570427777104e-09
-5.661913679563092091e-09
-5.641808788699250802e-09
-5.621703897834910723e-09
-5.601599006970801428e-09
-5.565665908138557471e-09
-5.535190988870735774e-09
-5.515130809488165710e-09
-5.495070630104675822e-09
-5.475010450722068535e-09
-5.454950271340151117e-09
-5.436941909335065563e-09
-5.385375381302957493e-09
-5.365223505578212905e-09
-5.345071629854120963e-09
-5.324919754130297027e-09
-5.304767878405859323e-09
-5.284616002682380322e-09
-5.241261887458798274e-09
-5.221212666270880900e-09
-5.201163445082618592e-09
-5.181114223895008930e-09
-5.161065002706746622e-09
-5.141015781519098082e-09
-5.102155235055857086e-09
-5.076445637618822671e-09
-5.056501455839968857e-09
-5.036557274062035695e-09
-5.016613092283795649e-09
-4.996668910504942662e-09
-4.977552045178607683e-09
-4.933902433870364397e-09
-4.914111808994757282e-09
-4.894321184119725058e-09
-4.874530559244117116e-09
-4.854739934369084891e-09
-4.834949309493784661e-09
-4.790189931883753999e-09
-4.772471588296214332e-09
-4.752953769572017840e-09
-4.733435950848703950e-09
-4.713918132125160104e-09
-4.694400313401309373e-09
-4.676092928820218921e-09
-4.631461542629082202e-09
-4.612247645212037643e-09
-4.593033747794379316e-09
-4.573819850376644888e-09
-4.554605952959907213e-09
-4.535392055542555770e-09
-4.493457883362726567e-09
-4.472837281912600721e-09
-4.453993981980706092e-09
-4.435150682049079470e-09
-4.416307382117146791e-09
-4.397464082184945279e-09
-4.378620782253012600e-09
-4.337887297406652468e-09
-4.319514594043119125e-09
-4.301141890679240022e-09
-4.282769187315399795e-09
-4.264396483951520692e-09
-4.246023780587719343e-09
-4.223808665790876757e-09
-4.188362873426814440e-09
-4.170457835676747129e-09
-4.152552797926028000e-09
-4.134647760175960689e-09
-4.116742722424589741e-09
-4.098837684674330524e-09
-4.059017535467440788e-09
-4.041005575412595335e-09
-4.023553904581699056e-09
-4.006102233750803605e-09
-3.988650562919945377e-09
-3.971198892088896070e-09
-3.953747221258345553e-09
-3.915498849946483088e-09
-3.898704395974267413e-09
-3.881760855417447685e-09
-3.864817314860091116e-09
-3.847873774302466542e-09
-3.830930233744688111e-09
-3.814275948422087362e-09
-3.773064711067550085e-09
-3.756546494674134285e-09
-3.740028278280718485e-09
-3.723510061887533054e-09
-3.706991845493197016e-09
-3.690473629100126564e-09
-3.675399564806821450e-09
-3.635207038276778418e-09
-3.619103489458595895e-09
-3.602999940639263177e-09
-3.586896391820582278e-09
-3.570792843002016356e-09
-3.554689294183488898e-09
-3.538373160053832157e-09
-3.502461543082923397e-09
-3.486772487520648613e-09
-3.471083431958949133e-09
-3.455394376396981233e-09
-3.439705320835013333e-09
-3.424016265273045433e-09
-3.406327644014496105e-09
-3.370917398945248948e-09
-3.355503136700520643e-09
-3.340088874456291128e-09
-3.324674612211984685e-09
-3.309260349967294844e-09
-3.293846087723333749e-09
-3.277788558653634002e-09
-3.243146075606966009e-09
-3.228059053598619295e-09
-3.212972031588853139e-09
-3.197885009580199541e-09
-3.182797987571200595e-09
-3.167710965562125134e-09
-3.154089797934705943e-09
-3.117096940398311387e-09
-3.102310824351292772e-09
-3.087524708304427186e-09
-3.072738592257600476e-09
-3.057952476210734890e-09
-3.043166360163716275e-09
-3.028940642052208675e-09
-2.990017941001390955e-09
-2.975401299785839924e-09
-2.960784658570615216e-09
-2.946168017355524510e-09
-2.931551376139686034e-09
-2.916934734924441887e-09
-2.902318093708910294e-09
-2.867854113668331864e-09
-2.853741290135861798e-09
-2.839399898587206850e-09
-2.825058507039108180e-09
-2.810717115491220027e-09
-2.796375723942833499e-09
-2.782034332394619851e-09
-2.748346119973330053e-09
-2.733620978704897107e-09
-2.719531566059831218e-09
-2.705442153414592862e-09
-2.691352740769047622e-09
-2.677263328124135175e-09
-2.663173915478264440e-09
-2.644865266882738025e-09
-2.615915549922447297e-09
-2.602034676878091040e-09
-2.588153803833735198e-09
-2.574272930789551822e-09
-2.560392057745521888e-09
-2.546511184700724745e-09
-2.532653411481018525e-09
-2.499395720418991623e-09
-2.485790928250274117e-09
-2.472186136080924230e-09
-2.458581343912801467e-09
-2.444976551743470606e-09
-2.431371759574734074e-09
-2.417766967406189448e-09
-2.388291602115542876e-09
-2.371422931565126314e-09
-2.358101151080686561e-09
-2.344779370596572717e-09
-2.331457590112305431e-09
-2.318135809627098468e-09
-2.304814029143597979e-09
-2.292508972106074775e-09
-2.257189679103256352e-09
-2.244096269987125208e-09
-2.231002860871453977e-09
-2.217909451754556037e-09
-2.204816042639345132e-09
-2.191722633522734637e-09
-2.178629224406871914e-09
-2.149812994637749740e-09
-2.134165044227645369e-09
-2.121385614605824305e-09
-2.108606184983427937e-09
-2.095826755362259106e-09
-2.083047325740016180e-09
-2.070267896117888232e-09
-2.057760895964573753e-09
-2.026863806412942010e-09
-2.014391707520352485e-09
-2.001919608629181989e-09
-1.989447509736458047e-09
-1.976975410844482291e-09
-1.964503311952046208e-09
-1.952031213060722270e-09
-1.933573193800370810e-09
-1.908662401492231182e-09
-1.896448341443057989e-09
-1.884234281393789257e-09
-1.872020221343695825e-09
-1.859806161295155633e-09
-1.847592101245215643e-09
-1.835378041196080915e-09
-1.804611541106953848e-09
-1.793607901661686659e-09
-1.781719097744173881e-09
-1.769830293826450171e-09
-1.757941489909052371e-09
-1.746052685991501335e-09
-1.734163882073796857e-09
-1.722275078155977195e-09
-1.691185083193342368e-09
-1.679674684491217889e-09
-1.668052155056259685e-09
-1.656429625620054919e-09
-1.644807096184502179e-09
-1.633184566747875758e-09
-1.621562037312898322e-09
-1.610950842733637251e-09
-1.579403299849704759e-09
-1.568032033603734925e-09
-1.556660767356806181e-09
-1.545289501109877437e-09
-1.533918234864195047e-09
-1.522546968616978858e-09
-1.511175702370491001e-09
-1.499630241231607365e-09
-1.471431294075532850e-09
-1.460358246886315748e-09
-1.449285199697251882e-09
-1.438212152508475668e-09
-1.427139105320025363e-09
-1.416066058130961497e-09
-1.404993010941725164e-09
-1.390962062945975625e-09
-1.365425532403778641e-09
-1.354582712394490142e-09
-1.343739892384242940e-09
-1.332897072374935416e-09
-1.322054252365321007e-09
-1.311211432355725624e-09
-1.300368612345785307e-09
-1.286404989202570719e-09
-1.262000606851696008e-09
-1.251414376907982734e-09
-1.240828146964000833e-09
-1.230241917020900913e-09
-1.219655687076554845e-09
-1.209069457132687922e-09
-1.198483227188993672e-09
-1.186825542461965275e-09
-1.160379844408228901e-09
-1.150059411053721100e-09
-1.139738977697966944e-09
-1.129418544342692140e-09
-1.119098110986650540e-09
-1.108777677632449416e-09
-1.098457244277174612e-09
-1.089364569974926438e-09
-1.059498416846979312e-09
-1.049379874445615810e-09
-1.039261332044731452e-09
-1.029142789644173003e-09
-1.019024247243442087e-09
-1.008905704842116842e-09
-9.987871624421719548e-10
-9.888461786106956653e-10
-9.615557003460388197e-10
-9.517183336651306940e-10
-9.418423909635798245e-10
-9.319664482610125568e-10
-9.220905055585411387e-10
-9.122145628565490717e-10
-9.023386201545953653e-10
-8.924626774522773892e-10
-8.647263226058029943e-10
-8.564448266253338850e-10
-8.468235275639347803e-10
-8.372022285018071363e-10
-8.275809294405806022e-10
-8.179596303784144943e-10
-8.083383313172071921e-10
-7.987170322558080875e-10
-7.822231211357855230e-10
-7.636942942055657935e-10
-7.542847125527231044e-10
-7.448751309002063244e-10
-7.354655492469226447e-10
-7.260559675946935168e-10
-7.166463859415440471e-10
-7.072368042890272672e-10
-6.985003842911566481e-10
-6.722825779131419055e-10
-6.631167518012759252e-10
-6.539509256898891927e-10
-6.447850995784833316e-10
-6.356192734669241319e-10
-6.264534473553840607e-10
-6.172876212444383188e-10
-6.081217951325914671e-10
-5.851250177909443493e-10
-5.741671802605564584e-10
-5.652608595864926964e-10
-5.563545389118345018e-10
-5.474482182374448307e-10
-5.385418975632276268e-10
-5.296355768887037456e-10
-5.207292562143332030e-10
-5.129864791777654504e-10
-4.853761537129507739e-10
-4.766438691468065147e-10
-4.679115845811417102e-10
-4.591793000153042834e-10
-4.504470154493326465e-10
-4.417147308834952197e-10
-4.329824463178303117e-10
-4.242501617516861560e-10
-4.038618939190909922e-10
-3.913912382481803780e-10
-3.829094101533077235e-10
-3.744275820579748982e-10
-3.659457539634282046e-10
-3.574639258682679497e-10
-3.489820977732419567e-10
-3.405002696782350922e-10
-3.321887163552394098e-10
-3.080404873667434817e-10
-3.000869461146346983e-10
-2.918526856737766055e-10
-2.836184252330719031e-10
-2.753841647917728714e-10
-2.671499043509339590e-10
-2.589156439097883176e-10
-2.506813834689302249e-10
-2.413415759137683814e-10
-2.190818501426123252e-10
-2.110361046751661697e-10
-2.029903592080076404e-10
-1.949446137407149011e-10
-1.868988682729428106e-10
-1.788531228057842813e-10
-1.708073773386640867e-10
-1.627616318711988027e-10
-1.459295832936137090e-10
-1.318015121218806885e-10
-1.240033318115533632e-10
-1.162051515015519600e-10
-1.084069711916847669e-10
-1.006087908813574287e-10
-9.281061057087670015e-11
-8.501243026133546787e-11
-7.721424995085473936e-11
-5.474599855104455821e-11
-4.633469929461555026e-11
-3.875437442303603686e-11
-3.117404955068959133e-11
-2.359372467864991348e-11
-1.601339980649519937e-11
-8.433074934455526369e-12
-8.527500627226240823e-13
6.727574809451262810e-12
3.140453055661780274e-11
3.764993998564542897e-11
4.505067794826759387e-11
5.245141591182924855e-11
5.985215387525669963e-11
6.725289183864578375e-11
7.465362980155555547e-11
8.205436776498300009e-11
8.945510572806531653e-11
1.123616436885471956e-10
1.186259946050242334e-10
1.257919472232209233e-10
1.329578998408040779e-10
1.401238524593075485e-10
1.472898050770440675e-10
1.544557576954133280e-10
1.616217103129964568e-10
1.687876629313657173e-10
1.914928940656613186e-10
1.974271830271963990e-10
2.043893132492934333e-10
2.113514434716972225e-10
2.183135736932190561e-10
2.252757039156228452e-10
2.322378341372597086e-10
2.391999643590883229e-10
2.461620945813578761e-10
2.669294095659327194e-10
2.740285731012996975e-10
2.807931076637434600e-10
2.875576422272225941e-10
2.943221767898005666e-10
3.010867113525319295e-10
3.078512459154166309e-10
3.146157804786081647e-10
3.213803150409560259e-10
3.373272744402198124e-10
3.491117228041504008e-10
3.556562404238450101e-10
3.622007580434629501e-10
3.687452756632534089e-10
3.752897932828521169e-10
3.818343109023358468e-10
3.883788285219345548e-10
3.949233461419359447e-10
4.039301547284906692e-10
4.227168443277879752e-10
4.290768326919425405e-10
4.354368210564805557e-10
4.417968094208076915e-10
4.481567977850389261e-10
4.545167861493660620e-10
4.608767745136739659e-10
4.672367628782311614e-10
4.731264146556389762e-10
4.947201519609046097e-10
5.006136254066339331e-10
5.067878749445981405e-10
5.129621244820063792e-10
5.191363740199706901e-10
5.253106235578390480e-10
5.314848730954007287e-10
5.376591226331348766e-10
5.438333721711758050e-10
5.609370080779430145e-10
5.699105369512991657e-10
5.758724564731313033e-10
5.818343759948867199e-10
5.877962955164120769e-10
5.937582150381866220e-10
5.997201345597887000e-10
6.056820540815249881e-10
6.116439736032995332e-10
6.165117720368539861e-10
6.368984014350323724e-10
6.426761677476960664e-10
6.484539340604940738e-10
6.542317003732344887e-10
6.600094666859557751e-10
6.657872329984468985e-10
6.715649993113407554e-10
6.773427656238319822e-10
6.831205319368599458e-10
7.001749386229977650e-10
7.080346662971970263e-10
7.136222692976033491e-10
7.192098722981439854e-10
7.247974752983010167e-10
7.303850782989949916e-10
7.359726812994780355e-10
7.415602842999994398e-10
7.471478873000798535e-10
7.520496018834008986e-10
7.718840064964526331e-10
7.771417607481685780e-10
7.825226017132616589e-10
7.879034426786040313e-10
7.932842836437930651e-10
7.986651246091929265e-10
8.040459655743052393e-10
8.094268065395517621e-10
8.148076475048174135e-10
8.248116952945599166e-10
8.395880064191125043e-10
8.448152489469825574e-10
8.500424914755523019e-10
8.552697340038824741e-10
8.604969765320784364e-10
8.657242190604086087e-10
8.709514615890646901e-10
8.761787041170113608e-10
8.814059466455812087e-10
8.975532916623079924e-10
9.051036902380396310e-10
9.101449734344843380e-10
9.151862566313028272e-10
9.202275398278146392e-10
9.252688230241826252e-10
9.303101062206177162e-10
9.353513894174362054e-10
9.403926726136508527e-10
9.454339558103161067e-10
9.645103139191696937e-10
9.683810840927771462e-10
9.732244066454512013e-10
9.780677291981442815e-10
9.829110517505976861e-10
9.877543743028114152e-10
9.925976968555812164e-10
9.974410194080251085e-10
1.002284341960478513e-09
1.006841739096738319e-09
1.025072921731714025e-09
1.029185385669142646e-09
1.033873915531837465e-09
1.038562445394532079e-09
1.043250975257092689e-09
1.047939505119404110e-09
1.052628034982252165e-09
1.057316564844803263e-09
1.062005094707267920e-09
1.066278556437449071e-09
1.084643319439711893e-09
1.088653572231958430e-09
1.093153280150473279e-09
1.097652988068911199e-09
1.102152695987349120e-09
1.106652403905633805e-09
1.111152111824301682e-09
1.115651819742432925e-09
1.120151527661014775e-09
1.124367064560460388e-09
1.142610543518632324e-09
1.146275823327553927e-09
1.150591699194876963e-09
1.154907575062343722e-09
1.159223450929427083e-09
1.163539326796980075e-09
1.167855202664140156e-09
1.172171078531424936e-09
1.176486954398585017e-09
1.180802830266205218e-09
1.199448685505542251e-09
1.202536129673162528e-09
1.206719612931979799e-09
1.210903096191122980e-09
1.215086579449882970e-09
1.219270062709083639e-09
1.223453545968073585e-09
1.227637029226910089e-09
1.231820512485823313e-09
1.236003995745119936e-09
1.249346563768162977e-09
1.256691827013284501e-09
1.260692469435226470e-09
1.264693111857465604e-09
1.268693754279263643e-09
1.272694396701349542e-09
1.276695039123147581e-09
1.280695681545003317e-09
1.284696323967098728e-09
1.288696966389194139e-09
1.295656313483592312e-09
1.308900824476365465e-09
1.312729942276003189e-09
1.316559060074873702e-09
1.320388177874501706e-09
1.324217295673822826e-09
1.328046413473067431e-09
1.331875531272244829e-09
1.335704649071882345e-09
1.339533766870896788e-09
1.342893149130604301e-09
1.359409887277466627e-09
1.362613406618190976e-09
1.366293465193864740e-09
1.369973523770017856e-09
1.373653582345912270e-09
1.377333640921825710e-09
1.381013699497643403e-09
1.384693758073863727e-09
1.388373816649767654e-09
1.392053875225518139e-09
1.403288528551668049e-09
1.411466975697649665e-09
1.414974643820289525e-09
1.418482311943236268e-09
1.421989980066106498e-09
1.425497648188660124e-09
1.429005316311616380e-09
1.432512984434409889e-09
1.436020652557279912e-09
1.439528320679919771e-09
1.442360016758124969e-09
1.459065214461234616e-09
1.462068268437772679e-09
1.465421061769080277e-09
1.468773855100771479e-09
1.472126648431848913e-09
1.475479441763396393e-09
1.478832235094924434e-09
1.482185028426318265e-09
1.485537821757549348e-09
1.488890615089096621e-09
1.497556841026247347e-09
1.507710471385776903e-09
1.510928756067932780e-09
1.514147040750146353e-09
1.517365325431669643e-09
1.520583610114132198e-09
1.523801894796048606e-09
1.527020179477801853e-09
1.530238464159957730e-09
1.533456748841787698e-09
1.536675033523857548e-09
1.551659531872238087e-09
1.554749305229380015e-09
1.557803415496534550e-09
1.560857525763852039e-09
1.563911636031236737e-09
1.566965746298851598e-09
1.570019856565689736e-09
1.573073966833237388e-09
1.576128077100545365e-09
1.579182187367776621e-09
1.581637020756347576e-09
1.597087389188935625e-09
1.599567848682714695e-09
1.602472792703086623e-09
1.605377736723382038e-09
1.608282680743591012e-09
1.611187624763752010e-09
1.614092568784123939e-09
1.616997512804419146e-09
1.619902456824637633e-09
1.622807400844856327e-09
1.625551542250193556e-09
1.639810101790790788e-09
1.642572964688514304e-09
1.645335827586333358e-09
1.648098690483836223e-09
1.650861553381732205e-09
1.653624416279398025e-09
1.656387279177361009e-09
1.659150142074729663e-09
1.661913004972606414e-09
1.664675867870425468e-09
1.668860861134246465e-09
1.681611924549306446e-09
1.684218884145529352e-09
1.686825843741349628e-09
1.689432803337639743e-09
1.692039762933632694e-09
1.694646722529452970e-09
1.697253682125512922e-09
1.699860641721640082e-09
1.702467601317632826e-09
1.705074560913683265e-09
1.709074549518982662e-09
1.721774817572678721e-09
1.724253806353204213e-09
1.726732795133806632e-09
1.729211783914715729e-09
1.731690772695250733e-09
1.734169761475996875e-09
1.736648750256752529e-09
1.739127739037508184e-09
1.741606727818120116e-09
1.744085716598866258e-09
1.746320994006271338e-09
1.760386622499064827e-09
1.762677370004729019e-09
1.765023941603287523e-09
1.767370513201615864e-09
1.769717084800241576e-09
1.772063656398723359e-09
1.774410227997214861e-09
1.776756799595773365e-09
1.779103371194331869e-09
1.781449942792804140e-09
1.783220030482217449e-09
1.797760789159553072e-09
1.799435530659797394e-09
1.801634856242243847e-09
1.803834181824786046e-09
1.806033507407328452e-09
1.808232832989707697e-09
1.810432158572240384e-09
1.812631484154610116e-09
1.814830809737219317e-09
1.817030135319761723e-09
1.819229460902418900e-09
1.831118168484031154e-09
1.834087015231755805e-09
1.836159578039818921e-09
1.838232140847958552e-09
1.840304703655868226e-09
1.842377266464084784e-09
1.844449829272224414e-09
1.846522392080201297e-09
1.848594954888273925e-09
1.850667517696490276e-09
1.852740080504399951e-09
1.858642469306832310e-09
1.867538338415837864e-09
1.869476280118955617e-09
1.871414221821824802e-09
1.873352163525000045e-09
1.875290105227945744e-09
1.877228046931044886e-09
1.879165988634067099e-09
1.881103930337165827e-09
1.883041872040121039e-09
1.884979813743066325e-09
1.886406210881418612e-09
1.900286041228445927e-09
1.901466402471944620e-09
1.903266594194012597e-09
1.905066785916099600e-09
1.906866977638320605e-09
1.908667169360407607e-09
1.910467361082571124e-09
1.912267552804648614e-09
1.914067744526879545e-09
1.915867936249119576e-09
1.917668127971120552e-09
1.924254859109691017e-09
1.932027562448098392e-09
1.933722844190018101e-09
1.935418125931937809e-09
1.937113407674087888e-09
1.938808689416007597e-09
1.940503971157927305e-09
1.942199252900009968e-09
1.943894534642150534e-09
1.945589816383849799e-09
1.947285098125999464e-09
1.948754198041135405e-09
1.961971393737257622e-09
1.962829444997277999e-09
1.964397511135398275e-09
1.965965577273614089e-09
1.967533643411513921e-09
1.969101709549643708e-09
1.970669775687773496e-09
1.972237841825836282e-09
1.973805907963966070e-09
1.975373974102249300e-09
1.976942040240072204e-09
1.978224284292018368e-09
1.990709100783310434e-09
1.991957102929735716e-09
1.993395910147925889e-09
1.994834717366125162e-09
1.996273524584305409e-09
1.997712331802409142e-09
1.999151139020598902e-09
2.000589946238856077e-09
2.002028753456901907e-09
2.003467560675245109e-09
2.004906367893272328e-09
2.009406785487039437e-09
2.017473453355553618e-09
2.018803843593235194e-09
2.020134233830686813e-09
2.021464624068358876e-09
2.022795014306040452e-09
2.024125404543693490e-09
2.025455794781375065e-09
2.026786185018970200e-09
2.028116575256728290e-09
2.029446965494179909e-09
2.030777355731851972e-09
2.037357180115122794e-09
2.043625194033676547e-09
2.044832466515527624e-09
2.046039738997369187e-09
2.047247011479143336e-09
2.048454283960831458e-09
2.049661556442519166e-09
2.050868828924600199e-09
2.052076101406058364e-09
2.053283373888052956e-09
2.054490646369827518e-09
2.055697918851515227e-09
2.062678538015754871e-09
2.068228452357726883e-09
2.069318362494310797e-09
2.070408272631115154e-09
2.071498182767814045e-09
2.072588092904349982e-09
2.073678003040923970e-09
2.074767913177622861e-09
2.075857823314427218e-09
2.076947733450886227e-09
2.078037643587844026e-09
2.079127553724389476e-09
2.085056193617721165e-09
2.091309154873670028e-09
2.092307996654299235e-09
2.093306838434583922e-09
2.094305680215213129e-09
2.095304521995650844e-09
2.096303363776127023e-09
2.097302205556488223e-09
2.098301047337117844e-09
2.099299889117546047e-09
2.100298730897830320e-09
2.101297572678383013e-09
2.104865846297881113e-09
2.113190129394323652e-09
2.114073540896577728e-09
2.114956952398601848e-09
2.115840363900683457e-09
2.116723775402784505e-09
2.117607186904971580e-09
2.118490598406995700e-09
2.119374009908904428e-09
2.120257421410976525e-09
2.121140832913163600e-09
2.122024244415187720e-09
2.122128662020008369e-09
2.133842160370792655e-09
2.134239295994355186e-09
2.135013904807669730e-09
2.135788513620716267e-09
2.136563122434040323e-09
2.137337731246971882e-09
2.138112340060372866e-09
2.138886948873505430e-09
2.139661557686513504e-09
2.140436166499684118e-09
2.141210775313037539e-09
2.141889869035119431e-09
2.151051305199520362e-09
2.152703122029206870e-09
2.153379558526762757e-09
2.154055995024328156e-09
2.154732431521999022e-09
2.155408868019641349e-09
2.156085304517158773e-09
2.156761741014916078e-09
2.157438177512395038e-09
2.158114614010056390e-09
2.158791050507621790e-09
2.159467487005369583e-09
2.162658885842627333e-09
2.170430873350435378e-09
2.171000637708519045e-09
2.171570402066554322e-09
2.172140166424551548e-09
2.172709930782788243e-09
2.173279695140861984e-09
2.173849459498897261e-09
2.174419223856894487e-09
2.174988988215054255e-09
2.175558752572936503e-09
2.176128516931163686e-09
2.176480103024496518e-09
2.186436089209501440e-09
2.187284185176171530e-09
2.187759791555594202e-09
2.188235397934762516e-09
2.188711004314041259e-09
2.189186610693353502e-09
2.189662217072713722e-09
2.190137823451877486e-09
2.190613429831117765e-09
2.191089036210549949e-09
2.191564642589603285e-09
2.192040248968997419e-09
2.193058269138059004e-09
2.202547092750076999e-09
2.202726620755494391e-09
2.203116629987540405e-09
2.203506639219442904e-09
2.203896648451493881e-09
2.204286657683357916e-09
2.204676666915447357e-09
2.205066676147186901e-09
2.205456685379319356e-09
2.205846694611216891e-09
2.206236703843195904e-09
2.206626713075131903e-09
2.211428476321912801e-09
2.216677425265376753e-09
2.216969027267543747e-09
2.217260629269672691e-09
2.217552231271845061e-09
2.217843833273863576e-09
2.218135435276064485e-09
2.218427037278202941e-09
2.218718639280293834e-09
2.219010241282384314e-09
2.219301843284446256e-09
2.219593445286608700e-09
2.219885047288699180e-09
2.226797894860737562e-09
2.229317195497777777e-09
2.229519013692561039e-09
2.229720831887224360e-09
2.229922650082094063e-09
2.230124468276609318e-09
2.230326286471469095e-09
2.230528104666094365e-09
2.230729922860801113e-09
2.230931741055469397e-09
2.231133559250219158e-09
2.231335377444849392e-09
2.231396902579042663e-09
2.239399743127845369e-09
2.240684622570231383e-09
2.240799125487643326e-09
2.240913628405170662e-09
2.241028131322630168e-09
2.241142634240047075e-09
2.241257137157416005e-09
2.241371640074947476e-09
2.241486142992282905e-09
2.241600645909685336e-09
2.241715148827101829e-09
2.241829651744432295e-09
2.241805579557477287e-09
2.249778398870647380e-09
2.251138501379840330e-09
2.251163269866323682e-09
2.251188038353013415e-09
2.251212806839573695e-09
2.251237575325985082e-09
2.251262343812583825e-09
2.251287112299191668e-09
2.251311880785598506e-09
2.251336649272240262e-09
2.251361417758762078e-09
2.251386186245216892e-09
2.251410954731820185e-09
2.257626364263643434e-09
2.260251480692671432e-09
2.260202183062177033e-09
2.260152885431601571e-09
2.260103587801304041e-09
2.260054290170656614e-09
2.260004992540282570e-09
2.259955694909788585e-09
2.259906397279328101e-09
2.259857099648838665e-09
2.259807802018306216e-09
2.259758504387855658e-09
2.259709206757361260e-09
2.263241913761898893e-09
2.268323977707462136e-09
2.268197229784219133e-09
2.268070481860866115e-09
2.267943733937661161e-09
2.267816986014231215e-09
2.267690238091022126e-09
2.267563490167707158e-09
2.267436742244392190e-09
2.267309994321038758e-09
2.267183246397877232e-09
2.267056498474437773e-09
2.266929750551199733e-09
2.266660917106918097e-09
2.275760212510561724e-09
2.275167234019773500e-09
2.274958728523401231e-09
2.274750223026923083e-09
2.274541717530521863e-09
2.274333212034044129e-09
2.274124706537676410e-09
2.273916201041049783e-09
2.273707695544571636e-09
2.273499190048285807e-09
2.273290684551731145e-09
2.273082179055286498e-09
2.272767934172578475e-09
2.279151659824425006e-09
2.280559887136797811e-09
2.280278274081166304e-09
2.279996661025419819e-09
2.279715047969740335e-09
2.279433434913959935e-09
2.279151821858405356e-09
2.278870208802577393e-09
2.278588595746945886e-09
2.278306982691198987e-09
2.278025369635495929e-09
2.277743756579820995e-09
2.277462143524222988e-09
2.277980599606146441e-09
2.285520641343896498e-09
2.284904868846751222e-09
2.284548632081173841e-09
2.284192395315505883e-09
2.283836158549990954e-09
2.283479921784351948e-09
2.283123685018655039e-09
2.282767448253145073e-09
2.282411211487596644e-09
2.282054974721966737e-09
2.281698737956337243e-09
2.281342501190827277e-09
2.280986264425245346e-09
2.285823238637386856e-09
2.288653662106912689e-09
2.288223954675160511e-09
2.287794247243140325e-09
2.287364539811388147e-09
2.286934832379516027e-09
2.286505124947577319e-09
2.286075417515748626e-09
2.285645710084029948e-09
2.285216002652052776e-09
2.284786295220108691e-09
2.284356587788313499e-09
2.283926880356484806e-09
2.283129532742611132e-09
2.291129345992388439e-09
2.290730761278910648e-09
2.290244356576057626e-09
2.289757951873089212e-09
2.289271547170278790e-09
2.288785142467348840e-09
2.288298737764418476e-09
2.287812333061718482e-09
2.287325928358798045e-09
2.286839523655868095e-09
2.286353118952976195e-09
2.285866714250170736e-09
2.285380309547164272e-09
2.284246673404500969e-09
2.293114644454391323e-09
2.292029437752496076e-09
2.291475840128460021e-09
2.290922242504534393e-09
2.290368644880378810e-09
2.289815047256491233e-09
2.289261449632488678e-09
2.288707852008568014e-09
2.288154254384483982e-09
2.287600656760404913e-09
2.287047059136445372e-09
2.286493461512443230e-09
2.285939863888402211e-09
2.285276948738654671e-09
2.293343562626379095e-09
2.292298871203578982e-09
2.291679557661973373e-09
2.291060244120324750e-09
2.290440930578637663e-09
2.289821617037027091e-09
2.289202303495459946e-09
2.288582989953734395e-09
2.287963676412205714e-09
2.287344362870480163e-09
2.286725049328874554e-09
2.286105735787192017e-09
2.285486422245658372e-09
2.284435004952710914e-09
2.292148389592534815e-09
2.291020225075597570e-09
2.290342337754369922e-09
2.289664450432950368e-09
2.288986563111722720e-09
2.288308675790380094e-09
2.287630788469037467e-09
2.286952901147694841e-09
2.286275013826543707e-09
2.285597126505124153e-09
2.284919239183896505e-09
2.284241351862596892e-09
2.283563464541206289e-09
2.282406627062693082e-09
2.290586126341343728e-09
2.289393288852617840e-09
2.288654599733322936e-09
2.287915910614219938e-09
2.287177221495001963e-09
2.286438532375783987e-09
2.285699843256570560e-09
2.284961154137424549e-09
2.284222465018129645e-09
2.283483775898988184e-09
2.282745086779770208e-09
2.282006397660590282e-09
2.281267708541329293e-09
2.280412027124280268e-09
2.285463040832166839e-09
2.286800174886357850e-09
2.286005529176155190e-09
2.285210883466019945e-09
2.284416237755702720e-09
2.283621592045495097e-09
2.282826946335283338e-09
2.282032300625042628e-09
2.281237654914796954e-09
2.280443009204627795e-09
2.279648363494382535e-09
2.278853717784136861e-09
2.278059072073934201e-09
2.277264426363645514e-09
2.278458542580672525e-09
2.283302448770111179e-09
2.282326758721821862e-09
2.281486287239299557e-09
2.280645815757007208e-09
2.279805344274638345e-09
2.278964872792197518e-09
2.278124401309828241e-09
2.277283929827535893e-09
2.276443458345052051e-09
2.275602986862721239e-09
2.274762515380357339e-09
2.273922043897988476e-09
2.273081572415504221e-09
3.119966017929151583e-08
-1.983918739128460671e-07
0.000000000000000000e+00
0.000000000000000000e+00
0.000000000000000000e+00
0.000000000000000000e+00
0.000000000000000000e+00
0.000000000000000000e+00
0.000000000000000000e+00
0.000000000000000000e+00
0.000000000000000000e+00
0.000000000000000000e+00
0.000000000000000000e+00
0.000000000000000000e+00
0.000000000000000000e+00
0.000000000000000000e+00
0.000000000000000000e+00
0.000000000000000000e+00
0.000000000000000000e+00
0.000000000000000000e+00
0.000000000000000000e+00
0.000000000000000000e+00
0.000000000000000000e+00
0.000000000000000000e+00
0.000000000000000000e+00
0.000000000000000000e+00
0.000000000000000000e+00
0.000000000000000000e+00
0.000000000000000000e+00
0.000000000000000000e+00
0.000000000000000000e+00
0.000000000000000000e+00
0.000000000000000000e+00
0.000000000000000000e+00
0.000000000000000000e+00
0.000000000000000000e+00
0.000000000000000000e+00
0.000000000000000000e+00
0.000000000000000000e+00
0.000000000000000000e+00
0.000000000000000000e+00
0.000000000000000000e+00
0.000000000000000000e+00
0.000000000000000000e+00
0.000000000000000000e+00
0.000000000000000000e+00
0.000000000000000000e+00
0.000000000000000000e+00
0.000000000000000000e+00
0.000000000000000000e+00
0.000000000000000000e+00
0.000000000000000000e+00
0.000000000000000000e+00
0.000000000000000000e+00
0.000000000000000000e+00
0.000000000000000000e+00
0.000000000000000000e+00
0.000000000000000000e+00
0.000000000000000000e+00
0.000000000000000000e+00
0.000000000000000000e+00
0.000000000000000000e+00
0.000000000000000000e+00
0.000000000000000000e+00
0.000000000000000000e+00
0.000000000000000000e+00
0.000000000000000000e+00
0.000000000000000000e+00
0.000000000000000000e+00
0.000000000000000000e+00
0.000000000000000000e+00
0.000000000000000000e+00
0.000000000000000000e+00
0.000000000000000000e+00
0.000000000000000000e+00
0.000000000000000000e+00
0.000000000000000000e+00
0.000000000000000000e+00
0.000000000000000000e+00
0.000000000000000000e+00
0.000000000000000000e+00
0.000000000000000000e+00
0.000000000000000000e+00
0.000000000000000000e+00
0.000000000000000000e+00
0.000000000000000000e+00
0.000000000000000000e+00
0.000000000000000000e+00
0.000000000000000000e+00
0.000000000000000000e+00
0.000000000000000000e+00
0.000000000000000000e+00
