5.185888129395315577e-09
5.250707779810412677e-09
5.311125977539286903e-09
5.367068536160483057e-09
5.418686912024382809e-09
5.466409025969843673e-09
5.510076729351609693e-09
5.549865122742605582e-09
5.586121307521001726e-09
5.618564951360442456e-09
5.647767557278078356e-09
5.673469156394745123e-09
5.695955991670441997e-09
5.715355618301199251e-09
5.731648527023052683e-09
5.745136279221801144e-09
5.755684470992739550e-09
5.763616310346838795e-09
5.768789501627055307e-09
5.771530458398910246e-09
5.771827349783959341e-09
5.769670349939392993e-09
5.765431430567738282e-09
5.758753807505152556e-09
5.750302494644541398e-09
5.739508367595038277e-09
5.727021054624549114e-09
5.712639572007089423e-09
5.696333059916061328e-09
5.678552760674566090e-09
5.658953800923056385e-09
5.637959173340903563e-09
5.615498546799760890e-09
5.591439087196763235e-09
5.566299641738522457e-09
5.539775859486992341e-09
5.511953456144286878e-09
5.483255953895199188e-09
5.453348591803606649e-09
5.422351017651293019e-09
5.390615434034799520e-09
5.357882632629397106e-09
5.324272297478892633e-09
5.290073766389830348e-09
5.255099580462774848e-09
5.219324442344948318e-09
5.183149254619450932e-09
5.146386546137648239e-09
5.109049581434614949e-09
5.071279929382962746e-09
5.033218437110432916e-09
4.994717169881677503e-09
4.955836298345470630e-09
4.916841754572627430e-09
4.877561846568308909e-09
4.838070402502697960e-09
4.798420664544837277e-09
4.758771260015528999e-09
4.718989553619338612e-09
4.679136002758375616e-09
4.639299603323309545e-09
4.599581209782756073e-09
4.559860501293129966e-09
4.520219419502102857e-09
4.480706394650028669e-09
4.441434242482953321e-09
4.402266466393493905e-09
4.363321005785262835e-09
4.324559942674272797e-09
4.286133035156125316e-09
4.247942532195443654e-09
4.210049318672159042e-09
4.172386851672157324e-09
4.135192146594926238e-09
4.098300125983028720e-09
4.061766316405507194e-09
4.025586887431355169e-09
3.989789469172814475e-09
3.954507979316268556e-09
3.919549583721677032e-09
3.885058300462509870e-09
3.850971102072421542e-09
3.817359921021108759e-09
3.784257276198962604e-09
3.751561719442922012e-09
3.719370471366449406e-09
3.687618580407453466e-09
3.656356650253548377e-09
3.625629791305109146e-09
3.595349329896147175e-09
3.565625275723292481e-09
3.536373341838566748e-09
3.507600794661551701e-09
3.479370051314295453e-09
3.451581747194044467e-09
3.424328278676182725e-09
3.397604204555700975e-09
3.371317880482740086e-09
3.345580832242216687e-09
3.320325910024084634e-09
3.295521063598080130e-09
3.271275977324070904e-09
3.247496980906327728e-09
3.224170717252616319e-09
3.201356290875113674e-09
3.178986645186560915e-09
3.157078940642162905e-09
3.135669803592531558e-09
3.114700720590649050e-09
3.094168349323903273e-09
3.074090645117214346e-09
3.054425186753745035e-09
3.035170570656886283e-09
3.016379119638031232e-09
2.997985087547412948e-09
2.979947431103517419e-09
2.962400189153139773e-09
2.945219640159314509e-09
2.928368413660876854e-09
2.911943798156047891e-09
2.895888197216918011e-09
2.880142913172468722e-09
2.864723725383425880e-09
2.849675650108719125e-09
2.834939495270376865e-09
2.820527622590819557e-09
2.806456925210873254e-09
2.792667542769328556e-09
2.779132788951417380e-09
2.765866911570997313e-09
2.752915744642202209e-09
2.740214103706056233e-09
2.727760429360813708e-09
2.715549032062068847e-09
2.703557829277388427e-09
2.691760129620600561e-09
2.680235046782898468e-09
2.668900338726052957e-09
2.657732298045544671e-09
2.646719929209421752e-09
2.635943499406585775e-09
2.625330146257727910e-09
2.614837639555861367e-09
2.604472274834808003e-09
2.594292985312581320e-09
2.584247901043579122e-09
2.574293853139344602e-09
2.564436689503720405e-09
2.554723214030830108e-09
2.545092009136461084e-09
2.535523761385180262e-09
2.526022774133043565e-09
2.516650866781496421e-09
2.507324264248533563e-09
2.498035481507352118e-09
2.488788795409908684e-09
2.479602027214417738e-09
2.470430707968954969e-09
2.461272680505963289e-09
2.452152922664911893e-09
2.443061169691142008e-09
2.433983021698834297e-09
2.424894435602530658e-09
2.415798973564171575e-09
2.406693939384555150e-09
2.397568323024871686e-09
2.388404341393832876e-09
2.379226549853416564e-09
2.370042661009164563e-09
2.360825020773456213e-09
2.351578279038057655e-09
2.342274887801589354e-09
2.332917259003413253e-09
2.323521913941257833e-09
2.314050308023648198e-09
2.304515176012210505e-09
2.294939707563399390e-09
2.285326073807440886e-09
2.275659677341928513e-09
2.265937369486989412e-09
2.256109402048881909e-09
2.246234161494365810e-09
2.236275385368141770e-09
2.226230236147319348e-09
2.216138378508487871e-09
2.205938349502736059e-09
2.195707466002123768e-09
2.185433914499888811e-09
2.175059574224750616e-09
2.164641226752246119e-09
2.154107090002727402e-09
2.143518222556697388e-09
2.132857038973051198e-09
2.122101282351329400e-09
2.111308956257701465e-09
2.100429055421789303e-09
2.089521636072002480e-09
2.078557513601703390e-09
2.067523193522816908e-09
2.056441945098802447e-09
2.045270351513190878e-09
2.034073665162347717e-09
2.022789628669217776e-09
2.011473734992228715e-09
2.000095322847111401e-09
1.988695478963584563e-09
1.977278573991092337e-09
1.965814502337984275e-09
1.954335730213563040e-09
1.942787764875199890e-09
1.931231667616010006e-09
1.919643997202193342e-09
1.908044195689214882e-09
1.896415622208356633e-09
1.884771557636501610e-09
1.873108308764424681e-09
1.861469059483925257e-09
1.849846991683883724e-09
1.838215692496728375e-09
1.826580522765243027e-09
1.814949691422448824e-09
1.803319864288060589e-09
1.791741219895316689e-09
1.780167945883671167e-09
1.768626112727836067e-09
1.757087682237780586e-09
1.745607230247689514e-09
1.734136544597947607e-09
1.722757606879926901e-09
1.711387725408330182e-09
1.700078302696061267e-09
1.688785149508168770e-09
1.677584674209215492e-09
1.666405829463527745e-09
1.655346490138467506e-09
1.644303627423829566e-09
1.633360368013593202e-09
1.622435168700802858e-09
1.611648596599057955e-09
1.600874135191488785e-09
1.590253228634129676e-09
1.579634626578518357e-09
1.569163875122623097e-09
1.558693123666729490e-09
1.548427669917823080e-09
1.538174885386534490e-09
1.528098396879142916e-09
1.518052394871350836e-09
1.508147565395877699e-09
1.498290473001230908e-09
1.488581919644138127e-09
1.478962126110363500e-09
1.469447863813568674e-09
1.460044140629423950e-09
1.450712367334404540e-09
1.441523715442503068e-09
1.432385854593394092e-09
1.423506493607856247e-09
1.414627132622318403e-09
1.405980990755190054e-09
1.397340261095320488e-09
1.388885605284524605e-09
1.380485368304056105e-09
1.372240708241072462e-09
1.364121656933453277e-09
1.356080187732955973e-09
1.348206727258072409e-09
1.340349620276495037e-09
1.332742405108083506e-09
1.325135189939673422e-09
1.317786374585425285e-09
1.310506360933714418e-09
1.303352980067973040e-09
1.296325887586371244e-09
1.289349914796612451e-09
1.282586119290693139e-09
1.275822323784774654e-09
1.269297430153857123e-09
1.262808232166034555e-09
1.256450202016151414e-09
1.250209375338140862e-09
1.244016772497235000e-09
1.238062429656196267e-09
1.232108086815160222e-09
1.226382082872946560e-09
1.220716584544793706e-09
1.215144037147703000e-09
1.209714120035740926e-09
1.204284202923781541e-09
1.199096565693437736e-09
1.193913798430540838e-09
1.188859721204808374e-09
1.183911964777507301e-09
1.178985227243073326e-09
1.174255716208254113e-09
1.169526205173435314e-09
1.164959851417921192e-09
1.160490848763654346e-09
1.156051529866114351e-09
1.151798513547035329e-09
1.147545497227954653e-09
1.143410666939466445e-09
1.139345380159062174e-09
1.135300162370469150e-09
1.131430628441075363e-09
1.127561094511681163e-09
1.123786599803037807e-09
1.120087941605751265e-09
1.116389283408465756e-09
1.112845616165996838e-09
1.109303449927389413e-09
1.105839186155277633e-09
1.102489356714412993e-09
1.099139527273546698e-09
1.095891892215207847e-09
1.092669820328028746e-09
1.089468106999230088e-09
1.086362443412058063e-09
1.083256779824884797e-09
1.080214543282982342e-09
1.077228593781136193e-09
1.074242644279290043e-09
1.071334906882053952e-09
1.068439422943178501e-09
1.065559331459521420e-09
1.062749874884156496e-09
1.059940418308795707e-09
1.057169750101080750e-09
1.054442335382927642e-09
1.051714920664775567e-09
1.049021728402576114e-09
1.046340189411731633e-09
1.043658650420885704e-09
1.041018214077967619e-09
1.038377845669377197e-09
1.035745026692165377e-09
1.033137520049522194e-09
1.030530013406876943e-09
1.027928071722683729e-09
1.025333213557040255e-09
1.022738355391395954e-09
1.020146363891073893e-09
1.017556063936511771e-09
1.014965763981944685e-09
1.012366916394544931e-09
1.009765883096288581e-09
1.007164849798030577e-09
1.004541332765607300e-09
1.001916436199619025e-09
9.992899855778867858e-10
9.966416205137076598e-10
9.939932554495287405e-10
9.913391732448939219e-10
9.886568346502430565e-10
9.859744960555936387e-10
9.832804598778265835e-10
9.805509939956229041e-10
9.778215281134190180e-10
9.750743441876482998e-10
9.722869460501656527e-10
9.694995479126815580e-10
9.666910955516884363e-10
9.638419541884317760e-10
9.609928128251740817e-10
9.581210263827977391e-10
9.552078268698398952e-10
9.522946273568851532e-10
9.493638477738140952e-10
9.463994247000309972e-10
9.434350016262445906e-10
9.404502281177265124e-10
9.374201386026353730e-10
9.343900490875446472e-10
9.313429301088131641e-10
9.282456480128073875e-10
9.251483659168014042e-10
9.220384921613568148e-10
9.188686921881637339e-10
9.156988922149707563e-10
9.125247035825164592e-10
9.092924811336601851e-10
9.060602586848038076e-10
9.028280362359461893e-10
8.995437188358537212e-10
8.962562686122758904e-10
8.929688183887007480e-10
8.896488791539859309e-10
8.863204261121235785e-10
8.829919730702614329e-10
8.796340541795764825e-10
8.762578739808297089e-10
8.728816937820813842e-10
8.694879298445734297e-10
8.660696986709121404e-10
8.626514674972532293e-10
8.592272747703501560e-10
8.557783914388263707e-10
8.523295081073048601e-10
8.488806247757819019e-10
8.454112736521137130e-10
8.419407589151617922e-10
8.384702441782128700e-10
8.349945233603019196e-10
8.315162743132383531e-10
8.280380252661735458e-10
8.245613823731208342e-10
8.210874161219502163e-10
8.176134498707812527e-10
8.141396630801280668e-10
8.106691650052215323e-10
8.071986669303146875e-10
8.037281688554085665e-10
8.002734762519385184e-10
7.968254583948030488e-10
7.933774405376686131e-10
7.899408072461802419e-10
7.865274090645545909e-10
7.831140108829263550e-10
7.797006127013004972e-10
7.763215210252417847e-10
7.729450576686805935e-10
7.695685943121215736e-10
7.662202681337454287e-10
7.628997586709478044e-10
7.595792492081482155e-10
7.562616600728031477e-10
7.529987254488773060e-10
7.497357908249507405e-10
7.464728562010248988e-10
7.432455266203754892e-10
7.400448151754574207e-10
7.368441037305392488e-10
7.336497192015973509e-10
7.305432413980527993e-10
7.274367635945084546e-10
7.243302857909655574e-10
7.212693273851569164e-10
7.182478854801136851e-10
7.152264435750710741e-10
7.122050016700278428e-10
7.092680289771592071e-10
7.063330911010277423e-10
7.033981532248933825e-10
7.005025726606925970e-10
6.976684275446230917e-10
6.948342824285537932e-10
6.920001373124838743e-10
6.892401238134612431e-10
6.865013751638140018e-10
6.837626265141664504e-10
6.810375853547149537e-10
6.783995496194873183e-10
6.757615138842596830e-10
6.731234781490293592e-10
6.705472731267767993e-10
6.680415490079427273e-10
6.655358248891109300e-10
6.630301007702761342e-10
6.606034864677548501e-10
6.582004360343902203e-10
6.557973856010256938e-10
6.533990529731156766e-10
6.510998065862738334e-10
6.488005601994299223e-10
6.465013138125888029e-10
6.442339229981788366e-10
6.420437894797214026e-10
6.398536559612646924e-10
6.376635224428067414e-10
6.355240124780088146e-10
6.334331827531923492e-10
6.313423530283746431e-10
6.292515233035590048e-10
6.272368580820581578e-10
6.252550321917028770e-10
6.232732063013472861e-10
6.212913804109910747e-10
6.194067760371663461e-10
6.175381863217805419e-10
6.156695966063941173e-10
6.138010068910097607e-10
6.120189524916771765e-10
6.102378531163317077e-10
6.084567537409855150e-10
6.066835033515610969e-10
6.049895740682327030e-10
6.032956447849044125e-10
6.016017155015768458e-10
5.999207911261378886e-10
5.983075268936613831e-10
5.966942626611863253e-10
5.950809984287101300e-10
5.934824029819882195e-10
5.919416153091327835e-10
5.904008276362779680e-10
5.888600399634232558e-10
5.873360493503190527e-10
5.858739990236304338e-10
5.844119486969405741e-10
5.829498983702507143e-10
5.815001698774337952e-10
5.801016995580479625e-10
5.787032292386614061e-10
5.773047589192762972e-10
5.759133005640460297e-10
5.745636698250878417e-10
5.732140390861290334e-10
5.718644083471709488e-10
5.705176072459278073e-10
5.692133170924612279e-10
5.679090269389925805e-10
5.666047367855269317e-10
5.653004466320595251e-10
5.640315742913798576e-10
5.627645630776499332e-10
5.614975518639199053e-10
5.602305406501886367e-10
5.589867445590468968e-10
5.577485242699113740e-10
5.565103039807744036e-10
5.552720836916373299e-10
5.540534603280355028e-10
5.528462996369652852e-10
5.516391389458951710e-10
5.504319782548235058e-10
5.492314853701389973e-10
5.480400629840879330e-10
5.468486405980371789e-10
5.456572182119861147e-10
5.444671655777533653e-10
5.432831771660607235e-10
5.420991887543662206e-10
5.409152003426729584e-10
5.397312119309803165e-10
5.385540359678929790e-10
5.373775135371788079e-10
5.362009911064634995e-10
5.350244686757494319e-10
5.338450970374751369e-10
5.326638887879845245e-10
5.314826805384936019e-10
5.303014722890034031e-10
5.291180096698619350e-10
5.279284752672485994e-10
5.267389408646359876e-10
5.255494064620239962e-10
5.243598720594099369e-10
5.231594178259636738e-10
5.219577548609606094e-10
5.207560918959559941e-10
5.195544289309513789e-10
5.183448565071895686e-10
5.171272645014250218e-10
5.159096724956611989e-10
5.146920804898956181e-10
5.134736132765607778e-10
5.122412154580850916e-10
5.110088176396098189e-10
5.097764198211345462e-10
5.085440220026585498e-10
5.073032266130795255e-10
5.060565421216800153e-10
5.048098576302812289e-10
5.035631731388825458e-10
5.023151271149290575e-10
5.010519028684616979e-10
4.997886786219950622e-10
4.985254543755278060e-10
4.972622301290613770e-10
4.959900778738453577e-10
4.947103945377675886e-10
4.934307112016887855e-10
4.921510278656116368e-10
4.908713445295345914e-10
4.895782537149971085e-10
4.882847179673823450e-10
4.869911822197658238e-10
4.856976464721513706e-10
4.844005119553055580e-10
4.830969346136861932e-10
4.817933572720684828e-10
4.804897799304497385e-10
4.791862025888324416e-10
4.778787188954442145e-10
4.765696680726714657e-10
4.752606172498980966e-10
4.739515664271260716e-10
4.726424781327959162e-10
4.713323092070545495e-10
4.700221402813145269e-10
4.687119713555730568e-10
4.674018024298318968e-10
4.660914164624302869e-10
4.647805641457495978e-10
4.634697118290688571e-10
4.621588595123882197e-10
4.608480071957078408e-10
4.595412737617267430e-10
4.582377030117372642e-10
4.569341322617452522e-10
4.556305615117555666e-10
4.543269907617642267e-10
4.530326506865316323e-10
4.517409532636931429e-10
4.504492558408566697e-10
4.491575584180199381e-10
4.478658609951821208e-10
4.465872412207368780e-10
4.453092717403802961e-10
4.440313022600247482e-10
4.427533327796673908e-10
4.414773559320518260e-10
4.402212881495016511e-10
4.389652203669519415e-10
4.377091525844020251e-10
4.364530848018521087e-10
4.352011366157053137e-10
4.339665026700284570e-10
4.327318687243517037e-10
4.314972347786736580e-10
4.302626008329963877e-10
4.290342964508820015e-10
4.278243867940758760e-10
4.266144771372703191e-10
4.254045674804639351e-10
4.241946578236572926e-10
4.229952704436410118e-10
4.218226591646016141e-10
4.206500478855623198e-10
4.194774366065235942e-10
4.183048253274845067e-10
4.171407390295743050e-10
4.159996751698832631e-10
4.148586113101928933e-10
4.137175474505029371e-10
4.125764835908125674e-10
4.114428119167964073e-10
4.103353388533467510e-10
4.092278657898981286e-10
4.081203927264481104e-10
4.070129196629985058e-10
4.059102357664346499e-10
4.048392284421177120e-10
4.037682211178002056e-10
4.026972137934825957e-10
4.016262064691655028e-10
4.005553304543412976e-10
3.995194748533484976e-10
3.984836192523568350e-10
3.974477636513638283e-10
3.964119080503714419e-10
3.953760524493794174e-10
3.943712352719263978e-10
3.933724636994314473e-10
3.923736921269377893e-10
3.913749205544422185e-10
3.903761489819490258e-10
3.894051401495881321e-10
3.884503837243326021e-10
3.874956272990777959e-10
3.865408708738230931e-10
3.855861144485680285e-10
3.846445528101485695e-10
3.837240890202094917e-10
3.828036252302703622e-10
3.818831614403312844e-10
3.809626976503925168e-10
3.800454940507054401e-10
3.791580548868195983e-10
3.782706157229337565e-10
3.773831765590476045e-10
3.764957373951620729e-10
3.756082982312759726e-10
3.747468588791793125e-10
3.738930852629219730e-10
3.730393116466635479e-10
3.721855380304064669e-10
3.713317644141481452e-10
3.704896877164296187e-10
3.696647815575394109e-10
3.688398753986489962e-10
3.680149692397585299e-10
3.671900630808688391e-10
3.663651569219780109e-10
3.655717310773159078e-10
3.647783968181182650e-10
3.639850625589202603e-10
3.631917282997223073e-10
3.623983940405246127e-10
3.616208405592687621e-10
3.608563191199101013e-10
3.600917976805514405e-10
3.593272762411928314e-10
3.585627548018342740e-10
3.577994046328724097e-10
3.570555475661382317e-10
3.563116904994047776e-10
3.555678334326709098e-10
3.548239763659374556e-10
3.540801192992036396e-10
3.533470812020398872e-10
3.526238819191045001e-10
3.519006826361694748e-10
3.511774833532344496e-10
3.504542840702994243e-10
3.497310847873647610e-10
3.490235456387470319e-10
3.483168566292343144e-10
3.476101676197209765e-10
3.469034786102078971e-10
3.461967896006941973e-10
3.454947900370916574e-10
3.448022808561212441e-10
3.441097716751515028e-10
3.434172624941821235e-10
3.427247533132116585e-10
3.420322441322423308e-10
3.413495560060021694e-10
3.406717048892240436e-10
3.399938537724465381e-10
3.393160026556694463e-10
3.386381515388925612e-10
3.379603004221147455e-10
3.372914559230309406e-10
3.366229277083574743e-10
3.359543994936836461e-10
3.352858712790094560e-10
3.346173430643359380e-10
3.339503602095407421e-10
3.332889021659425053e-10
3.326274441223440617e-10
3.319659860787453597e-10
3.313045280351476916e-10
3.306430699915485760e-10
3.299843328133351864e-10
3.293292441638919749e-10
3.286741555144492286e-10
3.280190668650060171e-10
3.273639782155629606e-10
3.267088895661193872e-10
3.260567966199732601e-10
3.254067721335931214e-10
3.247567476472126725e-10
3.241067231608322237e-10
3.234566986744520850e-10
3.228066741880716878e-10
3.221589042083042306e-10
3.215120490516618722e-10
3.208651938950189451e-10
3.202183387383756044e-10
3.195714835817334010e-10
3.189246284250906290e-10
3.182818757885642430e-10
3.176402385117041597e-10
3.169986012348439213e-10
3.163569639579834760e-10
3.157153266811229791e-10
3.150736894042625338e-10
3.144345457405960507e-10
3.137959648077252353e-10
3.131573838748546267e-10
3.125188029419844317e-10
3.118802220091135646e-10
3.112416410762434213e-10
3.106052970201248842e-10
3.099695124608136270e-10
3.093337279015026799e-10
3.086979433421917845e-10
3.080621587828808891e-10
3.074263742235698904e-10
3.067949513240849725e-10
3.061650767687225328e-10
3.055352022133602482e-10
3.049053276579981704e-10
3.042754531026358342e-10
3.036455785472731877e-10
3.030181320814793956e-10
3.023921128148271418e-10
3.017660935481753016e-10
3.011400742815233063e-10
3.005140550148710525e-10
2.998880357482187988e-10
2.992649022672283564e-10
2.986449589745995472e-10
2.980250156819698075e-10
2.974050723893407399e-10
2.967851290967117756e-10
2.961651858040823978e-10
2.955475974170269885e-10
2.949362774597506108e-10
2.943249575024739229e-10
2.937136375451971833e-10
2.931023175879207539e-10
2.924909976306440660e-10
2.918798547070391532e-10
2.912759565335281537e-10
2.906720583600177747e-10
2.900681601865067236e-10
2.894642620129957242e-10
2.888603638394849833e-10
2.882564656659739839e-10
2.876597877734264145e-10
2.870658226783708743e-10
2.864718575833161614e-10
2.858778924882602593e-10
2.852839273932047192e-10
2.846899622981495926e-10
2.840998423259453820e-10
2.835159472502537104e-10
2.829320521745620905e-10
2.823481570988703673e-10
2.817642620231783338e-10
2.811803669474874377e-10
2.805964718717957144e-10
2.800233660130759910e-10
2.794503876148447959e-10
2.788774092166127735e-10
2.783044308183815784e-10
2.777314524201504349e-10
2.771584740219191363e-10
2.765927037027717577e-10
2.760329274186128100e-10
2.754731511344549479e-10
2.749133748502962586e-10
2.743535985661387584e-10
2.737938222819804827e-10
2.732348006444001942e-10
2.726888887746024232e-10
2.721429769048050141e-10
2.715970650350082254e-10
2.710511531652111265e-10
2.705052412954141310e-10
2.699593294256162567e-10
2.694199956187331296e-10
2.688868989296874135e-10
2.683538022406413871e-10
2.678207055515952057e-10
2.672876088625492310e-10
2.667545121735033598e-10
2.662214154844573851e-10
2.657000887987348244e-10
2.651797548464777628e-10
2.646594208942212699e-10
2.641390869419637947e-10
2.636187529897073018e-10
2.630984190374503953e-10
2.625818316558580821e-10
2.620748406428472986e-10
2.615678496298359982e-10
2.610608586168244910e-10
2.605538676038134490e-10
2.600468765908019418e-10
2.595398855777907448e-10
2.590398706177118119e-10
2.585447307275311948e-10
2.580495908373505260e-10
2.575544509471693919e-10
2.570593110569878960e-10
2.565641711668068136e-10
2.560690312766251625e-10
2.555864110514774874e-10
2.551060806843839297e-10
2.546257503172901134e-10
2.541454199501957802e-10
2.536650895831023775e-10
2.531847592160084062e-10
2.527050405703696010e-10
2.522367956968834239e-10
2.517685508233959026e-10
2.513003059499093636e-10
2.508320610764225144e-10
2.503638162029359237e-10
2.498955713294484024e-10
2.494293636722430266e-10
2.489711072195692194e-10
2.485128507668952570e-10
2.480545943142208810e-10
2.475963378615472288e-10
2.471380814088732147e-10
2.466798249561992006e-10
2.462250164140572540e-10
2.457780642947167722e-10
2.453311121753759285e-10
2.448841600560354984e-10
2.444372079366949132e-10
2.439902558173547933e-10
2.435433036980143632e-10
2.430994469376958935e-10
2.426612544338799922e-10
2.422230619300638841e-10
2.417848694262479828e-10
2.413466769224322366e-10
2.409084844186161802e-10
2.404702919148007959e-10
2.400351810342345846e-10
2.396058276973434632e-10
2.391764743604521349e-10
2.387471210235607550e-10
2.383177676866692200e-10
2.378884143497787706e-10
2.374590610128872873e-10
2.370327692445780204e-10
2.366139585107749758e-10
2.361951477769715693e-10
2.357763370431676458e-10
2.353575263093649631e-10
2.349387155755616599e-10
2.345199048417579432e-10
2.341023094949339098e-10
2.336903168521043895e-10
2.332783242092749726e-10
2.328663315664448836e-10
2.324543389236154667e-10
2.320423462807857913e-10
2.316303536379558316e-10
2.312184464959336534e-10
2.308137000521087006e-10
2.304089536082842648e-10
2.300042071644593120e-10
2.295994607206346177e-10
2.291947142768100010e-10
2.287899678329854101e-10
2.283852213891604573e-10
2.279856722936234896e-10
2.275874997320616631e-10
2.271893271704988026e-10
2.267911546089364850e-10
2.263929820473746843e-10
2.259948094858116170e-10
2.255966369242496613e-10
2.252017636183222884e-10
2.248100065997164007e-10
2.244182495811101771e-10
2.240264925625040309e-10
2.236347355438982725e-10
2.232429785252920488e-10
2.228512215066855925e-10
2.224606338511005792e-10
2.220752899021321829e-10
2.216899459531636575e-10
2.213046020041948993e-10
2.209192580552263480e-10
2.205339141062573055e-10
2.201485701572883923e-10
2.197632262083201512e-10
2.193835816145458376e-10
2.190054118664227544e-10
2.186272421182991542e-10
2.182490723701761227e-10
2.178709026220528844e-10
2.174927328739294392e-10
2.171145631258063302e-10
2.167384884077503843e-10
2.163663030686339316e-10
2.159941177295174789e-10
2.156219323904011813e-10
2.152497470512850389e-10
2.148775617121687671e-10
2.145053763730524954e-10
2.141331910339359910e-10
2.137658464559028646e-10
2.133993636259842654e-10
2.130328807960662608e-10
2.126663979661480493e-10
2.122999151362295536e-10
2.119334323063113938e-10
2.115669494763931049e-10
2.112024211287229777e-10
2.108426687648919555e-10
2.104829164010612952e-10
2.101231640372299370e-10
2.097634116733989149e-10
2.094036593095680736e-10
2.090439069457368705e-10
2.086841545819059000e-10
2.083282407596396205e-10
2.079741820764977961e-10
2.076201233933563079e-10
2.072660647102146645e-10
2.069120060270728402e-10
2.065579473439314036e-10
2.062038886607899153e-10
2.058498299776482720e-10
2.055030566482416918e-10
2.051562848552182026e-10
2.048095130621945324e-10
2.044627412691709398e-10
2.041159694761468819e-10
2.037691976831234185e-10
2.034224258900997483e-10
2.030775454265096617e-10
2.027378628615335100e-10
2.023981802965573583e-10
2.020584977315811807e-10
2.017188151666050290e-10
2.013791326016290582e-10
2.010394500366530357e-10
2.006997674716770650e-10
2.003628763223495183e-10
2.000290737863184147e-10
1.996952712502865873e-10
1.993614687142555095e-10
1.990276661782236562e-10
1.986938636421921907e-10
1.983600611061605701e-10
1.980262585701287426e-10
1.976968139581640827e-10
1.973700047433082353e-10
1.970431955284525947e-10
1.967163863135967215e-10
1.963895770987408741e-10
1.960627678838853627e-10
1.957359586690297221e-10
1.954091494541739006e-10
1.950865528092100573e-10
1.947656633223019564e-10
1.944447738353942432e-10
1.941238843484865300e-10
1.938029948615787392e-10
1.934821053746706383e-10
1.931612158877632353e-10
1.928403264008553153e-10
1.925240310662747237e-10
1.922093528214359097e-10
1.918946745765974316e-10
1.915799963317584625e-10
1.912653180869199586e-10
1.909506398420811445e-10
1.906359615972426407e-10
1.903212833524039817e-10
1.900117546717718993e-10
1.897043621638830126e-10
1.893969696559943326e-10
1.890895771481057820e-10
1.887821846402170762e-10
1.884747921323281895e-10
1.881673996244395354e-10
1.878600071165511398e-10
1.875561534902549487e-10
1.872545378127600642e-10
1.869529221352653088e-10
1.866513064577702692e-10
1.863496907802756948e-10
1.860480751027811462e-10
1.857464594252860807e-10
1.854448437477913512e-10
1.851458475605834178e-10
1.848499691079283178e-10
1.845540906552733730e-10
1.842582122026186349e-10
1.839623337499638709e-10
1.836664552973090553e-10
1.833705768446541363e-10
1.830746983919993982e-10
1.827800936898615060e-10
1.824895611813179967e-10
1.821990286727739704e-10
1.819084961642300992e-10
1.816179636556867449e-10
1.813274311471427186e-10
1.810368986385990284e-10
1.807463661300551830e-10
1.804558336215114411e-10
1.801704238169440216e-10
1.798852431563767232e-10
1.796000624958087528e-10
1.793148818352415062e-10
1.790297011746737167e-10
1.787445205141064184e-10
1.784593398535386289e-10
1.781741591929712013e-10
1.778919647405717671e-10
1.776116566863768113e-10
1.773313486321820624e-10
1.770510405779872876e-10
1.767707325237926938e-10
1.764904244695980741e-10
1.762101164154034802e-10
1.759298083612087055e-10
1.756507299103697884e-10
1.753764258173048940e-10
1.751021217242402064e-10
1.748278176311756739e-10
1.745535135381105985e-10
1.742792094450460918e-10
1.740049053519814042e-10
1.737306012589168459e-10
1.734562971658519773e-10
1.731854477321158600e-10
1.729158597420172532e-10
1.726462717519181553e-10
1.723766837618195485e-10
1.721070957717207349e-10
1.718375077816220247e-10
1.715679197915231853e-10
1.712983318014243976e-10
1.710295875859980915e-10
1.707643146436119762e-10
1.704990417012254732e-10
1.702337687588394613e-10
1.699684958164528031e-10
1.697032228740668171e-10
1.694379499316803140e-10
1.691726769892943280e-10
1.689074040469080059e-10
1.686451423324038548e-10
1.683849442724019772e-10
1.681247462123997378e-10
1.678645481523977310e-10
1.676043500923956467e-10
1.673441520323935882e-10
1.670839539723915556e-10
1.668237559123896522e-10
1.665635578523872836e-10
1.663072655580876020e-10
1.660512877735072772e-10
1.657953099889266679e-10
1.655393322043463947e-10
1.652833544197659406e-10
1.650273766351856416e-10
1.647713988506051874e-10
1.645154210660248884e-10
1.642604041111836829e-10
1.640094465288831676e-10
1.637584889465829366e-10
1.635075313642824471e-10
1.632565737819818542e-10
1.630056161996814423e-10
1.627546586173810562e-10
1.625037010350805409e-10
1.622527434527801289e-10
1.620038824201761516e-10
1.617582923217737899e-10
1.615127022233711181e-10
1.612671121249685755e-10
1.610215220265662138e-10
1.607759319281639297e-10
1.605303418297611545e-10
1.602847517313588187e-10
1.600391616329563019e-10
1.597958228776600965e-10
1.595545407868093047e-10
1.593132586959586679e-10
1.590719766051078501e-10
1.588306945142575494e-10
1.585894124234067316e-10
1.583481303325560949e-10
1.581068482417052771e-10
1.578655661508547954e-10
1.576271436324733741e-10
1.573907342209189350e-10
1.571543248093643149e-10
1.569179153978095139e-10
1.566815059862550748e-10
1.564450965747006357e-10
1.562086871631460156e-10
1.559722777515915765e-10
1.557358683400369564e-10
1.555020157265153551e-10
1.552699928457588750e-10
1.550379699650026018e-10
1.548059470842462769e-10
1.545739242034900295e-10
1.543419013227337562e-10
1.541098784419772503e-10
1.538778555612211580e-10
1.536458326804644712e-10
1.534161466432281393e-10
1.531887047040374250e-10
1.529612627648465297e-10
1.527338208256557895e-10
1.525063788864651268e-10
1.522789369472744125e-10
1.520514950080836981e-10
1.518240530688930096e-10
1.515966111297021402e-10
1.513710414090706849e-10
1.511486859451526977e-10
1.509263304812347364e-10
1.507039750173165424e-10
1.504816195533984260e-10
1.502592640894808007e-10
1.500369086255626584e-10
1.498145531616447230e-10
1.495921976977268909e-10
1.493705643099032031e-10
1.491528313173849190e-10
1.489350983248663247e-10
1.487173653323479372e-10
1.484996323398296532e-10
1.482818993473112140e-10
1.480641663547928007e-10
1.478464333622743873e-10
1.476287003697557672e-10
1.474109673772371730e-10
1.471969693793404483e-10
1.469835099033594450e-10
1.467700504273780797e-10
1.465565909513968695e-10
1.463431314754162022e-10
1.461296719994346560e-10
1.459162125234536526e-10
1.457027530474725976e-10
1.454892935714915942e-10
1.452779049534386629e-10
1.450684212505351029e-10
1.448589375476319823e-10
1.446494538447289652e-10
1.444399701418254827e-10
1.442304864389222588e-10
1.440210027360191899e-10
1.438115190331159142e-10
1.436020353302124318e-10
1.433929445163696447e-10
1.431875399146998173e-10
1.429821353130298348e-10
1.427767307113598265e-10
1.425713261096902059e-10
1.423659215080201976e-10
1.421605169063503702e-10
1.419551123046807496e-10
1.417497077030105603e-10
1.415443031013409139e-10
1.413410673093406581e-10
1.411392786827097446e-10
1.409374900560788052e-10
1.407357014294478917e-10
1.405339128028171075e-10
1.403321241761859872e-10
1.401303355495550995e-10
1.399285469229241860e-10
1.397267582962932466e-10
1.395251028776110341e-10
1.393276499455292252e-10
1.391301970134474939e-10
1.389327440813657109e-10
1.387352911492844965e-10
1.385378382172027394e-10
1.383403852851211631e-10
1.381429323530393801e-10
1.379454794209579590e-10
1.377480264888763828e-10
1.375519424628573152e-10
1.373580123953558018e-10
1.371640823278544693e-10
1.369701522603529558e-10
1.367762221928514424e-10
1.365822921253501357e-10
1.363883620578489842e-10
1.361944319903472898e-10
1.360005019228461382e-10
1.358065718553444697e-10
1.356147528542757284e-10
1.354239605689114519e-10
1.352331682835468910e-10
1.350423759981826144e-10
1.348515837128178209e-10
1.346607914274535443e-10
1.344699991420891644e-10
1.342792068567245776e-10
1.340884145713602235e-10
1.338976222859960245e-10
1.337099253024138698e-10
1.335226392629128175e-10
1.333353532234120495e-10
1.331480671839111264e-10
1.329607811444102033e-10
1.327734951049094870e-10
1.325862090654085123e-10
1.323989230259075633e-10
1.322116369864066919e-10
1.320244048788686825e-10
1.318401096756467453e-10
1.316558144724250150e-10
1.314715192692030261e-10
1.312872240659810890e-10
1.311029288627591002e-10
1.309186336595374732e-10
1.307343384563153293e-10
1.305500432530934439e-10
1.303657480498714809e-10
1.301817033306152155e-10
1.300006225172059489e-10
1.298195417037969926e-10
1.296384608903880105e-10
1.294573800769788990e-10
1.292762992635700203e-10
1.290952184501611157e-10
1.289141376367518491e-10
1.287330568233427894e-10
1.285519760099338848e-10
1.283711209256277381e-10
1.281936867043230891e-10
1.280162524830179749e-10
1.278388182617129899e-10
1.276613840404080566e-10
1.274839498191033042e-10
1.273065155977982158e-10
1.271290813764933600e-10
1.269516471551884526e-10
1.267742129338838036e-10
1.265967787125788703e-10
1.264222031449548203e-10
1.262477178764176054e-10
1.260732326078802353e-10
1.258987473393426843e-10
1.257242620708054952e-10
1.255497768022680993e-10
1.253752915337305225e-10
1.252008062651934109e-10
1.250263209966558858e-10
1.248518357281186450e-10
1.246798606010785980e-10
1.245085138912620937e-10
1.243371671814455119e-10
1.241658204716290334e-10
1.239944737618124257e-10
1.238231270519957146e-10
1.236517803421793137e-10
1.234804336323625250e-10
1.233090869225459949e-10
1.231377402127292321e-10
1.229680625755242710e-10
1.227997368087374136e-10
1.226314110419504011e-10
1.224630852751630267e-10
1.222947595083758592e-10
1.221264337415889242e-10
1.219581079748016532e-10
1.217897822080147958e-10
1.216214564412276283e-10
1.214531306744403314e-10
1.212855084598141350e-10
1.211202825610932166e-10
1.209550566623725826e-10
1.207898307636519743e-10
1.206246048649311593e-10
1.204593789662104219e-10
1.202941530674896844e-10
1.201289271687691279e-10
1.199637012700483129e-10
1.197984753713276529e-10
1.196332494726069672e-10
1.194707611718489649e-10
1.193088634096026712e-10
1.191469656473557312e-10
1.189850678851093341e-10
1.188231701228627044e-10
1.186612723606163073e-10
1.184993745983698326e-10
1.183374768361230736e-10
1.181755790738764955e-10
1.180136813116300209e-10
1.178529493702807078e-10
1.176944936767492735e-10
1.175360379832179684e-10
1.173775822896866375e-10
1.172191265961550222e-10
1.170606709026236137e-10
1.169022152090921277e-10
1.167437595155607192e-10
1.165853038220292073e-10
1.164268481284976179e-10
1.162683924349661835e-10
1.161122977744082745e-10
1.159568895075374091e-10
1.158014812406662981e-10
1.156460729737954327e-10
1.154906647069245673e-10
1.153352564400534821e-10
1.151798481731828623e-10
1.150244399063115316e-10
1.148690316394405757e-10
1.147136233725695551e-10
1.145586000823514225e-10
1.144061498612563072e-10
1.142536996401610497e-10
1.141012494190656629e-10
1.139487991979703795e-10
1.137963489768751220e-10
1.136438987557799033e-10
1.134914485346846328e-10
1.133389983135891039e-10
1.131865480924939885e-10
1.130340978713985113e-10
1.128828527352971128e-10
1.127333837022719353e-10
1.125839146692470422e-10
1.124344456362220327e-10
1.122849766031968682e-10
1.121355075701717941e-10
1.119860385371468622e-10
1.118365695041216072e-10
1.116871004710966107e-10
1.115376314380715237e-10
1.113881624050464108e-10
1.112403700727038013e-10
1.110937124351573072e-10
1.109470547976107613e-10
1.108003971600640475e-10
1.106537395225176180e-10
1.105070818849710980e-10
1.103604242474244617e-10
1.102137666098778642e-10
1.100671089723310340e-10
1.099204513347844365e-10
1.097737936972378261e-10
1.096293459136589629e-10
1.094858183189060089e-10
1.093422907241531324e-10
1.091987631294002043e-10
1.090552355346470952e-10
1.089117079398942446e-10
1.087681803451413036e-10
1.086246527503883366e-10
1.084811251556353956e-10
1.083375975608825450e-10
1.081940699661294876e-10
1.080525874271974710e-10
1.079118518779917014e-10
1.077711163287859964e-10
1.076303807795802914e-10
1.074896452303745218e-10
1.073489096811687005e-10
1.072081741319629438e-10
1.070674385827572905e-10
1.069267030335514175e-10
1.067859674843458030e-10
1.066452319351399171e-10
1.065061870403341717e-10
1.063679558268130655e-10
1.062297246132919722e-10
1.060914933997710469e-10
1.059532621862498761e-10
1.058150309727288733e-10
1.056767997592077800e-10
1.055385685456867643e-10
1.054003373321656710e-10
1.052621061186445778e-10
1.051238749051236784e-10
1.049869589954580674e-10
1.048511942553596470e-10
1.047154295152614722e-10
1.045796647751631810e-10
1.044439000350647864e-10
1.043081352949667667e-10
1.041723705548685143e-10
1.040366058147701844e-10
1.039008410746720871e-10
1.037650763345738347e-10
1.036293115944758408e-10
1.034942673492319684e-10
1.033608544067054179e-10
1.032274414641785186e-10
1.030940285216518906e-10
1.029606155791252626e-10
1.028272026365987122e-10
1.026937896940721489e-10
1.025603767515452366e-10
1.024269638090185052e-10
1.022935508664920453e-10
1.021601379239652364e-10
1.020267249814385050e-10
1.018955804908965508e-10
1.017644503834162724e-10
1.016333202759359164e-10
1.015021901684559094e-10
1.013710600609756310e-10
1.012399299534952621e-10
1.011087998460149061e-10
1.009776697385347182e-10
1.008465396310543493e-10
1.007154095235741614e-10
1.005842794160938183e-10
1.004547022618048995e-10
1.003261837443542854e-10
1.001976652269037101e-10
1.000691467094529410e-10
9.994062819200249492e-11
9.981210967455172577e-11
9.968359115710111171e-11
9.955507263965017453e-11
9.942655412219967679e-11
9.929803560474889471e-11
9.916951708729819018e-11
9.904124120051263917e-11
9.891495854363588440e-11
9.878867588675884529e-11
9.866239322988206467e-11
9.853611057300505140e-11
9.840982791612801228e-11
9.828354525925115411e-11
9.815726260237420547e-11
9.803097994549737315e-11
9.790469728862033404e-11
9.777841463174348879e-11
9.765213197486643675e-11
9.752701366586643380e-11
9.740290869915850839e-11
9.727880373245060882e-11
9.715469876574285143e-11
9.703059379903495186e-11
9.690648883232701352e-11
9.678238386561910103e-11
9.665827889891126609e-11
9.653417393220344407e-11
9.641006896549560913e-11
9.628596399878767079e-11
9.616185903207977122e-11
9.603969711834441832e-11
9.591781932845600315e-11
9.579594153856762676e-11
9.567406374867928913e-11
9.555218595879086104e-11
9.543030816890223907e-11
9.530843037901399192e-11
9.518655258912546043e-11
9.506467479923718743e-11
9.494279700934874641e-11
9.482091921946022784e-11
9.469930290679929685e-11
9.457958402255719294e-11
9.445986513831505027e-11
9.434014625407284296e-11
9.422042736983079076e-11
9.410070848558868686e-11
9.398098960134662173e-11
9.386127071710449197e-11
9.374155183286219420e-11
9.362183294862015492e-11
9.350211406437802517e-11
9.338239518013588249e-11
9.326331175785278438e-11
9.314586196265555985e-11
9.302841216745852919e-11
9.291096237226142099e-11
9.279351257706422231e-11
9.267606278186698486e-11
9.255861298666992835e-11
9.244116319147289769e-11
9.232371339627551807e-11
9.220626360107831939e-11
9.208881380588127581e-11
9.197136401068416760e-11
9.185477139218930142e-11
9.173978085432314878e-11
9.162479031645712539e-11
9.150979977859106323e-11
9.139480924072503985e-11
9.127981870285901646e-11
9.116482816499277335e-11
9.104983762712667242e-11
9.093484708926075243e-11
9.081985655139465149e-11
9.070486601352857640e-11
9.058987547566247547e-11
9.047557353791428985e-11
9.036269576728102341e-11
9.024981799664767942e-11
9.013694022601423203e-11
9.002406245538087512e-11
8.991118468474763453e-11
8.979830691411427762e-11
8.968542914348094656e-11
8.957255137284774474e-11
8.945967360221440075e-11
8.934679583158105677e-11
8.923391806094780325e-11
8.912149584271788386e-11
8.901077226491554276e-11
8.890004868711334384e-11
8.878932510931106736e-11
8.867860153150881673e-11
8.856787795370664366e-11
8.845715437590438010e-11
8.834643079810201316e-11
8.823570722029993055e-11
8.812498364249757653e-11
8.801426006469523543e-11
8.790353648689312697e-11
8.779282189517719311e-11
8.768409652482217552e-11
8.757537115446706745e-11
8.746664578411207571e-11
8.735792041375698057e-11
8.724919504340206637e-11
8.714046967304707462e-11
8.703174430269206996e-11
8.692301893233696189e-11
8.681429356198198307e-11
8.670556819162697840e-11
8.659684282127198666e-11
8.648811745091687859e-11
8.638084724574520856e-11
8.627418801857261239e-11
8.616752879140001622e-11
8.606086956422736835e-11
8.595421033705474634e-11
8.584755110988207262e-11
8.574089188270938598e-11
8.563423265553698368e-11
8.552757342836436166e-11
8.542091420119159747e-11
8.531425497401900131e-11
8.520759574684639221e-11
8.510158376950977238e-11
8.499701149646393293e-11
8.489243922341811933e-11
8.478786695037211186e-11
8.468329467732631119e-11
8.457872240428047174e-11
8.447415013123450304e-11
8.436957785818866359e-11
8.426500558514283707e-11
8.416043331209693300e-11
8.405586103905101600e-11
8.395128876600512485e-11
8.384671649295920786e-11
8.374380744597422720e-11
8.364126021153887742e-11
8.353871297710351473e-11
8.343616574266825542e-11
8.333361850823284103e-11
8.323107127379738786e-11
8.312852403936185714e-11
8.302597680492668831e-11
8.292342957049124806e-11
8.282088233605592414e-11
8.271833510162047096e-11
8.261578786718504364e-11
8.251369082031783628e-11
8.241304201785504363e-11
8.231239321539240609e-11
8.221174441292944543e-11
8.211109561046654939e-11
8.201044680800382138e-11
8.190979800554102873e-11
8.180914920307822317e-11
8.170850040061543053e-11
8.160785159815244402e-11
8.150720279568984525e-11
8.140655399322696214e-11
8.130590519076416950e-11
8.120620730275356918e-11
8.110726622765586312e-11
8.100832515255822168e-11
8.090938407746051562e-11
8.081044300236282249e-11
8.071150192726509058e-11
8.061256085216748791e-11
8.051361977706976893e-11
8.041467870197198532e-11
8.031573762687425341e-11
8.021679655177680585e-11
8.011785547667900931e-11
8.001891440158131618e-11
7.992140137162847554e-11
7.982429187977283740e-11
7.972718238791721218e-11
7.963007289606156111e-11
7.953296340420578079e-11
7.943585391235014265e-11
7.933874442049449158e-11
7.924163492863885344e-11
7.914452543678324114e-11
7.904741594492768055e-11
7.895030645307186146e-11
7.885319696121632671e-11
7.875608746936052054e-11
7.866051407177050913e-11
7.856510203466203066e-11
7.846968999755365558e-11
7.837427796044516419e-11
7.827886592333668571e-11
7.818345388622832357e-11
7.808804184911976755e-11
7.799262981201144417e-11
7.789721777490296570e-11
7.780180573779459062e-11
7.770639370068608630e-11
7.761098166357763368e-11
7.751556962646923276e-11
7.742189946889316587e-11
7.732835666135359591e-11
7.723481385381379331e-11
7.714127104627395193e-11
7.704772823873425273e-11
7.695418543119456645e-11
7.686064262365458290e-11
7.676709981611494832e-11
7.667355700857502939e-11
7.658001420103521387e-11
7.648647139349547589e-11
7.639292858595566036e-11
7.629938577841584483e-11
7.620735842992210958e-11
7.611557836069838543e-11
7.602379829147511364e-11
7.593201822225158335e-11
7.584023815302813062e-11
7.574845808380469081e-11
7.565667801458122515e-11
7.556489794535778534e-11
7.547311787613431968e-11
7.538133780691087987e-11
7.528955773768733666e-11
7.519777766846390978e-11
7.510599759924053459e-11
7.501531177623118926e-11
7.492512280997028795e-11
7.483493384370938664e-11
7.474474487744849826e-11
7.465455591118784252e-11
7.456436694492696707e-11
7.447417797866598821e-11
7.438398901240511275e-11
7.429380004614427607e-11
7.420361107988349109e-11
7.411342211362257686e-11
7.402323314736177895e-11
7.393304418110095519e-11
7.384355566938213700e-11
7.375505399220440467e-11
7.366655231502681452e-11
7.357805063784926314e-11
7.348954896067158251e-11
7.340104728349394065e-11
7.331254560631616955e-11
7.322404392913860525e-11
7.313554225196101509e-11
7.304704057478337324e-11
7.295853889760561506e-11
7.287003722042802490e-11
7.278153554325038305e-11
7.269309715253308157e-11
7.260613251654987624e-11
7.251916788056665799e-11
7.243220324458363361e-11
7.234523860860042828e-11
7.225827397261715833e-11
7.217130933663403055e-11
7.208434470065088984e-11
7.199738006466777498e-11
7.191041542868450503e-11
7.182345079270148065e-11
7.173648615671827532e-11
7.164952152073505707e-11
7.156255688475194221e-11
7.147652537930930396e-11
7.139121210206442015e-11
7.130589882481938125e-11
7.122058554757439404e-11
7.113527227032935514e-11
7.104995899308445841e-11
7.096464571583950998e-11
7.087933243859463909e-11
7.079401916134956141e-11
7.070870588410461298e-11
7.062339260685963870e-11
7.053807932961466442e-11
7.045276605236970307e-11
7.036745277512474171e-11
7.028385113898356691e-11
7.020027373860874580e-11
7.011669633823415734e-11
7.003311893785949132e-11
6.994954153748474776e-11
6.986596413711008175e-11
6.978238673673526064e-11
6.969880933636067218e-11
6.961523193598592861e-11
6.953165453561135307e-11
6.944807713523660951e-11
6.936449973486193058e-11
6.928092233448735504e-11
6.919780054788063661e-11
6.911572534564674768e-11
6.903365014341275534e-11
6.895157494117885348e-11
6.886949973894488700e-11
6.878742453671106269e-11
6.870534933447708328e-11
6.862327413224301340e-11
6.854119893000939588e-11
6.845912372777539062e-11
6.837704852554141121e-11
6.829497332330759983e-11
6.821289812107360749e-11
6.813082291883962809e-11
6.804957398714704781e-11
6.796909991232797632e-11
6.788862583750871095e-11
6.780815176268954898e-11
6.772767768787020607e-11
6.764720361305112164e-11
6.756672953823185628e-11
6.748625546341259091e-11
6.740578138859333847e-11
6.732530731377415065e-11
6.724483323895482066e-11
6.716435916413563284e-11
6.708388508931647087e-11
6.700341101449729598e-11
6.692376196970354104e-11
6.684461109235333692e-11
6.676546021500287431e-11
6.668630933765276067e-11
6.660715846030238853e-11
6.652800758295217149e-11
6.644885670560204492e-11
6.636970582825169863e-11
6.629055495090146867e-11
6.621140407355119993e-11
6.613225319620080194e-11
6.605310231885068829e-11
6.597395144150030323e-11
6.589480056415018959e-11
6.581661697339773316e-11
6.573901408988216600e-11
6.566141120636654714e-11
6.558380832285107046e-11
6.550620543933571009e-11
6.542860255582015586e-11
6.535099967230460162e-11
6.527339678878906031e-11
6.519579390527359655e-11
6.511819102175795184e-11
6.504058813824247515e-11
6.496298525472711478e-11
6.488538237121147008e-11
6.480777948769592876e-11
6.473092158956019986e-11
6.465475329649058772e-11
6.457858500342084635e-11
6.450241671035114374e-11
6.442624841728149284e-11
6.435008012421186778e-11
6.427391183114213933e-11
6.419774353807241087e-11
6.412157524500278582e-11
6.404540695193305736e-11
6.396923865886334183e-11
6.389307036579370385e-11
6.381690207272407880e-11
6.374073377965436327e-11
6.366501375034356803e-11
6.359031033661903859e-11
6.351560692289487103e-11
6.344090350917052253e-11
6.336620009544625158e-11
6.329149668172183845e-11
6.321679326799756750e-11
6.314208985427323192e-11
6.306738644054887049e-11
6.299268302682452199e-11
6.291797961310026396e-11
6.284327619937591546e-11
6.276857278565157989e-11
6.269386937192739940e-11
6.261916595820296043e-11
6.254587314023328195e-11
6.247260302813688650e-11
6.239933291604065907e-11
6.232606280394426362e-11
6.225279269184804912e-11
6.217952257975165367e-11
6.210625246765516775e-11
6.203298235555903079e-11
6.195971224346269996e-11
6.188644213136640791e-11
6.181317201927001246e-11
6.173990190717378503e-11
6.166663179507738958e-11
6.159336168298107168e-11
6.152076842153090599e-11
6.144872243494784217e-11
6.137667644836485590e-11
6.130463046178197303e-11
6.123258447519893507e-11
6.116053848861609097e-11
6.108849250203306593e-11
6.101644651544997627e-11
6.094440052886700292e-11
6.087235454228413298e-11
6.080030855570108209e-11
6.072826256911817337e-11
6.065621658253530342e-11
6.058417059595221376e-11
6.051214042595822101e-11
6.044147286256160575e-11
6.037080529916484831e-11
6.030013773576823305e-11
6.022947017237150146e-11
6.015880260897486035e-11
6.008813504557818047e-11
6.001746748218168152e-11
5.994679991878489824e-11
5.987613235538821835e-11
5.980546479199152554e-11
5.973479722859494905e-11
5.966412966519833379e-11
5.959346210180158928e-11
5.952279453840492232e-11
5.945257517587775813e-11
5.938315621434125579e-11
5.931373725280488271e-11
5.924431829126849670e-11
5.917489932973208484e-11
5.910548036819569883e-11
5.903606140665924819e-11
5.896664244512290096e-11
5.889722348358646325e-11
5.882780452205002554e-11
5.875838556051356198e-11
5.868896659897720182e-11
5.861954763744077703e-11
5.855012867590440395e-11
5.848070971436805671e-11
5.841209371574368849e-11
5.834402531356632695e-11
5.827595691138884910e-11
5.820788850921135832e-11
5.813982010703392570e-11
5.807175170485651893e-11
5.800368330267903461e-11
5.793561490050160199e-11
5.786754649832414999e-11
5.779947809614667213e-11
5.773140969396921367e-11
5.766334129179173581e-11
5.759527288961438074e-11
5.752720448743690935e-11
5.745913608525945088e-11
5.739201677021980099e-11
5.732527140291167712e-11
5.725852603560357264e-11
5.719178066829545523e-11
5.712503530098723442e-11
5.705828993367927211e-11
5.699154456637092852e-11
5.692479919906287574e-11
5.685805383175474541e-11
5.679130846444661507e-11
5.672456309713843951e-11
5.665781772983039318e-11
5.659107236252226285e-11
5.652432699521400327e-11
5.645758162790582124e-11
5.639169516130663137e-11
5.632613196331545504e-11
5.626056876532447903e-11
5.619500556733333501e-11
5.612944236934222329e-11
5.606387917135111804e-11
5.599831597335993524e-11
5.593275277536882353e-11
5.586718957737776997e-11
5.580162637938649670e-11
5.573606318139548192e-11
5.567049998340423450e-11
5.560493678541318741e-11
5.553937358742208862e-11
5.547381038943095106e-11
5.540903246466732876e-11
5.534473330080572731e-11
5.528043413694400308e-11
5.521613497308223361e-11
5.515183580922060631e-11
5.508753664535884330e-11
5.502323748149707384e-11
