6.066896218462628255e-08
6.118585534656111454e-08
6.164493055723117715e-08
6.204891055741813494e-08
6.239854238055233676e-08
6.269653371255854800e-08
6.294609781061548811e-08
6.314757794029345012e-08
6.330387965926186964e-08
6.341680310655316283e-08
6.348765307425939605e-08
6.351907212657349418e-08
6.351113506269586213e-08
6.346824952391929862e-08
6.338890614987750620e-08
6.327796532852932343e-08
6.313359013185588156e-08
6.296126518121073361e-08
6.275762840274062064e-08
6.252887673728887421e-08
6.227305364046291780e-08
6.199390399754213699e-08
6.169107461223265819e-08
6.136697519732311274e-08
6.102296173695951430e-08
6.065854986775210693e-08
6.027848881658350467e-08
5.988002253744492421e-08
5.946744296380607503e-08
5.904030778591484144e-08
5.859948237189309339e-08
5.814832977948429444e-08
5.768449498010147342e-08
5.721134870105699013e-08
5.672984430609753948e-08
5.623902771430046595e-08
5.574258919851131942e-08
5.523984183625759886e-08
5.473061390436764255e-08
5.421850295124098617e-08
5.370244330837472468e-08
5.318226001046258689e-08
5.266159491030799085e-08
5.213944066670781445e-08
5.161539599102570888e-08
5.109201788274649730e-08
5.056994349245706148e-08
5.004804203164667892e-08
4.952712272203101772e-08
4.901094976220062051e-08
4.849632605310495328e-08
4.798374585115311024e-08
4.747650123467315676e-08
4.697345772805558588e-08
4.647421169247683147e-08
4.597919495592225527e-08
4.549121636322063466e-08
4.500836762672175186e-08
4.453056863645456591e-08
4.405851638518581961e-08
4.359507969847916048e-08
4.313712526018488509e-08
4.268565303281903379e-08
4.224036850458189211e-08
4.180504742430056265e-08
4.137567167451614917e-08
4.095341422878043174e-08
4.053867032939295882e-08
4.013257147635528720e-08
3.973417355425611743e-08
3.934335255985067822e-08
3.895912993208489836e-08
3.858452802887457843e-08
3.821838650307735436e-08
3.785926175377572707e-08
3.750735443536208378e-08
3.716326791141125865e-08
3.682933282382612887e-08
3.650214525475058663e-08
3.618219446022375975e-08
3.586915512102774173e-08
3.556478720577600319e-08
3.526908479946898670e-08
3.497998201803647517e-08
3.469775858884033088e-08
3.442211041893972047e-08
3.415423319563186849e-08
3.389422454913642037e-08
3.364076027054935724e-08
3.339369973353296865e-08
3.315259966970638173e-08
3.291825421633807672e-08
3.269107793628484143e-08
3.246951464021161832e-08
3.225366188263891022e-08
3.204327252702346152e-08
3.183810556108577532e-08
3.163954725578979729e-08
3.144621141149914098e-08
3.125753866513310426e-08
3.107367602397070167e-08
3.089411815119439157e-08
3.071930965800412611e-08
3.054969669985847257e-08
3.038399571194517915e-08
3.022205063040413232e-08
3.006372380258868989e-08
2.990864273098128579e-08
2.975743316398565015e-08
2.960989706425934924e-08
2.946528720041557061e-08
2.932335627383672061e-08
2.918396656876668354e-08
2.904680682631232735e-08
2.891204764497300559e-08
2.878024076284570143e-08
2.865028344430293612e-08
2.852198697793057448e-08
2.839541194726110766e-08
2.827005941706764450e-08
2.814593203820787040e-08
2.802342680035999158e-08
2.790226127701922807e-08
2.778175630393457752e-08
2.766183282813478444e-08
2.754249755746312955e-08
2.742344166238787947e-08
2.730486017480214998e-08
2.718678433207106249e-08
2.706898504951696135e-08
2.695102997215443431e-08
2.683281093686571315e-08
2.671422013898278809e-08
2.659517714279174992e-08
2.647582319054914869e-08
2.635631136657644839e-08
2.623622352908262900e-08
2.611527051045966025e-08
2.599351438059533718e-08
2.587091516824078745e-08
2.574740243907074276e-08
2.562255942041708967e-08
2.549719530854568331e-08
2.537104281558223292e-08
2.524386282423955198e-08
2.511514062050306649e-08
2.498522838750438309e-08
2.485420030343197706e-08
2.472206189182302136e-08
2.458833616665462187e-08
2.445381498806093401e-08
2.431837060040876499e-08
2.418163697018112608e-08
2.404329267926581264e-08
2.390386380168279285e-08
2.376337250471302406e-08
2.362128586863798676e-08
2.347825386471903964e-08
2.333445155045003907e-08
2.318968888536006084e-08
2.304360939017763949e-08
2.289667076867777455e-08
2.274876345086760224e-08
2.259955280025117200e-08
2.244961968881967007e-08
2.229892534503026105e-08
2.214758091353542894e-08
2.199578530399301252e-08
2.184349801978692362e-08
2.169025286979854450e-08
2.153662728612247510e-08
2.138257285074104526e-08
2.122790128577643402e-08
2.107296398391583821e-08
2.091767899542799344e-08
2.076279827581626200e-08
2.060795603054195089e-08
2.045296917506752367e-08
2.029797945953895260e-08
2.014301984230156006e-08
1.998836066336594171e-08
1.983387200358292589e-08
1.967955704804121988e-08
1.952592774516204385e-08
1.937277352804638561e-08
1.922071519533454160e-08
1.906923642834921284e-08
1.891810734460491765e-08
1.876817186201201814e-08
1.861873357214873012e-08
1.847031645753171282e-08
1.832285380669880745e-08
1.817592912790161170e-08
1.803115470397658391e-08
1.788709765674190132e-08
1.774484360163823867e-08
1.760369258094159453e-08
1.746348004255390601e-08
1.732526882658615493e-08
1.718770287740708792e-08
1.705245560186031173e-08
1.691802396014195880e-08
1.678529923165699333e-08
1.665458687156370925e-08
1.652547035580880401e-08
1.639874391802766978e-08
1.627269705380804481e-08
1.614954347353141560e-08
1.602704945517908227e-08
1.590738071454707489e-08
1.578885352992457677e-08
1.567236141388452341e-08
1.555759868439148454e-08
1.544439888098841726e-08
1.533421161900647121e-08
1.522546039901197928e-08
1.511945381442809485e-08
1.501407029754676649e-08
1.491196491873176820e-08
1.481025616270233573e-08
1.471217333727411197e-08
1.461458646416728468e-08
1.451998145067866549e-08
1.442623295272814944e-08
1.433547131097470679e-08
1.424592814426220551e-08
1.415939081137873300e-08
1.407401562312395066e-08
1.399090383924420951e-08
1.390914067200777052e-08
1.382962342363924644e-08
1.375152611372186671e-08
1.367559355571381772e-08
1.360098609427387467e-08
1.352835042538674173e-08
1.345719867879444891e-08
1.338834366463661687e-08
1.332077951807375890e-08
1.325543479738913331e-08
1.319107748218458963e-08
1.312874767253492057e-08
1.306727454987614242e-08
1.300809786561178370e-08
1.294949508786237323e-08
1.289318534962367789e-08
1.283717541088245339e-08
1.278352240793300335e-08
1.272989955352028952e-08
1.267939764861647006e-08
1.262889574371253976e-08
1.258056019968827770e-08
1.253249178926395228e-08
1.248605731928860632e-08
1.244015393292770965e-08
1.239560316162282961e-08
1.235194343688767160e-08
1.230907944323836024e-08
1.226725072025166981e-08
1.222585095292185609e-08
1.218573973650620398e-08
1.214572148032397448e-08
1.210753749160063577e-08
1.206935350287740957e-08
1.203220102087639028e-08
1.199525995904364689e-08
1.195897778400754906e-08
1.192314479343921379e-08
1.188764514020985971e-08
1.185278603284752073e-08
1.181797695960818964e-08
1.178380583629159561e-08
1.174963471297506941e-08
1.171596324147846261e-08
1.168242793600643329e-08
1.164913009201124423e-08
1.161608796659401435e-08
1.158306539990393577e-08
1.155014586885604548e-08
1.151722633780826438e-08
1.148428998204136653e-08
1.145134992943861202e-08
1.141832115923180121e-08
1.138518920276354902e-08
1.135202742872936586e-08
1.131855172546679301e-08
1.128507602220392899e-08
1.125132745306028566e-08
1.121745802660851520e-08
1.118342458424665755e-08
1.114897158552998594e-08
1.111451858681348141e-08
1.107943895660939770e-08
1.104424930641363212e-08
1.100871400873586040e-08
1.097266385335139465e-08
1.093661369796712245e-08
1.089970064745830363e-08
1.086272662826666398e-08
1.082531772331128607e-08
1.078737186425108564e-08
1.074942600519087199e-08
1.071058519140978481e-08
1.067168925045571257e-08
1.063235981523666628e-08
1.059242514128207934e-08
1.055249046732738983e-08
1.051164211972068906e-08
1.047066133585011477e-08
1.042934556396550907e-08
1.038728432428506187e-08
1.034522308460464941e-08
1.030243660476231742e-08
1.025937793332582883e-08
1.021620240714063031e-08
1.017220472566868406e-08
1.012820704419661870e-08
1.008381103436707521e-08
1.003901971798866312e-08
9.994228401610338712e-09
9.948764743800725242e-09
9.903191028429513483e-09
9.857479941778481645e-09
9.811207420123761688e-09
9.764934898469071511e-09
9.718363914081393284e-09
9.671510148653056188e-09
9.624656383224899418e-09
9.577436504054469289e-09
9.530130694701875365e-09
9.482803490076570461e-09
9.435247958945675668e-09
9.387692427814858631e-09
9.340122002040506112e-09
9.292522745317127199e-09
9.244923488593941847e-09
9.197312499563111249e-09
9.149692825913158737e-09
9.102073152263262474e-09
9.054577041868861588e-09
9.007114272308063584e-09
8.959651502747460795e-09
8.912494500224201813e-09
8.865344026787526917e-09
8.818256512712865037e-09
8.771527936841346444e-09
8.724799360969717009e-09
8.678307231979289201e-09
8.632372763964684464e-09
8.586438295950068146e-09
8.540857613713267657e-09
8.495756571318578274e-09
8.450655528923756542e-09
8.406008953844611085e-09
8.361766537989367182e-09
8.317524122134315185e-09
8.273951558671025440e-09
8.230803702817227955e-09
8.187655846963450322e-09
8.145264215867153200e-09
8.103241042136498241e-09
8.061217868405835010e-09
8.020046282445553074e-09
7.979221945474455452e-09
7.938397608503488525e-09
7.898790314886970768e-09
7.859643090837308069e-09
7.820495866787771103e-09
7.782349346157186377e-09
7.744595442736684321e-09
7.706841539316187228e-09
7.670079419871436641e-09
7.633767519300583132e-09
7.597455618729792488e-09
7.562181355705075494e-09
7.527505579017320548e-09
7.492829802329519279e-09
7.458992286718113121e-09
7.425820642198331598e-09
7.392648997678646855e-09
7.360210788047981725e-09
7.328644363119811376e-09
7.297077938191621176e-09
7.266121387572006855e-09
7.236387365265941273e-09
7.206653342959896370e-09
7.177194314894060494e-09
7.148947641576846173e-09
7.120700968259417612e-09
7.092473891014896610e-09
7.065745405410902001e-09
7.039016919806790759e-09
7.012288434202789532e-09
6.986799087377848817e-09
6.961587852379286478e-09
6.936376617380669545e-09
6.911970069908174027e-09
6.888108796924771755e-09
6.864247523941376100e-09
6.840891906628968484e-09
6.818471800311804164e-09
6.796051693994418988e-09
6.773740399940242759e-09
6.752665914669718475e-09
6.731591429399028755e-09
6.710516944128401073e-09
6.690295620330916371e-09
6.670306737323387313e-09
6.650317854315968270e-09
6.630823724367983150e-09
6.611897122299060707e-09
6.592970520230193686e-09
6.574154275415022783e-09
6.556145431585977025e-09
6.538136587756971799e-09
6.520127743927980635e-09
6.502695485366883905e-09
6.485456247149733824e-09
6.468217008932583744e-09
6.451259101974265091e-09
6.434818196499600115e-09
6.418377291024940930e-09
6.401936385550282571e-09
6.386023141410373722e-09
6.370149822386996329e-09
6.354276503363514711e-09
6.338602684417398371e-09
6.323144319368885963e-09
6.307685954320428975e-09
6.292229608975442941e-09
6.277134907201129727e-09
6.262040205426878551e-09
6.246945503652676179e-09
6.231963278459033849e-09
6.217091837956748920e-09
6.202220397454456547e-09
6.187348956952123641e-09
6.172593550713355159e-09
6.157841085610194264e-09
6.143088620506971331e-09
6.128364906049013861e-09
6.113680924082520020e-09
6.098996942115970759e-09
6.084312960149504216e-09
6.069506368790320550e-09
6.054675936351065330e-09
6.039845503911844026e-09
6.024966791958601252e-09
6.009923890944972397e-09
5.994880989931329479e-09
5.979838088917617906e-09
5.964631426190989895e-09
5.949310814268736372e-09
5.933990202346295906e-09
5.918669590423959664e-09
5.903052802097194293e-09
5.887411776061112447e-09
5.871770750025079405e-09
5.856050069035626064e-09
5.840064264009273443e-09
5.824078458982858785e-09
5.808092653956498720e-09
5.791922481980053951e-09
5.775574819029098936e-09
5.759227156078288676e-09
5.742879493127320426e-09
5.726247859937376359e-09
5.709526328912976541e-09
5.692804797888701627e-09
5.676083266864364675e-09
5.658999585823213157e-09
5.641908872585349429e-09
5.624818159347465022e-09
5.607668126238422713e-09
5.590235508093869375e-09
5.572802889949370631e-09
5.555370271804809849e-09
5.537839232662938472e-09
5.520114533583368327e-09
5.502389834503826307e-09
5.484665135424318202e-09
5.466835941403847325e-09
5.448889445838201241e-09
5.430942950272645320e-09
5.412996454707138202e-09
5.394964958018043736e-09
5.376870831959825418e-09
5.358776705901559123e-09
5.340682579843334187e-09
5.322519947148289797e-09
5.304320532862069553e-09
5.286121118575766591e-09
5.267921704289476864e-09
5.249706675187695796e-09
5.231484811906727759e-09
5.213262948625945838e-09
5.195041085345105186e-09
5.176859014256403615e-09
5.158693174854566218e-09
5.140527335452639486e-09
5.122361496050781410e-09
5.104279147891348096e-09
5.086233519757804502e-09
5.068187891624351898e-09
5.050142263490839737e-09
5.032283988344531705e-09
5.014527425923093919e-09
4.996770863501635453e-09
4.979014301080197667e-09
4.961429840891532379e-09
4.943974776564359127e-09
4.926519712237079168e-09
4.909064647909850494e-09
4.891768189819519898e-09
4.874656151492839539e-09
4.857544113166314691e-09
4.840432074839683136e-09
4.823466261672237403e-09
4.806807570610604049e-09
4.790148879548922718e-09
4.773490188487262067e-09
4.756901023216892558e-09
4.740702465242938910e-09
4.724503907268977819e-09
4.708305349295061394e-09
4.692106791321069697e-09
4.676390300865509175e-09
4.660700363730056610e-09
4.645010426594507264e-09
4.629320489459109292e-09
4.614112349599962456e-09
4.599098728521445983e-09
4.584085107442870780e-09
4.569071486364350171e-09
4.554307570839263130e-09
4.539855555253912008e-09
4.525403539668567503e-09
4.510951524083222998e-09
4.496583920758421932e-09
4.482716979301240619e-09
4.468850037843997266e-09
4.454983096386819261e-09
4.441116154929631330e-09
4.427762805136007110e-09
4.414529082972530702e-09
4.401295360808860734e-09
4.388061638645325596e-09
4.375083371668778230e-09
4.362423977896869577e-09
4.349764584124898058e-09
4.337105190352876082e-09
4.324473148673317099e-09
4.312419547790703718e-09
4.300365946908177190e-09
4.288312346025591105e-09
4.276258745143033145e-09
4.264591414598542624e-09
4.253169067214604841e-09
4.241746719830777900e-09
4.230324372446808684e-09
4.218974132894266865e-09
4.208049732946202273e-09
4.197125332998074814e-09
4.186200933049978789e-09
4.175276533101934876e-09
4.164668142769180494e-09
4.154234751573595206e-09
4.143801360377933817e-09
4.133367969182303035e-09
4.122982984458986371e-09
4.112997813968247747e-09
4.103012643477457011e-09
4.093027472986694399e-09
4.083042302495934268e-09
4.073256452005130638e-09
4.063641929759888034e-09
4.054027407514720703e-09
4.044412885269560817e-09
4.034798363024393486e-09
4.025538021033485669e-09
4.016303268371206684e-09
4.007068515708880551e-09
3.997833763046629690e-09
3.988684861040238827e-09
3.979743810528943088e-09
3.970802760017572076e-09
3.961861709506197756e-09
3.952920658994871411e-09
3.944108302507381529e-09
3.935375984160453361e-09
3.926643665813518575e-09
3.917911347466587097e-09
3.909179029119569593e-09
3.900606925034877748e-09
3.892051622275184879e-09
3.883496319515526752e-09
3.874941016755896749e-09
3.866403636062446048e-09
3.857962025821354374e-09
3.849520415580235402e-09
3.841078805339139592e-09
3.832637195098020620e-09
3.824221667223853702e-09
3.815849809328661861e-09
3.807477951433532887e-09
3.799106093538365034e-09
3.790734235643204627e-09
3.782397216002371872e-09
3.774088278893891533e-09
3.765779341785407886e-09
3.757470404676948227e-09
3.749161467568429839e-09
3.740853462530393127e-09
3.732545863400647097e-09
3.724238264270855985e-09
3.715930665141082244e-09
3.707623066011335800e-09
3.699293250866769223e-09
3.690957967237866603e-09
3.682622683608929242e-09
3.674287399980078321e-09
3.665952116351092983e-09
3.657585293568344552e-09
3.649213797060897444e-09
3.640842300553415595e-09
3.632470804045992476e-09
3.624099307538542060e-09
3.615684519314155543e-09
3.607265013663863342e-09
3.598845508013623254e-09
3.590426002363324436e-09
3.582006496713108336e-09
3.573544452722185448e-09
3.565077396316992649e-09
3.556610339911775862e-09
3.548143283506593403e-09
3.539676227101393987e-09
3.531197300598666110e-09
3.522716266134428393e-09
3.514235231670194397e-09
3.505754197205901672e-09
3.497273162741663955e-09
3.488771105923907391e-09
3.480262600864370380e-09
3.471754095804785393e-09
3.463245590745221085e-09
3.454737085685694414e-09
3.446225713869424468e-09
3.437712747010626093e-09
3.429199780151827719e-09
3.420686813293025622e-09
3.412173846434168931e-09
3.403672971333576747e-09
3.395185162616257802e-09
3.386697353898966981e-09
3.378209545181631078e-09
3.369721736464343153e-09
3.361246112578008044e-09
3.352801926325968905e-09
3.344357740073926043e-09
3.335913553821886904e-09
3.327469367569841147e-09
3.319028687137539857e-09
3.310676050501624626e-09
3.302323413865716839e-09
3.293970777229774311e-09
3.285618140593835091e-09
3.277265503957895872e-09
3.269013606272187959e-09
3.260794004853014784e-09
3.252574403433859393e-09
3.244354802014624179e-09
3.236135200595441078e-09
3.227974769777886207e-09
3.219890929954620396e-09
3.211807090131410006e-09
3.203723250308119793e-09
3.195639410484853981e-09
3.187568170725055551e-09
3.179655048577908850e-09
3.171741926430865546e-09
3.163828804283770544e-09
3.155915682136682159e-09
3.148002559989559859e-09
3.140220051960211416e-09
3.132501638480469994e-09
3.124783225000815013e-09
3.117064811521101302e-09
3.109346398041390900e-09
3.101673803699416887e-09
3.094157624645025844e-09
3.086641445590693117e-09
3.079125266536398855e-09
3.071609087482024769e-09
3.064092908427689147e-09
3.056763564685286892e-09
3.049499616919803387e-09
3.042235669154323191e-09
3.034971721388805359e-09
3.027707773623352873e-09
3.020496357644779375e-09
3.013479040845994095e-09
3.006461724047181518e-09
2.999444407248362324e-09
2.992427090449577045e-09
2.985409773650764468e-09
2.978535557350673680e-09
2.971740775700445537e-09
2.964945994050190097e-09
2.958151212400003727e-09
2.951356430749727608e-09
2.944569060250932939e-09
2.938016827726987393e-09
2.931464595203041846e-09
2.924912362679120288e-09
2.918360130155205347e-09
2.911807897631283789e-09
2.905337971757194740e-09
2.899005107674986618e-09
2.892672243592743755e-09
2.886339379510480212e-09
2.880006515428268781e-09
2.873673651346080925e-09
2.867476330095819460e-09
2.861343781073755968e-09
2.855211232051713155e-09
2.849078683029674065e-09
2.842946134007617190e-09
2.836813584985615736e-09
2.830902251878294846e-09
2.825006404907019895e-09
2.819110557935769345e-09
2.813214710964491084e-09
2.807318863993209102e-09
2.801448149180595618e-09
2.795721374601846500e-09
2.789994600023152803e-09
2.784267825444448353e-09
2.778541050865740594e-09
2.772814276286988168e-09
2.767135472009715022e-09
2.761559296887131905e-09
2.755983121764555819e-09
2.750406946641973115e-09
2.744830771519424326e-09
2.739254596396872642e-09
2.733744184931508248e-09
2.728316165170399332e-09
2.722888145409317713e-09
2.717460125648194735e-09
2.712032105887085405e-09
2.706604086126038114e-09
2.701233622164366239e-09
2.695915364354102081e-09
2.690597106543865220e-09
2.685278848733600649e-09
2.679960590923350140e-09
2.674642333113106248e-09
2.669381064104697163e-09
2.664164636546092898e-09
2.658948208987519653e-09
2.653731781428860380e-09
2.648515353870256529e-09
2.643298926311638615e-09
2.638137734538248853e-09
2.633021851738793869e-09
2.627905968939342608e-09
2.622790086139887624e-09
2.617674203340477721e-09
2.612558320540995440e-09
2.607473017113588515e-09
2.602419138613708665e-09
2.597365260113853217e-09
2.592311381613969645e-09
2.587257503114117506e-09
2.582203624614218631e-09
2.577170515173456489e-09
2.572169789335195682e-09
2.567169063496941906e-09
2.562168337658724112e-09
2.557167611820492669e-09
2.552166885982233516e-09
2.547177941736994306e-09
2.542225960987569292e-09
2.537273980238090926e-09
2.532321999488629516e-09
2.527370018739164798e-09
2.522418037989753433e-09
2.517467828181852510e-09
2.512554608175876947e-09
2.507641388169917102e-09
2.502728168163946916e-09
2.497814948157931649e-09
2.492901728151971803e-09
2.487988508146034291e-09
2.483110926913070239e-09
2.478242124461000190e-09
2.473373322008957852e-09
2.468504519556905174e-09
2.463635717104861181e-09
2.458766914652818843e-09
2.453924887720721822e-09
2.449108448396276658e-09
2.444292009071862101e-09
2.439475569747401634e-09
2.434659130422961434e-09
2.429842691098490214e-09
2.425033293691758591e-09
2.420257729116657231e-09
2.415482164541541809e-09
2.410706599966471468e-09
2.405931035391370108e-09
2.401155470816263371e-09
2.396379906241203370e-09
2.391646341779837016e-09
2.386924293966215384e-09
2.382202246152633869e-09
2.377480198339051941e-09
2.372758150525442716e-09
2.368036102711867819e-09
2.363335098576159865e-09
2.358673427236940332e-09
2.354011755897679854e-09
2.349350084558459080e-09
2.344688413219225898e-09
2.340026741879996439e-09
2.335365070540751677e-09
2.330757124492542724e-09
2.326157698462537025e-09
2.321558272432545388e-09
2.316958846402528108e-09
2.312359420372536057e-09
2.307759994342549796e-09
2.303190663704829703e-09
2.298682944319086793e-09
2.294175224933316173e-09
2.289667505547562923e-09
2.285159786161818359e-09
2.280652066776064696e-09
2.276144347390297798e-09
2.271700758350830158e-09
2.267279315949781601e-09
2.262857873548776058e-09
2.258436431147766793e-09
2.254014988746719891e-09
2.249593546345727996e-09
2.245181460866849905e-09
2.240846534028385528e-09
2.236511607189979054e-09
2.232176680351545697e-09
2.227841753513149562e-09
2.223506826674714137e-09
2.219171899836309730e-09
2.214879451331287574e-09
2.210645107248963488e-09
2.206410763166622032e-09
2.202176419084297946e-09
2.197942075001903137e-09
2.193707730919594354e-09
2.189473386837287226e-09
2.185304515197415590e-09
2.181165691616364536e-09
2.177026868035303143e-09
2.172888044454265737e-09
2.168749220873220060e-09
2.164610397292184309e-09
2.160471573711124983e-09
2.156419872367906995e-09
2.152378166269496378e-09
2.148336460171072113e-09
2.144294754072671836e-09
2.140253047974233509e-09
2.136211341875850602e-09
2.132176516638207896e-09
2.128255766315622807e-09
2.124335015993050126e-09
2.120414265670489026e-09
2.116493515347931648e-09
2.112572765025358553e-09
2.108652014702797867e-09
2.104746987558174234e-09
2.100921846907439272e-09
2.097096706256733261e-09
2.093271565606013602e-09
2.089446424955278640e-09
2.085621284304546573e-09
2.081796143653809957e-09
2.077990793773997256e-09
2.074255867499183859e-09
2.070520941224365085e-09
2.066786014949547965e-09
2.063051088674743253e-09
2.059316162399927788e-09
2.055581236125110668e-09
2.051867384158120907e-09
2.048227706904925483e-09
2.044588029651717652e-09
2.040948352398467220e-09
2.037308675145300748e-09
2.033668997892075959e-09
2.030029320638828836e-09
2.026403196701197657e-09
2.022843392157888833e-09
2.019283587614554367e-09
2.015723783071257538e-09
2.012163978527948715e-09
2.008604173984639891e-09
2.005044369441317420e-09
2.001489518346907892e-09
1.998006796528670823e-09
1.994524074710494138e-09
1.991041352892329448e-09
1.987558631074149041e-09
1.984075909255942991e-09
1.980593187437738596e-09
1.977110465619530479e-09
1.973704066255534161e-09
1.970305718860594640e-09
1.966907371465646434e-09
1.963509024070725938e-09
1.960110676675791794e-09
1.956712329280860545e-09
1.953313981885907376e-09
1.949956228937831141e-09
1.946616697590938444e-09
1.943277166244061464e-09
1.939937634897182829e-09
1.936598103550303781e-09
1.933258572203414806e-09
1.929919040856577531e-09
1.926604235877212106e-09
1.923323476341236765e-09
1.920042716805261423e-09
1.916761957269313792e-09
1.913481197733352100e-09
1.910200438197390820e-09
1.906919678661441122e-09
1.903644334425935239e-09
1.900420148042137508e-09
1.897195961658336467e-09
1.893971775274523019e-09
1.890747588890711639e-09
1.887523402506901913e-09
1.884299216123073163e-09
1.881075029739287839e-09
1.877884775970420589e-09
1.874708062319108457e-09
1.871531348667813283e-09
1.868354635016516454e-09
1.865177921365203909e-09
1.862001207713920935e-09
1.858824494062622452e-09
1.855663252871465661e-09
1.852542302247212534e-09
1.849421351622930043e-09
1.846300400998652721e-09
1.843179450374383877e-09
1.840058499750130750e-09
1.836937549125820755e-09
1.833816598501582931e-09
1.830736325405169292e-09
1.827667302282292975e-09
1.824598279159363099e-09
1.821529256036455763e-09
1.818460232913550081e-09
1.815391209790644399e-09
1.812322186667738718e-09
1.809263721609096912e-09
1.806240207383927642e-09
1.803216693158782567e-09
1.800193178933611643e-09
1.797169664708451059e-09
1.794146150483307845e-09
1.791122636258135060e-09
1.788099122032993500e-09
1.785106180557090626e-09
1.782131741812317178e-09
1.779157303067514364e-09
1.776182864322739261e-09
1.773208425577936448e-09
1.770233986833176855e-09
1.767259548088386036e-09
1.764285109343588599e-09
1.761356839804523564e-09
1.758430703601255817e-09
1.755504567397974215e-09
1.752578431194694267e-09
1.749652294991440169e-09
1.746726158788143057e-09
1.743800022584849461e-09
1.740884997951772416e-09
1.738007144428846964e-09
1.735129290905878705e-09
1.732251437382937744e-09
1.729373583859955630e-09
1.726495730337001020e-09
1.723617876814036070e-09
1.720740023291095315e-09
1.717888491983673867e-09
1.715069732093684489e-09
1.712250972203683325e-09
1.709432212313666444e-09
1.706613452423666933e-09
1.703794692533638058e-09
1.700975932643662536e-09
1.698157172753647516e-09
1.695371429111009422e-09
1.692607579792894224e-09
1.689843730474794535e-09
1.687079881156682646e-09
1.684316031838581303e-09
1.681552182520495470e-09
1.678788333202378410e-09
1.676024483884265073e-09
1.673295671727896286e-09
1.670582076242646214e-09
1.667868480757399865e-09
1.665154885272149794e-09
1.662441289786929294e-09
1.659727694301679222e-09
1.657014098816415502e-09
1.654300503331195003e-09
1.651628919680670605e-09
1.648972657343795051e-09
1.646316395006902332e-09
1.643660132669981903e-09
1.641003870333102833e-09
1.638347607996198121e-09
1.635691345659332906e-09
1.633035083322426332e-09
1.630415987738907756e-09
1.627812257807326717e-09
1.625208527875788898e-09
1.622604797944238878e-09
1.620001068012687204e-09
1.617397338081149385e-09
1.614793608149587371e-09
1.612189878218035697e-09
1.609617287538209576e-09
1.607063705948986776e-09
1.604510124359779280e-09
1.601956542770558135e-09
1.599402961181350638e-09
1.596849379592143142e-09
1.594295798002935852e-09
1.591742216413712846e-09
1.589219398750527796e-09
1.586730909082668985e-09
1.584242419414765505e-09
1.581753929746875675e-09
1.579265440079004662e-09
1.576776950411114831e-09
1.574288460743228516e-09
1.571799971075338685e-09
1.569323895484344229e-09
1.566882775174362153e-09
1.564441654864393931e-09
1.562000534554439564e-09
1.559559414244471343e-09
1.557118293934516770e-09
1.554677173624519390e-09
1.552236053314564817e-09
1.549794933004594941e-09
1.547401524672243457e-09
1.545008656356495274e-09
1.542615788040729719e-09
1.540222919724979881e-09
1.537830051409229837e-09
1.535437183093479792e-09
1.533044314777728093e-09
1.530651446461962746e-09
1.528291483915350530e-09
1.525949056737665258e-09
1.523606629559991981e-09
1.521264202382320357e-09
1.518921775204648734e-09
1.516579348026968632e-09
1.514236920849307348e-09
1.511894493671608221e-09
1.509562936468191667e-09
1.507263602852356085e-09
1.504964269236470251e-09
1.502664935620617298e-09
1.500365602004793710e-09
1.498066268388909738e-09
1.495766934773063610e-09
1.493467601157205487e-09
1.491168267541354395e-09
1.488905369151776567e-09
1.486652275092767614e-09
1.484399181033777480e-09
1.482146086974797892e-09
1.479892992915802794e-09
1.477639898856799011e-09
1.475386804797803707e-09
1.473133710738834459e-09
1.470892918941459715e-09
1.468687315565809896e-09
1.466481712190172278e-09
1.464276108814534661e-09
1.462070505438897043e-09
1.459864902063247431e-09
1.457659298687595958e-09
1.455453695311979019e-09
1.453248091936334577e-09
1.451068391005047707e-09
1.448901739546157149e-09
1.446735088087258112e-09
1.444568436628366107e-09
1.442401785169482579e-09
1.440235133710590367e-09
1.438068482251692985e-09
1.435901830792814627e-09
1.433735384982665470e-09
1.431607630403517284e-09
1.429479875824367445e-09
1.427352121245219260e-09
1.425224366666041917e-09
1.423096612086895593e-09
1.420968857507745753e-09
1.418841102928582059e-09
1.416713348349433874e-09
1.414596420276773425e-09
1.412507407858527991e-09
1.410418395440294758e-09
1.408329383022052632e-09
1.406240370603798720e-09
1.404151358185560110e-09
1.402062345767323361e-09
1.399973333349077927e-09
1.397884320930830631e-09
1.395812840059136380e-09
1.393759828954198675e-09
1.391706817849244013e-09
1.389653806744268465e-09
1.387600795639315458e-09
1.385547784534346734e-09
1.383494773429393726e-09
1.381441762324438858e-09
1.379388751219471995e-09
1.377360563280980984e-09
1.375347121335795984e-09
1.373333679390640348e-09
1.371320237445441699e-09
1.369306795500277378e-09
1.367293353555082038e-09
1.365279911609940258e-09
1.363266469664755257e-09
1.361253027719570464e-09
1.359267394121223871e-09
1.357293676282862322e-09
1.355319958444493948e-09
1.353346240606127436e-09
1.351372522767765887e-09
1.349398804929397513e-09
1.347425087091030794e-09
1.345451369252681446e-09
1.343477651414314727e-09
1.341527730676752068e-09
1.339587788891660906e-09
1.337647847106552786e-09
1.335707905321471964e-09
1.333767963536351644e-09
1.331828021751277853e-09
1.329888079966157532e-09
1.327948138181075262e-09
1.326008196395956596e-09
1.324091938836216107e-09
1.322188982242580284e-09
1.320286025648923989e-09
1.318383069055272863e-09
1.316480112461650896e-09
1.314577155868022104e-09
1.312674199274365808e-09
1.310771242680737016e-09
1.308868286087101193e-09
1.306983313574298122e-09
1.305115831506590756e-09
1.303248349438897038e-09
1.301380867371189672e-09
1.299513385303516841e-09
1.297645903235802651e-09
1.295778421168100454e-09
1.293910939100406737e-09
1.292043457032697716e-09
1.290186063553879648e-09
1.288351790791207266e-09
1.286517518028547085e-09
1.284683245265886696e-09
1.282848972503219691e-09
1.281014699740555994e-09
1.279180426977895606e-09
1.277346154215256104e-09
1.275511881452570073e-09
1.273678862050658885e-09
1.271885914852123826e-09
1.270092967653600967e-09
1.268300020455071284e-09
1.266507073256541602e-09
1.264714126058019570e-09
1.262921178859478514e-09
1.261128231660949658e-09
1.259335284462426800e-09
1.257542337263903941e-09
1.255772730092177759e-09
1.254013804096092169e-09
1.252254878099985693e-09
1.250495952103900930e-09
1.248737026107822991e-09
1.246978100111736367e-09
1.245219174115643746e-09
1.243460248119571805e-09
1.241701322123472359e-09
1.239951249243014585e-09
1.238225065158511599e-09
1.236498881073999929e-09
1.234772696989495289e-09
1.233046512904990442e-09
1.231320328820484975e-09
1.229594144735974131e-09
1.227867960651478797e-09
1.226141776566973330e-09
1.224415592482475515e-09
1.222716940728250131e-09
1.221025927079692962e-09
1.219334913431128969e-09
1.217643899782544296e-09
1.215952886133994778e-09
1.214261872485404109e-09
1.212570858836846940e-09
1.210879845188289771e-09
1.209188831539718953e-09
1.207504715981841912e-09
1.205844663320140357e-09
1.204184610658448934e-09
1.202524557996746551e-09
1.200864505335038171e-09
1.199204452673330411e-09
1.197544400011634853e-09
1.195884347349927300e-09
1.194224294688225744e-09
1.192564242026519018e-09
1.190922666670712766e-09
1.189293944330108640e-09
1.187665221989505342e-09
1.186036499648908867e-09
1.184407777308312393e-09
1.182779054967709922e-09
1.181150332627112620e-09
1.179521610286509321e-09
1.177892887945912847e-09
1.176264165605312030e-09
1.174667023217096687e-09
1.173074059437957300e-09
1.171481095658823084e-09
1.169888131879698380e-09
1.168295168100570987e-09
1.166702204321432428e-09
1.165109240542319925e-09
1.163516276763193359e-09
1.161923312984047976e-09
1.160333313220917770e-09
1.158769296286779928e-09
1.157205279352656769e-09
1.155641262418512103e-09
1.154077245484363921e-09
1.152513228550238901e-09
1.150949211616081206e-09
1.149385194681943364e-09
1.147821177747812554e-09
1.146257160813668715e-09
1.144700138550610191e-09
1.143164446350361659e-09
1.141628754150122433e-09
1.140093061949888376e-09
1.138557369749632606e-09
1.137021677549398550e-09
1.135485985349150845e-09
1.133950293148892593e-09
1.132414600948643027e-09
1.130878908748416829e-09
1.129352583221868433e-09
1.127846511306023426e-09
1.126340439390207784e-09
1.124834367474377459e-09
1.123328295558545273e-09
1.121822223642708951e-09
1.120316151726885451e-09
1.118810079811046648e-09
1.117304007895223975e-09
1.115797935979400681e-09
1.114300222148023355e-09
1.112821141565100166e-09
1.111342060982176150e-09
1.109862980399243655e-09
1.108383899816326463e-09
1.106904819233395622e-09
1.105425738650462920e-09
1.103946658067538904e-09
1.102467577484614887e-09
1.100988496901677016e-09
1.099515756794467583e-09
1.098064649011823430e-09
1.096613541229168937e-09
1.095162433446531608e-09
1.093711325663888282e-09
1.092260217881228620e-09
1.090809110098604319e-09
1.089358002315943622e-09
1.087906894533306500e-09
1.086455786750659658e-09
1.085006704345605903e-09
1.083585978322515415e-09
1.082165252299424928e-09
1.080744526276339610e-09
1.079323800253242299e-09
1.077903074230145608e-09
1.076482348207060290e-09
1.075061622183969803e-09
1.073640896160882004e-09
1.072220170137769182e-09
1.070799444114692344e-09
1.069399460321621597e-09
1.068003753106827917e-09
1.066608045892035893e-09
1.065212338677250072e-09
1.063816631462458047e-09
1.062420924247671398e-09
1.061025217032879373e-09
1.059629509818100377e-09
1.058233802603307731e-09
1.056838095388528735e-09
1.055455887189971595e-09
1.054086479660831404e-09
1.052717072131716441e-09
1.051347664602587624e-09
1.049978257073466458e-09
1.048608849544324612e-09
1.047239442015216474e-09
1.045870034486080832e-09
1.044500626956965663e-09
1.043131219427831675e-09
1.041764905970222641e-09
1.040421564575120595e-09
1.039078223180019583e-09
1.037734881784902235e-09
1.036391540389782198e-09
1.035048198994681186e-09
1.033704857599571489e-09
1.032361516204469650e-09
1.031018174809352922e-09
1.029674833414237228e-09
1.028331492019135389e-09
1.027003633260185673e-09
1.025684305779181147e-09
1.024364978298170418e-09
1.023045650817171890e-09
1.021726323336174188e-09
1.020406995855162839e-09
1.019087668374173823e-09
1.017768340893164955e-09
1.016449013412153398e-09
1.015129685931148046e-09
1.013812856128281839e-09
1.012521043367202067e-09
1.011229230606122296e-09
1.009937417845049348e-09
1.008645605083969370e-09
1.007353792322904281e-09
1.006061979561830506e-09
1.004770166800757559e-09
1.003478354039685439e-09
1.002186541278597809e-09
1.000894728517534374e-09
9.996143946502530025e-10
9.983477433193912541e-10
9.970810919885216475e-10
9.958144406576658962e-10
9.945477893268031138e-10
9.932811379959473625e-10
9.920144866650914044e-10
9.907478353342149736e-10
9.894811840033600494e-10
9.882145326724972671e-10
9.869478813416344847e-10
9.856983476140156273e-10
9.844548149974267358e-10
9.832112823808062047e-10
9.819677497642044920e-10
9.807242171476087763e-10
9.794806845309994122e-10
9.782371519143976994e-10
9.769936192977883352e-10
9.757500866811866225e-10
9.745065540645840826e-10
9.732630214479747184e-10
9.720421402897470019e-10
9.708226336116044486e-10
9.696031269334532099e-10
9.683836202552961810e-10
9.671641135771579704e-10
9.659446068989963920e-10
9.647251002208590086e-10
9.635055935427088039e-10
9.622860868645714205e-10
9.610665801864152187e-10
9.598484862333102897e-10
9.586515130332912608e-10
9.574545398332699571e-10
9.562575666332560981e-10
9.550605934332304517e-10
9.538636202332097684e-10
9.526666470331909463e-10
9.514696738331495835e-10
9.502727006331452371e-10
9.490757274331040811e-10
9.478787542330912560e-10
9.466839611193581169e-10
9.455088983112442288e-10
9.443338355031067659e-10
9.431587726949798496e-10
9.419837098868581032e-10
9.408086470787225016e-10
9.396335842705931038e-10
9.384585214624643263e-10
9.372834586543494042e-10
9.361083958462138025e-10
9.349333330380920561e-10
9.337595786755569498e-10
9.326094035627615725e-10
9.314592284499506856e-10
9.303090533371475536e-10
9.291588782243513491e-10
9.280087031115482171e-10
9.268585279987649373e-10
9.257083528859609781e-10
9.245581777731518490e-10
9.234080026603548174e-10
9.222578275475586129e-10
9.211076524347624085e-10
9.199773455968101119e-10
9.188487365082048590e-10
9.177201274195745839e-10
9.165915183309632305e-10
9.154629092423441224e-10
9.143343001537388695e-10
9.132056910651215191e-10
9.120770819765101657e-10
9.109484728878842333e-10
9.098198637992789804e-10
9.086912547106547023e-10
9.075769129133672064e-10
9.064685421586792688e-10
9.053601714040051866e-10
9.042518006493259344e-10
9.031434298946337575e-10
9.020350591399606058e-10
9.009266883852658440e-10
8.998183176305925889e-10
8.987099468759055820e-10
8.976015761212255026e-10
8.964932053665514204e-10
8.953935818854101103e-10
8.943069172851870430e-10
8.932202526849639757e-10
8.921335880847289142e-10
8.910469234845058469e-10
8.899602588842819524e-10
8.888735942840383090e-10
8.877869296838169994e-10
8.867002650835870045e-10
8.856136004833640406e-10
8.845269358831418004e-10
8.834405613054369152e-10
8.823736411356406122e-10
8.813067209658365543e-10
8.802398007960480061e-10
8.791728806262508758e-10
8.781059604564536422e-10
8.770390402866505149e-10
8.759721201168532813e-10
8.749051999470630787e-10
8.738382797772684300e-10
8.727713596074790545e-10
8.717044394376749967e-10
8.706480976608169813e-10
8.696007884132773122e-10
8.685534791657384703e-10
8.675061699182126565e-10
8.664588606706583049e-10
8.654115514231401425e-10
8.643642421755953036e-10
8.633169329280617349e-10
8.622696236805288901e-10
8.612223144329969758e-10
8.601750051854642344e-10
8.591276959379271503e-10
8.581023702522413605e-10
8.570775737261547337e-10
8.560527772000621099e-10
8.550279806739772409e-10
8.540031841478974383e-10
8.529783876217978868e-10
8.519535910957190148e-10
8.509287945696126391e-10
8.499039980435405914e-10
8.488792015174471404e-10
8.478544049913553437e-10
8.468355832500092748e-10
8.458291557154360842e-10
8.448227281808447991e-10
8.438163006462724356e-10
8.428098731116853897e-10
8.418034455770915196e-10
8.407970180425122285e-10
8.397905905079321103e-10
8.387841629733519920e-10
8.377777354387589491e-10
8.367713079041788308e-10
8.357648803696056402e-10
8.347693807726263264e-10
8.337816319493565913e-10
8.327938831261083629e-10
8.318061343028402822e-10
8.308183854795842990e-10
8.298306366563360706e-10
8.288428878330663355e-10
8.278551390098111794e-10
8.268673901865612967e-10
8.258796413633061406e-10
8.248918925400364055e-10
8.239041437167812495e-10
8.229307397124751817e-10
8.219619865108964412e-10
8.209932333092952634e-10
8.200244801077086646e-10
8.190557269061023169e-10
8.180869737045106516e-10
8.171182205029103010e-10
8.161494673013307332e-10
8.151807140997234550e-10
8.142119608981377868e-10
8.132432076965375395e-10
8.122744544949509407e-10
8.113203290486803275e-10
8.103690955819778770e-10
8.094178621152831813e-10
8.084666286485815581e-10
8.075153951818868624e-10
8.065641617151913396e-10
8.056129282484828920e-10
8.046616947817898508e-10
8.037104613151080798e-10
8.027592278484065599e-10
8.018079943817041095e-10
8.008567609150024862e-10
7.999209699099097365e-10
7.989884851508753878e-10
7.980560003918607880e-10
7.971235156328256121e-10
7.961910308737981911e-10
7.952585461147835913e-10
7.943260613557484154e-10
7.933935765967278186e-10
7.924610918377021553e-10
7.915286070786729764e-10
7.905961223196454520e-10
7.896636375606317828e-10
7.887446689081945152e-10
7.878309397748025677e-10
7.869172106414303691e-10
7.860034815080384215e-10
7.850897523746532982e-10
7.841760232412673478e-10
7.832622941078822245e-10
7.823485649744972046e-10
7.814348358411043265e-10
7.805211067077114484e-10
7.796073775743419381e-10
7.786936484409490600e-10
7.777886944244244002e-10
7.768916736324457736e-10
7.759946528404541188e-10
7.750976320484884169e-10
7.742006112564959350e-10
7.733035904645250631e-10
7.724065696725395088e-10
7.715095488805547817e-10
7.706125280885830827e-10
7.697155072966052833e-10
7.688184865046197290e-10
7.679214657126427567e-10
7.670284424273484447e-10
7.661483171504667543e-10
7.652681918735799974e-10
7.643880665966983070e-10
7.635079413198235442e-10
7.626278160429358568e-10
7.617476907660541664e-10
7.608675654891794036e-10
7.599874402122917162e-10
7.591073149354101292e-10
7.582271896585361936e-10
7.573470643816545032e-10
7.564669391047737434e-10
7.556009419143338618e-10
7.547373570614217944e-10
7.538737722084958718e-10
7.530101873555768768e-10
7.521466025026578818e-10
7.512830176497458145e-10
7.504194327968268195e-10
7.495558479439008969e-10
7.486922630909896567e-10
7.478286782380638375e-10
7.469650933851516667e-10
7.461015085322336023e-10
7.452438992411121482e-10
7.443961589213889378e-10
7.435484186016976771e-10
7.427006782819918375e-10
7.418529379622858944e-10
7.410051976425834668e-10
7.401574573228801087e-10
7.393097170031810933e-10
7.384619766834717381e-10
7.376142363637657950e-10
7.367664960440625403e-10
7.359187557243635248e-10
7.350710154046609939e-10
7.342370758494085459e-10
7.334064830506792068e-10
7.325758902519517289e-10
7.317452974532129806e-10
7.309147046544836415e-10
7.300841118557484087e-10
7.292535190570164847e-10
7.284229262582803213e-10
7.275923334595450886e-10
7.267617406608192650e-10
7.259311478620908565e-10
7.251005550633589324e-10
7.242721683098103474e-10
7.234577378736431740e-10
7.226433074374674186e-10
7.218288770013002452e-10
7.210144465651287292e-10
7.202000161289546282e-10
7.193855856927883854e-10
7.185711552566082873e-10
7.177567248204522809e-10
7.169422943842721828e-10
7.161278639481058366e-10
7.153134335119318390e-10
7.144990030757517409e-10
7.136900788672364196e-10
7.128904738274897340e-10
7.120908687877430484e-10
7.112912637479989478e-10
7.104916587082506079e-10
7.096920536684935825e-10
7.088924486287477241e-10
7.080928435890010386e-10
7.072932385492474253e-10
7.064936335094999126e-10
7.056940284697498149e-10
7.048944234300039565e-10
7.040948183902572709e-10
7.033030119133047486e-10
7.025187335235729965e-10
7.017344551338412444e-10
7.009501767441163165e-10
7.001658983543837372e-10
6.993816199646502273e-10
6.985973415749184752e-10
6.978130631851798988e-10
6.970287847954618986e-10
6.962445064057223917e-10
6.954602280159906395e-10
6.946759496262658151e-10
6.938916712365340629e-10
6.931153834007446150e-10
6.923456862080613048e-10
6.915759890153848188e-10
6.908062918227015085e-10
6.900365946300250225e-10
6.892668974373425394e-10
6.884972002446532321e-10
6.877275030519767461e-10
6.869578058593002601e-10
6.861881086666135377e-10
6.854184114739336396e-10
6.846487142812545687e-10
6.838790170885738434e-10
6.831161891041411661e-10
6.823605625178375114e-10
6.816049359315415082e-10
6.808493093452447812e-10
6.800936827589479508e-10
6.793380561726451234e-10
6.785824295863457081e-10
6.778268030000498082e-10
6.770711764137529779e-10
6.763155498274423956e-10
6.755599232411594205e-10
6.748042966548565930e-10
6.740486700685494229e-10
6.732983006860067492e-10
6.725586708212931254e-10
6.718190409565648191e-10
6.710794110918450948e-10
6.703397812271382952e-10
6.696001513624135044e-10
6.688605214976929529e-10
6.681208916329809834e-10
6.673812617682431645e-10
6.666416319035295407e-10
6.659020020388159168e-10
6.651623721740953654e-10
6.644227423093748139e-10
6.636840513590049889e-10
6.629581116713013786e-10
6.622321719835899101e-10
6.615062322958819572e-10
6.607802926081775197e-10
6.600543529204729788e-10
6.593284132327693686e-10
6.586024735450648277e-10
6.578765338573508777e-10
6.571505941696471640e-10
6.564246544819357989e-10
6.556987147942278459e-10
6.549727751065242356e-10
6.542468354188127671e-10
6.535303803379078851e-10
6.528178512036110322e-10
6.521053220693141794e-10
6.513927929350189809e-10
6.506802638007152004e-10
6.499677346664191748e-10
6.492552055321223219e-10
6.485426763978237113e-10
6.478301472635241702e-10
6.471176181292273173e-10
6.464050889949312917e-10
6.456925598606309233e-10
6.449800307263314855e-10
6.442708566242706411e-10
6.435720850479498656e-10
6.428733134716323987e-10
6.421745418953184474e-10
6.414757703190019111e-10
6.407769987426845477e-10
6.400782271663705964e-10
6.393794555900566451e-10
6.386806840137444515e-10
6.379819124374261575e-10
6.372831408611087940e-10
6.365843692847913272e-10
6.358855977084747909e-10
6.351868261321608396e-10
6.344967690690690340e-10
6.338108572029638370e-10
6.331249453368484037e-10
6.324390334707466189e-10
6.317531216046449375e-10
6.310672097385432561e-10
6.303812978724346470e-10
6.296953860063268651e-10
6.290094741402329385e-10
6.283235622741199867e-10
6.276376504080113777e-10
6.269517385419165205e-10
6.262658266758044993e-10
6.255800172217195365e-10
6.249071686081393450e-10
6.242343199945531563e-10
6.235614713809811332e-10
6.228886227673941174e-10
6.222157741538182685e-10
6.215429255402346648e-10
6.208700769266588160e-10
6.201972283130807957e-10
6.195243796994941935e-10
6.188515310859217568e-10
6.181786824723351546e-10
6.175058338587588921e-10
6.168329852451761156e-10
6.161633779208351381e-10
6.155044037629207597e-10
6.148454296050063813e-10
6.141864554470989305e-10
6.135274812891945817e-10
6.128685071312875445e-10
6.122095329733731661e-10
6.115505588154583741e-10
6.108915846575487520e-10
6.102326104996378891e-10
6.095736363417260956e-10
6.089146621838195754e-10
6.082556880259043698e-10
6.075967138679934035e-10
6.069420654543387448e-10
6.062953043423642584e-10
6.056485432303898753e-10
6.050017821184089782e-10
6.043550210064449349e-10
6.037082598944640378e-10
6.030614987824865528e-10
6.024147376705091712e-10
6.017679765585386139e-10
6.011212154465607153e-10
6.004744543345936734e-10
5.998276932226058487e-10
5.991809321106314656e-10
5.985341709986644238e-10
5.978918810252006096e-10
5.972572446798351881e-10
5.966226083344550842e-10
5.959879719890789094e-10
5.953533356437031482e-10
5.947186992983196322e-10
5.940840629529506952e-10
5.934494266075749340e-10
5.928147902622026883e-10
5.921801539168191723e-10
5.915455175714533372e-10
5.909108812260740605e-10
5.902762448807008842e-10
5.896416085353182988e-10
5.890103182208951765e-10
5.883877825092025583e-10
5.877652467975206934e-10
5.871427110858320043e-10
5.865201753741392826e-10
5.858976396624574177e-10
5.852751039507631451e-10
5.846525682390773511e-10
5.840300325273916605e-10
5.834074968157028680e-10
5.827849611040144890e-10
5.821624253923292120e-10
5.815398896806435214e-10
5.809173539689478012e-10
5.802957068444852228e-10
5.796847649360562886e-10
5.790738230276333515e-10
5.784628811192010052e-10
5.778519392107720710e-10
5.772409973023499610e-10
5.766300553939214404e-10
5.760191134854956081e-10
5.754081715770734982e-10
5.747972296686441504e-10
5.741862877602182147e-10
5.735753458517858684e-10
5.729644039433638618e-10
5.723534620349344106e-10
5.717425201265149890e-10
5.711408158524457750e-10
5.705418971412407064e-10
5.699429784300387397e-10
5.693440597188407020e-10
5.687451410076425610e-10
5.681462222964414215e-10
5.675473035852463824e-10
5.669483848740482414e-10
5.663494661628530989e-10
5.657505474516550613e-10
5.651516287404535082e-10
5.645527100292583657e-10
5.639537913180637402e-10
5.633548726068651856e-10
5.627601604867782313e-10
5.621732362172530065e-10
5.615863119477230253e-10
5.609993876781973868e-10
5.604124634086759877e-10
5.598255391391464201e-10
5.592386148696143710e-10
5.586516906000843898e-10
5.580647663305660926e-10
5.574778420610331129e-10
5.568909177915108866e-10
5.563039935219821462e-10
5.557170692524626082e-10
5.551301449829270435e-10
5.545432207134044036e-10
5.539652901779343137e-10
5.533892940171562503e-10
5.528132978563794277e-10
5.522373016955884396e-10
5.516613055348076879e-10
5.510853093740192847e-10
5.505093132132351209e-10
5.499333170524604696e-10
5.493573208916733072e-10
5.487813247308952439e-10
5.482053285701080815e-10
5.476293324093230905e-10
5.470533362485424421e-10
5.464773400877578647e-10
5.459033647105323263e-10
5.453383323470163233e-10
5.447732999835037324e-10
5.442082676199851445e-10
5.436432352564725537e-10
5.430782028929565507e-10
5.425131705294370322e-10
5.419481381659176171e-10
5.413831058024088519e-10
5.408180734388894368e-10
5.402530410753734338e-10
5.396880087118608430e-10
5.391229763483417381e-10
5.385579439848257351e-10
5.379929116213097321e-10
5.374325304929339608e-10
5.368782193572862911e-10
5.363239082216278681e-10
5.357695970859836105e-10
5.352152859503321150e-10
5.346609748146736920e-10
5.341066636790359484e-10
5.335523525433805239e-10
5.329980414077328542e-10
5.324437302720812554e-10
5.318894191364297599e-10
5.313351080007781611e-10
5.307807968651296642e-10
5.302264857294819945e-10
5.296721745938303957e-10
5.291237936443316043e-10
5.285798736387520966e-10
5.280359536331838592e-10
5.274920336276043516e-10
5.269481136220282560e-10
5.264041936164530910e-10
5.258602736108735833e-10
5.253163536053008999e-10
5.247724335997209786e-10
5.242285135941454000e-10
5.236845935885732336e-10
5.231406735829937259e-10
5.225967535774214560e-10
5.220528335718428789e-10
5.215089135662637848e-10
5.209715858419043651e-10
5.204387631671622463e-10
5.199059404924127862e-10
5.193731178176762508e-10
5.188402951429267908e-10
5.183074724681846719e-10
5.177746497934451380e-10
5.172418271187026056e-10
5.167090044439561440e-10
5.161761817692175407e-10
5.156433590944641515e-10
5.151105364197250312e-10
5.145777137449834294e-10
5.140448910702413105e-10
5.135120683954952626e-10
5.129844470048985220e-10
5.124619648033305429e-10
5.119394826017505697e-10
5.114170004001782479e-10
5.108945181986026174e-10
5.103720359970406354e-10
5.098495537954650049e-10
5.093270715938858589e-10
5.088045893923092978e-10
