-3.596722977303058762e-08
-3.562954053285504105e-08
-3.526861250527075541e-08
-3.488661898148547539e-08
-3.448459901359671380e-08
-3.406513477637345615e-08
-3.363083676164274771e-08
-3.318184316049524551e-08
-3.272120301417901473e-08
-3.224959454173488731e-08
-3.176822874104639152e-08
-3.127937291061696222e-08
-3.078274560739886264e-08
-3.028136052400151475e-08
-2.977425929114652781e-08
-2.926439809283171175e-08
-2.875071487210763247e-08
-2.823624516557785580e-08
-2.771969606393613311e-08
-2.720368412640642103e-08
-2.668720810363175088e-08
-2.617254713687012499e-08
-2.565914507500162244e-08
-2.514821364007189444e-08
-2.464002312573308265e-08
-2.413486583477124938e-08
-2.363397559889646884e-08
-2.313705192127767508e-08
-2.264514174213756884e-08
-2.215800055390756975e-08
-2.167595619185589164e-08
-2.119975660398777131e-08
-2.072972088851829275e-08
-2.026575254672506687e-08
-1.980795809324762470e-08
-1.935717023680374423e-08
-1.891319976611768901e-08
-1.847585424359741378e-08
-1.804586554806059325e-08
-1.762320588383420696e-08
-1.720767782358916696e-08
-1.679986980254983361e-08
-1.639968415113284934e-08
-1.600661337385773910e-08
-1.562146831548982066e-08
-1.524379097599610232e-08
-1.487372093523660212e-08
-1.451172668970572577e-08
-1.415658492441939144e-08
-1.380986834622818823e-08
-1.347029224793887655e-08
-1.313815250301680270e-08
-1.281397592341216476e-08
-1.249642496264014082e-08
-1.218701357427218279e-08
-1.188439319274824192e-08
-1.158905727227851959e-08
-1.130050776525396736e-08
-1.101950283848289294e-08
-1.074494927676199353e-08
-1.047736520208240310e-08
-1.021593303490124195e-08
-9.962019942090367337e-09
-9.713512440348176454e-09
-9.472133253343559003e-09
-9.236163677378329151e-09
-9.006953369460884749e-09
-8.783468853130248009e-09
-8.565441771836347547e-09
-8.352995629466415747e-09
-8.146751291024035096e-09
-7.945356835153336969e-09
-7.749354128496151233e-09
-7.558451397893148360e-09
-7.372539956569991042e-09
-7.191611055793344779e-09
-7.015227389868606635e-09
-6.843801027660391313e-09
-6.676320648533583474e-09
-6.513543690663912454e-09
-6.354824466538640848e-09
-6.200381625808347930e-09
-6.049884382915373532e-09
-5.902987566933173113e-09
-5.760110972623009838e-09
-5.620708516154131839e-09
-5.484690054977567220e-09
-5.352111446013566494e-09
-5.222703055738703957e-09
-5.096875445559941053e-09
-4.973980592222662600e-09
-4.853894788748874137e-09
-4.736665352609306199e-09
-4.621916062876274417e-09
-4.510160819940759804e-09
-4.401075850482215057e-09
-4.294217904484907352e-09
-4.189845818704482084e-09
-4.087622215828004523e-09
-3.987550272091600740e-09
-3.889998049751003547e-09
-3.794371889722689707e-09
-3.700638478820740717e-09
-3.608869111483334327e-09
-3.518774117318653088e-09
-3.430575420887316048e-09
-3.344263201917460056e-09
-3.259476752742847569e-09
-3.176259745367963387e-09
-3.094558025758328894e-09
-3.014204340971227593e-09
-2.935371642103483729e-09
-2.858058230128392625e-09
-2.781980300285561396e-09
-2.707093536882416301e-09
-2.633517249519499646e-09
-2.561009606144620507e-09
-2.489591349718996301e-09
-2.419743570602804295e-09
-2.350859525187743674e-09
-2.282905966697406923e-09
-2.215983362143080737e-09
-2.150034831370557705e-09
-2.084939494634013900e-09
-2.020781294574494368e-09
-1.957887138806697075e-09
-1.895782142571942196e-09
-1.834492573522652670e-09
-1.774037058343721102e-09
-1.714368161053603746e-09
-1.655399106150592656e-09
-1.597506895878996571e-09
-1.540497137547574593e-09
-1.484172860336116959e-09
-1.428543361751831419e-09
-1.373656424132203256e-09
-1.319596800454185732e-09
-1.266225298456891911e-09
-1.213665105039776860e-09
-1.161888221049950213e-09
-1.110773134432168931e-09
-1.060472686220192761e-09
-1.010892710889554670e-09
-9.619548088326637929e-10
-9.135891839258598950e-10
-8.660570522699280432e-10
-8.194170238300249181e-10
-7.734510055299215566e-10
-7.280352576888053380e-10
-6.835024416366630543e-10
-6.396303472173943020e-10
-5.963513257382689556e-10
-5.536971242083438732e-10
-5.119615768694858220e-10
-4.709185430153315921e-10
-4.305440408629207600e-10
-3.909776287330579836e-10
-3.520749262487175122e-10
-3.137351055600018486e-10
-2.761345239432323601e-10
-2.392757946105391296e-10
-2.030153569816621963e-10
-1.674977604771645285e-10
-1.329659911693640671e-10
-9.893857343908505306e-11
-6.543253818021292085e-11
-3.290759610912849162e-11
-8.724830780819468182e-13
3.064433008483404313e-11
6.127191245968507912e-11
9.129817566708523072e-11
1.206096832789249556e-10
1.490359872466781317e-10
1.770340320340999870e-10
2.044537826084640302e-10
2.310387957996199563e-10
2.572084439181148479e-10
2.827060994585707875e-10
3.075601135848316109e-10
3.320008185724969084e-10
3.553605151072844672e-10
3.782924458830585524e-10
4.007886207573230106e-10
4.225145716791275408e-10
4.439062959849100052e-10
4.646347799499480465e-10
4.848566879430491004e-10
5.047729513478000402e-10
5.237905018598350211e-10
5.424857399652566584e-10
5.605260191319513712e-10
5.780944953556210569e-10
5.953970455235806162e-10
6.119833538926520158e-10
6.283525886627017203e-10
6.441858631749433458e-10
6.596601783578149256e-10
6.748290842278001111e-10
6.893428172965723078e-10
7.036562479168887004e-10
7.173444165195245270e-10
7.308508979982709888e-10
7.439771547421805129e-10
7.567851429094038955e-10
7.693407383695057694e-10
7.814963557822576083e-10
7.935382469864425711e-10
8.051141455388369095e-10
8.165736999868958508e-10
8.275319917789968797e-10
8.383447392827189588e-10
8.488980228563639510e-10
8.592610901752876206e-10
8.694522503241829646e-10
8.793894307888409404e-10
8.892055422158711307e-10
8.987752173227429680e-10
9.082889482006271374e-10
9.175193183087507817e-10
9.267147878144168040e-10
9.355845492274763723e-10
9.444255314878883938e-10
9.530934822098453252e-10
9.617183801359451532e-10
9.701931435876695333e-10
9.786158181983206674e-10
9.869099957981303762e-10
9.951578297764961660e-10
1.003315404459301924e-09
1.011416348655857853e-09
1.019422983266225240e-09
1.027378260169358744e-09
1.035255240231796163e-09
1.043104754184367896e-09
1.050913397552745307e-09
1.058693822183537872e-09
1.066430571421029976e-09
1.074146207477517405e-09
1.081825543033079360e-09
1.089495563061998547e-09
1.097146454898507739e-09
1.104780128823559067e-09
1.112367648349951520e-09
1.119949172978026052e-09
1.127506745031438906e-09
1.135063511031248271e-09
1.142613940073914194e-09
1.150163995377607741e-09
1.157675361557269130e-09
1.165186727736931138e-09
1.172685917860202283e-09
1.180183606555996612e-09
1.187669993337121475e-09
1.195152706629597410e-09
1.202588790292110838e-09
1.209994156292809965e-09
1.217385384133879124e-09
1.224758217793621601e-09
1.232118662935588212e-09
1.239441893890867924e-09
1.246761115015316746e-09
1.254001215186992394e-09
1.261241315358674039e-09
1.268421848300362031e-09
1.275590172195314256e-09
1.282696225476159243e-09
1.289759826862685056e-09
1.296764003884488144e-09
1.303653990184840881e-09
1.310533871398858674e-09
1.317284909761643128e-09
1.324035948124419103e-09
1.330655672697234124e-09
1.337239611396632990e-09
1.343727720315052052e-09
1.350112631629872062e-09
1.356465552738344193e-09
1.362649949000824373e-09
1.368834345263307447e-09
1.374785847093877196e-09
1.380686175855886816e-09
1.386439947596242511e-09
1.392023260820390661e-09
1.397581845050557377e-09
1.402880074227641446e-09
1.408178303404725722e-09
1.413252285419253805e-09
1.418226944248731728e-09
1.423107989103407354e-09
1.427749567323287486e-09
1.432391145543178371e-09
1.436735565091754323e-09
1.441027811400929527e-09
1.445127056377673616e-09
1.448938817057000443e-09
1.452750577736332027e-09
1.456164180018345288e-09
1.459549650036900199e-09
1.462751772256800552e-09
1.465727514674876720e-09
1.468703257092949993e-09
1.471278157860539721e-09
1.473828367695264135e-09
1.476199765639718756e-09
1.478321508880352336e-09
1.480443252120982401e-09
1.482183524791590015e-09
1.483868503608647080e-09
1.485373675636725733e-09
1.486478713436176778e-09
1.487583751235621411e-09
1.488373586443600615e-09
1.489045122224281344e-09
1.489663791454304007e-09
1.489910507343857369e-09
1.490157223233414453e-09
1.490192950780751078e-09
1.490019290591086857e-09
1.489845630401427393e-09
1.489325919897336016e-09
1.488749563391608592e-09
1.488088806821435092e-09
1.487083108057941011e-09
1.486077409294445690e-09
1.484840910966409310e-09
1.483385739638848012e-09
1.481930568311288368e-09
1.480205351083747395e-09
1.478416751659067414e-09
1.476601555428619194e-09
1.474502522867400379e-09
1.472403490306185079e-09
1.470209988086471705e-09
1.467833624835009319e-09
1.465457261583539902e-09
1.462934322389889445e-09
1.460302883126693727e-09
1.457671443863495733e-09
1.454834701588966062e-09
1.451942562800707287e-09
1.449050424012448719e-09
1.445962533862675110e-09
1.442870463806517245e-09
1.439758265958518515e-09
1.436531317369959688e-09
1.433304368781406032e-09
1.430049574876039239e-09
1.426729107672369859e-09
1.423408640468700687e-09
1.420059713738083685e-09
1.416672203424235646e-09
1.413284693110388021e-09
1.409880263254665179e-09
1.406460786796744654e-09
1.403041310338810894e-09
1.399620265769029002e-09
1.396198226966715016e-09
1.392776188164401856e-09
1.389387990292588503e-09
1.386016280825817533e-09
1.382644571359045942e-09
1.379332603923840665e-09
1.376044997289488859e-09
1.372757390655130228e-09
1.369547802301150303e-09
1.366367706599452066e-09
1.363187610897759413e-09
1.360103724396895415e-09
1.357057584732197962e-09
1.354011445067494925e-09
1.351072996929917806e-09
1.348183435202351632e-09
1.345293873474782357e-09
1.342538414117337147e-09
1.339860302034559342e-09
1.337182189951778641e-09
1.334616843493878636e-09
1.332141072195619541e-09
1.329665300897369753e-09
1.327284867043908959e-09
1.325017754396190691e-09
1.322750641748470354e-09
1.320556342570121786e-09
1.318508002201088125e-09
1.316459661832059428e-09
1.314452194306934421e-09
1.312624921051826488e-09
1.310797647796709455e-09
1.308973494993062888e-09
1.307387975843130254e-09
1.305802456693200101e-09
1.304216937543267467e-09
1.302835883375258450e-09
1.301500719248392682e-09
1.300165555121526086e-09
1.298955980406750257e-09
1.297831507921481195e-09
1.296707035436211306e-09
1.295652959629745397e-09
1.294729124362068453e-09
1.293805289094394197e-09
1.292896110367923932e-09
1.292153524434977342e-09
1.291410938502033648e-09
1.290668352569089333e-09
1.290062416855626566e-09
1.289493711005411817e-09
1.288925005155204926e-09
1.288433107869429309e-09
1.288029317167004648e-09
1.287625526464580194e-09
1.287236936941034406e-09
1.286959563005000728e-09
1.286682189068975735e-09
1.286404815132941850e-09
1.286198971117323443e-09
1.286017072787820605e-09
1.285835174458323764e-09
1.285674347043743043e-09
1.285552241576816788e-09
1.285430136109892187e-09
1.285308030642967173e-09
1.285227605675603796e-09
1.285150334433339504e-09
1.285073063191083897e-09
1.285005003014300901e-09
1.284946890502618923e-09
1.284888777990938806e-09
1.284830523660779657e-09
1.284746875631318069e-09
1.284663227601856066e-09
1.284579579572389721e-09
1.284474543525863535e-09
1.284348441183993546e-09
1.284222338842122110e-09
1.284096236500252122e-09
1.283898771551211165e-09
1.283699497764935102e-09
1.283500223978655937e-09
1.283257097191103790e-09
1.282953366929135733e-09
1.282649636667159817e-09
1.282345906405188658e-09
1.281932317768908737e-09
1.281497367455209699e-09
1.281062417141508799e-09
1.280590885636677539e-09
1.279994948749384151e-09
1.279399011862090970e-09
1.278803074974800891e-09
1.278072094548510179e-09
1.277247147697600286e-09
1.276422200846694528e-09
1.275597253995784428e-09
1.274593265898383499e-09
1.273574625892137869e-09
1.272555985885898649e-09
1.271491327351002117e-09
1.270273500462175047e-09
1.269055673573355007e-09
1.267837846684526696e-09
1.266513104455503068e-09
1.265085434299868802e-09
1.263657764144231848e-09
1.262230093988599444e-09
1.260646837589498884e-09
1.259014326499549112e-09
1.257381815409594584e-09
1.255749304319643157e-09
1.253887915323910710e-09
1.252022081997402895e-09
1.250156248670902525e-09
1.248249828577255730e-09
1.246150063271938495e-09
1.244050297966623535e-09
1.241950532661306507e-09
1.239791004087518399e-09
1.237513881187533695e-09
1.235236758287550024e-09
1.232959635387570697e-09
1.230604376304948367e-09
1.228161404890334855e-09
1.225718433475721343e-09
1.223275462061109485e-09
1.220750660237548892e-09
1.218165565247457838e-09
1.215580470257369678e-09
1.212995375267280071e-09
1.210327569277441633e-09
1.207615355295545947e-09
1.204903141313651708e-09
1.202190927331756021e-09
1.199392613481927635e-09
1.196556616067899857e-09
1.193720618653870839e-09
1.190884621239844922e-09
1.187996062070513783e-09
1.185086062364660715e-09
1.182176062658803304e-09
1.179266062952948789e-09
1.176328285561146632e-09
1.173378291350925287e-09
1.170428297140707251e-09
1.167478302930489835e-09
1.164521447425798294e-09
1.161560866968728214e-09
1.158600286511652136e-09
1.155639706054580609e-09
1.152682557991042187e-09
1.149727990588494606e-09
1.146773423185945371e-09
1.143818855783400893e-09
1.140879127852945544e-09
1.137956654552517991e-09
1.135034181252092506e-09
1.132111707951662471e-09
1.129209438493268862e-09
1.126349603910957726e-09
1.123489769328645144e-09
1.120629934746338351e-09
1.117782643072518974e-09
1.115005819515448816e-09
1.112228995958378659e-09
1.109452172401306640e-09
1.106675348844237931e-09
1.103994368597551933e-09
1.101318667607394086e-09
1.098642966617234999e-09
1.095967265627075704e-09
1.093367248415231001e-09
1.090797787449735455e-09
1.088228326484240529e-09
1.085658865518749532e-09
1.083144052024332946e-09
1.080697497095631795e-09
1.078250942166924647e-09
1.075804387238223495e-09
1.073376977075583241e-09
1.071063117412263333e-09
1.068749257748944665e-09
1.066435398085621862e-09
1.064121538422299058e-09
1.061933697250136295e-09
1.059775208761228581e-09
1.057616720272323142e-09
1.055458231783415429e-09
1.053360846922760148e-09
1.051339734969195762e-09
1.049318623015630549e-09
1.047297511062066369e-09
1.045282209240489435e-09
1.043389779823916517e-09
1.041497350407342357e-09
1.039604920990772334e-09
1.037712491574196520e-09
1.035897790542266718e-09
1.034132386967223681e-09
1.032366983392180437e-09
1.030601579817134712e-09
1.028853191146975423e-09
1.027205285603790767e-09
1.025557380060602804e-09
1.023909474517416494e-09
1.022261568974228737e-09
1.020689767339367694e-09
1.019160110366055233e-09
1.017630453392738636e-09
1.016100796419424727e-09
1.014582017312334606e-09
1.013153084160343593e-09
1.011724151008355476e-09
1.010295217856364464e-09
1.008866284704372004e-09
1.007476412041787036e-09
1.006120114359778368e-09
1.004763816677773009e-09
1.003407518995769098e-09
1.002051221313760638e-09
1.000749858825761161e-09
9.994524653753278439e-10
9.981550719248947333e-10
9.968576784744612091e-10
9.955714985170442137e-10
9.943124673479903971e-10
9.930534361789351329e-10
9.917944050098786279e-10
9.905353738408250181e-10
9.892940714859957849e-10
9.880637951390693766e-10
9.868335187921392460e-10
9.856032424452084951e-10
9.843729660982779509e-10
9.831438964905292740e-10
9.819149534309221520e-10
9.806860103713164776e-10
9.794570673117108032e-10
9.782252893980916357e-10
9.769783628264848442e-10
9.757314362548763983e-10
9.744845096832654709e-10
9.732375831116572319e-10
9.719810432619154720e-10
9.707084078003288492e-10
9.694357723387405719e-10
9.681631368771568441e-10
9.668905014155673261e-10
9.655926930774966846e-10
9.642745933059966788e-10
9.629564935344939846e-10
9.616383937629929448e-10
9.603202939914929389e-10
9.589700214467351012e-10
9.576057379492683129e-10
9.562414544517998701e-10
9.548771709543289459e-10
9.535128874568621575e-10
9.521027399286640008e-10
9.506813029437782943e-10
9.492598659588913470e-10
9.478384289740058473e-10
9.464169919891172457e-10
9.449185368233042507e-10
9.434086684859817761e-10
9.418988001486547520e-10
9.403889318113293823e-10
9.388790634740050465e-10
9.373121998873485687e-10
9.357391256238487065e-10
9.341660513603494648e-10
9.325929770968514638e-10
9.310199028333504642e-10
9.293885566951837335e-10
9.277503442154085524e-10
9.261121317356290285e-10
9.244739192558518828e-10
9.228357067760751507e-10
9.211485785227833813e-10
9.194527635194930904e-10
9.177569485162016621e-10
9.160611335129129222e-10
9.143653185096212871e-10
9.126275124274290813e-10
9.108768263110776344e-10
9.091261401947277385e-10
9.073754540783750508e-10
9.056247679620249481e-10
9.038423718553351609e-10
9.020423325408709098e-10
9.002422932264026262e-10
8.984422539119342392e-10
8.966422145974700915e-10
8.948202886033050879e-10
8.929747118099844634e-10
8.911291350166625982e-10
8.892835582233430077e-10
8.874379814300223833e-10
8.855869358476962783e-10
8.837217804440461590e-10
8.818566250403932479e-10
8.799914696367403369e-10
8.781263142330874259e-10
8.762609800562117344e-10
8.743911562380171238e-10
8.725213324198207554e-10
8.706515086016241802e-10
8.687816847834316376e-10
8.669118609652360964e-10
8.650425050684472676e-10
8.631732991842853987e-10
8.613040933001209448e-10
8.594348874159565943e-10
8.575656815317944152e-10
8.557043442698362703e-10
8.538531922279358583e-10
8.520020401860336885e-10
8.501508881441315187e-10
8.482997361022318304e-10
8.464505997320647153e-10
8.446267579331301616e-10
8.428029161341951943e-10
8.409790743352613644e-10
8.391552325363274312e-10
8.373313907373928775e-10
8.355356228612350281e-10
8.337536313323022582e-10
8.319716398033664898e-10
8.301896482744320656e-10
8.284076567454976413e-10
8.266374940639977383e-10
8.249077121636834515e-10
8.231779302633713360e-10
8.214481483630570492e-10
8.197183664627433827e-10
8.179885845624307502e-10
8.162960665924578308e-10
8.146165917196610692e-10
8.129371168468654451e-10
8.112576419740665122e-10
8.095781671012692337e-10
8.079114415496680342e-10
8.062918233388196808e-10
8.046722051279696729e-10
8.030525869171206991e-10
8.014329687062695539e-10
7.998133504954192359e-10
7.982316172516499417e-10
7.966709138374162011e-10
7.951102104231844250e-10
7.935495070089520285e-10
7.919888035947188049e-10
7.904301280866518227e-10
7.889357931543728528e-10
7.874414582220952272e-10
7.859471232898141894e-10
7.844527883575359433e-10
7.829584534252561463e-10
7.814864807228930846e-10
7.800517468986408202e-10
7.786170130743883491e-10
7.771822792501353610e-10
7.757475454258842340e-10
7.743128116016325900e-10
7.729120978531561374e-10
7.715276413724351746e-10
7.701431848917162798e-10
7.687587284109937660e-10
7.673742719302735270e-10
7.659898154495518404e-10
7.646485819662130966e-10
7.633103742923853871e-10
7.619721666185584015e-10
7.606339589447307954e-10
7.592957512709040165e-10
7.579632642759264201e-10
7.566635415120517307e-10
7.553638187481749734e-10
7.540640959842972855e-10
7.527643732204212520e-10
7.514646504565452184e-10
7.501763903790972218e-10
7.489126539295238458e-10
7.476489174799491257e-10
7.463851810303744056e-10
7.451214445808000991e-10
7.438577081312261028e-10
7.426050941557498441e-10
7.413664149222759897e-10
7.401277356888028592e-10
7.388890564553309693e-10
7.376503772218579422e-10
7.364116979883852252e-10
7.351812568325775420e-10
7.339582880485355058e-10
7.327353192644916085e-10
7.315123504804502961e-10
7.302893816964055716e-10
7.290664129123641558e-10
7.278504229149558723e-10
7.266399241526738814e-10
7.254294253903912701e-10
7.242189266281087622e-10
7.230084278658266680e-10
7.217979291035448839e-10
7.205870682950225252e-10
7.193759105061371659e-10
7.181647527172533576e-10
7.169535949283681017e-10
7.157424371394827424e-10
7.145312793505981069e-10
7.133214248178921691e-10
7.121129095779270308e-10
7.109043943379633402e-10
7.096958790979991325e-10
7.084873638580355452e-10
7.072788486180704070e-10
7.060675085411800275e-10
7.048517639125062743e-10
7.036360192838309703e-10
7.024202746551545288e-10
7.012045300264795349e-10
6.999887853978051614e-10
6.987695750372178814e-10
6.975394913111176205e-10
6.963094075850180833e-10
6.950793238589168918e-10
6.938492401328152866e-10
6.926191564067149223e-10
6.913887642121208137e-10
6.901519290107382630e-10
6.889150938093592279e-10
6.876782586079785384e-10
6.864414234065980557e-10
6.852045882052156084e-10
6.839677530038364698e-10
6.827215877636898612e-10
6.814731242860036361e-10
6.802246608083182382e-10
6.789761973306320131e-10
6.777277338529465117e-10
6.764792703752610104e-10
6.752279094834596731e-10
6.739737797230942439e-10
6.727196499627281943e-10
6.714655202023635922e-10
6.702113904419980596e-10
6.689572606816333542e-10
6.677021892593516976e-10
6.664425936306639206e-10
6.651829980019788318e-10
6.639234023732904344e-10
6.626638067446041049e-10
6.614042111159174652e-10
6.601446154872295848e-10
6.588814643440798077e-10
6.576173382605249811e-10
6.563532121769727394e-10
6.550890860934192569e-10
6.538249600098679458e-10
6.525608339263121886e-10
6.512975626641700847e-10
6.500358891510796891e-10
6.487742156379892936e-10
6.475125421249002422e-10
6.462508686118105705e-10
6.449891950987206919e-10
6.437275215856302964e-10
6.424724650588312309e-10
6.412184578859330975e-10
6.399644507130357912e-10
6.387104435401376577e-10
6.374564363672404548e-10
6.362024291943413908e-10
6.349527283256594949e-10
6.337118433179386938e-10
6.324709583102192368e-10
6.312300733024991594e-10
6.299891882947789786e-10
6.287483032870581774e-10
6.275074182793392374e-10
6.262764202016057411e-10
6.250488364554099241e-10
6.238212527092132799e-10
6.225936689630179799e-10
6.213660852168228867e-10
6.201385014706270697e-10
6.189131803846269766e-10
6.177065175477882675e-10
6.164998547109493516e-10
6.152931918741100220e-10
6.140865290372713129e-10
6.128798662004332241e-10
6.116732033635944116e-10
6.104754589438654982e-10
6.092899136721770132e-10
6.081043684004885282e-10
6.069188231287993193e-10
6.057332778571109377e-10
6.045477325854202813e-10
6.033621873137324167e-10
6.021933084972071382e-10
6.010320786182545536e-10
5.998708487393041403e-10
5.987096188603530032e-10
5.975483889814012458e-10
5.963871591024508325e-10
5.952259292234987649e-10
5.940900091436127836e-10
5.929569927728660810e-10
5.918239764021185512e-10
5.906909600313718486e-10
5.895579436606243188e-10
5.884249272898761686e-10
5.872930646636357415e-10
5.861803294854225815e-10
5.850675943072083874e-10
5.839548591289944002e-10
5.828421239507824809e-10
5.817293887725670460e-10
5.806166535943544030e-10
5.795084574855492602e-10
5.784233235300920685e-10
5.773381895746346700e-10
5.762530556191759273e-10
5.751679216637187356e-10
5.740827877082590623e-10
5.729976537528004230e-10
5.719177210268366831e-10
5.708562963889655670e-10
5.697948717510922796e-10
5.687334471132205431e-10
5.676720224753487032e-10
5.666105978374769667e-10
5.655491731996042996e-10
5.644924109694133518e-10
5.634520588988204917e-10
5.624117068282262874e-10
5.613713547576347714e-10
5.603310026870420147e-10
5.592906506164497749e-10
5.582502985458575351e-10
5.572134736466711549e-10
5.561939079834677370e-10
5.551743423202629748e-10
5.541547766570594535e-10
5.531352109938568627e-10
5.521156453306533414e-10
5.510960796674499235e-10
5.500774444336119802e-10
5.490723575775792576e-10
5.480672707215450874e-10
5.470621838655116410e-10
5.460570970094790217e-10
5.450520101534449549e-10
5.440469232974105780e-10
5.430418364413772349e-10
5.420496590565124579e-10
5.410588436124280091e-10
5.400680281683412856e-10
5.390772127242574572e-10
5.380863972801713541e-10
5.370955818360853544e-10
5.361047663920008022e-10
5.351217983682829101e-10
5.341423528107087491e-10
5.331629072531360357e-10
5.321834616955612544e-10
5.312040161379871968e-10
5.302245705804157242e-10
5.292451250228409429e-10
5.282698803179019080e-10
5.273004197173422915e-10
5.263309591167829852e-10
5.253614985162226449e-10
5.243920379156636488e-10
5.234225773151026881e-10
5.224531167145437954e-10
5.214842810591802504e-10
5.205213492043287585e-10
5.195584173494780938e-10
5.185954854946266019e-10
5.176325536397751099e-10
5.166696217849243418e-10
5.157066899300728499e-10
5.147437580752212546e-10
5.137858564651992705e-10
5.128299620717288557e-10
5.118740676782574070e-10
5.109181732847860616e-10
5.099622788913133721e-10
5.090063844978428540e-10
5.080504901043715086e-10
5.070968685190137131e-10
5.061491653672114858e-10
5.052014622154084313e-10
5.042537590636059972e-10
5.033060559118029427e-10
5.023583527600007153e-10
5.014106496081977642e-10
5.004629464563953301e-10
4.995186520355626867e-10
4.985753003498246071e-10
4.976319486640865275e-10
4.966885969783478274e-10
4.957452452926098512e-10
4.948018936068710478e-10
4.938585419211330716e-10
4.929174149191918500e-10
4.919836523877866188e-10
4.910498898563813877e-10
4.901161273249769837e-10
4.891823647935724763e-10
4.882486022621666247e-10
4.873148397307622208e-10
4.863810771993569896e-10
4.854508760352162093e-10
4.845228302225704080e-10
4.835947844099233658e-10
4.826667385972776679e-10
4.817386927846319699e-10
4.808106469719857550e-10
4.798826011593393332e-10
4.789545553466929115e-10
4.780341114981417140e-10
4.771140189127678018e-10
4.761939263273952337e-10
4.752738337420217351e-10
4.743537411566481331e-10
4.734336485712752548e-10
4.725135559859016528e-10
4.715963765258532238e-10
4.706889422323567679e-10
4.697815079388619663e-10
4.688740736453646831e-10
4.679666393518690543e-10
4.670592050583734255e-10
4.661517707648768662e-10
4.652443364713808755e-10
4.643403297083429847e-10
4.634405902544539873e-10
4.625408508005628703e-10
4.616411113466738729e-10
4.607413718927830144e-10
4.598416324388929830e-10
4.589418929850025898e-10
4.580421535311121449e-10
4.571507084213953122e-10
4.562647636055504659e-10
4.553788187897056196e-10
4.544928739738607216e-10
4.536069291580147896e-10
4.527209843421709256e-10
4.518350395263246318e-10
4.509490947104802508e-10
4.500721096536981672e-10
4.491990158284097162e-10
4.483259220031210584e-10
4.474528281778329693e-10
4.465797343525444148e-10
4.457066405272560155e-10
4.448335467019681849e-10
4.439604528766797855e-10
4.430958717839042819e-10
4.422343952031164918e-10
4.413729186223291152e-10
4.405114420415419455e-10
4.396499654607542587e-10
4.387884888799679161e-10
4.379270122991798158e-10
4.370655357183930079e-10
4.362147107629421573e-10
4.353682894519634790e-10
4.345218681409838702e-10
4.336754468300056056e-10
4.328290255190270308e-10
4.319826042080489212e-10
4.311361828970694675e-10
4.302897615860912546e-10
4.294514762940373751e-10
4.286181576698491585e-10
4.277848390456623376e-10
4.269515204214747413e-10
4.261182017972875586e-10
4.252848831731003242e-10
4.244515645489130898e-10
4.236182459247259071e-10
4.227909051495342928e-10
4.219702347704381524e-10
4.211495643913420637e-10
4.203288940122459232e-10
4.195082236331496794e-10
4.186875532540540043e-10
4.178668828749573986e-10
4.170462124958616200e-10
4.162288510886099226e-10
4.154208070105384934e-10
4.146127629324649445e-10
4.138047188543934118e-10
4.129966747763202765e-10
4.121886306982494677e-10
4.113805866201765909e-10
4.105725425421041277e-10
4.097644984640315094e-10
4.089699780658055372e-10
4.081756107321151925e-10
4.073812433984230902e-10
4.065868760647327455e-10
4.057925087310422458e-10
4.049981413973500917e-10
4.042037740636587132e-10
4.034094067299683685e-10
4.026217487695650554e-10
4.018376662106455387e-10
4.010535836517253499e-10
4.002695010928047475e-10
3.994854185338860580e-10
3.987013359749654556e-10
3.979172534160455253e-10
3.971331708571261120e-10
3.963519789473211758e-10
3.955793562468600683e-10
3.948067335464003567e-10
3.940341108459393526e-10
3.932614881454789172e-10
3.924888654450178097e-10
3.917162427445571158e-10
3.909436200440966804e-10
3.901709973436360382e-10
3.894079140297968296e-10
3.886473976631043879e-10
3.878868812964130318e-10
3.871263649297205901e-10
3.863658485630282000e-10
3.856053321963364821e-10
3.848448158296440403e-10
3.840842994629513401e-10
3.833256653329311827e-10
3.825724150046732167e-10
3.818191646764148371e-10
3.810659143481572847e-10
3.803126640198996806e-10
3.795594136916421282e-10
3.788061633633841622e-10
3.780529130351262479e-10
3.772996627068686439e-10
3.765542460657892831e-10
3.758127759821603174e-10
3.750713058985314034e-10
3.743298358149020241e-10
3.735883657312727483e-10
3.728468956476434207e-10
3.721054255640136795e-10
3.713639554803839900e-10
3.706225299539345270e-10
3.698894875186400433e-10
3.691564450833444739e-10
3.684234026480495249e-10
3.676903602127540072e-10
3.669573177774586963e-10
3.662242753421634371e-10
3.654912329068686432e-10
3.647581904715727119e-10
3.640272847222913625e-10
3.633018883206769139e-10
3.625764919190628271e-10
3.618510955174472411e-10
3.611256991158324306e-10
3.604003027142176201e-10
3.596749063126029130e-10
3.589495099109881025e-10
3.582241135093733437e-10
3.575040436268226249e-10
3.567895853179111804e-10
3.560751270089990638e-10
3.553606687000874125e-10
3.546462103911760713e-10
3.539317520822635928e-10
3.532172937733518898e-10
3.525028354644401351e-10
3.517883771555276049e-10
3.510783531510038016e-10
3.503709633077177740e-10
3.496635734644310226e-10
3.489561836211446849e-10
3.482487937778575199e-10
3.475414039345707685e-10
3.468340140912843790e-10
3.461266242479975759e-10
3.454192344047112898e-10
3.447187988065197772e-10
3.440213430731830708e-10
3.433238873398462610e-10
3.426264316065101234e-10
3.419289758731733653e-10
3.412315201398373310e-10
3.405340644065009348e-10
3.398366086731641250e-10
3.391391529398281424e-10
3.384484379096808676e-10
3.377605494909410047e-10
3.370726610722011935e-10
3.363847726534616925e-10
3.356968842347215194e-10
3.350089958159817599e-10
3.343211073972422589e-10
3.336332189785024994e-10
3.329453305597618610e-10
3.322627057352813141e-10
3.315830369242604696e-10
3.309033681132390047e-10
3.302236993022189356e-10
3.295440304911973673e-10
3.288643616801762125e-10
3.281846928691557816e-10
3.275050240581349370e-10
3.268253552471141442e-10
3.261507102876046137e-10
3.254809512825040831e-10
3.248111922774028805e-10
3.241414332723026601e-10
3.234716742672018194e-10
3.228019152621012888e-10
3.221321562570000862e-10
3.214623972518996073e-10
3.207926382467993870e-10
3.201258817277034626e-10
3.194660062132491437e-10
3.188061306987951868e-10
3.181462551843412298e-10
3.174863796698870144e-10
3.168265041554327472e-10
3.161666286409795657e-10
3.155067531265251952e-10
3.148468776120709280e-10
3.141872870222743395e-10
3.135368059876826749e-10
3.128863249530909070e-10
3.122358439184991391e-10
3.115853628839066990e-10
3.109348818493149828e-10
3.102844008147228530e-10
3.096339197801318088e-10
3.089834387455397307e-10
3.083329577109479628e-10
3.076887808023736658e-10
3.070474888723710787e-10
3.064061969423681297e-10
3.057649050123648189e-10
3.051236130823625937e-10
3.044823211523596447e-10
3.038410292223573678e-10
3.031997372923544188e-10
3.025584453623511596e-10
3.019201805448432966e-10
3.012900839333960609e-10
3.006599873219496006e-10
3.000298907105027785e-10
2.993997940990556461e-10
2.987696974876084104e-10
2.981396008761612264e-10
2.975095042647147144e-10
2.968794076532668583e-10
2.962493110418210701e-10
2.956250027012815921e-10
2.950023001610601549e-10
2.943795976208376321e-10
2.937568950806157814e-10
2.931341925403939306e-10
2.925114900001724935e-10
2.918887874599499189e-10
2.912660849197284818e-10
2.906433823795066827e-10
2.900228315551039355e-10
2.894097866503337449e-10
2.887967417455638128e-10
2.881836968407928983e-10
2.875706519360226560e-10
2.869576070312527756e-10
2.863445621264814993e-10
2.857315172217116188e-10
2.851184723169417384e-10
2.845054274121710825e-10
2.838986742727926052e-10
2.832962977539512644e-10
2.826939212351102855e-10
2.820915447162689448e-10
2.814891681974283795e-10
2.808867916785873489e-10
2.802844151597452844e-10
2.796820386409046674e-10
2.790796621220637402e-10
2.784772856032230198e-10
2.778802022441433155e-10
2.772838192675496680e-10
2.766874362909570545e-10
2.760910533143634587e-10
2.754946703377701214e-10
2.748982873611764222e-10
2.743019043845834985e-10
2.737055214079901612e-10
2.731091384313964620e-10
2.725138210757341494e-10
2.719278450483090812e-10
2.713418690208857707e-10
2.707558929934624086e-10
2.701699169660375989e-10
2.695839409386142884e-10
2.689979649111903059e-10
2.684119888837666336e-10
2.678260128563429612e-10
2.672400368289192889e-10
2.666561506474767106e-10
2.660786373955721755e-10
2.655011241436673818e-10
2.649236108917628983e-10
2.643460976398580529e-10
2.637685843879535694e-10
2.631910711360487241e-10
2.626135578841434651e-10
2.620360446322392918e-10
2.614585313803344464e-10
2.608830948081950831e-10
2.603121486522812107e-10
2.597412024963666146e-10
2.591702563404524320e-10
2.585993101845381978e-10
2.580283640286243771e-10
2.574574178727094191e-10
2.568864717167951848e-10
2.563155255608813125e-10
2.557445794049667163e-10
2.551766306116803376e-10
2.546153640435795270e-10
2.540540974754791301e-10
2.534928309073779576e-10
2.529315643392773021e-10
2.523702977711768535e-10
2.518090312030764565e-10
2.512477646349756976e-10
2.506864980668753006e-10
2.501252314987745418e-10
2.495656480278662340e-10
2.490118069186443739e-10
2.484579658094224105e-10
2.479041247002004988e-10
2.473502835909784836e-10
2.467964424817568821e-10
2.462426013725346085e-10
2.456887602633126967e-10
2.451349191540907333e-10
2.445810780448684597e-10
2.440277666194770592e-10
2.434818710542600203e-10
2.429359754890429815e-10
2.423900799238256324e-10
2.418441843586082316e-10
2.412982887933908308e-10
2.407523932281741538e-10
2.402064976629568047e-10
2.396606020977393522e-10
2.391147065325220031e-10
2.385688109673052744e-10
2.380299978507872834e-10
2.374926449748643276e-10
2.369552920989424574e-10
2.364179392230205356e-10
2.358805863470975281e-10
2.353432334711752443e-10
2.348058805952529606e-10
2.342685277193307286e-10
2.337311748434080829e-10
2.331938219674854373e-10
2.326604117014681450e-10
2.321307400816761672e-10
2.316010684618849649e-10
2.310713968420923408e-10
2.305417252223008025e-10
2.300120536025091866e-10
2.294823819827172863e-10
2.289527103629257480e-10
2.284230387431341320e-10
2.278933671233418699e-10
2.273645794923125593e-10
2.268423550725783112e-10
2.263201306528433910e-10
2.257979062331091429e-10
2.252756818133733955e-10
2.247534573936391991e-10
2.242312329739038395e-10
2.237090085541696431e-10
2.231867841344346971e-10
2.226645597146997769e-10
2.221423352949651670e-10
2.216255903596321147e-10
2.211118647424544051e-10
2.205981391252763078e-10
2.200844135080978745e-10
2.195706878909194412e-10
2.190569622737413697e-10
2.185432366565633241e-10
2.180295110393847615e-10
2.175157854222070778e-10
2.170020598050285928e-10
2.164890458262817046e-10
2.159831597028917703e-10
2.154772735795005177e-10
2.149713874561099630e-10
2.144655013327193566e-10
2.139596152093288019e-10
2.134537290859378336e-10
2.129478429625468912e-10
2.124419568391566984e-10
2.119360707157653682e-10
2.114301845923747102e-10
2.109275276703720770e-10
2.104287198706267825e-10
2.099299120708811519e-10
2.094311042711354955e-10
2.089322964713898649e-10
2.084334886716446480e-10
2.079346808718989657e-10
2.074358730721533093e-10
2.069370652724077304e-10
2.064382574726620740e-10
2.059394496729167795e-10
2.054473307394262835e-10
2.049575567971330638e-10
2.044677828548401284e-10
2.039780089125476325e-10
2.034882349702544128e-10
2.029984610279625372e-10
2.025086870856693433e-10
2.020189131433768474e-10
2.015291392010836276e-10
2.010393652587914936e-10
2.005495913164982997e-10
2.000656862341832240e-10
1.995821372715943981e-10
1.990985883090053137e-10
1.986150393464158158e-10
1.981314903838270674e-10
1.976479414212378538e-10
1.971643924586483300e-10
1.966808434960584959e-10
1.961972945334693599e-10
1.957137455708805857e-10
1.952306653718789195e-10
1.947545933589269105e-10
1.942785213459748757e-10
1.938024493330225566e-10
1.933263773200705735e-10
1.928503053071185388e-10
1.923742332941661679e-10
1.918981612812141849e-10
1.914220892682617365e-10
1.909460172553097534e-10
1.904699452423573826e-10
1.899947486684981957e-10
1.895274750291273171e-10
1.890602013897564127e-10
1.885929277503855600e-10
1.881256541110150175e-10
1.876583804716441131e-10
1.871911068322732604e-10
1.867238331929023819e-10
1.862565595535314775e-10
1.857892859141609350e-10
1.853220122747897204e-10
1.848550269622103317e-10
1.843932375320256098e-10
1.839314481018411723e-10
1.834696586716568123e-10
1.830078692414720645e-10
1.825460798112872651e-10
1.820842903811029309e-10
1.816225009509174594e-10
1.811607115207337198e-10
1.806989220905493856e-10
1.802371326603638882e-10
1.797753432301798643e-10
1.793211719470823729e-10
1.788676516366625576e-10
1.784141313262430267e-10
1.779606110158231855e-10
1.775070907054037321e-10
1.770535703949846406e-10
1.766000500845647736e-10
1.761465297741456563e-10
1.756930094637258410e-10
1.752394891533059998e-10
1.747859688428865464e-10
1.743380049740333734e-10
1.738923665465423634e-10
1.734467281190506554e-10
1.730010896915591026e-10
1.725554512640676790e-10
1.721098128365764881e-10
1.716641744090849094e-10
1.712185359815940804e-10
1.707728975541021656e-10
1.703272591266111557e-10
1.698816206991196287e-10
1.694380065818530708e-10
1.689973914327779861e-10
1.685567762837027205e-10
1.681161611346276100e-10
1.676755459855525770e-10
1.672349308364770787e-10
1.667943156874020458e-10
1.663537005383267284e-10
1.659130853892510751e-10
1.654724702401763782e-10
1.650318550911009058e-10
1.645913595034903242e-10
1.641588839739092311e-10
1.637264084443284999e-10
1.632939329147479239e-10
1.628614573851662879e-10
1.624289818555857119e-10
1.619965063260046188e-10
1.615640307964237067e-10
1.611315552668427687e-10
1.606990797372618048e-10
1.602666042076808927e-10
1.598341286780999547e-10
1.594055424306121780e-10
1.589802771086023794e-10
1.585550117865923482e-10
1.581297464645821618e-10
1.577044811425718203e-10
1.572792158205616081e-10
1.568539504985516027e-10
1.564286851765416231e-10
1.560034198545315660e-10
1.555781545325216123e-10
1.551528892105114001e-10
1.547276238885008001e-10
1.543082611068115118e-10
1.538890404033642467e-10
1.534698196999165681e-10
1.530505989964696392e-10
1.526313782930221415e-10
1.522121575895753677e-10
1.517929368861280509e-10
1.513737161826805533e-10
1.509544954792332366e-10
1.505352747757861267e-10
1.501160540723384481e-10
1.496992563478928506e-10
1.492874848970350627e-10
1.488757134461764993e-10
1.484639419953185563e-10
1.480521705444604324e-10
1.476403990936023084e-10
1.472286276427445205e-10
1.468168561918867843e-10
1.464050847410289964e-10
1.459933132901703037e-10
1.455815418393127226e-10
1.451697703884545728e-10
1.447621114528729423e-10
1.443573693691744098e-10
1.439526272854753086e-10
1.435478852017754836e-10
1.431431431180769253e-10
1.427384010343778758e-10
1.423336589506789814e-10
1.419289168669799060e-10
1.415241747832808048e-10
1.411194326995817295e-10
1.407146906158828093e-10
1.403099485321837598e-10
1.399093562171979328e-10
1.395101093186738091e-10
1.391108624201506159e-10
1.387116155216268540e-10
1.383123686231031180e-10
1.379131217245789426e-10
1.375138748260552065e-10
1.371146279275316256e-10
1.367153810290079154e-10
1.363161341304839726e-10
1.359168872319605985e-10
1.355176403334368366e-10
1.351245316445778098e-10
1.347326365101262705e-10
1.343407413756749121e-10
1.339488462412235020e-10
1.335569511067719626e-10
1.331650559723207852e-10
1.327731608378696336e-10
1.323812657034180167e-10
1.319893705689666583e-10
1.315974754345156101e-10
1.312055803000644326e-10
1.308136851656129191e-10
1.304274096716256335e-10
1.300423373481357073e-10
1.296572650246459878e-10
1.292721927011564234e-10
1.288871203776668848e-10
1.285020480541771137e-10
1.281169757306873683e-10
1.277319034071976230e-10
1.273468310837080328e-10
1.269617587602184684e-10
1.265766864367285679e-10
1.261916141132390036e-10
1.258106259452575643e-10
1.254312210002585203e-10
1.250518160552590886e-10
1.246724111102598379e-10
1.242930061652605872e-10
1.239136012202614915e-10
1.235341962752618789e-10
1.231547913302629901e-10
1.227753863852639203e-10
1.223959814402643076e-10
1.220165764952652378e-10
1.216371715502656252e-10
1.212616987573186580e-10
1.208897808623543075e-10
1.205178629673900604e-10
1.201459450724258650e-10
1.197740271774611785e-10
1.194021092824971640e-10
1.190301913875329169e-10
1.186582734925682304e-10
1.182863555976040349e-10
1.179144377026398137e-10
1.175425198076756183e-10
1.171706019127106732e-10
1.168000343776272657e-10
1.164338237966495786e-10
1.160676132156729771e-10
1.157014026346952899e-10
1.153351920537179517e-10
1.149689814727404325e-10
1.146027708917629004e-10
1.142365603107857819e-10
1.138703497298082757e-10
1.135041391488309246e-10
1.131379285678534054e-10
1.127717179868757053e-10
1.124055074058989358e-10
1.120442370493288172e-10
1.116838102244530404e-10
1.113233833995779227e-10
1.109629565747024303e-10
1.106025297498271317e-10
1.102421029249518590e-10
1.098816761000763794e-10
1.095212492752012877e-10
1.091608224503258211e-10
1.088003956254508714e-10
1.084399688005752497e-10
1.080795419757001321e-10
1.077218466805550134e-10
1.073686626581252677e-10
1.070154786356952893e-10
1.066622946132649621e-10
1.063091105908355395e-10
1.059559265684050571e-10
1.056027425459754794e-10
1.052495585235455399e-10
1.048963745011157554e-10
1.045431904786856349e-10
1.041900064562558763e-10
1.038368224338257300e-10
1.034836384113955836e-10
1.031347750758085380e-10
1.027869595290537567e-10
1.024391439822985747e-10
1.020913284355432377e-10
1.017435128887883013e-10
1.013956973420331451e-10
1.010478817952781699e-10
1.007000662485232206e-10
1.003522507017680516e-10
1.000044351550128954e-10
9.965661960825779099e-11
9.930880406150263486e-11
9.896186026962286912e-11
9.862043154505080042e-11
9.827900282047904192e-11
9.793757409590659841e-11
9.759614537133410321e-11
9.725471664676213791e-11
9.691328792218988827e-11
9.657185919761794882e-11
9.623043047304497540e-11
9.588900174847321690e-11
9.554757302390130330e-11
9.520614429932884687e-11
9.486471557475637751e-11
9.452579815598025886e-11
9.419113106683461680e-11
9.385646397768911690e-11
9.352179688854364286e-11
9.318712979939793617e-11
9.285246271025225533e-11
9.251779562110711733e-11
9.218312853196110045e-11
9.184846144281558763e-11
9.151379435367030746e-11
9.117912726452427765e-11
9.084446017537877776e-11
9.050979308623363976e-11
9.017754263774230191e-11
8.984762501416858048e-11
8.951770739059519510e-11
8.918778976702121518e-11
8.885787214344746791e-11
8.852795451987387574e-11
8.819803689629959855e-11
8.786811927272598052e-11
8.753820164915223325e-11
8.720828402557866693e-11
8.687836640200473871e-11
8.654844877843099143e-11
8.621853115485739926e-11
8.589203913525207683e-11
8.556837256846524399e-11
8.524470600167859210e-11
8.492103943489141029e-11
8.459737286810478425e-11
8.427370630131813236e-11
8.395003973453124783e-11
8.362637316774444084e-11
8.330270660095745291e-11
8.297904003417116291e-11
8.265537346738417498e-11
8.233170690059731629e-11
8.200804033381087119e-11
8.168756680740503275e-11
8.137044073447804951e-11
8.105331466155123429e-11
8.073618858862385039e-11
8.041906251569649233e-11
8.010193644276965127e-11
7.978481036984207349e-11
7.946768429691471544e-11
7.915055822398769343e-11
7.883343215106071019e-11
7.851630607813371403e-11
7.819918000520598115e-11
7.788205393227899792e-11
7.756654434760199096e-11
7.725433695648016122e-11
7.694212956535849949e-11
7.662992217423700579e-11
7.631771478311573181e-11
7.600550739199370819e-11
7.569330000087222741e-11
7.538109260975053984e-11
7.506888521862908491e-11
7.475667782750741026e-11
7.444447043638576146e-11
7.413226304526408681e-11
7.382005565414246386e-11
7.350827706772341635e-11
7.320232201718984648e-11
7.289636696665658679e-11
7.259041191612318494e-11
7.228445686558974431e-11
7.197850181505648463e-11
7.167254676452323787e-11
7.136659171398961629e-11
7.106063666345620151e-11
7.075468161292276088e-11
7.044872656238932025e-11
7.014277151185572453e-11
6.983681646132283966e-11
6.953086141078903714e-11
6.922943611196942996e-11
6.892988580531000197e-11
6.863033549865056105e-11
6.833078519199181806e-11
6.803123488533257101e-11
6.773168457867278113e-11
6.743213427201368917e-11
6.713258396535458430e-11
6.683303365869515630e-11
6.653348335203570246e-11
6.623393304537680438e-11
6.593438273871772535e-11
6.563483243205811641e-11
6.533626979461461733e-11
6.504076949867747780e-11
6.474526920273998931e-11
6.444976890680233280e-11
6.415426861086502525e-11
6.385876831492753676e-11
6.356326801899022922e-11
6.326776772305254686e-11
6.297226742711520054e-11
6.267676713117807394e-11
6.238126683524023648e-11
6.208576653930310988e-11
6.179026624336559554e-11
6.149476594742793903e-11
6.120353811273015742e-11
6.091434254226027839e-11
6.062514697179096805e-11
6.033595140132147677e-11
6.004675583085161067e-11
5.975756026038160240e-11
5.946836468991194309e-11
5.917916911944258105e-11
5.888997354897290882e-11
5.860077797850306857e-11
5.831158240803321540e-11
5.802238683756390506e-11
5.773319126709423929e-11
5.744404305225081358e-11
5.716088796929690557e-11
5.687773288634372133e-11
5.659457780339036908e-11
5.631142272043662908e-11
5.602826763748345131e-11
5.574511255453009260e-11
5.546195747157654001e-11
5.517880238862313606e-11
5.489564730567015862e-11
5.461249222271642509e-11
5.432933713976306637e-11
5.404618205680968827e-11
5.376302697385597412e-11
5.348094289255810541e-11
5.320237227087644782e-11
5.292380164919537184e-11
5.264523102751335883e-11
5.236666040583210190e-11
5.208808978415044432e-11
5.180951916246883196e-11
5.153094854078737471e-11
5.125237791910554264e-11
5.097380729742405954e-11
5.069523667574262813e-11
5.041666605406117088e-11
5.013809543237953268e-11
4.985952481069790094e-11
4.958316250193151678e-11
4.931082669800726166e-11
4.903849089408300654e-11
4.876615509015872558e-11
4.849381928623445107e-11
4.822148348231055138e-11
4.794914767838609593e-11
4.767681187446164048e-11
4.740447607053772141e-11
4.713214026661328534e-11
4.685980446268885574e-11
4.658746865876477511e-11
4.631513285484068155e-11
4.604279705091658153e-11
4.577242420194930701e-11
4.550541150993841080e-11
4.523839881792772138e-11
4.497138612591685102e-11
4.470437343390578033e-11
4.443736074189455454e-11
4.417034804988385866e-11
4.390333535787256824e-11
4.363632266586169788e-11
4.336930997385080167e-11
4.310229728183993131e-11
4.283528458982903509e-11
4.256827189781816473e-11
4.230125920580711989e-11
4.203547095966403728e-11
4.177288637102377315e-11
4.151030178238331515e-11
4.124771719374287653e-11
4.098513260510244438e-11
4.072254801646254213e-11
4.045996342782205828e-11
4.019737883918197509e-11
3.993479425054156233e-11
3.967220966190110432e-11
3.940962507326084019e-11
3.914704048462022709e-11
3.888445589597996942e-11
3.862187130733988623e-11
3.835974815074861354e-11
3.810318407680615527e-11
3.784662000286403951e-11
3.759005592892171695e-11
3.733349185497943962e-11
3.707692778103696843e-11
3.682036370709464587e-11
3.656379963315253010e-11
3.630723555920989735e-11
3.605067148526813055e-11
3.579410741132563351e-11
3.553754333738318170e-11
3.528097926344088499e-11
3.502441518949860767e-11
3.476785111555646605e-11
3.451518970087506611e-11
3.426370511376155466e-11
3.401222052664799798e-11
3.376073593953428620e-11
3.350925135242092985e-11
3.325776676530717283e-11
3.300628217819361614e-11
3.275479759108025979e-11
3.250331300396672896e-11
3.225182841685319166e-11
3.200034382973947988e-11
3.174885924262610414e-11
3.149737465551241175e-11
3.124589006839921695e-11
3.099614636967478457e-11
3.074962565560804466e-11
3.050310494154129829e-11
3.025658422747437744e-11
3.001006351340761814e-11
2.976354279934105272e-11
2.951702208527413186e-11
2.927050137120738549e-11
2.902398065714084592e-11
2.877745994307390244e-11
2.853093922900751473e-11
2.828441851494061650e-11
2.803789780087385397e-11
2.779137708680713345e-11
2.754485637274021259e-11
2.730306521485761860e-11
2.706229129115855334e-11
2.682151736745970780e-11
2.658074344376097535e-11
2.633996952006192948e-11
2.609919559636306455e-11
2.585842167266399606e-11
2.561764774896530562e-11
2.537687382526624036e-11
2.513609990156737220e-11
2.489532597786868499e-11
2.465455205416963911e-11
2.441377813047057062e-11
2.417300420677186079e-11
2.393305439792970971e-11
2.369675172410010601e-11
2.346044905027066065e-11
2.322414637644118943e-11
2.298784370261158896e-11
2.275154102878214037e-11
2.251523835495269500e-11
2.227893568112326902e-11
2.204263300729382042e-11
2.180633033346439767e-11
2.157002765963477135e-11
2.133372498580534537e-11
2.109742231197607772e-11
2.086111963814662912e-11
2.062481696431684771e-11
2.039058472442094211e-11
2.015905445906254874e-11
1.992752419370418123e-11
1.969599392834581049e-11
1.946446366298764007e-11
1.923293339762909484e-11
1.900140313227072410e-11
1.876987286691235335e-11
1.853834260155398584e-11
1.830681233619563771e-11
1.807528207083726697e-11
1.784375180547907717e-11
1.761222154012052871e-11
1.738069127476235830e-11
1.714916100940383246e-11
1.692081240783564470e-11
1.669485719213463865e-11
1.646890197643381032e-11
1.624294676073280104e-11
1.601699154503217304e-11
1.579103632933098605e-11
1.556508111362998000e-11
1.533912589792935200e-11
1.511317068222834272e-11
1.488721546652735929e-11
1.466126025082670867e-11
1.443530503512570101e-11
1.420934981942471597e-11
1.398339460372384240e-11
1.375743938802267964e-11
1.353414887247769912e-11
1.331267936639039098e-11
1.309120986030325895e-11
1.286974035421592819e-11
1.264827084812844073e-11
1.242680134204113259e-11
1.220533183595380022e-11
1.198386232986664718e-11
1.176239282377898361e-11
1.154092331769185158e-11
1.131945381160454344e-11
1.109798430551741140e-11
1.087651479942988032e-11
1.065504529334254956e-11
1.043357578725523981e-11
1.021462213656155468e-11
9.998154305920328970e-12
9.781686475279282589e-12
9.565218644637523735e-12
9.348750813996298025e-12
9.132282983355051312e-12
8.915815152713492790e-12
8.699347322072423792e-12
8.482879491431020367e-12
