2.882141902003929772e-07
2.797879575200168130e-07
2.714437659586451021e-07
2.630369826055398462e-07
2.541521887913681443e-07
2.448326281228046432e-07
2.351599349445352753e-07
2.251053462479691740e-07
2.148147775112755918e-07
2.044161054145055842e-07
1.939049160334030632e-07
1.831832500556905504e-07
1.723299340703443731e-07
1.614232055954337264e-07
1.504452378576794708e-07
1.393184038461118882e-07
1.281162780450569480e-07
1.169255650025419934e-07
1.057767464164363369e-07
9.462759203532903718e-08
8.339596700139429616e-08
7.212626367888738596e-08
6.087927639727337529e-08
4.968034188684221035e-08
3.851006096847099351e-08
2.732533771398249724e-08
1.616040574621927828e-08
5.056887408987373497e-09
-5.968382947200765107e-09
-1.692906394654078225e-08
-2.787550781531626767e-08
-3.887132358396614447e-08
-4.989409421159309863e-08
-6.090281394810661888e-08
-7.186653383210038268e-08
-8.276678316566845726e-08
-9.360018793385475849e-08
-1.043812922770665687e-07
-1.151309803141410355e-07
-1.258289197576119754e-07
-1.364476094808308684e-07
-1.469666754362980493e-07
-1.573742886424824076e-07
-1.676686838917748478e-07
-1.778597819479959448e-07
-1.879709180080629362e-07
-1.980282245994716569e-07
-2.080199040435024757e-07
-2.179256505687153276e-07
-2.277284201837469641e-07
-2.374150356342776269e-07
-2.469768296736489462e-07
-2.564103275887715688e-07
-2.657179699211160014e-07
-2.749046000114024569e-07
-2.839637925419699557e-07
-2.928884478998356069e-07
-3.016751187364535481e-07
-3.103244748121688252e-07
-3.188417922256368754e-07
-3.272374675495739093e-07
-3.355275573806958012e-07
-3.437343438272730975e-07
-3.518797409099832793e-07
-3.599618578292105948e-07
-3.679725566116901762e-07
-3.759040992233256007e-07
-3.837492070447926512e-07
-3.915011229051916311e-07
-3.991536757214768442e-07
-4.067013477818309696e-07
-4.141393447185919191e-07
-4.214636682105203855e-07
-4.286711914577185181e-07
-4.357594252980875281e-07
-4.427255658570721938e-07
-4.495673359630934967e-07
-4.562833397032960576e-07
-4.628731302092632352e-07
-4.693372796442862100e-07
-4.756774514281369324e-07
-4.818964747227862518e-07
-4.879984212128570687e-07
-4.939886842057464030e-07
-4.998740600840577490e-07
-5.056628321354337315e-07
-5.113628712539073173e-07
-5.169752155441918491e-07
-5.224991030623828140e-07
-5.279338091320594143e-07
-5.332786298268742227e-07
-5.385328642589676233e-07
-5.436957956476570328e-07
-5.487666711404702010e-07
-5.537446803647511975e-07
-5.586289326813396018e-07
-5.634184331171265831e-07
-5.681120569501689659e-07
-5.727085229223002253e-07
-5.772068020472648203e-07
-5.816075082237476617e-07
-5.859117559452383149e-07
-5.901207364993935949e-07
-5.942357038740279760e-07
-5.982579597384983999e-07
-6.021888374803575568e-07
-6.060296852820311638e-07
-6.097818482175031104e-07
-6.134466493538805694e-07
-6.170253698407472181e-07
-6.205192279640713034e-07
-6.239293571572335078e-07
-6.272567829411116723e-07
-6.305023987839343441e-07
-6.336671442522432339e-07
-6.367526343474844736e-07
-6.397606046709895635e-07
-6.426926976169610996e-07
-6.455504399574126805e-07
-6.483352194370825156e-07
-6.510482603660171618e-07
-6.536905981918314403e-07
-6.562630530396958668e-07
-6.587662021991831352e-07
-6.612003515510524452e-07
-6.635655059108716022e-07
-6.658613382793825857e-07
-6.680871579827292194e-07
-6.702418776869673621e-07
-6.723239792723218954e-07
-6.743314785532319381e-07
-6.762627671022816906e-07
-6.781193850931555512e-07
-6.799036660616446267e-07
-6.816178861294796196e-07
-6.832642481780703561e-07
-6.848448653916037685e-07
-6.863617441626804462e-07
-6.878167663489477650e-07
-6.892116708756066360e-07
-6.905480346707800699e-07
-6.918272529300947509e-07
-6.930505186973333751e-07
-6.942188017554877143e-07
-6.953328268177075028e-07
-6.963930510115447487e-07
-6.973996406448510026e-07
-6.983524472482259027e-07
-6.992509828824065056e-07
-7.000943947032618847e-07
-7.008820956819078872e-07
-7.016158258072402936e-07
-7.022978657668011592e-07
-7.029303950249624964e-07
-7.035154777129499015e-07
-7.040550480539819945e-07
-7.045508953168732884e-07
-7.050046482943415661e-07
-7.054177592987943628e-07
-7.057914876719724293e-07
-7.061268828001157950e-07
-7.064247666327962648e-07
-7.066857156962392759e-07
-7.069100425982720383e-07
-7.070977770180709797e-07
-7.072486461751333216e-07
-7.073620547731276174e-07
-7.074370644112466498e-07
-7.074723724596421607e-07
-7.074662903910373229e-07
-7.074167215657653683e-07
-7.073219905486848906e-07
-7.071835123726738418e-07
-7.070034578303162340e-07
-7.067839256647102473e-07
-7.065269332456991707e-07
-7.062344069715423303e-07
-7.059081723925528524e-07
-7.055499440534773955e-07
-7.051613150532120936e-07
-7.047437463158743414e-07
-7.042985555751176095e-07
-7.038269060631159418e-07
-7.033297949061263920e-07
-7.028080412205691983e-07
-7.022622739084844230e-07
-7.016929191483189956e-07
-7.011001875788412344e-07
-7.004840611728198119e-07
-6.998442797984367177e-07
-6.991803274631991331e-07
-6.984914182410261486e-07
-6.977764818759344909e-07
-6.970341490622822840e-07
-6.962633641163603994e-07
-6.954653428335196060e-07
-6.946418353173282058e-07
-6.937945134119208375e-07
-6.929249636026757912e-07
-6.920346797398325794e-07
-6.911250555798146763e-07
-6.901973771436899154e-07
-6.892528148921430085e-07
-6.882924157128103627e-07
-6.873170947213489642e-07
-6.863276268721436060e-07
-6.853246383778629209e-07
-6.843085979369429641e-07
-6.832798077650098791e-07
-6.822383944322171406e-07
-6.811842995004793095e-07
-6.801172699632368921e-07
-6.790368484820354641e-07
-6.779423634220437380e-07
-6.768329186815334066e-07
-6.757073833156061072e-07
-6.745643809524189137e-07
-6.734022789991757211e-07
-6.722191776368826958e-07
-6.710128986024681734e-07
-6.697816894086308144e-07
-6.685264506225439688e-07
-6.672487417131870591e-07
-6.659500842378679658e-07
-6.646319580098327275e-07
-6.632957971760431627e-07
-6.619429862043163532e-07
-6.605748557796054462e-07
-6.591926786075375465e-07
-6.577976651264790400e-07
-6.563909591248261880e-07
-6.549736332643828499e-07
-6.535466845095387186e-07
-6.521110294589364876e-07
-6.506674995824093949e-07
-6.492168363593719886e-07
-6.477596863195412179e-07
-6.462965959848709299e-07
-6.448280067114637399e-07
-6.433542494317068669e-07
-6.418755392950886418e-07
-6.403919702062541423e-07
-6.389035092622142495e-07
-6.374099910839500262e-07
-6.359111120458661906e-07
-6.344064243984567120e-07
-6.328953302870279235e-07
-6.313770756622785017e-07
-6.298507440848616279e-07
-6.283156608401343242e-07
-6.267726650230599684e-07
-6.252229561480376543e-07
-6.236676925562026671e-07
-6.221079885638382916e-07
-6.205449115532772596e-07
-6.189794790075185992e-07
-6.174126554856549863e-07
-6.158453495416277689e-07
-6.142784105837830695e-07
-6.127126256751877814e-07
-6.111487162751739699e-07
-6.095873349205789768e-07
-6.080290618469607452e-07
-6.064744015490532485e-07
-6.049237792803037328e-07
-6.033775374907274324e-07
-6.018359322025111862e-07
-6.002991293243587856e-07
-5.987672009014609700e-07
-5.972401213037570613e-07
-5.957177633495959364e-07
-5.941998943655851371e-07
-5.926861721823102689e-07
-5.911761410645895522e-07
-5.896692275769671996e-07
-5.881647363828107384e-07
-5.866618459780062732e-07
-5.851596043573558150e-07
-5.836569246143964455e-07
-5.821525804735674885e-07
-5.806452017546414093e-07
-5.791332697688419312e-07
-5.776155629908875188e-07
-5.760925496894310863e-07
-5.745651146747007591e-07
-5.730341188541831221e-07
-5.715003976865280517e-07
-5.699647596079911518e-07
-5.684279844308720096e-07
-5.668908217135715538e-07
-5.653539891028617565e-07
-5.638181706470823046e-07
-5.622840150811417684e-07
-5.607521340823060862e-07
-5.592231004971147657e-07
-5.576974465391372361e-07
-5.561756619569131097e-07
-5.546581921730391144e-07
-5.531454363924106852e-07
-5.516377456816070496e-07
-5.501354210171522991e-07
-5.486387113041839879e-07
-5.471478113640669629e-07
-5.456628598914959022e-07
-5.441839373806570109e-07
-5.427110640204776722e-07
-5.412441975582828292e-07
-5.397832311321636635e-07
-5.383279910717897432e-07
-5.368782346670207907e-07
-5.354336479051895598e-07
-5.339938431753561455e-07
-5.325583569408069236e-07
-5.311266473787029037e-07
-5.296980919869718382e-07
-5.282719851582648296e-07
-5.268475357210150261e-07
-5.254238644467172785e-07
-5.240000015241301017e-07
-5.225751786533545655e-07
-5.211497375073320549e-07
-5.197242913448867219e-07
-5.182994361386136012e-07
-5.168757496557248303e-07
-5.154537905237126995e-07
-5.140340972820944666e-07
-5.126171874190763868e-07
-5.112035563935515782e-07
-5.097936766424465464e-07
-5.083879965727684944e-07
-5.069869395391353353e-07
-5.055909028057181800e-07
-5.042002564933078102e-07
-5.028153425111363570e-07
-5.014364734728693111e-07
-5.000639315981208922e-07
-4.986979675975059573e-07
-4.973387995422039109e-07
-4.959866117187026098e-07
-4.946415534662387604e-07
-4.933037380001479236e-07
-4.919732412177154542e-07
-4.906501004888310336e-07
-4.893343134304195573e-07
-4.880258366643049045e-07
-4.867245845592924261e-07
-4.854304279562181281e-07
-4.841431928773680868e-07
-4.828626592185732864e-07
-4.815885594249897554e-07
-4.803205771502208475e-07
-4.790583458984952626e-07
-4.778014476499392446e-07
-4.765494114690062158e-07
-4.753017120955065556e-07
-4.740577685190910667e-07
-4.728169425357083625e-07
-4.715785372874501383e-07
-4.703419984984298244e-07
-4.691075378838527372e-07
-4.678755532647476585e-07
-4.666464294430273775e-07
-4.654205376394868303e-07
-4.641982349251750590e-07
-4.629798636440523672e-07
-4.617657508283682852e-07
-4.605562076057346958e-07
-4.593515285986033499e-07
-4.581519913154111730e-07
-4.569578555341107976e-07
-4.557693626771572862e-07
-4.545867351787822493e-07
-4.534101758438863070e-07
-4.522398671989115253e-07
-4.510759708343354261e-07
-4.499186267390022462e-07
-4.487679526259478156e-07
-4.476240432501777280e-07
-4.464869697178185341e-07
-4.453567787868931556e-07
-4.442334921596783262e-07
-4.431171057663201773e-07
-4.420075890403538816e-07
-4.409048841850122376e-07
-4.398089054313646216e-07
-4.387195382876650071e-07
-4.376366387798256742e-07
-4.365600326832498061e-07
-4.354895147459049702e-07
-4.344248479023309653e-07
-4.333657624790533546e-07
-4.323119553908668830e-07
-4.312630893282060968e-07
-4.302187919355279904e-07
-4.291786549804528358e-07
-4.281422335143223973e-07
-4.271090450227795161e-07
-4.260787042781262575e-07
-4.250513397950398393e-07
-4.240272039063073444e-07
-4.230065392284199233e-07
-4.219895783111163529e-07
-4.209765432824939663e-07
-4.199676454898032090e-07
-4.189630851360917330e-07
-4.179630509118984835e-07
-4.169677196233380492e-07
-4.159772558147926945e-07
-4.149918113880437832e-07
-4.140115252164380534e-07
-4.130365227545850527e-07
-4.120669156438874367e-07
-4.111028013129491517e-07
-4.101442625739147907e-07
-4.091913672141705426e-07
-4.082441675832397126e-07
-4.073027001749885379e-07
-4.063669852059099776e-07
-4.054370261876967516e-07
-4.045128094958657259e-07
-4.035943039334810981e-07
-4.026814602901950814e-07
-4.017742108963313260e-07
-4.008724691726804497e-07
-3.999761291748576691e-07
-3.990850651335124573e-07
-3.981991309892201589e-07
-3.973181599227990971e-07
-3.964419638808343218e-07
-3.955703330958518147e-07
-3.947030356022758473e-07
-3.938398167467789274e-07
-3.929803986941601533e-07
-3.921244799281800156e-07
-3.912717347470969024e-07
-3.904218127546460379e-07
-3.895744321262795863e-07
-3.887296668860358699e-07
-3.878876764737645871e-07
-3.870486133460310770e-07
-3.862126227572258529e-07
-3.853798425378836925e-07
-3.845504028709261732e-07
-3.837244260653256283e-07
-3.829020263273014831e-07
-3.820833095288625735e-07
-3.812683729741490835e-07
-3.804573051629853631e-07
-3.796501855520022373e-07
-3.788470843134502509e-07
-3.780480620910311451e-07
-3.772531697535106375e-07
-3.764624481458059853e-07
-3.756759278370203114e-07
-3.748936288667126153e-07
-3.741155604876189263e-07
-3.733417209066335990e-07
-3.725720970224992502e-07
-3.718066641613446498e-07
-3.710453858093143238e-07
-3.702882133425771205e-07
-3.695350857549369315e-07
-3.687859293822802213e-07
-3.680406576248046485e-07
-3.672991706664526369e-07
-3.665613551912576704e-07
-3.658270840976261036e-07
-3.650962162094537166e-07
-3.643685959845424582e-07
-3.636440532203467578e-07
-3.629224027571076428e-07
-3.622034441779364231e-07
-3.614869615062585996e-07
-3.607727229006578567e-07
-3.600604803464838599e-07
-3.593500345247550320e-07
-3.586414341757078275e-07
-3.579347875683169448e-07
-3.572301982118570818e-07
-3.565277647200031702e-07
-3.558275806738207316e-07
-3.551297344833577819e-07
-3.544343092475713640e-07
-3.537413826131005263e-07
-3.530510266315278778e-07
-3.523633076151217770e-07
-3.516782859913720292e-07
-3.509960161558929268e-07
-3.503165463239515561e-07
-3.496399183805038426e-07
-3.489661677290052586e-07
-3.482953231384415432e-07
-3.476274065890104163e-07
-3.469624331164895983e-07
-3.463004106550000719e-07
-3.456413398781523058e-07
-3.449852140390410957e-07
-3.443320188085287634e-07
-3.436817321119305341e-07
-3.430343239644732516e-07
-3.423897563051570120e-07
-3.417479828288431644e-07
-3.411089488172396327e-07
-3.404725909681897367e-07
-3.398388372231275573e-07
-3.392076065936018302e-07
-3.385788089857090446e-07
-3.379523450233458841e-07
-3.373281058696791392e-07
-3.367059730471400360e-07
-3.360858182560053959e-07
-3.354675031910387724e-07
-3.348508793570231925e-07
-3.342357878822230080e-07
-3.336221010558698601e-07
-3.330098497724835364e-07
-3.323991025147493437e-07
-3.317899241474235672e-07
-3.311823758260647171e-07
-3.305765149045615126e-07
-3.299723948420226264e-07
-3.293700651088183374e-07
-3.287695710914899650e-07
-3.281709539971876119e-07
-3.275742507567868534e-07
-3.269794939275102830e-07
-3.263867115944086862e-07
-3.257959272709566426e-07
-3.252071597991271487e-07
-3.246204232478820780e-07
-3.240357268115344211e-07
-3.234530747066537353e-07
-3.228724660682073055e-07
-3.222938948450137265e-07
-3.217173496939910511e-07
-3.211428138735804048e-07
-3.205702651365021384e-07
-3.199996756210468258e-07
-3.194310117421133156e-07
-3.188642340806543093e-07
-3.182992972727892658e-07
-3.177361498975943473e-07
-3.171747343639955685e-07
-3.166149867969845848e-07
-3.160568369225703361e-07
-3.155002079519176450e-07
-3.149450164646654109e-07
-3.143911722910122124e-07
-3.138385783931561524e-07
-3.132871307455026944e-07
-3.127367182140848106e-07
-3.121872224349879727e-07
-3.116385176916952280e-07
-3.110905067138724834e-07
-3.105432302943985736e-07
-3.099967628880789496e-07
-3.094511771294494409e-07
-3.089065437823903420e-07
-3.083629316891437636e-07
-3.078204077189573373e-07
-3.072790367163402962e-07
-3.067388814486237707e-07
-3.062000025532648576e-07
-3.056624584846657621e-07
-3.051263054602505687e-07
-3.045915974065713406e-07
-3.040583859043815799e-07
-3.035267201336339848e-07
-3.029966468178371605e-07
-3.024682101679505396e-07
-3.019414518257345537e-07
-3.014164108068396546e-07
-3.008931234430814947e-07
-3.003716233245516258e-07
-2.998519412409912248e-07
-2.993341051227874669e-07
-2.988181399815063601e-07
-2.983040678498809371e-07
-2.977919077212517351e-07
-2.972816754886641205e-07
-2.967733838833283814e-07
-2.962670424126150624e-07
-2.957626572976069841e-07
-2.952602314100431464e-07
-2.947597642088828954e-07
-2.942612516762384159e-07
-2.937646862528765078e-07
-2.932700567732848289e-07
-2.927773483998973505e-07
-2.922865425573162149e-07
-2.917976168656503477e-07
-2.913105450733259988e-07
-2.908253035084500811e-07
-2.903418909029158051e-07
-2.898603093607941988e-07
-2.893805578656935298e-07
-2.889026322236474210e-07
-2.884265250049578857e-07
-2.879522254860841559e-07
-2.874797195907719340e-07
-2.870089898309419277e-07
-2.865400152468424193e-07
-2.860727713471083445e-07
-2.856072300481063743e-07
-2.851433596128587574e-07
-2.846811245896304142e-07
-2.842204857499568296e-07
-2.837614000261008876e-07
-2.833038204484073730e-07
-2.828476960817335724e-07
-2.823929719617352971e-07
-2.819395890306041872e-07
-2.814874840723178136e-07
-2.810365896473893944e-07
-2.805868340272097190e-07
-2.801381411278693631e-07
-2.796904304434880909e-07
-2.792436169792123781e-07
-2.787976111835501317e-07
-2.783523188802681829e-07
-2.779076411999343955e-07
-2.774634745108645228e-07
-2.770197103495474506e-07
-2.765762353507194512e-07
-2.761329311769122175e-07
-2.756896744473761056e-07
-2.752463366667581076e-07
-2.748027841530128356e-07
-2.743588779651318716e-07
-2.739144738300496939e-07
-2.734694220693768629e-07
-2.730236029070919067e-07
-2.725770342558897755e-07
-2.721297685253708565e-07
-2.716818576495133553e-07
-2.712333530695311488e-07
-2.707843057168683281e-07
-2.703347659958522814e-07
-2.698847837662711794e-07
-2.694344083258083646e-07
-2.689836883922459246e-07
-2.685326720857121519e-07
-2.680814069104570478e-07
-2.676299397368521840e-07
-2.671783167829141613e-07
-2.667265835958984776e-07
-2.662747850336012227e-07
-2.658229652455782403e-07
-2.653711676542653460e-07
-2.649194349357056277e-07
-2.644678090004913104e-07
-2.640163309742105296e-07
-2.635650411778956937e-07
-2.631139791083633198e-07
-2.626631834182295617e-07
-2.622126918960117119e-07
-2.617625414457096786e-07
-2.613127680667378161e-07
-2.608634068331627712e-07
-2.604144918731302171e-07
-2.599660563480960823e-07
-2.595181324316485034e-07
-2.590707512885613885e-07
-2.586239430533850773e-07
-2.581777368089469505e-07
-2.577321605647421373e-07
-2.572872412351356517e-07
-2.568430046173948048e-07
-2.563994753696314083e-07
-2.559566769883615951e-07
-2.555146344780418021e-07
-2.550733825273284675e-07
-2.546329576279575938e-07
-2.541933953946830043e-07
-2.537547305460875523e-07
-2.533169968852928463e-07
-2.528802272805468957e-07
-2.524444536457539466e-07
-2.520097069206715932e-07
-2.515760170511890972e-07
-2.511434129691576282e-07
-2.507119225724821301e-07
-2.502815727045969191e-07
-2.498523891342898884e-07
-2.494243965348984254e-07
-2.489976184637165593e-07
-2.485720773410826701e-07
-2.481477944293290256e-07
-2.477247898117002437e-07
-2.473030823709050411e-07
-2.468826897677905911e-07
-2.464636284195384659e-07
-2.460459134780888547e-07
-2.456295588080366567e-07
-2.452145769647074623e-07
-2.448009791718193887e-07
-2.443887752991304628e-07
-2.439779738399596901e-07
-2.435685818884330499e-07
-2.431606051166597162e-07
-2.427540477517142017e-07
-2.423489125525573045e-07
-2.419452007866590571e-07
-2.415429122065400964e-07
-2.411420450262302355e-07
-2.407425958974101396e-07
-2.403445598854633226e-07
-2.399479304455333843e-07
-2.395526993980666750e-07
-2.391588569856328539e-07
-2.387663920946842558e-07
-2.383752919942008841e-07
-2.379855422306254761e-07
-2.375971266030581965e-07
-2.372100271380546806e-07
-2.368242240644840050e-07
-2.364396957880250557e-07
-2.360564188656491835e-07
-2.356743679798193686e-07
-2.352935159126993122e-07
-2.349138335199857555e-07
-2.345352897047751848e-07
-2.341578513911335440e-07
-2.337814834974990568e-07
-2.334061489101269226e-07
-2.330318084560403783e-07
-2.326584208761159619e-07
-2.322859427977634438e-07
-2.319143287077164025e-07
-2.315435309243209592e-07
-2.311734995699445267e-07
-2.308041825431013843e-07
-2.304355254903326663e-07
-2.300674717781121851e-07
-2.296999624644233408e-07
-2.293329362702120722e-07
-2.289663295506584377e-07
-2.286000762663434817e-07
-2.282341079542495788e-07
-2.278683536984182863e-07
-2.275027401005713243e-07
-2.271371912507291728e-07
-2.267716286972873040e-07
-2.264059714171966780e-07
-2.260401357858473547e-07
-2.256740355469077675e-07
-2.253075817818292083e-07
-2.249406828792666936e-07
-2.245732684736087329e-07
-2.242053623091054350e-07
-2.238370120412037705e-07
-2.234682655099251978e-07
-2.230991707372051856e-07
-2.227297759241777577e-07
-2.223601294483746460e-07
-2.219902798610079296e-07
-2.216202758840838230e-07
-2.212501664075731621e-07
-2.208800004866582832e-07
-2.205098273386464077e-07
-2.201396963401723693e-07
-2.197696570242242573e-07
-2.193997590771167301e-07
-2.190300523354699662e-07
-2.186605867832051323e-07
-2.182914125484704478e-07
-2.179225799004545676e-07
-2.175541392463764652e-07
-2.171861411281869804e-07
-2.168186362194582235e-07
-2.164516753221556115e-07
-2.160853093632924061e-07
-2.157195893918126591e-07
-2.153545665750230589e-07
-2.149902921955329719e-07
-2.146268176476243496e-07
-2.142641944340064285e-07
-2.139024741623151014e-07
-2.135417085415897102e-07
-2.131819493788465596e-07
-2.128232485755571131e-07
-2.124656581240256561e-07
-2.121092301037668275e-07
-2.117540166779957534e-07
-2.114000700898237573e-07
-2.110474426587074922e-07
-2.106961867766269426e-07
-2.103463451404058527e-07
-2.099979210732469922e-07
-2.096509071378756648e-07
-2.093052947908506431e-07
-2.089610743681475623e-07
-2.086182350704320877e-07
-2.082767649485335906e-07
-2.079366508885630177e-07
-2.075978785972002201e-07
-2.072604325866115788e-07
-2.069242961595747825e-07
-2.065894513943291668e-07
-2.062558791293953754e-07
-2.059235589482999411e-07
-2.055924691642317339e-07
-2.052625868046623311e-07
-2.049338875956784490e-07
-2.046063459465054063e-07
-2.042799349338001955e-07
-2.039546262857738241e-07
-2.036303903663965582e-07
-2.033071961594465986e-07
-2.029850112524222514e-07
-2.026638018204394349e-07
-2.023435326099746287e-07
-2.020241669226458079e-07
-2.017056665986952212e-07
-2.013879920006200022e-07
-2.010711019964672245e-07
-2.007549539433626840e-07
-2.004395036705642046e-07
-2.001247054627412614e-07
-1.998105120430086719e-07
-1.994968745559302449e-07
-1.991837425503817689e-07
-1.988710639623816274e-07
-1.985587850977650050e-07
-1.982468506148823659e-07
-1.979352035070362785e-07
-1.976237981098977654e-07
-1.973126396460791472e-07
-1.970017459914700982e-07
-1.966911347666300459e-07
-1.963808233317074558e-07
-1.960708287814149135e-07
-1.957611679399760184e-07
-1.954518573559469146e-07
-1.951429132971117529e-07
-1.948343517453246047e-07
-1.945261883912604512e-07
-1.942184386291444416e-07
-1.939111175515862631e-07
-1.936042399441436446e-07
-1.932978202800924581e-07
-1.929918727149796613e-07
-1.926864110812370682e-07
-1.923814488827894020e-07
-1.920769992895336785e-07
-1.917730751318437357e-07
-1.914696888950844776e-07
-1.911668527139574534e-07
-1.908645783669844491e-07
-1.905628772708384285e-07
-1.902617604746595979e-07
-1.899612386544144316e-07
-1.896613221070750993e-07
-1.893620207449532662e-07
-1.890633440898346806e-07
-1.887653012671332439e-07
-1.884679010001029696e-07
-1.881711516038673804e-07
-1.878750609795021098e-07
-1.875796366080943952e-07
-1.872848855447113297e-07
-1.869908144123743345e-07
-1.866974293960230169e-07
-1.864047362363387383e-07
-1.861127402236722087e-07
-1.858214463942108906e-07
-1.855308601379979631e-07
-1.852409865984917353e-07
-1.849518304658836251e-07
-1.846633959709361798e-07
-1.843756868789452662e-07
-1.840887064834124700e-07
-1.838024575998944722e-07
-1.835169425597546453e-07
-1.832321632037986598e-07
-1.829481208760281457e-07
-1.826648164171603606e-07
-1.823822501584013073e-07
-1.821004219148783950e-07
-1.818193309791883522e-07
-1.815389761149397910e-07
-1.812593555502310534e-07
-1.809804669710020090e-07
-1.807023075145248444e-07
-1.804248737626711046e-07
-1.801481617353307763e-07
-1.798721668836178926e-07
-1.795968840831841340e-07
-1.793223076273925638e-07
-1.790484312205869982e-07
-1.787752479711307455e-07
-1.785027503845932054e-07
-1.782309303568186514e-07
-1.779597791669502790e-07
-1.776892874704804596e-07
-1.774194452921687238e-07
-1.771502420189975982e-07
-1.768816663931156816e-07
-1.766137065046381571e-07
-1.763463497845164150e-07
-1.760795829973519849e-07
-1.758133922340936817e-07
-1.755477629047811009e-07
-1.752826797312558739e-07
-1.750181309031243237e-07
-1.747541207030444562e-07
-1.744906572608923917e-07
-1.742277484218774144e-07
-1.739654017425330981e-07
-1.737036244866905904e-07
-1.734424236213574278e-07
-1.731818058126479385e-07
-1.729217774216362225e-07
-1.726623445002344893e-07
-1.724035127869986564e-07
-1.721452877029749233e-07
-1.718876743474476399e-07
-1.716306774937391873e-07
-1.713743015849224298e-07
-1.711185507295915850e-07
-1.708634286974992101e-07
-1.706089389152928999e-07
-1.703550844621006304e-07
-1.701018680652446130e-07
-1.698492920957887870e-07
-1.695973585641323949e-07
-1.693460691156083757e-07
-1.690954250259890880e-07
-1.688454271970118577e-07
-1.685960761518791426e-07
-1.683473720307582724e-07
-1.680993145861656488e-07
-1.678519031784511331e-07
-1.676051367711817172e-07
-1.673590139265171996e-07
-1.671135328005664070e-07
-1.668686911387467506e-07
-1.666244862710570147e-07
-1.663809151073812474e-07
-1.661379741327767424e-07
-1.658956594026614099e-07
-1.656539665381004616e-07
-1.654128907209398358e-07
-1.651724281464788195e-07
-1.649325804390376613e-07
-1.646933503591319411e-07
-1.644547403541002268e-07
-1.642167525543265189e-07
-1.639793887694226999e-07
-1.637426504843779748e-07
-1.635065388556671524e-07
-1.632710547073945803e-07
-1.630361985273832619e-07
-1.628019704632409702e-07
-1.625683703184537320e-07
-1.623353975483817710e-07
-1.621030512562790086e-07
-1.618713301893282088e-07
-1.616402327346160891e-07
-1.614097569150399280e-07
-1.611799003853162399e-07
-1.609506604278554865e-07
-1.607220339486886688e-07
-1.604940174733344681e-07
-1.602666071426898126e-07
-1.600397987087913775e-07
-1.598135875307626916e-07
-1.595879685705172970e-07
-1.593629363885512465e-07
-1.591384851397665155e-07
-1.589146085691333732e-07
-1.586913000074876432e-07
-1.584685523671829102e-07
-1.582463581377873802e-07
-1.580247093817300260e-07
-1.578035977299811950e-07
-1.575830143776174392e-07
-1.573629500795229024e-07
-1.571433951458178831e-07
-1.569243394375467224e-07
-1.567057723621899058e-07
-1.564876828691377834e-07
-1.562700622470864150e-07
-1.560529126137617143e-07
-1.558362386618687753e-07
-1.556200448767291157e-07
-1.554043355337216051e-07
-1.551891146956541214e-07
-1.549743862100877216e-07
-1.547601537067537991e-07
-1.545464205948985304e-07
-1.543331900605882244e-07
-1.541204650640631654e-07
-1.539082483370262343e-07
-1.536965423799403965e-07
-1.534853494593486371e-07
-1.532746716050792816e-07
-1.530645106075801713e-07
-1.528548680150705679e-07
-1.526457451308716235e-07
-1.524371430105374535e-07
-1.522290624591433074e-07
-1.520215040283944605e-07
-1.518144680138720859e-07
-1.516079544521268464e-07
-1.514019631179260109e-07
-1.511964935212960391e-07
-1.509915449047218135e-07
-1.507871162401961333e-07
-1.505832062263728625e-07
-1.503798132856243113e-07
-1.501769355611011580e-07
-1.499745709138040977e-07
-1.497727169196349496e-07
-1.495713708664499883e-07
-1.493705297509829382e-07
-1.491701902759557963e-07
-1.489703488470386994e-07
-1.487710015697620121e-07
-1.485721442466087273e-07
-1.483737723737957413e-07
-1.481758827994010668e-07
-1.479784787539374521e-07
-1.477815649532810538e-07
-1.475851459481443861e-07
-1.473892261220821934e-07
-1.471938096894410477e-07
-1.469989006933443904e-07
-1.468045030035783903e-07
-1.466106203145456979e-07
-1.464172561432247041e-07
-1.462244138270131273e-07
-1.460320965216675789e-07
-1.458403071992114186e-07
-1.456490486457714321e-07
-1.454583234594837541e-07
-1.452681340483599802e-07
-1.450784826281115897e-07
-1.448893712199981109e-07
-1.447008016487068391e-07
-1.445127755400912850e-07
-1.443252943190562923e-07
-1.441383592073289116e-07
-1.439519712212492061e-07
-1.437661311695565313e-07
-1.435808396511849194e-07
-1.433960970529747940e-07
-1.432119035474732515e-07
-1.430282590906572632e-07
-1.428451634196604243e-07
-1.426626160505017405e-07
-1.424806162757767492e-07
-1.422991631624168520e-07
-1.421182555493094700e-07
-1.419378920450216694e-07
-1.417580710254516831e-07
-1.415787906315089137e-07
-1.414000487667445183e-07
-1.412218430949984824e-07
-1.410441710380411104e-07
-1.408670298388251841e-07
-1.406904167580833951e-07
-1.405143288782603608e-07
-1.403387630359878730e-07
-1.401637158197164610e-07
-1.399891835672472437e-07
-1.398151623634341407e-07
-1.396416480376805991e-07
-1.394686361615915652e-07
-1.392961220464616874e-07
-1.391241007408903894e-07
-1.389525670283118160e-07
-1.387815154245166268e-07
-1.386109401751961029e-07
-1.384408352534265129e-07
-1.382711943572082432e-07
-1.381020109069336991e-07
-1.379332780428975048e-07
-1.377649886227165463e-07
-1.375971352188476093e-07
-1.374297101160135638e-07
-1.372627053086411688e-07
-1.370961124982921798e-07
-1.369299230910932132e-07
-1.367641281951440635e-07
-1.365987186178778189e-07
-1.364336848635094664e-07
-1.362690171303714959e-07
-1.361047053082995073e-07
-1.359407389759448655e-07
-1.357771073981867770e-07
-1.356137995234332987e-07
-1.354508039809034206e-07
-1.352881090780236841e-07
-1.351257027976550220e-07
-1.349635727954275172e-07
-1.348017063969971796e-07
-1.346400905953090776e-07
-1.344787120478994056e-07
-1.343175600368370832e-07
-1.341566354383083433e-07
-1.339959419793784326e-07
-1.338354832951165876e-07
-1.336752629274657219e-07
-1.335152843240848502e-07
-1.333555508372954849e-07
-1.331960657228853080e-07
-1.330368321390313806e-07
-1.328778531451300990e-07
-1.327191317006375803e-07
-1.325606706639886631e-07
-1.324024727913765182e-07
-1.322445407355997838e-07
-1.320868770449484260e-07
-1.319294841619821324e-07
-1.317723644223915813e-07
-1.316155200537903091e-07
-1.314589531745475775e-07
-1.313026657926066040e-07
-1.311466598042639080e-07
-1.309909369930014643e-07
-1.308354990282619725e-07
-1.306803474642152331e-07
-1.305254837386173003e-07
-1.303709091714973950e-07
-1.302166249639951674e-07
-1.300626321971102378e-07
-1.299089318304672492e-07
-1.297555247010732963e-07
-1.296024115220618816e-07
-1.294495928814628117e-07
-1.292970692409198691e-07
-1.291448409344374413e-07
-1.289929081671319945e-07
-1.288412710139176107e-07
-1.286899294182632317e-07
-1.285388831909063862e-07
-1.283881320085299662e-07
-1.282376753431842119e-07
-1.280875122511159984e-07
-1.279376415760609518e-07
-1.277880620167695508e-07
-1.276387721256449920e-07
-1.274897703073601439e-07
-1.273410548175568749e-07
-1.271926237613808450e-07
-1.270444750922241649e-07
-1.268966066102156127e-07
-1.267490159609308410e-07
-1.266017006339966251e-07
-1.264546579615990532e-07
-1.263078851171984183e-07
-1.261613791140628453e-07
-1.260151368038246030e-07
-1.258691548751466356e-07
-1.257234298522092331e-07
-1.255779580933355872e-07
-1.254327357895129785e-07
-1.252877589629846892e-07
-1.251430234657905398e-07
-1.249985249783166355e-07
-1.248542590078123444e-07
-1.247102208869539942e-07
-1.245664057723574029e-07
-1.244228086431230201e-07
-1.242794242993160327e-07
-1.241362473605075621e-07
-1.239932722642721070e-07
-1.238504932646948601e-07
-1.237079044308540099e-07
-1.235654996452970610e-07
-1.234232726025780874e-07
-1.232812168076662638e-07
-1.231393255744715515e-07
-1.229975920242753849e-07
-1.228560090842102203e-07
-1.227145694857015519e-07
-1.225732674441015291e-07
-1.224321037452771030e-07
-1.222910807789314374e-07
-1.221502008678274766e-07
-1.220094662670281827e-07
-1.218688791631654675e-07
-1.217284416736857502e-07
-1.215881558461009692e-07
-1.214480236572464215e-07
-1.213080470125205252e-07
-1.211682277451201331e-07
-1.210285676152870976e-07
-1.208890683095412289e-07
-1.207497314399064515e-07
-1.206105585431517299e-07
-1.204715510799984842e-07
-1.203327104343765509e-07
-1.201940379125993318e-07
-1.200555347426217404e-07
-1.199172020732179971e-07
-1.197790409732132116e-07
-1.196410524306906135e-07
-1.195032373521820530e-07
-1.193655965618777457e-07
-1.192281308008147888e-07
-1.190908407260898171e-07
-1.189537269100179661e-07
-1.188167898393608537e-07
-1.186800299144718979e-07
-1.185434474485053733e-07
-1.184070426665643222e-07
-1.182708157049101936e-07
-1.181347666101113239e-07
-1.179988953382225980e-07
-1.178632017539212649e-07
-1.177276856297216180e-07
-1.175923466450764396e-07
-1.174571843855689707e-07
-1.173221983420579506e-07
-1.171873879591286026e-07
-1.170527527835427685e-07
-1.169182923175671199e-07
-1.167840059691515140e-07
-1.166498930511037853e-07
-1.165159527801844656e-07
-1.163821842763343035e-07
-1.162485865617573242e-07
-1.161151585601125489e-07
-1.159818990956150413e-07
-1.158488068922148013e-07
-1.157158805727011872e-07
-1.155831186578584365e-07
-1.154505195655484089e-07
-1.153180816099058917e-07
-1.151858030004002330e-07
-1.150536818409901480e-07
-1.149217161292199621e-07
-1.147899037553278695e-07
-1.146582425013832177e-07
-1.145267300403543077e-07
-1.143953639352401720e-07
-1.142641416381435236e-07
-1.141330604894029178e-07
-1.140021177166423149e-07
-1.138713104338827678e-07
-1.137406356406284205e-07
-1.136100902209423290e-07
-1.134796709425220436e-07
-1.133493744557876859e-07
-1.132191972929305452e-07
-1.130891358670146011e-07
-1.129591864710111055e-07
-1.128293452768782669e-07
-1.126996083346114496e-07
-1.125699715712977516e-07
-1.124404307901671300e-07
-1.123109816696420296e-07
-1.121816197624023113e-07
-1.120523417568756166e-07
-1.119231492952685653e-07
-1.117940452404077030e-07
-1.116650324206559222e-07
-1.115361136295267448e-07
-1.114072916252058409e-07
-1.112785691301901799e-07
-1.111499488308273501e-07
-1.110214333768921483e-07
-1.108930253811783098e-07
-1.107647274190392049e-07
-1.106365420279885159e-07
-1.105084717072494828e-07
-1.103805189173141820e-07
-1.102526860795093421e-07
-1.101249755755794981e-07
-1.099973897472323594e-07
-1.098699308956948855e-07
-1.097426012812448499e-07
-1.096154031228227538e-07
-1.094883385975447289e-07
-1.093614098402641187e-07
-1.092346189431104013e-07
-1.091079679550560246e-07
-1.089814588814409165e-07
-1.088550936835424173e-07
-1.087288742780754770e-07
-1.086028025368059056e-07
-1.084768802859947328e-07
-1.083511093060080299e-07
-1.082254913308349613e-07
-1.081000280475877710e-07
-1.079747210960753269e-07
-1.078495720683242571e-07
-1.077245825080869290e-07
-1.075997539103702078e-07
-1.074750877209995261e-07
-1.073505853360688811e-07
-1.072262481015410885e-07
-1.071020770957011472e-07
-1.069780724724579214e-07
-1.068542341025968131e-07
-1.067305617889454927e-07
-1.066070552657763310e-07
-1.064837141982198286e-07
-1.063605381816977525e-07
-1.062375267413205381e-07
-1.061146793313143643e-07
-1.059919953344338685e-07
-1.058694740613493180e-07
-1.057471147500884950e-07
-1.056249165654134389e-07
-1.055028785982341145e-07
-1.053809998650025978e-07
-1.052592793071258709e-07
-1.051377157903529137e-07
-1.050163081041513542e-07
-1.048950549611436092e-07
-1.047739549964494277e-07
-1.046530067670982092e-07
-1.045322087514147589e-07
-1.044115593484005700e-07
-1.042910568771092429e-07
-1.041706995760301492e-07
-1.040504856024589412e-07
-1.039304130318926243e-07
-1.038104798573770244e-07
-1.036906839888742392e-07
-1.035710232526822222e-07
-1.034514953907203108e-07
-1.033320980599650489e-07
-1.032128288317719387e-07
-1.030936851912431968e-07
-1.029746645365930223e-07
-1.028557641784858650e-07
-1.027369813394180127e-07
-1.026183131530344054e-07
-1.024997566635018845e-07
-1.023813097121097354e-07
-1.022629736192525150e-07
-1.021447505586273993e-07
-1.020266426748261754e-07
-1.019086520830414668e-07
-1.017907808687169749e-07
-1.016730310872734771e-07
-1.015554047637352721e-07
-1.014379038924573956e-07
-1.013205304367648632e-07
-1.012032863286548334e-07
-1.010861734684431292e-07
-1.009691937244735211e-07
-1.008523489327611656e-07
-1.007356408966650155e-07
-1.006190713865868847e-07
-1.005026421395901116e-07
-1.003863548591167028e-07
-1.002702112146164916e-07
-1.001542128412231212e-07
-1.000383613394439651e-07
-9.992265827476587214e-08
-9.980710517737391240e-08
-9.969170354176720791e-08
-9.957645482644306875e-08
-9.946136045355148305e-08
-9.934642180853990575e-08
-9.923164023981273813e-08
-9.911701705838990738e-08
-9.900255353754330416e-08
-9.888825091247594238e-08
-9.877411037993722099e-08
-9.866013309789688247e-08
-9.854632018518755166e-08
-9.843267272113758669e-08
-9.831919174522932769e-08
-9.820587825673401231e-08
-9.809273321435713364e-08
-9.797975753588574361e-08
-9.786695230471811428e-08
-9.775431939498895535e-08
-9.764186085874825016e-08
-9.752957871998215262e-08
-9.741747497427187115e-08
-9.730555158854088229e-08
-9.719381050072726130e-08
-9.708225361954199985e-08
-9.697088282411862553e-08
-9.685969996376353887e-08
-9.674870685764057302e-08
-9.663790529446615452e-08
-9.652729703221321232e-08
-9.641688379784277424e-08
-9.630666728696188477e-08
-9.619664916353651383e-08
-9.608683105960343322e-08
-9.597721457494482365e-08
-9.586780127679704094e-08
-9.575859269954395043e-08
-9.564959034440605261e-08
-9.554079567913752333e-08
-9.543221013770120451e-08
-9.532383511997972631e-08
-9.521567199145796232e-08
-9.510772208290490259e-08
-9.499998669004542832e-08
-9.489246707329980954e-08
-9.478516445739633310e-08
-9.467808003110463290e-08
-9.457121494689708849e-08
-9.446457032064475339e-08
-9.435814723127994493e-08
-9.425194672048270960e-08
-9.414596979235685948e-08
-9.404021741310636594e-08
-9.393469051071502237e-08
-9.382938997462103792e-08
-9.372431665538750199e-08
-9.361947095191862540e-08
-9.351485156467605227e-08
-9.341045671653782099e-08
-9.330628456251260800e-08
-9.320233318921422330e-08
-9.309860061441863865e-08
-9.299508478658357431e-08
-9.289178358436775492e-08
-9.278869481612360293e-08
-9.268581621945075959e-08
-9.258314546067314798e-08
-9.248068013438181346e-08
-9.237841776293674917e-08
-9.227635579596902595e-08
-9.217449160989357635e-08
-9.207282250742917841e-08
-9.197134571708515366e-08
-9.187005839266720287e-08
-9.176895761278991207e-08
-9.166804038038411023e-08
-9.156730362215079778e-08
-9.146674418813532719e-08
-9.136635885114579579e-08
-9.126614430629840080e-08
-9.116609717047903080e-08
-9.106621398187394330e-08
-9.096649119940773189e-08
-9.086692520226566586e-08
-9.076751228938727036e-08
-9.066824867891865344e-08
-9.056913050771531091e-08
-9.047015383084080200e-08
-9.037131462100292977e-08
-9.027260876807332789e-08
-9.017403207854354634e-08
-9.007558027501397291e-08
-8.997724899564874105e-08
-8.987903379366457193e-08
-8.978093013680377440e-08
-8.968293427278287959e-08
-8.958504584552736830e-08
-8.948726532956633956e-08
-8.938959316838472462e-08
-8.929202977424820260e-08
-8.919457552788409398e-08
-8.909723077827954188e-08
-8.899999584238731360e-08
-8.890287100490798085e-08
-8.880585651800832099e-08
-8.870895260107063498e-08
-8.861215944043143773e-08
-8.851547718914370651e-08
-8.841890596670011297e-08
-8.832244585876987378e-08
-8.822609691694654663e-08
-8.812985915850172888e-08
-8.803373256608007278e-08
-8.793771708748337148e-08
-8.784181263537478572e-08
-8.774601908703472624e-08
-8.765033628406715842e-08
-8.755476403217145918e-08
-8.745930210084757014e-08
-8.736395022312484119e-08
-8.726870809531193077e-08
-8.717357537673065225e-08
-8.707855168939895860e-08
-8.698363661782303552e-08
-8.688882970868310515e-08
-8.679413047056751066e-08
-8.669953837370946106e-08
-8.660505284969346812e-08
-8.651067329120042912e-08
-8.641639905171554614e-08
-8.632222944525597840e-08
-8.622816374609157295e-08
-8.613420118846889067e-08
-8.604034096631843731e-08
-8.594658292341250317e-08
-8.585292963889065613e-08
-8.575938438129308276e-08
-8.566595042167949562e-08
-8.557263103356444107e-08
-8.547942949285980697e-08
-8.538634907780258661e-08
-8.529339306887407970e-08
-8.520056474873643112e-08
-8.510786740217495322e-08
-8.501530431601011383e-08
-8.492287877903489553e-08
-8.483059408194181844e-08
-8.473845351725361591e-08
-8.464646037925880704e-08
-8.455461796391719957e-08
-8.446292956882121756e-08
-8.437139849309137220e-08
-8.428002803732031793e-08
-8.418882150350299874e-08
-8.409778219494519501e-08
-8.400691341620920757e-08
-8.391621847303872323e-08
-8.382570067226466174e-08
-8.373536332175017163e-08
-8.364520973030792535e-08
-8.355524320762974939e-08
-8.346546706420204006e-08
-8.337588461123946998e-08
-8.328649916059540106e-08
-8.319731402470882586e-08
-8.310833251650500003e-08
-8.301955794931497415e-08
-8.293099363683062163e-08
-8.284264289298799960e-08
-8.275450903191425049e-08
-8.266659536783593726e-08
-8.257890521501151895e-08
-8.249144188763841527e-08
-8.240420783206462873e-08
-8.231720200568122209e-08
-8.223042244871128136e-08
-8.214386714713751575e-08
-8.205753403236295475e-08
-8.197142098088728898e-08
-8.188552581393935044e-08
-8.179984629715320190e-08
-8.171438014022541938e-08
-8.162912499655682370e-08
-8.154407846291839214e-08
-8.145923807910523228e-08
-8.137460132758404422e-08
-8.129016563313948429e-08
-8.120592836254375610e-08
-8.112188682418444539e-08
-8.103803826772957144e-08
-8.095437988377020534e-08
-8.087090880345537236e-08
-8.078762209815769887e-08
-8.070451677910312664e-08
-8.062158979702058526e-08
-8.053883804178521928e-08
-8.045625834205973587e-08
-8.037384746492541613e-08
-8.029160211553696237e-08
-8.020951893674885074e-08
-8.012759450876743887e-08
-8.004582534875712207e-08
-7.996420791052337090e-08
-7.988273858409771155e-08
-7.980141369540394187e-08
-7.972022950587928268e-08
-7.963918221209824220e-08
-7.955826794542631191e-08
-7.947748277161777149e-08
-7.939682269047774915e-08
-7.931628363545519582e-08
-7.923586147328771366e-08
-7.915555248483905207e-08
-7.907535481793833037e-08
-7.899526706037358625e-08
-7.891528776084257806e-08
-7.883541542872789755e-08
-7.875564853382639579e-08
-7.867598550613660437e-08
-7.859642473559274056e-08
-7.851696457181517675e-08
-7.843760332389616753e-08
-7.835833926011463786e-08
-7.827917060771093844e-08
-7.820009555263081680e-08
-7.812111223928656722e-08
-7.804221877029048007e-08
-7.796341320622091510e-08
-7.788469356536400938e-08
-7.780605782345624541e-08
-7.772750391344344381e-08
-7.764902972522690488e-08
-7.757063310540158279e-08
-7.749231185700239918e-08
-7.741406373925234357e-08
-7.733588646731206915e-08
-7.725777771201442745e-08
-7.717973509960306598e-08
-7.710175621149148706e-08
-7.702383858399276495e-08
-7.694597970805279658e-08
-7.686817702900554876e-08
-7.679042794630837365e-08
-7.671272981326894648e-08
-7.663507993679605255e-08
-7.655747557712955584e-08
-7.647991394758037309e-08
-7.640239221426465103e-08
-7.632490749583783775e-08
-7.624745686321620741e-08
-7.617003733934779071e-08
-7.609264661898477611e-08
-7.601528524278434984e-08
-7.593795446155164771e-08
-7.586065551956123447e-08
-7.578338965449544242e-08
-7.570615809737459708e-08
-7.562896207247829609e-08
-7.555180279725742362e-08
-7.547468148227210524e-08
-7.539759933110618407e-08
-7.532055754028205421e-08
-7.524355729921083146e-08
-7.516659979007838760e-08
-7.508968618779655342e-08
-7.501281765990663633e-08
-7.493599536651594585e-08
-7.485922046020285973e-08
-7.478249408593577351e-08
-7.470581738102851215e-08
-7.462919147501563091e-08
-7.455261748958594972e-08
-7.447609653853003718e-08
-7.439962972762199645e-08
-7.432321815456230385e-08
-7.424686290888226611e-08
-7.417056507187280347e-08
-7.409432571649721854e-08
-7.401814590732290421e-08
-7.394202670041201027e-08
-7.386596914326433485e-08
-7.378997427472874331e-08
-7.371404312491242981e-08
-7.363817671509326266e-08
-7.356237605767017994e-08
-7.348664215603282585e-08
-7.341097600451079489e-08
-7.333537858827133940e-08
-7.325985088325258633e-08
-7.318439385606006683e-08
-7.310900850100556124e-08
-7.303369595207384328e-08
-7.295845737273211100e-08
-7.288329391892940390e-08
-7.280820673901044377e-08
-7.273319697364715739e-08
-7.265826575575103511e-08
-7.258341421040919304e-08
-7.250864345479294649e-08
-7.243395459809171489e-08
-7.235934874142815970e-08
-7.228482697778432049e-08
-7.221039039191765276e-08
-7.213604006028619795e-08
-7.206177705097340918e-08
-7.198760242360246864e-08
-7.191351722925581942e-08
-7.183952251039836346e-08
-7.176561930080403439e-08
-7.169180862546231948e-08
-7.161809150050877648e-08
-7.154446893314136267e-08
-7.147094192153458007e-08
-7.139751145476578366e-08
-7.132417851272403259e-08
-7.125094406604186444e-08
-7.117780907600427876e-08
-7.110477449445905757e-08
-7.103184126375814795e-08
-7.095901031665231235e-08
-7.088628257621394274e-08
-7.081365895575653947e-08
-7.074114035875712841e-08
-7.066872767875158619e-08
-7.059642179928519463e-08
-7.052422359379013863e-08
-7.045213392552788143e-08
-7.038015364750070264e-08
-7.030828360234497207e-08
-7.023652450919891463e-08
-7.016487662223373177e-08
-7.009334006612441474e-08
-7.002191494847086908e-08
-6.995060135969129436e-08
-6.987939937291265217e-08
-6.980830904384171865e-08
-6.973733041066520076e-08
-6.966646349392670473e-08
-6.959570829641126165e-08
-6.952506480303136184e-08
-6.945453298070392334e-08
-6.938411277824829054e-08
-6.931380412625264129e-08
-6.924360693697199879e-08
-6.917352110418938435e-08
-6.910354650312200855e-08
-6.903368299028970312e-08
-6.896393040339297474e-08
-6.889428856120594797e-08
-6.882475726344703392e-08
-6.875533629066442198e-08
-6.868602540410893226e-08
-6.861682434562854669e-08
-6.854773283753318824e-08
-6.847875058247331720e-08
-6.840987726333570645e-08
-6.834111254310193403e-08
-6.827245606474099522e-08
-6.820390745107199059e-08
-6.813546630465679100e-08
-6.806713220767115629e-08
-6.799890472177549656e-08
-6.793078338800342113e-08
-6.786276772662653099e-08
-6.779485723703967220e-08
-6.772705139762313431e-08
-6.765934966562939935e-08
-6.759175147705680159e-08
-6.752425620089545473e-08
-6.745686300128767451e-08
-6.738957097282381030e-08
-6.732237918581481933e-08
-6.725528668616707792e-08
-6.718829249522533627e-08
-6.712139560964104449e-08
-6.705459500124549628e-08
-6.698788961689764084e-08
-6.692127837834895468e-08
-6.685476018210124597e-08
-6.678833389927204248e-08
-6.672199837544862395e-08
-6.665575243054668675e-08
-6.658959485866993487e-08
-6.652352442797728111e-08
-6.645753988052701943e-08
-6.639163993213993649e-08
-6.632582327225704986e-08
-6.626008856379845789e-08
-6.619443444301897351e-08
-6.612885951935666422e-08
-6.606336237530281923e-08
-6.599794156624039117e-08
-6.593259562031751029e-08
-6.586732303828574084e-08
-6.580212229336335142e-08
-6.573699183108936063e-08
-6.567193006916977411e-08
-6.560693539734002111e-08
-6.554200617720853130e-08
-6.547714074212048161e-08
-6.541233739699999661e-08
-6.534759441820362509e-08
-6.528291005337195042e-08
-6.521828252129017425e-08
-6.515371001172459944e-08
-6.508919068527020387e-08
-6.502472267322494861e-08
-6.496030459193798855e-08
-6.489593709545489304e-08
-6.483162134790721189e-08
-6.476735851125839500e-08
-6.470314974525451877e-08
-6.463899620738581240e-08
-6.457489905287411112e-08
-6.451085943460144076e-08
-6.444687850309495644e-08
-6.438295740649307451e-08
-6.431909729049340646e-08
-6.425529929832527005e-08
-6.419156457071058025e-08
-6.412789424582904146e-08
-6.406428945927423413e-08
-6.400075134402024962e-08
-6.393728103038758388e-08
-6.387387964599420808e-08
-6.381054831573353249e-08
-6.374728816172478891e-08
-6.368410030326783350e-08
-6.362098585683377647e-08
-6.355794593598999323e-08
-6.349498165139025112e-08
-6.343209411071802442e-08
-6.336928441865608052e-08
-6.330655367685046783e-08
-6.324390298386109669e-08
-6.318133343513320495e-08
-6.311884612295120789e-08
-6.305644213640175966e-08
-6.299412256133240748e-08
-6.293188848031763090e-08
-6.286974097261123595e-08
-6.280768111411463104e-08
-6.274570997732665354e-08
-6.268382863130892082e-08
-6.262203814165758700e-08
-6.256033957043587148e-08
-6.249873365825540939e-08
-6.243721986493618521e-08
-6.237579731345262234e-08
-6.231446510631177093e-08
-6.225322232546447528e-08
-6.219206803218651131e-08
-6.213100126697367357e-08
-6.207002104943043010e-08
-6.200912637814826737e-08
-6.194831623062298541e-08
-6.188758956310400539e-08
-6.182694531051559552e-08
-6.176638238633606300e-08
-6.170589968247392837e-08
-6.164549606917268728e-08
-6.158517039488628338e-08
-6.152492148616849111e-08
-6.146474814756693072e-08
-6.140464916150849382e-08
-6.134462328816372547e-08
-6.128466926537204704e-08
-6.122478580849240050e-08
-6.116497161030577342e-08
-6.110522534090507151e-08
-6.104554564756238584e-08
-6.098593115462564165e-08
-6.092638046340541351e-08
-6.086689215205280706e-08
-6.080746477544440807e-08
-6.074809686506253314e-08
-6.068878692889379756e-08
-6.062953345128649609e-08
-6.057033489285656910e-08
-6.051118969036101083e-08
-6.045209625657849067e-08
-6.039305298019189355e-08
-6.033405822566984119e-08
-6.027511033315541314e-08
-6.021620761833125677e-08
-6.015734876686154916e-08
-6.009853402463816817e-08
-6.003976402591054380e-08
-5.998103940036929533e-08
-5.992236077311636013e-08
-5.986372876462892865e-08
-5.980514399071539865e-08
-5.974660706247753669e-08
-5.968811858627258662e-08
-5.962967916366735775e-08
-5.957128939141405132e-08
-5.951294986138915505e-08
-5.945466116057264443e-08
-5.939642387099821963e-08
-5.933823856971839179e-08
-5.928010582875414416e-08
-5.922202621507160557e-08
-5.916400029052518013e-08
-5.910602861182774889e-08
-5.904811173050714026e-08
-5.899025019286256737e-08
-5.893244453993069384e-08
-5.887469530743276698e-08
-5.881700302575462653e-08
-5.875936821987589133e-08
-5.870179140935349516e-08
-5.864427310827971225e-08
-5.858681382522089965e-08
-5.852941406319101415e-08
-5.847207431960986286e-08
-5.841479508626075816e-08
-5.835757684923840534e-08
-5.830042008891956084e-08
-5.824332527992042252e-08
-5.818629289104462978e-08
-5.812932338524856829e-08
-5.807241721959432660e-08
-5.801557484521269134e-08
-5.795879670725944568e-08
-5.790208307125899051e-08
-5.784543349933523502e-08
-5.778884736588084768e-08
-5.773232403035297679e-08
-5.767586283719488666e-08
-5.761946311577381981e-08
-5.756312418028345583e-08
-5.750684532967671122e-08
-5.745062584758172432e-08
-5.739446500222862669e-08
-5.733836204636632205e-08
-5.728231621718466521e-08
-5.722632673623856653e-08
-5.717039280936653124e-08
-5.711451362660661781e-08
-5.705868836211850436e-08
-5.700291617411445547e-08
-5.694719620475903476e-08
-5.689152758011371693e-08
-5.683590941002874545e-08
-5.678034078808501814e-08
-5.672482079150264075e-08
-5.666934848105935366e-08
-5.661392290101382911e-08
-5.655854307902542806e-08
-5.650320802606313753e-08
-5.644791673633281177e-08
-5.639266818719085434e-08
-5.633746133906582124e-08
-5.628229513536853612e-08
-5.622716850242322919e-08
-5.617208034936429843e-08
-5.611702956807558134e-08
-5.606201503309017339e-08
-5.600703560151497594e-08
-5.595209011294603927e-08
-5.589717738938662538e-08
-5.584229623515274393e-08
-5.578744543680840723e-08
-5.573262415534862790e-08
-5.567783310944484956e-08
-5.562307340980101302e-08
-5.556834616846749739e-08
-5.551365249882973802e-08
-5.545899351558998889e-08
-5.540437033477271577e-08
-5.534978407370445274e-08
-5.529523585100341283e-08
-5.524072678656535971e-08
-5.518625800156360114e-08
-5.513183061843321294e-08
-5.507744576084862571e-08
-5.502310455373404731e-08
-5.496880812323634460e-08
-5.491455759672057660e-08
-5.486035410276153746e-08
-5.480619877112845687e-08
-5.475209273276827123e-08
-5.469803711980942198e-08
-5.464403306553889975e-08
-5.459008170439822754e-08
-5.453618417196305254e-08
-5.448234160494486663e-08
-5.442855514116704465e-08
-5.437482591955994086e-08
-5.432115508015555525e-08
-5.426754376406156014e-08
-5.421399311345979133e-08
-5.416050427159461466e-08
-5.410707838275906908e-08
-5.405371659228186339e-08
-5.400042004652063304e-08
-5.394718989284581339e-08
-5.389402727963021732e-08
-5.384093335624197432e-08
-5.378790927301693580e-08
-5.373495618127492753e-08
-5.368207523327939644e-08
-5.362926734902121539e-08
-5.357653251279686338e-08
-5.352387046625290056e-08
-5.347128094060410064e-08
-5.341876365659233007e-08
-5.336631832442245806e-08
-5.331394464371002585e-08
-5.326164230341853320e-08
-5.320941098182199022e-08
-5.315725034643054397e-08
-5.310516005395318909e-08
-5.305313975021926511e-08
-5.300118907014496553e-08
