-3.665803319714163745e-07
-3.628368104489783443e-07
-3.590156640215144671e-07
-3.552080794392027649e-07
-3.512899454572067095e-07
-3.473605890364052915e-07
-3.434389278275913530e-07
-3.393948774458860644e-07
-3.353453254052960312e-07
-3.313994018022681168e-07
-3.275121204697346808e-07
-3.235326033360199870e-07
-3.195261997047052922e-07
-3.155681816968581667e-07
-3.116345712965000218e-07
-3.076391655455225790e-07
-3.036506085186352870e-07
-2.997495678402340636e-07
-2.959566663376363727e-07
-2.922148218300164381e-07
-2.884246159248364670e-07
-2.846234171811759775e-07
-2.808669546401541114e-07
-2.771735674987154848e-07
-2.735142555912097224e-07
-2.698362486614439336e-07
-2.661749858410831609e-07
-2.625771689282423998e-07
-2.590655642350962760e-07
-2.556330735740962175e-07
-2.522362720830827787e-07
-2.488174950511551184e-07
-2.454000720380185546e-07
-2.420225812951372334e-07
-2.387104823009925221e-07
-2.354729936950901470e-07
-2.322997128796191747e-07
-2.291569691385283063e-07
-2.260038749009252427e-07
-2.228575769495337740e-07
-2.197469527703417903e-07
-2.166933227774251530e-07
-2.137087810743398179e-07
-2.107944009165558465e-07
-2.079383112972158496e-07
-2.051136410784731698e-07
-2.022898893104689828e-07
-1.994770659253239421e-07
-1.966934257680151821e-07
-1.939524057465009910e-07
-1.912617002894001414e-07
-1.886222749822910539e-07
-1.860273168008336629e-07
-1.834611193589499701e-07
-1.809062496565642173e-07
-1.783705608868501876e-07
-1.758668485290970662e-07
-1.734047567322917979e-07
-1.709902381452050194e-07
-1.686249811261503904e-07
-1.663058035759635912e-07
-1.640240126377312688e-07
-1.617647295068201946e-07
-1.595127128016706482e-07
-1.572734864506897911e-07
-1.550571769481038698e-07
-1.528722597060956982e-07
-1.507252831733500992e-07
-1.486205775953786566e-07
-1.465599480910734657e-07
-1.445423517199591596e-07
-1.425635582146110868e-07
-1.406157940526930863e-07
-1.386873695430881359e-07
-1.367668097507615036e-07
-1.348574145843174937e-07
-1.329658641222458437e-07
-1.310978992953355646e-07
-1.292581804752556246e-07
-1.274501389987756083e-07
-1.256758214931864480e-07
-1.239357268684733008e-07
-1.222286358417902914e-07
-1.205514328597839272e-07
-1.188989202843312645e-07
-1.172636247072307115e-07
-1.156383993960490061e-07
-1.140254070968328042e-07
-1.124289230082769072e-07
-1.108526457088159136e-07
-1.092996212343868090e-07
-1.077721637725561223e-07
-1.062717729152732902e-07
-1.047990474125433431e-07
-1.033535953692882995e-07
-1.019339408276791035e-07
-1.005374266772096497e-07
-9.916011383480137673e-08
-9.779667663720513967e-08
-9.644217124368248097e-08
-9.509802303266267538e-08
-9.376713761682435007e-08
-9.245210003097603961e-08
-9.115513594840595428e-08
-8.987807133389627043e-08
-8.862229050932088888e-08
-8.738869260773390760e-08
-8.617764639186713268e-08
-8.498894341294763252e-08
-8.382174948574806085e-08
-8.267455445578299029e-08
-8.154512023456789953e-08
-8.043042707884612810e-08
-7.932661808970690053e-08
-7.823019583328499273e-08
-7.714200556999302931e-08
-7.606392324361734029e-08
-7.499765113267454136e-08
-7.394469875037527247e-08
-7.290636305209715622e-08
-7.188370794076436208e-08
-7.087754306056109982e-08
-6.988840186936926792e-08
-6.891651898035323937e-08
-6.796180676309230748e-08
-6.702383119467260377e-08
-6.610178695114934694e-08
-6.519447172978563679e-08
-6.430025979247531679e-08
-6.341707472076568802e-08
-6.254236137287994843e-08
-6.167384557473555223e-08
-6.081202777917588801e-08
-5.995807284298313358e-08
-5.911305080684419593e-08
-5.827792757681092877e-08
-5.745355530355527358e-08
-5.664066245566604809e-08
-5.583984358324644816e-08
-5.505154876805517545e-08
-5.427607275644526060e-08
-5.351354377135667640e-08
-5.276391199960331752e-08
-5.202693775071627798e-08
-5.130217928358835050e-08
-5.058898029717009195e-08
-4.988645708147499169e-08
-4.919348532513595420e-08
-4.850868657577217482e-08
-4.783041434941391379e-08
-4.715722450127476186e-08
-4.648940110276976537e-08
-4.582764410751993123e-08
-4.517260147667080740e-08
-4.452486466656098374e-08
-4.388496398587901513e-08
-4.325336382086544939e-08
-4.263045772710688790e-08
-4.201656338647715350e-08
-4.141191742777693407e-08
-4.081667010962482532e-08
-4.023087986415153196e-08
-3.965450770004590882e-08
-3.908741146351349499e-08
-3.852933995569030657e-08
-3.797992690506968887e-08
-3.743868479349232599e-08
-3.690499853425372761e-08
-3.637811900087798087e-08
-3.585715640511045910e-08
-3.534107352268741408e-08
-3.482897100595987047e-08
-3.432100377979490053e-08
-3.381758126096641827e-08
-3.331908443685255979e-08
-3.282586369828307430e-08
-3.233823661651975051e-08
-3.185648566381098236e-08
-3.138085587697062366e-08
-3.091155246342353949e-08
-3.044873834916375550e-08
-2.999253166807273475e-08
-2.954300319204276696e-08
-2.910017370134773526e-08
-2.866401129471319728e-08
-2.823442863852593459e-08
-2.781128015462988787e-08
-2.739435914615715859e-08
-2.698339486083537297e-08
-2.657804949121835521e-08
-2.617791511128944930e-08
-2.578251054887629033e-08
-2.539127819332875017e-08
-2.500358073790207454e-08
-2.461887188938056016e-08
-2.423724005033392802e-08
-2.385892759431645741e-08
-2.348416195842387325e-08
-2.311315462639054518e-08
-2.274610008820275124e-08
-2.238317477601869281e-08
-2.202453597618690418e-08
-2.167032071715377324e-08
-2.132064463305053607e-08
-2.097560080275159694e-08
-2.063525856419400044e-08
-2.029966230375015203e-08
-1.996883022044351785e-08
-1.964275306479921486e-08
-1.932139285212047924e-08
-1.900468154998020128e-08
-1.869251973972068175e-08
-1.838477525175166497e-08
-1.808128177443704733e-08
-1.778183743636190794e-08
-1.748620336176960851e-08
-1.719410219896244201e-08
-1.690521662145393940e-08
-1.661918780166434208e-08
-1.633561385695242161e-08
-1.605415271298899223e-08
-1.577484725194453197e-08
-1.549783437153501877e-08
-1.522324338657265991e-08
-1.495119557050093493e-08
-1.468180368746736736e-08
-1.441517151486475865e-08
-1.415139335626091445e-08
-1.389055354464445145e-08
-1.363272593591101797e-08
-1.337797339251246089e-08
-1.312634725719594216e-08
-1.287788681675562846e-08
-1.263261875572356682e-08
-1.239055659992331789e-08
-1.215170014980965723e-08
-1.191603490352205084e-08
-1.168353146957277508e-08
-1.145414496909848555e-08
-1.122781442759607212e-08
-1.100446215606805442e-08
-1.078399312150665649e-08
-1.056629430663264811e-08
-1.035123405882310265e-08
-1.013866142814397191e-08
-9.928405494418876602e-09
-9.720274683255164719e-09
-9.514056070952748482e-09
-9.309514678219113026e-09
-9.106452100182375922e-09
-8.904890651473600803e-09
-8.704906785879473657e-09
-8.506573232348218973e-09
-8.309958794352025403e-09
-8.115128145549150097e-09
-7.922141621724049417e-09
-7.731055008974963451e-09
-7.541919328125108351e-09
-7.354780615331043120e-09
-7.169679698859921267e-09
-6.986651972010747389e-09
-6.805727162154435326e-09
-6.626929095862953059e-09
-6.450275460103853996e-09
-6.275777559473170635e-09
-6.103440069440649995e-09
-5.933260785579255480e-09
-5.765230368754304201e-09
-5.599332086246620349e-09
-5.435541548779447140e-09
-5.273826443427565183e-09
-5.114146262379106739e-09
-4.956452027524817865e-09
-4.800686010847516128e-09
-4.646781450587295755e-09
-4.494662263153388275e-09
-4.344242750758636633e-09
-4.195427304749352845e-09
-4.048110104603322586e-09
-3.902174812571047021e-09
-3.757494263933520475e-09
-3.613930152848420216e-09
-3.471366233040426972e-09
-3.329812001479010432e-09
-3.189307960486128289e-09
-3.049892866598910702e-09
-2.911603647465404536e-09
-2.774475317377559479e-09
-2.638540891433721865e-09
-2.503831298321552958e-09
-2.370375291712845526e-09
-2.238199360261102070e-09
-2.107327636195439262e-09
-1.977781802497484424e-09
-1.849580998658023580e-09
-1.722741725000821721e-09
-1.597277745566875222e-09
-1.473199989550041040e-09
-1.350516451274073739e-09
-1.229232088705349543e-09
-1.109348720489504792e-09
-9.908649215052052843e-10
-8.737759169252950907e-10
-7.580734747779856754e-10
-6.437457969982803404e-10
-5.307774089603483720e-10
-4.191490474853655635e-10
-3.088375473117729055e-10
-1.998157260223365545e-10
-9.205226741870412240e-11
1.448839666583287995e-11
1.198462061229845921e-10
2.240655939061501922e-10
3.271956089537251482e-10
4.292900407071154972e-10
5.304075452365424857e-10
6.306117729772335240e-10
7.299714980891961127e-10
8.285607494478433051e-10
9.264415800945746252e-10
1.023610515379290914e-09
1.120047938058090941e-09
1.215735091507281303e-09
1.310654114297874255e-09
1.404788075265305021e-09
1.498121009080595309e-09
1.590637952322748769e-09
1.682324980058217067e-09
1.773169242927363769e-09
1.863159004742677366e-09
1.952283680601101045e-09
2.040533875511847554e-09
2.127901423545704920e-09
2.214379427504647247e-09
2.299962299117727810e-09
2.384645799764443711e-09
2.468427081729163318e-09
2.551304729988380436e-09
2.633278804534548552e-09
2.714350883239551985e-09
2.794524105259323157e-09
2.873803214983372939e-09
2.952194606531779321e-09
3.029706368802982836e-09
3.106348331073409467e-09
3.182132109154206316e-09
3.257071152106595918e-09
3.331180789517156140e-09
3.404478279339674542e-09
3.476982856302482027e-09
3.548715780885558412e-09
3.619700388871791096e-09
3.689962141472029074e-09
3.759528676029390016e-09
3.828429857304176177e-09
3.896697829342850547e-09
3.964367067934299235e-09
4.031474433653421870e-09
4.098050813696223499e-09
4.164095245155124424e-09
4.229598969906783897e-09
4.294553689420454846e-09
4.358951579836511199e-09
4.422785307230167707e-09
4.486048043067568064e-09
4.548733479850698511e-09
4.610835846954124626e-09
4.672349926654157612e-09
4.733271070351114330e-09
4.793595214985997027e-09
4.853318899652003057e-09
4.912439282402522249e-09
4.970954157255705487e-09
5.028861971396932103e-09
5.086161842581335046e-09
5.142853576734023041e-09
5.198937685753039758e-09
5.254415405513184755e-09
5.309288714072482109e-09
5.363560350082020482e-09
5.417233831400878569e-09
5.470313473915983710e-09
5.522804410568985691e-09
5.574712610589292070e-09
5.626044898936851697e-09
5.676808975952749160e-09
5.727013437221236531e-09
5.776667793641634881e-09
5.825782491712984182e-09
5.874368934031480446e-09
5.922439500001616640e-09
5.970007566762560124e-09
6.017087530329827009e-09
6.063694826953822593e-09
6.109845954696174310e-09
6.155558495224435406e-09
6.200851135826438151e-09
6.245739587520994315e-09
6.290223986852450392e-09
6.334300684125070372e-09
6.377966277842651362e-09
6.421217621362232080e-09
6.464051829618895879e-09
6.506466285924097710e-09
6.548458648837031137e-09
6.590026859108794690e-09
6.631169146700273245e-09
6.671884037874146371e-09
6.712170362361527386e-09
6.752027260601734288e-09
6.791454191059048029e-09
6.830450937612691170e-09
6.869017617023856756e-09
6.907154686477211565e-09
6.944862951200083200e-09
6.982143572156531846e-09
7.018998073819885062e-09
7.055428352020096855e-09
7.091436681871679113e-09
7.127025725776318340e-09
7.162198541505413759e-09
7.196958590360400998e-09
7.231309745412078141e-09
7.265256299818086288e-09
7.298802975221117145e-09
7.331954930225572916e-09
7.364717768954838242e-09
7.397097549688489230e-09
7.429100793580698528e-09
7.460734493458771034e-09
7.492006122703396791e-09
7.522923644210735191e-09
7.553495519435351957e-09
7.583730717517053747e-09
7.613638724488376167e-09
7.643229552566068678e-09
7.672511733383639849e-09
7.701486140277384488e-09
7.730151800437812619e-09
7.758507879595673277e-09
7.786553684947606314e-09
7.814288668107957917e-09
7.841712428087529134e-09
7.868824714300663604e-09
7.895625429598312068e-09
7.922114633329490683e-09
7.948292544429961846e-09
7.974159544538302974e-09
7.999716181140557679e-09
8.024963170741634652e-09
8.049901402065545384e-09
8.074531939283501313e-09
8.098856025269766205e-09
8.122875084886322533e-09
8.146590728295706673e-09
8.170004754302186610e-09
8.193119153721707334e-09
8.215936112780503009e-09
8.238458016542508262e-09
8.260687452365464360e-09
8.282627213386339027e-09
8.304280302035634704e-09
8.325649933580965775e-09
8.346739539699870009e-09
8.367552772082310822e-09
8.388093506062431951e-09
8.408365844279511612e-09
8.428374120370139411e-09
8.448122902688087260e-09
8.467616998056180611e-09
8.486861455546283893e-09
8.505861570291569166e-09
8.524622887326667369e-09
8.543151205460127595e-09
8.561452581176362043e-09
8.579532270298759465e-09
8.597391477700031131e-09
8.615030428722188584e-09
8.632449415742521039e-09
8.649648799188274675e-09
8.666629008559678189e-09
8.683390543459064660e-09
8.699933974628374416e-09
8.716259944992550733e-09
8.732369170711539864e-09
8.748262442238791059e-09
8.763940625387146609e-09
8.779404662402474306e-09
8.794655573044005029e-09
8.809694455672882578e-09
8.824522488347213491e-09
8.839140929925335729e-09
8.853551121176004250e-09
8.867754485896196563e-09
8.881752532036412543e-09
8.895546852834004515e-09
8.909139127952580497e-09
8.922531124630729769e-09
8.935724698837180599e-09
8.948721796434018014e-09
8.961524454347107976e-09
8.974134801744929010e-09
8.986555061223933608e-09
8.998787550002917619e-09
9.010834681123679530e-09
9.022698964660955745e-09
9.034383008938435640e-09
9.045889521753953365e-09
9.057221311611834754e-09
9.068381288963016425e-09
9.079372467452890750e-09
9.090197965177710483e-09
9.100861005948009545e-09
9.111364920560401480e-09
9.121712678655707712e-09
9.131905454078224536e-09
9.141943985508970681e-09
9.151829039183662989e-09
9.161561409047268493e-09
9.171141916908394371e-09
9.180571412592842447e-09
9.189850774097426736e-09
9.198980907742922444e-09
9.207962748326564986e-09
9.216797259274147000e-09
9.225485432791835760e-09
9.234028290017510837e-09
9.242426881171296081e-09
9.250682285706271926e-09
9.258795612457850976e-09
9.266767999793648242e-09
9.274600615762090757e-09
9.282294658240987485e-09
9.289851355085614503e-09
9.297271964275789370e-09
9.304557774063097691e-09
9.311710103117436442e-09
9.318730300672697012e-09
9.325619746672282819e-09
9.332379851914269583e-09
9.339012058195341369e-09
9.345517838454911917e-09
9.351898696918549493e-09
9.358156169240339632e-09
9.364291822645649894e-09
9.370307256072265080e-09
9.376204100311959184e-09
9.381984018150775309e-09
9.387648704509064029e-09
9.393199886580841819e-09
9.398639323972815299e-09
9.403968808842485655e-09
9.409190166035707120e-09
9.414305080747174809e-09
9.419314571743082657e-09
9.424219492167206126e-09
9.429020699432831610e-09
9.433719054987807356e-09
9.438315424076300566e-09
9.442810675497275543e-09
9.447205681359942705e-09
9.451501316835836017e-09
9.455698459908180569e-09
9.459797991117470019e-09
9.463800793304074457e-09
9.467707751347734760e-09
9.471519751903652272e-09
9.475237683135400455e-09
9.478862434444471572e-09
9.482394896196637067e-09
9.485835959444934704e-09
9.489186515649666279e-09
9.492447456394282579e-09
9.495619673099036623e-09
9.498704056730130407e-09
9.501701497506648131e-09
9.504612884603202959e-09
9.507439105849478552e-09
9.510181047426794407e-09
9.512839593560436028e-09
9.515415626209602813e-09
9.517910024752722083e-09
9.520323665670395714e-09
9.522657422224258846e-09
9.524912164132475276e-09
9.527088757241887726e-09
9.529188063196641022e-09
9.531210939102996928e-09
9.533158237191129773e-09
9.535030804472839111e-09
9.536829482396312661e-09
9.538555106496553158e-09
9.540208502045296728e-09
9.541790471495182119e-09
9.543301805749421493e-09
9.544743287737248922e-09
9.546115692039407747e-09
9.547419784509644307e-09
9.548656321892793693e-09
9.549826051438744477e-09
9.550929710513225423e-09
9.551968026204287540e-09
9.552941714925282209e-09
9.553851482014292350e-09
9.554698021329470705e-09
9.555482014840493679e-09
9.556204132216585690e-09
9.556865030410485371e-09
9.557465353238514097e-09
9.558005730957132305e-09
9.558486779835197778e-09
9.558909101722533058e-09
9.559273283614792043e-09
9.559579897214280025e-09
9.559829498486611348e-09
9.560022627214002105e-09
9.560159806543919026e-09
9.560241542534755502e-09
9.560268323696094516e-09
9.560240620526817616e-09
9.560158885047473235e-09
9.560023550329920297e-09
9.559835030022078208e-09
9.559593717869492208e-09
9.559299987231924061e-09
9.558954190596751474e-09
9.558556659087698920e-09
9.558107701969725366e-09
9.557607606149724828e-09
9.557056635673486404e-09
9.556455031217919526e-09
9.555803072541309207e-09
9.555101269905793940e-09
9.554350180060789680e-09
9.553550343619695028e-09
9.552702284636275502e-09
9.551806510177667938e-09
9.550863509894018272e-09
9.549873755584180285e-09
9.548837700758151948e-09
9.547755780195556188e-09
9.546628409500803010e-09
9.545455984654335740e-09
9.544238881560588403e-09
9.542977455591884949e-09
9.541672041128999982e-09
9.540322951097854895e-09
9.538930476502344462e-09
9.537494885954226931e-09
9.536016425198190010e-09
9.534495316633912517e-09
9.532931758834605567e-09
9.531325926060772644e-09
9.529677967771579122e-09
9.527988008131071766e-09
9.526256145511769442e-09
9.524482451993826770e-09
9.522666972860341448e-09
9.520809726089467013e-09
9.518910701841822249e-09
9.516969861944768894e-09
9.514987139372517039e-09
9.512962437722595904e-09
9.510895630687907467e-09
9.508786561525714559e-09
9.506635042521971937e-09
9.504440854452117017e-09
9.502203746038216058e-09
9.499923433401416916e-09
9.497599599511121200e-09
9.495232045858333483e-09
9.492821155550176208e-09
9.490367448358663343e-09
9.487871429881599223e-09
9.485333591197070168e-09
9.482754408516165940e-09
9.480134342832268398e-09
9.477473839568027354e-09
9.474773328219092233e-09
9.472033221995707942e-09
9.469253917461233641e-09
9.466435794167610859e-09
9.463579214288677639e-09
9.460684522249930771e-09
9.457752044356367300e-09
9.454782088416612010e-09
9.451774943365011685e-09
9.448730878880271758e-09
9.445650145001738810e-09
9.442532971742508340e-09
9.439379568699991447e-09
9.436190124663315054e-09
9.432964807218109902e-09
9.429703762348216470e-09
9.426407114034565238e-09
9.423074963851436456e-09
9.419707390559341690e-09
9.416304449695490015e-09
9.412866173160804859e-09
9.409392568804745505e-09
9.405883620006292142e-09
9.402339285252800085e-09
9.398759497715558515e-09
9.395144164822148029e-09
9.391493167826442381e-09
9.387806361375152600e-09
9.384083573071502461e-09
9.380324603035944285e-09
9.376529223464098736e-09
9.372697295890909247e-09
9.368829128976126437e-09
9.364925133925212159e-09
9.360985707749323104e-09
9.357011232964349410e-09
9.353002077288386586e-09
9.348958593336209734e-09
9.344881118312313446e-09
9.340769973701094608e-09
9.336625464955179021e-09
9.332447881181364082e-09
9.328237494824495172e-09
9.323994561348724837e-09
9.319719318917000156e-09
9.315411988068015625e-09
9.311072771390778798e-09
9.306701853197301530e-09
9.302299399192631022e-09
9.297865556142857568e-09
9.293400451540695360e-09
9.288904193268753806e-09
9.284376869260702842e-09
9.279818547159761491e-09
9.275229273975409641e-09
9.270609075737216259e-09
9.265957957146781649e-09
9.261275901227006250e-09
9.256562868969384137e-09
9.251818798978513873e-09
9.247043607114715133e-09
9.242237186134077748e-09
9.237399405325933259e-09
9.232530110148331308e-09
9.227629121861004714e-09
9.222696237155930759e-09
9.217731227785323247e-09
9.212733840187740256e-09
9.207703795111134619e-09
9.202640787234096195e-09
9.197544629525121206e-09
9.192415693042285111e-09
9.187254482833886236e-09
9.182061494463260464e-09
9.176837213791558634e-09
9.171582116758556923e-09
9.166296669162229749e-09
9.160981326436817219e-09
9.155636533428887479e-09
9.150262724172341937e-09
9.144860321661451791e-09
9.139429737622630627e-09
9.133971372284397140e-09
9.128485614145746374e-09
9.122972839743223925e-09
9.117433413415923931e-09
9.111867687069453087e-09
9.106275999937719171e-09
9.100658678343541662e-09
9.095016035457434300e-09
9.089348371054938411e-09
9.083655971271936270e-09
9.077939108359090954e-09
9.072198040433697120e-09
9.066433011230836952e-09
9.060644249852148871e-09
9.054831970513428251e-09
9.048996372290256155e-09
9.043137638862494818e-09
9.037255938256265202e-09
9.031351422585279344e-09
9.025424227789653118e-09
9.019474473373524541e-09
9.013502262140987944e-09
9.007507679930074344e-09
9.001490795345328911e-09
8.995451659488644746e-09
8.989390305688157741e-09
8.983306749225884129e-09
8.977201065181446272e-09
8.971073625573645244e-09
8.964924870127610060e-09
8.958755228723672141e-09
8.952565121200984366e-09
8.946354957160458524e-09
8.940125135765851541e-09
8.933876045543569567e-09
8.927608064181651516e-09
8.921321558326762391e-09
8.915016883380491794e-09
8.908694383293821044e-09
8.902354390360600999e-09
8.895997225009479732e-09
8.889623195594784656e-09
8.883232598185619592e-09
8.876825716354230611e-09
8.870402820962333699e-09
8.863964169946653292e-09
8.857510008102872633e-09
8.851040566868229192e-09
8.844556064102885874e-09
8.838056703869657781e-09
8.831542676212837352e-09
8.825014156935100442e-09
8.818471307373552139e-09
8.811914274174027217e-09
8.805343189064199466e-09
8.798758168625359244e-09
8.792159314062612784e-09
8.785546710973875458e-09
8.778920429117336423e-09
8.772280522177665942e-09
8.765627027530790038e-09
8.758959966007138164e-09
8.752279341653660034e-09
8.745585141494365108e-09
8.738877335289445940e-09
8.732155875293021797e-09
8.725420781400013946e-09
8.718672400268966030e-09
8.711911154534249580e-09
8.705137458046282779e-09
8.698351715706857001e-09
8.691554323303260627e-09
8.684745667341363927e-09
8.677926124877699736e-09
8.671096063350678908e-09
8.664255840410287063e-09
8.657405803747283369e-09
8.650546290920794597e-09
8.643677629185553487e-09
8.636800135317201510e-09
8.629914115437295503e-09
8.623019864836941180e-09
8.616117667799192490e-09
8.609207797420726372e-09
8.602290515432192353e-09
8.595366072017629102e-09
8.588434705632698101e-09
8.581496642821932981e-09
8.574552098034839076e-09
8.567601273440962303e-09
8.560644358743834739e-09
8.553681530993844859e-09
8.546712954400002661e-09
8.539738780140604641e-09
8.532759146172909463e-09
8.525774177041584430e-09
8.518783983685940974e-09
8.511788663246579531e-09
8.504788298870105434e-09
8.497782959513580107e-09
8.490772699747362566e-09
8.483757559556804447e-09
8.476737564143190647e-09
8.469712723723230746e-09
8.462683033327627285e-09
8.455648538154895439e-09
8.448609532384003204e-09
8.441566366432672765e-09
8.434519381837669490e-09
8.427468911106855712e-09
8.420415277570830926e-09
8.413358795233169081e-09
8.406299768620106633e-09
8.399238492629337232e-09
8.392175252377767482e-09
8.385110323048551387e-09
8.378043969737168587e-09
8.370976447296579456e-09
8.363908000181607610e-09
8.356838862292271902e-09
8.349769256816453361e-09
8.342699396071288271e-09
8.335629481344253540e-09
8.328559702732673810e-09
8.321490238982854681e-09
8.314421257328100894e-09
8.307352913325771674e-09
8.300285350693591618e-09
8.293218701145005353e-09
8.286153084223422122e-09
8.279088607135917743e-09
8.272025364585629614e-09
8.264963438603625640e-09
8.257902898379497640e-09
8.250843800091278127e-09
8.243786186734346270e-09
8.236730087949344544e-09
8.229675519849289717e-09
8.222622484845780540e-09
8.215570971474078836e-09
8.208520954217434528e-09
8.201472393330394900e-09
8.194425234661294947e-09
8.187379409473621103e-09
8.180334894957092082e-09
8.173291898200573005e-09
8.166250677604135184e-09
8.159211482574563643e-09
8.152174553392432495e-09
8.145140121078720422e-09
8.138108407260334264e-09
8.131079624035374532e-09
8.124053973837171734e-09
8.117031649298018290e-09
8.110012833111735788e-09
8.102997697895879923e-09
8.095986406052939595e-09
8.088979109630955318e-09
8.081975950183209539e-09
8.074977058627427259e-09
8.067982555103874856e-09
8.060992548833023809e-09
8.054007137972436868e-09
8.047026409472492869e-09
8.040050438931913021e-09
8.033079290452192009e-09
8.026113016491390512e-09
8.019151657716981421e-09
8.012195242858199764e-09
8.005243788557482713e-09
7.998297299221113857e-09
7.991355766869137899e-09
7.984419170984494487e-09
7.977487478361553179e-09
7.970560642953404315e-09
7.963638605718938141e-09
7.956721294468780766e-09
7.949808623710634545e-09
7.942900494493615927e-09
7.935996794252120146e-09
7.929097396648663528e-09
7.922202161415979671e-09
7.915310934198457195e-09
7.908423605967188071e-09
7.901540293544951421e-09
7.894661164173912745e-09
7.887786376312878110e-09
7.880916079520254711e-09
7.874050414336465497e-09
7.867189512165769869e-09
7.860333495157399489e-09
7.853482476086158060e-09
7.846636558232387498e-09
7.839795835261404700e-09
7.832960391101983752e-09
7.826130299824692546e-09
7.819305625519324471e-09
7.812486422171656769e-09
7.805672733539843283e-09
7.798864593029937010e-09
7.792062023570921310e-09
7.785265037489104181e-09
7.778473636381743261e-09
7.771687810990369736e-09
7.764907541073056763e-09
7.758132795276347095e-09
7.751363531006561975e-09
7.744599694300289472e-09
7.737841219694356645e-09
7.731088030095115161e-09
7.724340036647152838e-09
7.717597138601406312e-09
7.710859223182428333e-09
7.704126165455203412e-09
7.697397828191295107e-09
7.690674061734228995e-09
7.683954703864412430e-09
7.677239579663301552e-09
7.670528501376890022e-09
7.663821268278636920e-09
7.657117666531584009e-09
7.650417469050218229e-09
7.643720498226149952e-09
7.637026816373541701e-09
7.630336540495613775e-09
7.623649779818038966e-09
7.616966635691725667e-09
7.610287201495210566e-09
7.603611562536478924e-09
7.596939795954329902e-09
7.590271970619257163e-09
7.583608147033702473e-09
7.576948377232224926e-09
7.570292704680581599e-09
7.563641164174897545e-09
7.556993781739924233e-09
7.550350574527152404e-09
7.543711550711998480e-09
7.537076709390984363e-09
7.530446040478042073e-09
7.523819524600543762e-09
7.517197132994727884e-09
7.510578827400624102e-09
7.503964559956571211e-09
7.497354273093184166e-09
7.490747899426743735e-09
7.484145361652185801e-09
7.477546572435619163e-09
7.470951434306146857e-09
7.464359839547450903e-09
7.457771670088625970e-09
7.451186797394693750e-09
7.444605082356461379e-09
7.438026375179981153e-09
7.431450515275471756e-09
7.424877331145643084e-09
7.418306640273725771e-09
7.411738249010661122e-09
7.405171952462139676e-09
7.398607534374798523e-09
7.392044767022216791e-09
7.385483470556458013e-09
7.378923693104308843e-09
7.372365535441578699e-09
7.365809091900321005e-09
7.359254450291260188e-09
7.352701691825531296e-09
7.346150891036326143e-09
7.339602115699976136e-09
7.333055426756689357e-09
7.326510878231008867e-09
7.319968517151838405e-09
7.313428383471897334e-09
7.306890509987288075e-09
7.300354922256120563e-09
7.293821638517110226e-09
7.287290669607754113e-09
7.280762018881929636e-09
7.274235682127418048e-09
7.267711647482743842e-09
7.261189895353871044e-09
7.254670398330403199e-09
7.248153121101306075e-09
7.241638020370475684e-09
7.235125044771731412e-09
7.228614134783553547e-09
7.222105222643245100e-09
7.215598232260936445e-09
7.209093079133055616e-09
7.202589670255445388e-09
7.196087904036118886e-09
7.189587670207512264e-09
7.183088849738487576e-09
7.176591314746003123e-09
7.170094928406046783e-09
7.163599544864586703e-09
7.157105009147808973e-09
7.150611157072229562e-09
7.144117815154216475e-09
7.137624800519138850e-09
7.131131972003458586e-09
7.124639385147324556e-09
7.118147141169067957e-09
7.111655336085390654e-09
7.105164060649559075e-09
7.098673400289684959e-09
7.092183435046487454e-09
7.085694239510902197e-09
7.079205882761366958e-09
7.072718428300720997e-09
7.066231933992961315e-09
7.059746451999628328e-09
7.053262028715937599e-09
7.046778704706557533e-09
7.040296514641183591e-09
7.033815487229754328e-09
7.027335645157385370e-09
7.020857005019073427e-09
7.014379577253980932e-09
7.007903366079617279e-09
7.001428369425455922e-09
6.994954578866575469e-09
6.988481979556724223e-09
6.982010550161235011e-09
6.975540262789667862e-09
6.969071082928040758e-09
6.962602969370855238e-09
6.956135874152750599e-09
6.949669742480000935e-09
6.943204512661550610e-09
6.936740116039742838e-09
6.930276476920982104e-09
6.923813512505798517e-09
6.917351132818842694e-09
6.910889240638391767e-09
6.904427731425729672e-09
6.897966493254083233e-09
6.891505406737286930e-09
6.885044344958303746e-09
6.878583218607993079e-09
6.872122112828300226e-09
6.865661153762894654e-09
6.859200463618631078e-09
6.852740160617965072e-09
6.846280358951324832e-09
6.839821168729272015e-09
6.833362695934421040e-09
6.826905042373028339e-09
6.820448305626535293e-09
6.813992579002821648e-09
6.807537951487239737e-09
6.801084507693379028e-09
6.794632327813725633e-09
6.788181487569966950e-09
6.781732058163256601e-09
6.775284106224028558e-09
6.768837693761789758e-09
6.762392878114566140e-09
6.755949711898208871e-09
6.749508242955438376e-09
6.743068514304631924e-09
6.736630564088499558e-09
6.730194425522385302e-09
6.723760126842493106e-09
6.717327691253771150e-09
6.710897136877593505e-09
6.704468476699388843e-09
6.698041718515731482e-09
6.691616864881463044e-09
6.685193913056474131e-09
6.678772854952264323e-09
6.672353677078394639e-09
6.665936360488452796e-09
6.659520880726125990e-09
6.653107207770758354e-09
6.646695305982801704e-09
6.640285134049106638e-09
6.633876644927848028e-09
6.627469818028060244e-09
6.621064756742546197e-09
6.614661593242226059e-09
6.608260456422534499e-09
6.601861471864431520e-09
6.595464761795191618e-09
6.589070445048975391e-09
6.582678637027229925e-09
6.576289449658989906e-09
6.569902991360980228e-09
6.563519366997472910e-09
6.557138677840043936e-09
6.550761021527136529e-09
6.544386492023463957e-09
6.538015179579138533e-09
6.531647170688806416e-09
6.525282548050413483e-09
6.518921390523991883e-09
6.512563773090033825e-09
6.506209766807902595e-09
6.499859438773966459e-09
6.493512852079558038e-09
6.487170065768774863e-09
6.480831134796074786e-09
6.474496109983744833e-09
6.468165037979085515e-09
6.461837961211625729e-09
6.455514917849881072e-09
6.449195941758122068e-09
6.442881062452968696e-09
6.436570305059611855e-09
6.430263690268163869e-09
6.423961234289503588e-09
6.417662948811191796e-09
6.411368840953035068e-09
6.405078913222581801e-09
6.398793163470408964e-09
6.392511584845103619e-09
6.386234165748299040e-09
6.379960910939177229e-09
6.373691905499814629e-09
6.367427252326663596e-09
6.361167051085266089e-09
6.354911398174614593e-09
6.348660386691536204e-09
6.342414106394953463e-09
6.336172643669865601e-09
6.329936081491231358e-09
6.323704499387830282e-09
6.317477973405698044e-09
6.311256576071711460e-09
6.305040376356777303e-09
6.298829439639068259e-09
6.292623827666913953e-09
6.286423598521719265e-09
6.280228806580595622e-09
6.274039502478910394e-09
6.267855733072692365e-09
6.261677541400804759e-09
6.255504966647040520e-09
6.249338044102028989e-09
6.243176805125073925e-09
6.237021277105592829e-09
6.230871483424792007e-09
6.224727443416743595e-09
6.218589172329752078e-09
6.212456681287114505e-09
6.206329977248132152e-09
6.200209062968711086e-09
6.194093936961902338e-09
6.187984593458247694e-09
6.181881022365996444e-09
6.175783209231190605e-09
6.169691135197478837e-09
6.163604776965979980e-09
6.157524106754716470e-09
6.151449092258153617e-09
6.145379696606393968e-09
6.139315902010594195e-09
6.133257781389565005e-09
6.127205428340052504e-09
6.121158933571734013e-09
6.115118384876793531e-09
6.109083867099237480e-09
6.103055462104207122e-09
6.097033248747161124e-09
6.091017302842745442e-09
6.085007697133861727e-09
6.079004501260375911e-09
6.073007781727680381e-09
6.067017601875314881e-09
6.061034021845317757e-09
6.055057098550463875e-09
6.049086885642427263e-09
6.043123433479870969e-09
6.037166789096155584e-09
6.031216996167262828e-09
6.025274094979351050e-09
6.019338122396242062e-09
6.013409111826898885e-09
6.007487093192520496e-09
6.001572092893817745e-09
5.995664133777880627e-09
5.989763235105153930e-09
5.983869412516091925e-09
5.977982677997788250e-09
5.972103039850465992e-09
5.966230502653841220e-09
5.960365067233320242e-09
5.954506730626089344e-09
5.948655486047090362e-09
5.942811322854837449e-09
5.936974226517167660e-09
5.931144178576730975e-09
5.925321156616506796e-09
5.919505134225068978e-09
5.913696080961779722e-09
5.907893976850063454e-09
5.902098856288982816e-09
5.896310765069894980e-09
5.890529745909482940e-09
5.884755838420609806e-09
5.878989079083120975e-09
5.873229501214502392e-09
5.867477134940455243e-09
5.861732007165336663e-09
5.855994141542434171e-09
5.850263558444246725e-09
5.844540274932561461e-09
5.838824304728470057e-09
5.833115658182201448e-09
5.827414342242885072e-09
5.821720360428277708e-09
5.816033712794155320e-09
5.810354395903889346e-09
5.804682402797632569e-09
5.799017722961564545e-09
5.793360342296981511e-09
5.787710243089205980e-09
5.782067403976462416e-09
5.776431799918578371e-09
5.770803402165706304e-09
5.765182178226633470e-09
5.759568091837348224e-09
5.753961102929181163e-09
5.748361167597035596e-09
5.742768238067379796e-09
5.737182262666186304e-09
5.731603185786686771e-09
5.726030947857116884e-09
5.720465485308248694e-09
5.714906730540841888e-09
5.709354611892990009e-09
5.703809053607321914e-09
5.698269975798115556e-09
5.692737294418224825e-09
5.687210940836405640e-09
5.681690921109477105e-09
5.676177257951538428e-09
5.670669971216287503e-09
5.665169077871498255e-09
5.659674591973486403e-09
5.654186524641327892e-09
5.648704884031066574e-09
5.643229675309862335e-09
5.637760900629952275e-09
5.632298559102590384e-09
5.626842646771840802e-09
5.621393156588345445e-09
5.615950078382900546e-09
5.610513398840020787e-09
5.605083101471375225e-09
5.599659166589056121e-09
5.594241571278968540e-09
5.588830289373812978e-09
5.583425291426241697e-09
5.578026544681764422e-09
5.572634013051606068e-09
5.567247657085509865e-09
5.561867433944339482e-09
5.556493297372655510e-09
5.551125197671239000e-09
5.545763081669393326e-09
5.540406892697207986e-09
5.535056570557822413e-09
5.529712051499391995e-09
5.524373268187139295e-09
5.519040149675228260e-09
5.513712621378477121e-09
5.508390605044108524e-09
5.503074018723356555e-09
5.497762776742859523e-09
5.492456789676107345e-09
5.487155964314697839e-09
5.481860203639600477e-09
5.476569429682975156e-09
5.471283652709665922e-09
5.466002903460618494e-09
5.460727210375738316e-09
5.455456599573518756e-09
5.450191094830532812e-09
5.444930717560912418e-09
5.439675486795760745e-09
5.434425419162354402e-09
5.429180528863550769e-09
5.423940827656775958e-09
5.418706324833226185e-09
5.413477027196827602e-09
5.408252939043177933e-09
5.403034062138434346e-09
5.397820395698029264e-09
5.392611936365488755e-09
5.387408678190958920e-09
5.382210612609835685e-09
5.377017728421234116e-09
5.371830011766386597e-09
5.366647446106962423e-09
5.361470012203392366e-09
5.356297688092931840e-09
5.351130449067867173e-09
5.345968267653529977e-09
5.340811113586220523e-09
5.335658953791090585e-09
5.330511752359912135e-09
5.325369470528908075e-09
5.320232066656267812e-09
5.315099496199796841e-09
5.309971711694398405e-09
5.304848662729455069e-09
5.299730295926199540e-09
5.294616554914986224e-09
5.289507380312432920e-09
5.284402709698559200e-09
5.279302477593804021e-09
5.274206628496946455e-09
5.269115156343221503e-09
5.264028065822415672e-09
5.258945359373747277e-09
5.253867037167340074e-09
5.248793097085551310e-09
5.243723534704359335e-09
5.238658343274571710e-09
5.233597513703033320e-09
5.228541034533746805e-09
5.223488891928894550e-09
5.218441069649910316e-09
5.213397549038355650e-09
5.208358308996756592e-09
5.203323325969476774e-09
5.198292573923396970e-09
5.193266024328578087e-09
5.188243646138912589e-09
5.183225405772612130e-09
5.178211267092667067e-09
5.173201191387320036e-09
5.168195137350341831e-09
5.163193061061323821e-09
5.158194915965842165e-09
5.153200652855732859e-09
5.148210219848973878e-09
5.143223562369830358e-09
5.138240623128762383e-09
5.133261342102258317e-09
5.128285656512681378e-09
5.123313500808024393e-09
5.118344806641545436e-09
5.113379502851355494e-09
5.108417515440037565e-09
5.103458767554039103e-09
5.098503179463136438e-09
5.093550668539721341e-09
5.088601149238095870e-09
5.083654533073695244e-09
5.078710750992561275e-09
5.073769821019064564e-09
5.068831781938110882e-09
5.063896671015380447e-09
5.058964523984080623e-09
5.054035375031512507e-09
5.049109256785611049e-09
5.044186200301612550e-09
5.039266235048336703e-09
5.034349388894792882e-09
5.029435688096434057e-09
5.024525157281590203e-09
5.019617819437714765e-09
5.014713695897622863e-09
5.009812806325696390e-09
5.004915168704064315e-09
5.000020799318664682e-09
4.995129712745321512e-09
4.990241921835735668e-09
4.985357437703470764e-09
4.980476269709861313e-09
4.975598425449852226e-09
4.970723910737853193e-09
4.965852729593483052e-09
4.960984884227310026e-09
4.956120375026558866e-09
4.951259200540607069e-09
4.946401357466744133e-09
4.941546840635581747e-09
4.936695642996598810e-09
4.931847755603511090e-09
4.927003167599746754e-09
4.922161866203680372e-09
4.917323836694076188e-09
4.912489062395144281e-09
4.907657524661877956e-09
4.902829202865143815e-09
4.898004074376753631e-09
4.893182114554614798e-09
4.888363306270552317e-09
4.883547668730619713e-09
4.878735229193963466e-09
4.873926013469259752e-09
4.869120045902679794e-09
4.864317349365843631e-09
4.859517945243668831e-09
4.854721853422197705e-09
4.849929092276431135e-09
4.845139678658018469e-09
4.840353627883037581e-09
4.835570953719625220e-09
4.830791668375625538e-09
4.826015782486155093e-09
4.821243305101204234e-09
4.816474243673101179e-09
4.811708604043961205e-09
4.806946390433187123e-09
4.802187605424788595e-09
4.797432249954732066e-09
4.792680323298304748e-09
4.787931823057265199e-09
4.783186745147176709e-09
4.778445083784528091e-09
4.773706831473849522e-09
4.768971978994863942e-09
4.764240515389500325e-09
4.759512427948933403e-09
4.754787702200506778e-09
4.750066321894710611e-09
4.745348268992057576e-09
4.740633523649900085e-09
4.735922064209273150e-09
4.731213867181611517e-09
4.726508907235523879e-09
4.721807157183390062e-09
4.717108587968068239e-09
4.712413168649470612e-09
4.707720866391075406e-09
4.703031660299246642e-09
4.698345583260018646e-09
4.693662680880145037e-09
4.688982997697931745e-09
4.684306577173824521e-09
4.679633461681081648e-09
4.674963692496435899e-09
4.670297309790624977e-09
4.665634352618952552e-09
4.660974858911882392e-09
4.656318865465417427e-09
4.651666407931647554e-09
4.647017520809168405e-09
4.642372237433432285e-09
4.637730589967151223e-09
4.633092609390619784e-09
4.628458325492051121e-09
4.623827766857793080e-09
4.619200960862607175e-09
4.614577933659858226e-09
4.609958710171702340e-09
4.605343314079212862e-09
4.600731767812532781e-09
4.596124092540889841e-09
4.591520308162715865e-09
4.586920433295615535e-09
4.582324485266362471e-09
4.577732480100858913e-09
4.573144432514057351e-09
4.568560355899822600e-09
4.563980262320827791e-09
4.559404162498346958e-09
4.554832065802056732e-09
4.550263980239793361e-09
4.545699912447279128e-09
4.541139867677823953e-09
4.536583849791980671e-09
4.532031861247146544e-09
4.527483903087234259e-09
4.522939979178744906e-09
4.518400109027473314e-09
4.513864315181434884e-09
4.509332618996781153e-09
4.504805040628494837e-09
4.500281599021046001e-09
4.495762311899011829e-09
4.491247195757779115e-09
4.486736265853954759e-09
4.482229536196109614e-09
4.477727019535156720e-09
4.473228727354909871e-09
4.468734669862499891e-09
4.464244855978871991e-09
4.459759293329107752e-09
4.455277988232853820e-09
4.450800945694637272e-09
4.446328169394189261e-09
4.441859661676715717e-09
4.437395423543129997e-09
4.432935454640340955e-09
4.428479753251353253e-09
4.424028316285508273e-09
4.419581139268540588e-09
4.415138216332753533e-09
4.410699540207024383e-09
4.406265102206876530e-09
4.401834892224501207e-09
4.397408898718672496e-09
4.392987108704783117e-09
4.388569507744697398e-09
4.384156079936662985e-09
4.379746807905165465e-09
4.375341672790735855e-09
4.370940654239783717e-09
4.366543730394320274e-09
4.362150877881713771e-09
4.357762071804410105e-09
4.353377285729546745e-09
4.348996502710312177e-09
4.344619748591646176e-09
4.340247059293375495e-09
4.335878469826339770e-09
4.331514014285066002e-09
4.327153725840388455e-09
4.322797636732034636e-09
4.318445778261210447e-09
4.314098180783119990e-09
4.309754873699591256e-09
4.305415885451450340e-09
4.301081243511092540e-09
4.296750974374913648e-09
4.292425103555762755e-09
4.288103655575325577e-09
4.283786653956513559e-09
4.279474121215874498e-09
4.275166078855889835e-09
4.270862547357286839e-09
4.266563546171378915e-09
4.262269093712295067e-09
4.257979207349249072e-09
4.253693903398720965e-09
4.249413197116734483e-09
4.245137102690950871e-09
4.240865633232871880e-09
4.236598800769976587e-09
4.232336616237757297e-09
4.228079089471868777e-09
4.223826229200158369e-09
4.219578043034694447e-09
4.215334537463813081e-09
4.211095717844016626e-09
4.206861588392033617e-09
4.202632152176683447e-09
4.198407411110824590e-09
4.194187365943246581e-09
4.189972016250481749e-09
4.185761360428743519e-09
4.181555398117556505e-09
4.177354137535013862e-09
4.173157588257337563e-09
4.168965758791170309e-09
4.164778656565988630e-09
4.160596287926465517e-09
4.156418658124756975e-09
4.152245771312838185e-09
4.148077630534785914e-09
4.143914237719056782e-09
4.139755593670682813e-09
4.135601698063518272e-09
4.131452549432436044e-09
4.127308145165468586e-09
4.123168481495991905e-09
4.119033553494838385e-09
4.114903355062365780e-09
4.110777878920575014e-09
4.106657116605160970e-09
4.102541058457500423e-09
4.098429693616727645e-09
4.094323010011676843e-09
4.090220994352850235e-09
4.086123632124363790e-09
4.082030907575844165e-09
4.077942803714360393e-09
4.073859302296247194e-09
4.069780383818982066e-09
4.065706027513010258e-09
4.061636211333511016e-09
4.057570911952193602e-09
4.053510104749059404e-09
4.049453763804116070e-09
4.045401861889085018e-09
4.041354370459092411e-09
4.037311259644302222e-09
4.033272498241590664e-09
4.029238053706110598e-09
4.025207892142925434e-09
4.021181986960724539e-09
4.017160345015548098e-09
4.013142980906506094e-09
4.009129908348566582e-09
4.005121140166293114e-09
4.001116688287489501e-09
3.997116563736868577e-09
3.993120776629739159e-09
3.989129336165546588e-09
3.985142250621605185e-09
3.981159527346552771e-09
3.977181172754030178e-09
3.973207192316153968e-09
3.969237590557129772e-09
3.965272371046677857e-09
3.961311536393607588e-09
3.957355088239238034e-09
3.953403027250903771e-09
3.949455353115352329e-09
3.945512064532189610e-09
3.941573159207279816e-09
3.937638633846125522e-09
3.933708484147235341e-09
3.929782704795463467e-09
3.925861289455333500e-09
3.921944230764380469e-09
3.918031520326369603e-09
3.914123148704637534e-09
3.910219105415326776e-09
3.906319378920580522e-09
3.902423956621785397e-09
3.898532824852769554e-09
3.894645968872970164e-09
3.890763372860570297e-09
3.886885019905679645e-09
3.883010892003406886e-09
3.879140970046987463e-09
3.875275233820842717e-09
3.871413661993650593e-09
3.867556235406146209e-09
3.863702947009902058e-09
3.859853792084215756e-09
3.856008764950434494e-09
3.852167858965774349e-09
3.848331066517046943e-09
3.844498379014429118e-09
3.840669786885163959e-09
3.836845279567269257e-09
3.833024845503231082e-09
3.829208472133646074e-09
3.825396145890928254e-09
3.821587852192881830e-09
3.817783575436368302e-09
3.813983298990855280e-09
3.810187005192062083e-09
3.806394675335453963e-09
3.802606289669836421e-09
3.798821827390860179e-09
3.795041266634549327e-09
3.791264584470781476e-09
3.787491756896753040e-09
3.783722758830475936e-09
3.779957564104158488e-09
3.776196145457679798e-09
3.772438474531961546e-09
3.768684521862365438e-09
3.764934256872078240e-09
3.761187647865403345e-09
3.757444662021180547e-09
3.753705265386027156e-09
3.749969422867658506e-09
3.746237098228182009e-09
3.742508254077321712e-09
3.738782851865713178e-09
3.735060851878069312e-09
3.731342213226418167e-09
3.727626893843299378e-09
3.723914850474922141e-09
3.720206049337417887e-09
3.716500498294113169e-09
3.712798215201255783e-09
3.709099217289024918e-09
3.705403521157147519e-09
3.701711142770457147e-09
3.698022097454460711e-09
3.694336399890908085e-09
3.690654064113281907e-09
3.686975103502378366e-09
3.683299530781771358e-09
3.679627358013346949e-09
3.675958596592764640e-09
3.672293257244968664e-09
3.668631350019593420e-09
3.664972884286459880e-09
3.661317868730997563e-09
3.657666311349655751e-09
3.654018219445332483e-09
3.650373599622775438e-09
3.646732457783932762e-09
3.643094799123370489e-09
3.639460628123598556e-09
3.635829948550457205e-09
3.632202763448395847e-09
3.628579075135832166e-09
3.624958885200465317e-09
3.621342194494566780e-09
3.617729003130236487e-09
3.614119310474704843e-09
3.610513115145579337e-09
3.606910415006086183e-09
3.603311207160322305e-09
3.599715487948417984e-09
3.596123252941827304e-09
3.592534496938444481e-09
3.588949213957831028e-09
3.585367397236354827e-09
3.581789039222373047e-09
3.578214133311422974e-09
3.574642679092776345e-09
3.571074677178787112e-09
3.567510127468114480e-09
3.563949029141170530e-09
3.560391380655583950e-09
3.556837179741673298e-09
3.553286423397874339e-09
3.549739107886189319e-09
3.546195228727594040e-09
3.542654780697450731e-09
3.539117757820898168e-09
3.535584153368237253e-09
3.532053959850303759e-09
3.528527169013817512e-09
3.525003771836745627e-09
3.521483758523618597e-09
3.517967118500836049e-09
3.514453840412050242e-09
3.510943912113360564e-09
3.507437320668658574e-09
3.503934052344896114e-09
3.500434092607327781e-09
3.496937426114765389e-09
3.493444036714820031e-09
3.489953907439099049e-09
3.486467020498455127e-09
3.482983357278123707e-09
3.479502898332984487e-09
3.476025623382665748e-09
3.472551511306743818e-09
3.469080540139861874e-09
3.465612687066880598e-09
3.462147928418023038e-09
3.458686239663921456e-09
3.455227595410767147e-09
3.451771969395383757e-09
3.448319334480278672e-09
3.444869662648723778e-09
3.441422931979414581e-09
3.437979147702448246e-09
3.434538321469711324e-09
3.431100464402202128e-09
3.427665587086524313e-09
3.424233699571377561e-09
3.420804811364056955e-09
3.417378931426890311e-09
3.413956068173731758e-09
3.410536229466397418e-09
3.407119422611121767e-09
3.403705654354975525e-09
3.400294930882292235e-09
3.396887257811097331e-09
3.393482640189507827e-09
3.390081082492107617e-09
3.386682588616369914e-09
3.383287161878994913e-09
3.379894805012313618e-09
3.376505520160604411e-09
3.373119308876484061e-09
3.369736172117216017e-09
3.366356110241058407e-09
3.362979123003551235e-09
3.359605209553873481e-09
3.356234368431102173e-09
3.352866597560507036e-09
3.349501894249872427e-09
3.346140255185700171e-09
3.342781676429530667e-09
3.339426153414156886e-09
3.336073680939900818e-09
3.332724253170797689e-09
3.329377863630861648e-09
3.326034505200272885e-09
3.322694170111592450e-09
3.319356849945947708e-09
3.316022535629242612e-09
3.312691217428261685e-09
3.309362888104153411e-09
3.306037552434263022e-09
3.302715217831490347e-09
3.299395891197354373e-09
3.296079578918750703e-09
3.292766286864711899e-09
3.289456020383209601e-09
3.286148784297834229e-09
3.282844582904615708e-09
3.279543419968711028e-09
3.276245298721130677e-09
3.272950221855495673e-09
3.269658191524686664e-09
3.266369209337595997e-09
3.263083276355801628e-09
3.259800393090243509e-09
3.256520559497916519e-09
3.253243774978509218e-09
3.249970038371098432e-09
3.246699347950761120e-09
3.243431701425242495e-09
3.240167095931593113e-09
3.236905528032741459e-09
3.233646993714191836e-09
3.230391488380548555e-09
3.227139006852178674e-09
3.223889543361762655e-09
3.220643091550873970e-09
3.217399644466590561e-09
3.214159194558008680e-09
3.210921733672827054e-09
3.207687253053892574e-09
3.204455743335725309e-09
3.201227194541051796e-09
3.198001596077330877e-09
3.194778936733268378e-09
3.191559204675295797e-09
3.188342387444084979e-09
3.185128471951035910e-09
3.181917448813166761e-09
3.178709325437633829e-09
3.175504113130610562e-09
3.172301822774343650e-09
3.169102464824436153e-09
3.165906049307155858e-09
3.162712585816700614e-09
3.159522083512520340e-09
3.156334551116548037e-09
3.153149996910482081e-09
3.149968428733051572e-09
3.146789853977284978e-09
3.143614279587697307e-09
3.140441712057596399e-09
3.137272157426274228e-09
3.134105621276247843e-09
3.130942108730465567e-09
3.127781624449524774e-09
3.124624172628875191e-09
3.121469756996015997e-09
3.118318380807673483e-09
3.115170046847008489e-09
3.112024757420760563e-09
3.108882514356433069e-09
3.105743318999446853e-09
3.102607172210315424e-09
3.099474074361756441e-09
3.096344025335856134e-09
3.093217024521171280e-09
3.090093070809927955e-09
3.086972162595026310e-09
3.083854297767260836e-09
3.080739473712350782e-09
3.077627687308061980e-09
3.074518934921309232e-09
3.071413212405212376e-09
3.068310515096180058e-09
3.065210837810994748e-09
3.062114174843844403e-09
3.059020521968502388e-09
3.055929882483682267e-09
3.052842261252557532e-09
3.049757662703286979e-09
3.046676090826423560e-09
3.043597549172312077e-09
3.040522040848483977e-09
3.037449568517043458e-09
3.034380134392022562e-09
3.031313740236813602e-09
3.028250387361469251e-09
3.025190076620103950e-09
3.022132808408248998e-09
3.019078582660166697e-09
3.016027398846224467e-09
3.012979255970209820e-09
3.009934152566663527e-09
3.006892086698215268e-09
3.003853055952873379e-09
3.000817057441340649e-09
2.997784087794326808e-09
2.994754143159832897e-09
2.991727219200437284e-09
2.988703311090587065e-09
2.985682413513871675e-09
2.982664520660261759e-09
2.979649626223434069e-09
2.976637723397966499e-09
2.973628804876603419e-09
2.970622862847519366e-09
2.967619888991525242e-09
2.964619874479313386e-09
2.961622809968669150e-09
2.958628685601706049e-09
2.955637491002045485e-09
2.952649215272031633e-09
2.949663846989949632e-09
2.946681374207170985e-09
2.943701784445358927e-09
2.940725067399282320e-09
2.937751223094483261e-09
2.934780253844042878e-09
2.931812161551465476e-09
2.928846947708320652e-09
2.925884613391893696e-09
2.922925159262817367e-09
2.919968585562667281e-09
2.917014892111627193e-09
2.914064078306063294e-09
2.911116143116171702e-09
2.908171085083541181e-09
2.905228902318770030e-09
