-1.231973487606887708e-07
-1.232716299798412791e-07
-1.232621051117092124e-07
-1.232203707342418081e-07
-1.231462648370730188e-07
-1.230746601849977060e-07
-1.230052695489104950e-07
-1.228927620407107569e-07
-1.227677944600533441e-07
-1.226595587252070564e-07
-1.225514169286282633e-07
-1.223955627811906466e-07
-1.222102525446333654e-07
-1.220177495957898632e-07
-1.218115535968751060e-07
-1.215671225651052952e-07
-1.213052853550162457e-07
-1.210502513553495112e-07
-1.208083076496682693e-07
-1.205624158190183792e-07
-1.202827723207464551e-07
-1.199806703205312051e-07
-1.196726818068461803e-07
-1.193637077634772815e-07
-1.190438104257006038e-07
-1.186958292269401059e-07
-1.183314404706735876e-07
-1.179664336120922207e-07
-1.176094186940841935e-07
-1.172599498528591768e-07
-1.169064765479196808e-07
-1.165329571828166611e-07
-1.161476835474306345e-07
-1.157631884199576740e-07
-1.153874965435484129e-07
-1.150230326601926800e-07
-1.146654382008609747e-07
-1.143022937292979922e-07
-1.139187755931589025e-07
-1.135206327697874233e-07
-1.131178906247561549e-07
-1.127180649625354298e-07
-1.123255780308547771e-07
-1.119411297810184165e-07
-1.115610230910442822e-07
-1.111764416587203846e-07
-1.107773041989025308e-07
-1.103672915401175551e-07
-1.099528154834758143e-07
-1.095385337702653312e-07
-1.091270018748093930e-07
-1.087183011165004627e-07
-1.083096424783980611e-07
-1.078949455203056844e-07
-1.074675953409217812e-07
-1.070308154793695660e-07
-1.065898677118637712e-07
-1.061489529035982750e-07
-1.057110104983271210e-07
-1.052775054899535318e-07
-1.048482025805672794e-07
-1.044209272292363967e-07
-1.039913132958924760e-07
-1.035548053017149198e-07
-1.031139722160576673e-07
-1.026728745961494531e-07
-1.022348701944859051e-07
-1.018024932592427738e-07
-1.013773270117841508e-07
-1.009598691552107937e-07
-1.005493902676576678e-07
-1.001437849346324699e-07
-9.973941547400339655e-08
-9.933094810777988797e-08
-9.891319868436504484e-08
-9.848763171545695328e-08
-9.805727892331898950e-08
-9.762481469736961314e-08
-9.719249567327983140e-08
-9.676209718067573844e-08
-9.633484649866009421e-08
-9.591135285848389044e-08
-9.549153413237695206e-08
-9.507454014786469694e-08
-9.465867256673897392e-08
-9.424130126785510797e-08
-9.381991187661367748e-08
-9.339573480401921054e-08
-9.297082673176565641e-08
-9.254697591942463475e-08
-9.212566458893920174e-08
-9.170802959050918033e-08
-9.129482132000786668e-08
-9.088636085813541140e-08
-9.048249530171011641e-08
-9.008255125719628614e-08
-8.968528646676776650e-08
-8.928883953717537589e-08
-8.889067774162912481e-08
-8.848847116148063010e-08
-8.808305349464921762e-08
-8.767600332712090289e-08
-8.726875276243996449e-08
-8.686256749429935686e-08
-8.645852604515544017e-08
-8.605749815767581264e-08
-8.566012232594516679e-08
-8.526678245325463090e-08
-8.487758362343085736e-08
-8.449232697254964227e-08
-8.411048364788924973e-08
-8.373116784105098297e-08
-8.335310888210574935e-08
-8.297462238166268854e-08
-8.259419456235719816e-08
-8.221243134782726083e-08
-8.183043426497773866e-08
-8.144920856294757665e-08
-8.106965176299793697e-08
-8.069254178092198198e-08
-8.031852461621395440e-08
-7.994810160188018972e-08
-7.958161620885542929e-08
-7.921924039906967332e-08
-7.886096052108254040e-08
-7.850656274232951272e-08
-7.815561801189428067e-08
-7.780746654783801342e-08
-7.746120184306098060e-08
-7.711565418366983286e-08
-7.676937367381053445e-08
-7.642108437661523381e-08
-7.607117550025529580e-08
-7.572043904986478665e-08
-7.536961547790388902e-08
-7.501938782237792836e-08
-7.467037564638953305e-08
-7.432312877651747853e-08
-7.397812083738021368e-08
-7.363574258005590690e-08
-7.329629500163781240e-08
-7.295998225355640148e-08
-7.262690433601940114e-08
-7.229704957614510844e-08
-7.197028688722159715e-08
-7.164635780652492312e-08
-7.132486830928260211e-08
-7.100528039613779074e-08
-7.068690345166239424e-08
-7.036888537139923062e-08
-7.005049214718161613e-08
-6.973201620882172955e-08
-6.941399398177467675e-08
-6.909692647704079939e-08
-6.878127588840413141e-08
-6.846746208776929785e-08
-6.815585901739191213e-08
-6.784679097787614283e-08
-6.754052881083323816e-08
-6.723728597494759801e-08
-6.693721451437070440e-08
-6.664040091828780884e-08
-6.634686187046967771e-08
-6.605653988767331257e-08
-6.576929884572819280e-08
-6.548491939220959763e-08
-6.520309424442710822e-08
-6.492342337173192748e-08
-6.464540906081461859e-08
-6.436845086302211250e-08
-6.409184042238559636e-08
-6.381497264468724200e-08
-6.353802430077603013e-08
-6.326136145804276649e-08
-6.298532974075786098e-08
-6.271025253699138445e-08
-6.243642915721004142e-08
-6.216413294403019965e-08
-6.189360933265978496e-08
-6.162507386153392404e-08
-6.135871013261177660e-08
-6.109466772091797536e-08
-6.083306003277859228e-08
-6.057396211226863677e-08
-6.031740839541289428e-08
-6.006339041158147349e-08
-5.981185443168755524e-08
-5.956269906258332252e-08
-5.931577278726278864e-08
-5.907087145031311721e-08
-5.882773568813192281e-08
-5.858604830347783769e-08
-5.834543158376169939e-08
-5.810544456268253674e-08
-5.786571707127169734e-08
-5.762637706123947000e-08
-5.738767240573576853e-08
-5.714983788433898797e-08
-5.691309417903614804e-08
-5.667764684598699988e-08
-5.644368526296594573e-08
-5.621138155217513222e-08
-5.598088947826895912e-08
-5.575234332133856696e-08
-5.552585672461148462e-08
-5.530152151674052672e-08
-5.507940650833160660e-08
-5.485955626260612125e-08
-5.464198983989896479e-08
-5.442669951582097081e-08
-5.421364947283451258e-08
-5.400277446505169173e-08
-5.379397845598965028e-08
-5.358713322911664320e-08
-5.338207697093425886e-08
-5.317861282639194348e-08
-5.297650742638646297e-08
-5.277548938716466648e-08
-5.257524778139904616e-08
-5.237543058067709970e-08
-5.217574355103167649e-08
-5.197626299613336356e-08
-5.177715578840235976e-08
-5.157858155551453814e-08
-5.138069216687311033e-08
-5.118363120889309668e-08
-5.098753344907792262e-08
-5.079252428873844137e-08
-5.059871920428741457e-08
-5.040622317701384178e-08
-5.021513011126146196e-08
-5.002552224088711811e-08
-4.983746952393236730e-08
-4.965102902541410360e-08
-4.946624428813231848e-08
-4.928314469143039243e-08
-4.910174479775629899e-08
-4.892204368702030068e-08
-4.874402427856572115e-08
-4.856765264075585744e-08
-4.839287728798125518e-08
-4.821962846509737216e-08
-4.804781741912984128e-08
-4.787733565818237579e-08
-4.770805419746050276e-08
-4.753982279231173071e-08
-4.737246915819373561e-08
-4.720579817746060333e-08
-4.703959109292075343e-08
-4.687366757309896810e-08
-4.670808077266898281e-08
-4.654294076049631854e-08
-4.637835314279265226e-08
-4.621441878527945470e-08
-4.605123352999014106e-08
-4.588888790661576126e-08
-4.572746683842226782e-08
-4.556704934263179474e-08
-4.540770822528624460e-08
-4.524950977050875870e-08
-4.509251342416066117e-08
-4.493677147183371161e-08
-4.478232871112969609e-08
-4.462922211820471843e-08
-4.447748050854813521e-08
-4.432712419192062953e-08
-4.417816462145029855e-08
-4.403060403682001119e-08
-4.388443510152094276e-08
-4.373964053412418420e-08
-4.359619273355042146e-08
-4.345405339825697860e-08
-4.331317313935119797e-08
-4.317349108756701374e-08
-4.303493449404279927e-08
-4.289741832491697258e-08
-4.276084484965218302e-08
-4.262510322305977649e-08
-4.249006906100861092e-08
-4.235560400974489409e-08
-4.222155530880869731e-08
-4.208775534749707721e-08
-4.195406612054273527e-08
-4.182051810915724803e-08
-4.168718333654464940e-08
-4.155413146639694894e-08
-4.142142966609877398e-08
-4.128914246756386005e-08
-4.115733162564085434e-08
-4.102605597410440704e-08
-4.089537127920702610e-08
-4.076533009076378309e-08
-4.063598159077974343e-08
-4.050737143957021214e-08
-4.037954161940035103e-08
-4.025253027558615864e-08
-4.012637155505660134e-08
-4.000109544239085833e-08
-3.987672759325826577e-08
-3.975328916529560255e-08
-3.963079664636853303e-08
-3.950926168023488884e-08
-3.938869088957414138e-08
-3.926908569635482181e-08
-3.915044213955979383e-08
-3.903275069022984665e-08
-3.891599606379754344e-08
-3.880015702973621370e-08
-3.868520621846072727e-08
-3.857110992550865070e-08
-3.845782791294788036e-08
-3.834531320801061971e-08
-3.823351189896281977e-08
-3.812236292813608569e-08
-3.801179788216919870e-08
-3.790174077939152389e-08
-3.779210785436580037e-08
-3.768280733956799315e-08
-3.757373924416925341e-08
-3.746482194562908860e-08
-3.735607487553896517e-08
-3.724754222926056132e-08
-3.713926668576829458e-08
-3.703128933347749205e-08
-3.692364959495183693e-08
-3.681638515041742489e-08
-3.670953186015777758e-08
-3.660312368570947056e-08
-3.649719260990523408e-08
-3.639176855572491444e-08
-3.628687930396136351e-08
-3.618255040969322279e-08
-3.607880511755806399e-08
-3.597566427581670762e-08
-3.587314624920175166e-08
-3.577126683054968139e-08
-3.567003915119624497e-08
-3.556947359015097005e-08
-3.546957768201127545e-08
-3.537035602365547895e-08
-3.527181017964711730e-08
-3.517393858641519108e-08
-3.507673645513248023e-08
-3.498019567333438116e-08
-3.488430470526736644e-08
-3.478904849092287592e-08
-3.469440834380042671e-08
-3.460036184735094664e-08
-3.450688275011977979e-08
-3.441394085958162163e-08
-3.432150193463412464e-08
-3.422952757677942332e-08
-3.413797511996348266e-08
-3.404679751907777638e-08
-3.395594323709724875e-08
-3.386535613088535096e-08
-3.377497533562007479e-08
-3.368473514784798474e-08
-3.359458209005975555e-08
-3.350452776040498127e-08
-3.341459968644888721e-08
-3.332482445374394196e-08
-3.323522766559881657e-08
-3.314583390230693010e-08
-3.305666667979968111e-08
-3.296774840775837215e-08
-3.287910034713469354e-08
-3.279074256712485099e-08
-3.270269390156734690e-08
-3.261497190475325826e-08
-3.252759280667675150e-08
-3.244057146769722711e-08
-3.235392133262127313e-08
-3.226765438419209261e-08
-3.218178109600142012e-08
-3.209631038480244025e-08
-3.201124956222022097e-08
-3.192660428588935411e-08
-3.184237850996280623e-08
-3.175857443502975893e-08
-3.167519245743508651e-08
-3.159223111797044766e-08
-3.150968704997563713e-08
-3.142755492680053999e-08
-3.134582740866785638e-08
-3.126449508890939253e-08
-3.118354643957349594e-08
-3.110296775640339649e-08
-3.102274310320605454e-08
-3.094285425555776886e-08
-3.086328064389951729e-08
-3.078399929597675994e-08
-3.070498477864672071e-08
-3.062620913903831047e-08
-3.054764184506527452e-08
-3.046924972529068484e-08
-3.039099690812563798e-08
-3.031285463248915786e-08
-3.023483154355787850e-08
-3.015694532901214974e-08
-3.007921300621389255e-08
-3.000165089772948432e-08
-2.992427460654633582e-08
-2.984709899098317312e-08
-2.977013813929955661e-08
-2.969340534399071080e-08
-2.961691307578174998e-08
-2.954067295729997852e-08
-2.946469573644276546e-08
-2.938899125943784360e-08
-2.931356844356444803e-08
-2.923843524958956367e-08
-2.916359865386300384e-08
-2.908906462010374205e-08
-2.901483807085684057e-08
-2.894092285864208552e-08
-2.886732173676683620e-08
-2.879403632981072200e-08
-2.872106710380167853e-08
-2.864841333604198700e-08
-2.857607308462500773e-08
-2.850404315759979933e-08
-2.843231908182139932e-08
-2.836089507146240084e-08
-2.828976399617884057e-08
-2.821891734895572622e-08
-2.814834521359968888e-08
-2.807803623190492200e-08
-2.800797757046259582e-08
-2.793815488714459735e-08
-2.786855229723246956e-08
-2.779915233919990416e-08
-2.772993594015809531e-08
-2.766088238094171657e-08
-2.759196926085098585e-08
-2.752317246204298928e-08
-2.745447274283259565e-08
-2.738587604536651360e-08
-2.731739437943777792e-08
-2.724903929126582536e-08
-2.718082184841924523e-08
-2.711275262456713502e-08
-2.704484168406382532e-08
-2.697709856635070855e-08
-2.690953227020259412e-08
-2.684215123778538039e-08
-2.677496333854695710e-08
-2.670797585293144843e-08
-2.664119545592295107e-08
-2.657462820040732226e-08
-2.650827950035848647e-08
-2.644215411384925070e-08
-2.637625612588023605e-08
-2.631058893103279850e-08
-2.624515521594851297e-08
-2.617995694160551854e-08
-2.611499532544115676e-08
-2.605027082328049075e-08
-2.598578311107195203e-08
-2.592153106646340784e-08
-2.585751275016375697e-08
-2.579372538715301592e-08
-2.573016534767689142e-08
-2.566682812806830012e-08
-2.560370833139113052e-08
-2.554079964787216063e-08
-2.547809483516864454e-08
-2.541558569842806835e-08
-2.535326307017200105e-08
-2.529111678997359040e-08
-2.522913568396278346e-08
-2.516730754411757214e-08
-2.510561910738386343e-08
-2.504405603458019661e-08
-2.498260288912398140e-08
-2.492124749819738461e-08
-2.485999435724548305e-08
-2.479885195273636727e-08
-2.473782843885360424e-08
-2.467693162776739892e-08
-2.461616897982943019e-08
-2.455554759364138624e-08
-2.449507419604017967e-08
-2.443475513197012679e-08
-2.437459635425943530e-08
-2.431460341329050511e-08
-2.425478144657175173e-08
-2.419513516820030795e-08
-2.413566885822542083e-08
-2.407638635190510273e-08
-2.401729102885892806e-08
-2.395838580211704545e-08
-2.389967310706189462e-08
-2.384115489026640653e-08
-2.378283259822429620e-08
-2.372470716597384443e-08
-2.366677900561301450e-08
-2.360904799471333180e-08
-2.355151346461885162e-08
-2.349417418864059442e-08
-2.343702837014279914e-08
-2.338007363051740451e-08
-2.332330699704976279e-08
-2.326672489068014527e-08
-2.321032311364646457e-08
-2.315409683702087313e-08
-2.309804058813611820e-08
-2.304214823789640599e-08
-2.298641298798656558e-08
-2.293082735795015435e-08
-2.287538317217668930e-08
-2.282007154675857432e-08
-2.276488287624731657e-08
-2.270980682028594690e-08
-2.265483530677670246e-08
-2.259997174600222350e-08
-2.254522228139405519e-08
-2.249059281052886298e-08
-2.243608897862185632e-08
-2.238171617196157861e-08
-2.232747951127925716e-08
-2.227338384505507237e-08
-2.221943374276896950e-08
-2.216563348808217238e-08
-2.211198707195390922e-08
-2.205849818570006359e-08
-2.200517021398653774e-08
-2.195200622775682528e-08
-2.189900897709640047e-08
-2.184618088403327241e-08
-2.179352403527723177e-08
-2.174104017488517087e-08
-2.168873069687153844e-08
-2.163659663774537391e-08
-2.158463866899259213e-08
-2.153285708947448149e-08
-2.148125181778466088e-08
-2.142982238451474908e-08
-2.137856792447642517e-08
-2.132748716883328320e-08
-2.127657843718981252e-08
-2.122583962959909264e-08
-2.117526821850002227e-08
-2.112486124060248230e-08
-2.107461528868819585e-08
-2.102452650335418854e-08
-2.097459056468220960e-08
-2.092480268384580989e-08
-2.087515759464099519e-08
-2.082564954495373567e-08
-2.077627228815621557e-08
-2.072701907443516795e-08
-2.067788264204632564e-08
-2.062885731919183575e-08
-2.057994546324765449e-08
-2.053115132485665889e-08
-2.048247896150115300e-08
-2.043393223293526589e-08
-2.038551479657599724e-08
-2.033723010285315533e-08
-2.028908139051863086e-08
-2.024107168191664109e-08
-2.019320377821266453e-08
-2.014548025458074537e-08
-2.009790345535011705e-08
-2.005047548911241244e-08
-2.000319822378298199e-08
-1.995607328162645118e-08
-1.990910203423900987e-08
-1.986228559748457469e-08
-1.981562482639604446e-08
-1.976912031002937981e-08
-1.972277236627913288e-08
-1.967658103664720493e-08
-1.963054608097585983e-08
-1.958466697213107689e-08
-1.953894289064884936e-08
-1.949337271933435679e-08
-1.944795503782351053e-08
-1.940268811709362774e-08
-1.935756991394008831e-08
-1.931259806540214010e-08
-1.926776988314861567e-08
-1.922308234782040730e-08
-1.917853210332705339e-08
-1.913411545110109888e-08
-1.908982834430875081e-08
-1.904566638201420181e-08
-1.900162480330172767e-08
-1.895769848135318337e-08
-1.891388191747871700e-08
-1.887016923510542995e-08
-1.882655595462607739e-08
-1.878304442177777403e-08
-1.873963862087664403e-08
-1.869634241381995208e-08
-1.865315953720331284e-08
-1.861009359940905483e-08
-1.856714807767077816e-08
-1.852432631511806317e-08
-1.848163151778566661e-08
-1.843906675161189491e-08
-1.839663493940213337e-08
-1.835433885777488210e-08
-1.831218113407529368e-08
-1.827016424327353706e-08
-1.822829050482994842e-08
-1.818656207953822877e-08
-1.814498096634569215e-08
-1.810354899914609452e-08
-1.806226784354717733e-08
-1.802113899361376301e-08
-1.798016376858680589e-08
-1.793934330957124858e-08
-1.789867857621035552e-08
-1.785817034331943530e-08
-1.781781919750248339e-08
-1.777762553374773170e-08
-1.773758955198468796e-08
-1.769771125362551161e-08
-1.765799043807763685e-08
-1.761842669922748084e-08
-1.757901942190261204e-08
-1.753976777830384232e-08
-1.750067072441475683e-08
-1.746172699638059856e-08
-1.742293510686545754e-08
-1.738429334137705444e-08
-1.734579975457189356e-08
-1.730745216652910195e-08
-1.726924815899520155e-08
-1.723118586317781211e-08
-1.719326636900863218e-08
-1.715549141436765565e-08
-1.711786260050068981e-08
-1.708038138944686008e-08
-1.704304910145524884e-08
-1.700586691237434317e-08
-1.696883585102601438e-08
-1.693195679656217299e-08
-1.689523047579669108e-08
-1.685865746052050633e-08
-1.682223816479975240e-08
-1.678597284224637390e-08
-1.674986158327846119e-08
-1.671390431235625615e-08
-1.667810078519410683e-08
-1.664245058596098718e-08
-1.660695312445582743e-08
-1.657160763326167863e-08
-1.653641316488586470e-08
-1.650136858887233133e-08
-1.646647258889757697e-08
-1.643172365985165484e-08
-1.639712010488391067e-08
-1.636266003244699977e-08
-1.632834135330608985e-08
-1.629416177753346568e-08
-1.626011881148439315e-08
-1.622620975474475667e-08
-1.619243169707127503e-08
-1.615878151529228730e-08
-1.612525587020782397e-08
-1.609185120345432773e-08
-1.605856373435389275e-08
-1.602538945674276488e-08
-1.599232413577962554e-08
-1.595936330472814371e-08
-1.592650226172327209e-08
-1.589373606651673482e-08
-1.586106063427065693e-08
-1.582847607371224223e-08
-1.579598348120663614e-08
-1.576358385442610972e-08
-1.573127809062198342e-08
-1.569906698487236082e-08
-1.566695122832684467e-08
-1.563493140642786703e-08
-1.560300799713403099e-08
-1.557118136911533498e-08
-1.553945177994914143e-08
-1.550781937429688213e-08
-1.547628418206811433e-08
-1.544484611657427343e-08
-1.541350497266972024e-08
-1.538226042487871952e-08
-1.535111202550986190e-08
-1.532005920276027181e-08
-1.528910125880336444e-08
-1.525823736786603460e-08
-1.522746657429385482e-08
-1.519678779059997135e-08
-1.516619979550571840e-08
-1.513570123196510575e-08
-1.510529060517600849e-08
-1.507496628058323396e-08
-1.504472648185856983e-08
-1.501456928888162630e-08
-1.498449263569400999e-08
-1.495449430844988803e-08
-1.492457194335009455e-08
-1.489472302456038842e-08
-1.486494488212229769e-08
-1.483523468984264612e-08
-1.480558946318141193e-08
-1.477600605711372237e-08
-1.474648116398647157e-08
-1.471701131135874226e-08
-1.468759285983084205e-08
-1.465822307223271774e-08
-1.462890337201334369e-08
-1.459963620882778222e-08
-1.457042399789737167e-08
-1.454126911919325776e-08
-1.451217391661804894e-08
-1.448314069717782013e-08
-1.445417173015212802e-08
-1.442526924625273196e-08
-1.439643543678358380e-08
-1.436767245278416817e-08
-1.433898240418060513e-08
-1.431036735891811466e-08
-1.428182934209245060e-08
-1.425337033507951306e-08
-1.422499227464719962e-08
-1.419669705207747061e-08
-1.416848651226427717e-08
-1.414036245282170179e-08
-1.411232662317353017e-08
-1.408438072364384229e-08
-1.405652640453758294e-08
-1.402876526521836290e-08
-1.400109885317547029e-08
-1.397352866308855102e-08
-1.394605613588440287e-08
-1.391868265778830187e-08
-1.389140955936705692e-08
-1.386423811456751654e-08
-1.383716953974647464e-08
-1.381020499269987475e-08
-1.378334557167749404e-08
-1.375659231439700190e-08
-1.372994619705105703e-08
-1.370340813330377682e-08
-1.367697897328667418e-08
-1.365065950258437852e-08
-1.362445044121395282e-08
-1.359835244259823014e-08
-1.357236599187489261e-08
-1.354649109873189114e-08
-1.352072759103126935e-08
-1.349507521326536832e-08
-1.346953362537679548e-08
-1.344410240156966689e-08
-1.341878102911866728e-08
-1.339356890716236560e-08
-1.336846534549767373e-08
-1.334346956336164272e-08
-1.331858068820952011e-08
-1.329379775448122021e-08
-1.326911970236369640e-08
-1.324454537654665973e-08
-1.322007352496758539e-08
-1.319570279755057997e-08
-1.317143174494050389e-08
-1.314725881722590885e-08
-1.312318236265638169e-08
-1.309920062635092346e-08
-1.307531174900280621e-08
-1.305151376557115691e-08
-1.302780460396973886e-08
-1.300418208374498311e-08
-1.298064391474855542e-08
-1.295718769580223054e-08
-1.293381091335372536e-08
-1.291051094012493195e-08
-1.288728503375422792e-08
-1.286413033543151930e-08
-1.284104386852116176e-08
-1.281802253718262046e-08
-1.279506312497980069e-08
-1.277216229348477206e-08
-1.274931658087226448e-08
-1.272652240050813576e-08
-1.270377603952612631e-08
-1.268107365740319768e-08
-1.265841128451995707e-08
-1.263578572787882153e-08
-1.261319732669931085e-08
-1.259064729218259077e-08
-1.256813680870958919e-08
-1.254566703335302745e-08
-1.252323909538759540e-08
-1.250085409579315500e-08
-1.247851310675606291e-08
-1.245621717117023995e-08
-1.243396730213186136e-08
-1.241176448243137856e-08
-1.238960966404349119e-08
-1.236750376761243890e-08
-1.234544768193645939e-08
-1.232344226344738597e-08
-1.230148833568521906e-08
-1.227958668877318416e-08
-1.225773807888802858e-08
-1.223594322772622686e-08
-1.221420282196824072e-08
-1.219251751273802270e-08
-1.217088791506101931e-08
-1.214931460731891837e-08
-1.212779813069650673e-08
-1.210633898863468219e-08
-1.208493764627082942e-08
-1.206359452987950359e-08
-1.204231002631169459e-08
-1.202108448242875419e-08
-1.199991820453164974e-08
-1.197881145779017149e-08
-1.195776446566677314e-08
-1.193677740933714673e-08
-1.191585042710847148e-08
-1.189498361383224130e-08
-1.187417702031721797e-08
-1.185343065273418708e-08
-1.183274447202325822e-08
-1.181211839329157170e-08
-1.179155236653365569e-08
-1.177104662302921113e-08
-1.175060143613617498e-08
-1.173021704019237460e-08
-1.170989362997915238e-08
-1.168963136018412849e-08
-1.166943034485856709e-08
-1.164929065687272090e-08
-1.162921232736711104e-08
-1.160919534520320626e-08
-1.158923965640637144e-08
-1.156934516361111726e-08
-1.154951172549958017e-08
-1.152973915623816281e-08
-1.151002722491094507e-08
-1.149037565494992865e-08
-1.147078412356227411e-08
-1.145125226115409507e-08
-1.143177965075154434e-08
-1.141236582741812797e-08
-1.139301027766964872e-08
-1.137371243888432869e-08
-1.135447169871412468e-08
-1.133528739448497597e-08
-1.131615881260330056e-08
-1.129708518795122354e-08
-1.127806570328413491e-08
-1.125909948862177041e-08
-1.124018562063684239e-08
-1.122132312204221807e-08
-1.120251096097258217e-08
-1.118374805036342281e-08
-1.116503324732777738e-08
-1.114636535252786314e-08
-1.112774310954766236e-08
-1.110916520425374500e-08
-1.109063026416423742e-08
-1.107213685780453801e-08
-1.105368349406549786e-08
-1.103526896850551567e-08
-1.101689341597058892e-08
-1.099855729096164155e-08
-1.098026102343320805e-08
-1.096200501844516558e-08
-1.094378965581512789e-08
-1.092561528977016090e-08
-1.090748224859468833e-08
-1.088939083427479573e-08
-1.087134132214708408e-08
-1.085333396053715708e-08
-1.083536897040149335e-08
-1.081744654496657231e-08
-1.079956684936657899e-08
-1.078173002027551715e-08
-1.076393616554057301e-08
-1.074618536381584796e-08
-1.072847766418636694e-08
-1.071081308579863145e-08
-1.069319161748368984e-08
-1.067561321738049724e-08
-1.065807781255600136e-08
-1.064058529862464774e-08
-1.062313553936626857e-08
-1.060572836633680989e-08
-1.058836357848650169e-08
-1.057104094176652524e-08
-1.055376018873922576e-08
-1.053652101818478970e-08
-1.051932309470617827e-08
-1.050216604833107990e-08
-1.048504947411190222e-08
-1.046797293172739529e-08
-1.045093594507424600e-08
-1.043393800186597991e-08
-1.041697855322258534e-08
-1.040005701326199200e-08
-1.038317275868819301e-08
-1.036632512837641210e-08
-1.034951359696719572e-08
-1.033273830243618578e-08
-1.031599953416347850e-08
-1.029929756012981243e-08
-1.028263262663867881e-08
-1.026600495803435218e-08
-1.024941475642082111e-08
-1.023286220137447519e-08
-1.021634744966328889e-08
-1.019987063495616676e-08
-1.018343186753567026e-08
-1.016703123400803965e-08
-1.015066879701194041e-08
-1.013434459492485051e-08
-1.011805864156901257e-08
-1.010181092591512787e-08
-1.008560141178504281e-08
-1.006943003755249810e-08
-1.005329671584335195e-08
-1.003720133323147367e-08
-1.002114374993735053e-08
-1.000512379952148827e-08
-9.989141288579246014e-09
-9.973195996430545897e-09
-9.957287674810871497e-09
-9.941416047561965139e-09
-9.925580810315062398e-09
-9.909781630180083940e-09
-9.894018145427870784e-09
-9.878289965172900978e-09
-9.862596669054899512e-09
-9.846937806916616728e-09
-9.831312898483772284e-09
-9.815721433039417315e-09
-9.800162869099800394e-09
-9.784636634086592257e-09
-9.769142123999656458e-09
-9.753678703084977713e-09
-9.738245703505176011e-09
-9.722842588610942128e-09
-9.707469448810410479e-09
-9.692126519898176048e-09
-9.676814020574499604e-09
-9.661532152231550997e-09
-9.646281098738709467e-09
-9.631061026224896029e-09
-9.615872082862106924e-09
-9.600714398646073447e-09
-9.585588085177042535e-09
-9.570493235438239607e-09
-9.555429923573924425e-09
-9.540398204667013506e-09
-9.525398114514553534e-09
-9.510429669401778622e-09
-9.495492865877074180e-09
-9.480587680523593994e-09
-9.465714069729734156e-09
-9.450871969461228259e-09
-9.436061295029199334e-09
-9.421281940857728721e-09
-9.406533780252984990e-09
-9.391816665164931409e-09
-9.377130425956971033e-09
-9.362474871164626683e-09
-9.347849787260978996e-09
-9.333254938417404435e-09
-9.318690066262696980e-09
-9.304154889642378429e-09
-9.289649104377682778e-09
-9.275172383019777703e-09
-9.260724374607981319e-09
-9.246304704421882622e-09
-9.231912973736194932e-09
-9.217548759572434620e-09
-9.203211614447885028e-09
-9.188901066128472951e-09
-9.174616617375835002e-09
-9.160357745693454231e-09
-9.146124025019883655e-09
-9.131915495163158821e-09
-9.117732302507285370e-09
-9.103574578856246158e-09
-9.089442441263327418e-09
-9.075335991857331429e-09
-9.061255317668943029e-09
-9.047200490455956280e-09
-9.033171566527339768e-09
-9.019168586569624629e-09
-9.005191575465146496e-09
-8.991240542117970305e-09
-8.977315479273869322e-09
-8.963416363339688751e-09
-8.949543154204089074e-09
-8.935695795055079941e-09
-8.921874212199256385e-09
-8.908078314877228358e-09
-8.894307995079920464e-09
-8.880563127364678125e-09
-8.866843568668945150e-09
-8.853149158122485462e-09
-8.839479716863497542e-09
-8.825835047846177474e-09
-8.812214935654221152e-09
-8.798619146309595010e-09
-8.785047427083695654e-09
-8.771499506302451216e-09
-8.757975093156038383e-09
-8.744473877504796047e-09
-8.730995529683812157e-09
-8.717539700310425555e-09
-8.704106020084008563e-09
-8.690694099594114019e-09
-8.677303529117088112e-09
-8.663933878421024500e-09
-8.650584696564926510e-09
-8.637255511698357377e-09
-8.623945830860221947e-09
-8.610655277614084982e-09
-8.597384009563734002e-09
-8.584132312024473225e-09
-8.570900461113527201e-09
-8.557688723635967644e-09
-8.544497356968350629e-09
-8.531326608941539834e-09
-8.518176717724742443e-09
-8.505047911705518319e-09
-8.491940409374810180e-09
-8.478854419205265320e-09
-8.465790139533595645e-09
-8.452747758439696804e-09
-8.439727453626543218e-09
-8.426729392298862192e-09
-8.413753731042084302e-09
-8.400800615699088523e-09
-8.387870181248540505e-09
-8.374962551680214945e-09
-8.362077839873251146e-09
-8.349216147468595151e-09
-8.336377564746535649e-09
-8.323562170500669779e-09
-8.310770031909934975e-09
-8.298001204413575659e-09
-8.285255731583403388e-09
-8.272533644995377068e-09
-8.259834964101682779e-09
-8.247159696100236107e-09
-8.234507835807799258e-09
-8.221879365526090291e-09
-8.209274254914316244e-09
-8.196692460854926681e-09
-8.184133927323661965e-09
-8.171598585255339894e-09
-8.159086352412423321e-09
-8.146597133249202057e-09
-8.134130818778906308e-09
-8.121687286438007695e-09
-8.109266442697713828e-09
-8.096868352422729162e-09
-8.084493112705060583e-09
-8.072140810319595594e-09
-8.059811521611258347e-09
-8.047505312382531265e-09
-8.035222237781476307e-09
-8.022962342187473189e-09
-8.010725659097814586e-09
-7.998512211013727254e-09
-7.986322009323789200e-09
-7.974155054190177454e-09
-7.962011334432699005e-09
-7.949890827410940722e-09
-7.937793498908599728e-09
-7.925719303015788834e-09
-7.913668182011103740e-09
-7.901640066242007763e-09
-7.889634874008042200e-09
-7.877652511438807263e-09
-7.865692872376426333e-09
-7.853755838252802284e-09
-7.841841277969707724e-09
-7.829949047777181173e-09
-7.818078991151026581e-09
-7.806230938670539487e-09
-7.794404707895313358e-09
-7.782600103240899450e-09
-7.770816915855917552e-09
-7.759054923495920866e-09
-7.747313890400136170e-09
-7.735593567161900866e-09
-7.723893690607795345e-09
-7.712213983665978999e-09
-7.700554155241228043e-09
-7.688913900086831709e-09
-7.677292898675421376e-09
-7.665690817071171163e-09
-7.654107306799607977e-09
-7.642542074370634872e-09
-7.630995092085839375e-09
-7.619466392421222381e-09
-7.607955998775122763e-09
-7.596463925374027972e-09
-7.584990177180126672e-09
-7.573534749798403129e-09
-7.562097629382545411e-09
-7.550678792540875103e-09
-7.539278206241269514e-09
-7.527895827717435490e-09
-7.516531604371884445e-09
-7.505185473681653619e-09
-7.493857363101519328e-09
-7.482547189966732108e-09
-7.471254861397940572e-09
-7.459980274201674967e-09
-7.448723314773763084e-09
-7.437483859001129029e-09
-7.426261772162258581e-09
-7.415056908829646471e-09
-7.403869112769249275e-09
-7.392698216840336170e-09
-7.381544042897567296e-09
-7.370406401686620109e-09
-7.359285092746719373e-09
-7.348179904307032796e-09
-7.337090613185546542e-09
-7.326016984685725557e-09
-7.314958772496053314e-09
-7.303915718584848348e-09
-7.292887553097009786e-09
-7.281873994250753773e-09
-7.270874748232626881e-09
-7.259889509093699903e-09
-7.248917958642506698e-09
-7.237959766341024571e-09
-7.227014589198537075e-09
-7.216082071663666265e-09
-7.205161977144256227e-09
-7.194254586383411703e-09
-7.183360308823185273e-09
-7.172479551842737021e-09
-7.161612720716409717e-09
-7.150760218577902792e-09
-7.139922446377838804e-09
-7.129099802847768670e-09
-7.118292684458728267e-09
-7.107501485382106169e-09
-7.096726597449792565e-09
-7.085968410114080858e-09
-7.075227310408350107e-09
-7.064503682904394924e-09
-7.053797909675179178e-09
-7.043110370249973035e-09
-7.032441441577445804e-09
-7.021791497981719494e-09
-7.011160911122374627e-09
-7.000550049952092801e-09
-6.989959280675929625e-09
-6.979388966707601535e-09
-6.968839468629759614e-09
-6.958311144149603082e-09
-6.947804348058052144e-09
-6.937319432184875094e-09
-6.926856745358937326e-09
-6.916416633361722050e-09
-6.905999438886368316e-09
-6.895605501493337435e-09
-6.885235157566967802e-09
-6.874888740271317514e-09
-6.864566579506652185e-09
-6.854269001864486029e-09
-6.843996330583381464e-09
-6.833748885505020852e-09
-6.823526983028148265e-09
-6.813330936064527901e-09
-6.803161053992945398e-09
-6.793017570687855594e-09
-6.782900426785425871e-09
-6.772809482061049188e-09
-6.762744586799872024e-09
-6.752705581713574223e-09
-6.742692297858569929e-09
-6.732704556553899156e-09
-6.722742169297378972e-09
-6.712804937683183224e-09
-6.702892653317583434e-09
-6.693005097735328292e-09
-6.683142042315588863e-09
-6.673303248197215591e-09
-6.663488466193921683e-09
-6.653697436709244801e-09
-6.643929889650348228e-09
-6.634185544343445786e-09
-6.624464109446646777e-09
-6.614765282863379125e-09
-6.605088751656676919e-09
-6.595434191960823467e-09
-6.585801268894729761e-09
-6.576189636473621374e-09
-6.566598937521346555e-09
-6.557028803581817453e-09
-6.547478854829601811e-09
-6.537948699982253408e-09
-6.528437936209627416e-09
-6.518946149044364573e-09
-6.509472912292539958e-09
-6.500017787942173507e-09
-6.490580326073591758e-09
-6.481160064767412283e-09
-6.471756530013783770e-09
-6.462369235620214122e-09
-6.452997683119663242e-09
-6.443641361678304124e-09
-6.434299748003140014e-09
-6.424972306247607384e-09
-6.415658621795713370e-09
-6.406358806238042612e-09
-6.397073101698260809e-09
-6.387801747781695515e-09
-6.378544981542721243e-09
-6.369303037453707100e-09
-6.360076147370772339e-09
-6.350864540501152427e-09
-6.341668443372575996e-09
-6.332488079796505759e-09
-6.323323670838833157e-09
-6.314175434784152429e-09
-6.305043587102646919e-09
-6.295928340417694198e-09
-6.286829904471200581e-09
-6.277748486089416235e-09
-6.268684289150662725e-09
-6.259637514548816300e-09
-6.250608360160924599e-09
-6.241597020812388137e-09
-6.232603688241810095e-09
-6.223628551066823828e-09
-6.214671794749663134e-09
-6.205733601561001220e-09
-6.196814150546076833e-09
-6.187913617488783867e-09
-6.179032174876115003e-09
-6.170169991863856876e-09
-6.161327234238991406e-09
-6.152504064385616786e-09
-6.143700641247799626e-09
-6.134917120294321345e-09
-6.126153653481974510e-09
-6.117410389219161098e-09
-6.108687472329208696e-09
-6.099985044014720664e-09
-6.091303241818970793e-09
-6.082642199590941688e-09
-6.074002047446663172e-09
-6.065382889785696371e-09
-6.056784738868264170e-09
-6.048207579653964828e-09
-6.039651391566568941e-09
-6.031116148446052056e-09
-6.022601818499180564e-09
-6.014108364255234373e-09
-6.005635742514816833e-09
-5.997183904302603704e-09
-5.988752794820090456e-09
-5.980342353395676062e-09
-5.971952513437003330e-09
-5.963583202381038549e-09
-5.955234341645898152e-09
-5.946905846581071462e-09
-5.938597626418614558e-09
-5.930309584222879199e-09
-5.922041616841091263e-09
-5.913793614853140887e-09
-5.905565462522123678e-09
-5.897357037742933928e-09
-5.889168211993077139e-09
-5.880998850280689166e-09
-5.872848811094216346e-09
-5.864717946352273455e-09
-5.856606101351049915e-09
-5.848513114713513461e-09
-5.840438818337604641e-09
-5.832383037345143530e-09
-5.824345590028957167e-09
-5.816326287801567892e-09
-5.808324935142425839e-09
-5.800341329544835369e-09
-5.792375261464888255e-09
-5.784426514267310644e-09
-5.776494864172510265e-09
-5.768580080203955331e-09
-5.760681924134097613e-09
-5.752800150431030038e-09
-5.744934554893172991e-09
-5.737085121836025661e-09
-5.729251880044658592e-09
-5.721434854344468440e-09
-5.713634065566427289e-09
-5.705849530513643048e-09
-5.698081261925329942e-09
-5.690329268442673254e-09
-5.682593554574317693e-09
-5.674874120660715083e-09
-5.667170962838401740e-09
-5.659484073006403361e-09
-5.651813438789013547e-09
-5.644159043501018308e-09
-5.636520866112726170e-09
-5.628898881212210694e-09
-5.621293058971361324e-09
-5.613703365108329392e-09
-5.606129760852850221e-09
-5.598572202908179586e-09
-5.591030643415617588e-09
-5.583505029918623908e-09
-5.575995305323868352e-09
-5.568501407866586043e-09
-5.561023271072746322e-09
-5.553560823721751032e-09
-5.546113989809478571e-09
-5.538682688510719970e-09
-5.531266834142007046e-09
-5.523866336123915303e-09
-5.516481098942488360e-09
-5.509111022112744404e-09
-5.501756000139280879e-09
-5.494415922479357417e-09
-5.487090673504078738e-09
-5.479780132459046488e-09
-5.472484173427556326e-09
-5.465202665290525982e-09
-5.457935471688463976e-09
-5.450682475912018327e-09
-5.443443656236978522e-09
-5.436219012126501035e-09
-5.429008539416691838e-09
-5.421812230287936322e-09
-5.414630073233920556e-09
-5.407462053032536863e-09
-5.400308150714906733e-09
-5.393168343536423712e-09
-5.386042604945323844e-09
-5.378930904552860855e-09
-5.371833208102719484e-09
-5.364749477440278291e-09
-5.357679670482020507e-09
-5.350623741184847294e-09
-5.343581639514453804e-09
-5.336553311415635042e-09
-5.329538698779613895e-09
-5.322537739414078162e-09
-5.315550367010807191e-09
-5.308576511114846163e-09
-5.301616097093009537e-09
-5.294669046101554006e-09
-5.287735275055269236e-09
-5.280814696594463437e-09
-5.273907219054533038e-09
-5.267012746432318774e-09
-5.260131178354230281e-09
-5.253262410045083718e-09
-5.246406332294282488e-09
-5.239562831424269400e-09
-5.232731789256512999e-09
-5.225913083080540407e-09
-5.219106585619627524e-09
-5.212312164998792929e-09
-5.205529684711132459e-09
-5.198759003584782437e-09
-5.191999975749322912e-09
-5.185252450603624312e-09
-5.178516311616345579e-09
-5.171791593688930885e-09
-5.165078368172426422e-09
-5.158376704231960972e-09
-5.151686668828008606e-09
-5.145008326696454465e-09
-5.138341740328337927e-09
-5.131686969950605772e-09
-5.125044073505456658e-09
-5.118413106631254747e-09
-5.111794122641439092e-09
-5.105187172505160982e-09
-5.098592304826529989e-09
-5.092009565824365410e-09
-5.085438999312543283e-09
-5.078880646678521124e-09
-5.072334546863424383e-09
-5.065800736341154340e-09
-5.059279249098010513e-09
-5.052770116612002041e-09
-5.046273367832078839e-09
-5.039789029156461111e-09
-5.033317124412858991e-09
-5.026857674836740844e-09
-5.020410699050352663e-09
-5.013976213041758965e-09
-5.007554230143687647e-09
-5.001144761011608871e-09
-4.994747813602949672e-09
-4.988363393156012432e-09
-4.981991502166908948e-09
-4.975632140370034006e-09
-4.969285304714450204e-09
-4.962950989343996738e-09
-4.956629185573805744e-09
-4.950319881869341544e-09
-4.944023063824648272e-09
-4.937738714139473374e-09
-4.931466812597855206e-09
-4.925207316308442488e-09
-4.918960100033198657e-09
-4.912725014604344287e-09
-4.906501906524395094e-09
-4.900290617935655506e-09
-4.894090986591167258e-09
-4.887902845825421409e-09
-4.881726024523992537e-09
-4.875560347094935663e-09
-4.869405633437949789e-09
-4.863261698915274367e-09
-4.857128354320657625e-09
-4.851005405850649262e-09
-4.844892655073122916e-09
-4.838789898897950130e-09
-4.832696929545922350e-09
-4.826613534518495139e-09
-4.820539496567881464e-09
-4.814474593665190349e-09
-4.808418598970903975e-09
-4.802371280802789690e-09
-4.796332402605967649e-09
-4.790301722921845220e-09
-4.784278995355718802e-09
-4.778263968547570213e-09
-4.772256386138987735e-09
-4.766255986742546373e-09
-4.760262503910287308e-09
-4.754275666101745711e-09
-4.748295196652741223e-09
-4.742320813743430582e-09
-4.736352230366028552e-09
-4.730389154292834917e-09
-4.724431288045428614e-09
-4.718478328860280185e-09
-4.712529968658296638e-09
-4.706585894011693695e-09
-4.700645786111926823e-09
-4.694709320735924066e-09
-4.688776254042957387e-09
-4.682846681881225343e-09
-4.676920785534080017e-09
-4.670998746350891605e-09
-4.665080745741318534e-09
-4.659166965171956554e-09
-4.653257586160281295e-09
-4.647352790270522289e-09
-4.641452759109184615e-09
-4.635557674319175089e-09
-4.629667717576389318e-09
-4.623783070583124031e-09
-4.617903915065045466e-09
-4.612030432764871358e-09
-4.606162805437866123e-09
-4.600301214847388962e-09
-4.594445842759251669e-09
-4.588596870936965647e-09
-4.582754481136781309e-09
-4.576918855102753117e-09
-4.571090174561288461e-09
-4.565268621216569215e-09
-4.559454376745264400e-09
-4.553647622791053418e-09
-4.547848540960218010e-09
-4.542057312815462387e-09
-4.536274119872050298e-09
-4.530499143591222325e-09
-4.524732565375886275e-09
-4.518974566565138759e-09
-4.513225328428810768e-09
-4.507485032162057079e-09
-4.501753858881051610e-09
-4.496031989615931570e-09
-4.490319605306783151e-09
-4.484616886798067156e-09
-4.478924014832482976e-09
-4.473241170046707780e-09
-4.467568532964488733e-09
-4.461906251174732536e-09
-4.456254340180437550e-09
-4.450612780631004573e-09
-4.444981550952017229e-09
-4.439360627329389051e-09
-4.433749983693002678e-09
-4.428149591700956195e-09
-4.422559420724209012e-09
-4.416979437829518780e-09
-4.411409607763962359e-09
-4.405849892938900924e-09
-4.400300253413057503e-09
-4.394760646876957709e-09
-4.389231028636559838e-09
-4.383711351596654178e-09
-4.378201566244118395e-09
-4.372701620632803287e-09
-4.367211460365117261e-09
-4.361731028577331474e-09
-4.356260265921588650e-09
-4.350799110550101448e-09
-4.345347498098036447e-09
-4.339905361666866302e-09
-4.334472631807681381e-09
-4.329049236503912438e-09
-4.323635101155088099e-09
-4.318230148559579045e-09
-4.312834298897133749e-09
-4.307447469712760859e-09
-4.302069575898567625e-09
-4.296700529677341186e-09
-4.291340240585234030e-09
-4.285988615454318752e-09
-4.280645558395151087e-09
-4.275310970779983107e-09
-4.269984751224706697e-09
-4.264666795571389287e-09
-4.259356996871533376e-09
-4.254055245367884343e-09
-4.248761436846161249e-09
-4.243475497900153754e-09
-4.238197361104927526e-09
-4.232926956676385285e-09
-4.227664212454961419e-09
-4.222409053890056101e-09
-4.217161404025749877e-09
-4.211921183483819994e-09
-4.206688310449617948e-09
-4.201462700655279369e-09
-4.196244267365216103e-09
-4.191032921359903468e-09
-4.185828570919693990e-09
-4.180631121810245781e-09
-4.175440477265581062e-09
-4.170256537973146445e-09
-4.165079202057442209e-09
-4.159908365063864977e-09
-4.154743919943320504e-09
-4.149585757035973711e-09
-4.144433764054947441e-09
-4.139287826070553085e-09
-4.134147825493659288e-09
-4.129013642059911827e-09
-4.123885152813832717e-09
-4.118762232091126816e-09
-4.113644751503741291e-09
-4.108532579922982860e-09
-4.103425583462867477e-09
-4.098323625463881115e-09
-4.093226566476467597e-09
-4.088134264243908427e-09
-4.083046573686911599e-09
-4.077963346885177868e-09
-4.072884433062294786e-09
-4.067809678568354321e-09
-4.062738926862499349e-09
-4.057672018497195646e-09
-4.052608791100371398e-09
-4.047549126451605895e-09
-4.042493092685773639e-09
-4.037440804658092169e-09
-4.032392377082178109e-09
-4.027347924527293489e-09
-4.022307561413509213e-09
-4.017271402009111027e-09
-4.012239560425691024e-09
-4.007212150614407966e-09
-4.002189286362738938e-09
-3.997171081290176364e-09
-3.992157648844230234e-09
-3.987149102296906803e-09
-3.982145554740013510e-09
-3.977147119082111645e-09
-3.972153908044382930e-09
-3.967166034155606048e-09
-3.962183609750141632e-09
-3.957206746961673819e-09
-3.952235557720862707e-09
-3.947270153750919768e-09
-3.942310646562810204e-09
-3.937357147452285843e-09
-3.932409767494894763e-09
-3.927468617542622113e-09
-3.922533808219206610e-09
-3.917605449916142783e-09
-3.912683652789007458e-09
-3.907768526752683620e-09
-3.902860181477585158e-09
-3.897958726385171897e-09
-3.893064270644080868e-09
-3.888176923165694277e-09
-3.883296792600211227e-09
-3.878423987331749150e-09
-3.873558615474863032e-09
-3.868700784869674977e-09
-3.863850603078149407e-09
-3.859008177379024104e-09
-3.854173600389276210e-09
-3.849346906652502462e-09
-3.844528115265813392e-09
-3.839717244176926425e-09
-3.834914310175406869e-09
-3.830119328885215841e-09
-3.825332314755219200e-09
-3.820553281051881058e-09
-3.815782239850633806e-09
-3.811019202026890794e-09
-3.806264177248652169e-09
-3.801517173967225558e-09
-3.796778199409221443e-09
-3.792047259567708118e-09
-3.787324359194376636e-09
-3.782609501790148171e-09
-3.777902689597228949e-09
-3.773203923590198206e-09
-3.768513203467639597e-09
-3.763830527643625377e-09
-3.759155893238086361e-09
-3.754489296069714715e-09
-3.749830730645934391e-09
-3.745180190154728584e-09
-3.740537666455960125e-09
-3.735903150072265046e-09
-3.731276630180243941e-09
-3.726658094602217451e-09
-3.722047529796622698e-09
-3.717444920849591762e-09
-3.712850251465815467e-09
-3.708263503959420411e-09
-3.703684659245932901e-09
-3.699113696832100086e-09
-3.694550594807477527e-09
-3.689995329835384396e-09
-3.685447877143874378e-09
-3.680908210516448093e-09
-3.676376302283033933e-09
-3.671852121955708318e-09
-3.667335632127956502e-09
-3.662826792485862850e-09
-3.658325561146653267e-09
-3.653831894649882416e-09
-3.649345747947064182e-09
-3.644867074392614455e-09
-3.640395825733851763e-09
-3.635931952101382115e-09
-3.631475401999343246e-09
-3.627026122295695984e-09
-3.622584058212482142e-09
-3.618149153315976100e-09
-3.613721349506820260e-09
-3.609300587010152241e-09
-3.604886804365709306e-09
-3.600479938418256651e-09
-3.596079924306983772e-09
-3.591686695456089908e-09
-3.587300183564612618e-09
-3.582920318596542557e-09
-3.578547028770140439e-09
-3.574180240548953441e-09
-3.569819878630745874e-09
-3.565465865937807519e-09
-3.561118123606820665e-09
-3.556776570978598524e-09
-3.552441125587673914e-09
-3.548111703152370205e-09
-3.543788217564443772e-09
-3.539470580878517177e-09
-3.535158703302420596e-09
-3.530852493186053003e-09
-3.526551857011555680e-09
-3.522256699382619250e-09
-3.517966923014168741e-09
-3.513682428722102401e-09
-3.509403115412195907e-09
-3.505128880070452469e-09
-3.500859642430249086e-09
-3.496595419458762046e-09
-3.492336252120048610e-09
-3.488082180807342760e-09
-3.483833245338052829e-09
-3.479589484949625173e-09
-3.475350938294251883e-09
-3.471117643435071120e-09
-3.466889637840828911e-09
-3.462666958381864425e-09
-3.458449641324951263e-09
-3.454237722328670622e-09
-3.450031236439002010e-09
-3.445830218084528491e-09
-3.441634701071512895e-09
-3.437444718579372313e-09
-3.433260303155968128e-09
-3.429081486712378649e-09
-3.424908300519101113e-09
-3.420740775200079436e-09
-3.416578940728967842e-09
-3.412422826423555666e-09
-3.408272460941227784e-09
-3.404127872274400647e-09
-3.399989087745077362e-09
-3.395856134000325083e-09
-3.391729037007623361e-09
-3.387607822049487058e-09
-3.383492513718649671e-09
-3.379383135913489025e-09
-3.375279711832943835e-09
-3.371182263971002200e-09
-3.367090814112738171e-09
-3.363005383328639354e-09
-3.358925991969450683e-09
-3.354852659661916095e-09
-3.350785405303125991e-09
-3.346724247055779142e-09
-3.342669202342799816e-09
-3.338620285651328346e-09
-3.334577501913099088e-09
-3.330540853003649370e-09
-3.326510339917332591e-09
-3.322485962762805130e-09
-3.318467720756047831e-09
-3.314455612215966646e-09
-3.310449634557795041e-09
-3.306449784287840574e-09
-3.302456056997563520e-09
-3.298468447358241970e-09
-3.294486949114363075e-09
-3.290511555078858067e-09
-3.286542257126943489e-09
-3.282579046189781269e-09
-3.278621912249592148e-09
-3.274670844333276053e-09
-3.270725830506568892e-09
-3.266786857868497546e-09
-3.262853912545164024e-09
-3.258926979684043294e-09
-3.255006043447951476e-09
-3.251091087009378007e-09
-3.247182092544449289e-09
-3.243279041226614815e-09
-3.239381913221312687e-09
-3.235490687679472936e-09
-3.231605342731642474e-09
-3.227725855482283335e-09
-3.223852202003191216e-09
-3.219984357328132035e-09
-3.216122295445951930e-09
-3.212265989295284962e-09
-3.208415410757845502e-09
-3.204570530653034601e-09
-3.200731318730748484e-09
-3.196897743666535819e-09
-3.193069773054334247e-09
-3.189247373400710304e-09
-3.185430512402377993e-09
-3.181619165830927247e-09
-3.177813310748025911e-09
-3.174012923226018930e-09
-3.170217978342475983e-09
-3.166428450174529439e-09
-3.162644311792782578e-09
-3.158865535255839865e-09
-3.155092091604264390e-09
-3.151323950854968762e-09
-3.147561081995150630e-09
-3.143803452976728656e-09
-3.140051030710050148e-09
-3.136303781058849811e-09
-3.132561668833043764e-09
-3.128824657784170116e-09
-3.125092710598894361e-09
-3.121365788892757134e-09
-3.117643853204499334e-09
-3.113926862990372366e-09
-3.110214776618022382e-09
-3.106507551359976230e-09
-3.102805143388251546e-09
-3.099107507768399403e-09
-3.095414598452627952e-09
-3.091726368274663157e-09
-3.088042768943020913e-09
-3.084363751035614662e-09
-3.080689263993070943e-09
-3.077019256112406839e-09
-3.073353674542105770e-09
-3.069692465274095493e-09
-3.066035573139512943e-09
-3.062382941801248849e-09
-3.058734513748008165e-09
-3.055090230288373395e-09
-3.051450031544625143e-09
-3.047813856446010096e-09
-3.044181642722827520e-09
-3.040553344791926978e-09
-3.036928987737738805e-09
-3.033308614180734136e-09
-3.029692266461283381e-09
-3.026079986636725107e-09
-3.022471816479441607e-09
-3.018867797474056824e-09
-3.015267970815214540e-09
-3.011672377404414416e-09
-3.008081057848542915e-09
-3.004494052456358615e-09
-3.000911401236425493e-09
-2.997333143894762912e-09
-2.993759319831742033e-09
-2.990189968140139050e-09
-2.986625127602038221e-09
-2.983064836686789979e-09
-2.979509133547738598e-09
-2.975958056020679509e-09
-2.972411641620320201e-09
-2.968869927537862790e-09
-2.965332950638901324e-09
-2.961800747460310756e-09
-2.958273354207916367e-09
-2.954750806753702024e-09
-2.951233140632965926e-09
-2.947720391042564084e-09
-2.944212592837112319e-09
-2.940709780527050663e-09
-2.937211988275854930e-09
-2.933719249897261114e-09
-2.930231598852736282e-09
-2.926749068248407668e-09
-2.923271690833168841e-09
-2.919799498995046315e-09
-2.916332524759007936e-09
-2.912870799784556611e-09
-2.909414355362110978e-09
-2.905963222411073944e-09
-2.902517423978144114e-09
-2.899076952610357580e-09
-2.895641792622540618e-09
-2.892211927560325908e-09
-2.888787340195086049e-09
-2.885368012520222004e-09
-2.881953925746347251e-09
-2.878545060297170496e-09
-2.875141395805307651e-09
-2.871742911107403542e-09
-2.868349584240484041e-09
-2.864961392436708430e-09
-2.861578312119738907e-09
-2.858200318899863530e-09
-2.854827387569720520e-09
-2.851459492099910065e-09
-2.848096605634470889e-09
-2.844738700486373763e-09
-2.841385748133149452e-09
-2.838037719212666364e-09
-2.834694583517834114e-09
-2.831356309993167420e-09
-2.828022866729476839e-09
-2.824694220959504979e-09
-2.821370339053773635e-09
-2.818051186515679441e-09
-2.814736727976988626e-09
-2.811426927193246989e-09
-2.808121747039409081e-09
-2.804821149505059575e-09
-2.801525095689877017e-09
-2.798233545798837410e-09
-2.794946459138090726e-09
-2.791663794109717816e-09
-2.788385508207647037e-09
-2.785111558012395450e-09
-2.781841899186985442e-09
-2.778576486471950209e-09
-2.775315273680708166e-09
-2.772058225675961960e-09
-2.768805354509312908e-09
-2.765556683826167566e-09
-2.762312236931897564e-09
-2.759072036789550800e-09
-2.755836106017951403e-09
-2.752604466888647026e-09
-2.749377141324082017e-09
-2.746154150894691530e-09
-2.742935516816960551e-09
-2.739721259950889826e-09
-2.736511400797423333e-09
-2.733305959496037047e-09
-2.730104955822573795e-09
-2.726908409186657494e-09
-2.723716338629066847e-09
-2.720528762819707097e-09
-2.717345700054579656e-09
-2.714167168254107470e-09
-2.710993184959885861e-09
-2.707823767332684879e-09
-2.704658932149843276e-09
-2.701498695802732778e-09
-2.698343074294462250e-09
-2.695192083237124837e-09
-2.692045737849488472e-09
-2.688904052954352629e-09
-2.685767042976122192e-09
-2.682634721938378863e-09
-2.679507103460992639e-09
-2.676384200758030702e-09
-2.673266026635086870e-09
-2.670152593486364125e-09
-2.667043913292755145e-09
-2.663939997618711010e-09
-2.660840857610190208e-09
-2.657746503991634047e-09
-2.654656947063381307e-09
-2.651572196699752071e-09
-2.648492251945222863e-09
-2.645417069640968591e-09
-2.642346595322256239e-09
-2.639280773572358484e-09
-2.636219548017078999e-09
-2.633162861320674452e-09
-2.630110655181094497e-09
-2.627062870325315234e-09
-2.624019446504993615e-09
-2.620980322491129646e-09
-2.617945436070251848e-09
-2.614914724039060846e-09
-2.611888122200150363e-09
-2.608865565357128096e-09
-2.605846987309916918e-09
-2.602832320850214068e-09
-2.599821497756614096e-09
-2.596814448789783088e-09
-2.593811103687854996e-09
-2.590811391161754345e-09
-2.587815238890191372e-09
-2.584822573515146040e-09
-2.581833320636711389e-09
-2.578847404808726025e-09
-2.575864749533756856e-09
-2.572885277258022269e-09
-2.569908909367051088e-09
-2.566935566180599549e-09
-2.563965166947791613e-09
-2.560997629841944124e-09
-2.558032871956416432e-09
-2.555070809299213037e-09
-2.552111356787966328e-09
-2.549154428245423483e-09
-2.546199936394367581e-09
-2.543247792852601991e-09
-2.540297908127940142e-09
-2.537350191613636176e-09
-2.534404551582930104e-09
-2.531460923579631367e-09
-2.528519356056154125e-09
-2.525579925985610780e-09
-2.522642710581401019e-09
-2.519707787297072015e-09
-2.516775233826794062e-09
-2.513845128105403995e-09
-2.510917548308072672e-09
-2.507992572851475840e-09
-2.505070280393236205e-09
-2.502150749832235281e-09
-2.499234060308836313e-09
-2.496320291205349565e-09
