2.145917846436784989e-07
2.149433267192488545e-07
2.151843354067843707e-07
2.153583137180545644e-07
2.154093988100326501e-07
2.153863948480784179e-07
2.152996459239986075e-07
2.150890925743394687e-07
2.148135397642015183e-07
2.145277652138260509e-07
2.142114306533484973e-07
2.137924739141289762e-07
2.133054296745201666e-07
2.127891610364197057e-07
2.122323707426556808e-07
2.115923973091972449e-07
2.109062613145765652e-07
2.102171762158513239e-07
2.095372793693520900e-07
2.088382008643154812e-07
2.080694912786986315e-07
2.072526207122127059e-07
2.064184584551575842e-07
2.055776803529054449e-07
2.047152272446221556e-07
2.038031898641198378e-07
2.028623186307197336e-07
2.019195778111227721e-07
2.009886517079791269e-07
2.000665364592305575e-07
1.991298206570413852e-07
1.981471280932184857e-07
1.971329851200268393e-07
1.961104899261491870e-07
1.950951439871252916e-07
1.940929726448779670e-07
1.930984876989805806e-07
1.920924869786405722e-07
1.910515674617975719e-07
1.899869020732960979e-07
1.889166486182402596e-07
1.878544249568132466e-07
1.868082598589712422e-07
1.857794637332213893e-07
1.847614169185687933e-07
1.837382732287221477e-07
1.826919710035012170e-07
1.816295249837241725e-07
1.805630219346785138e-07
1.795014992173088146e-07
1.784503333257597428e-07
1.774105868182449245e-07
1.763783125657522178e-07
1.753438142431206891e-07
1.742963018162508380e-07
1.732414777655692549e-07
1.721882628279581132e-07
1.711435027739030149e-07
1.701115955824176259e-07
1.690940956795335509e-07
1.680892947026733321e-07
1.670917782532273688e-07
1.660919580996628850e-07
1.650800177721909709e-07
1.640602531302176499e-07
1.630400816700090555e-07
1.620257818205785441e-07
1.610222917767677999e-07
1.600329969069325495e-07
1.590595054902804052e-07
1.581014125388911553e-07
1.571560514594521451e-07
1.562182333097499973e-07
1.552799734049515821e-07
1.543334507307370979e-07
1.533814539005586178e-07
1.524291938817360525e-07
1.514811955689562635e-07
1.505411881348597600e-07
1.496119897854445362e-07
1.486953868125116361e-07
1.477920068353634003e-07
1.469011861239738194e-07
1.460208308958485411e-07
1.451472724787860914e-07
1.442751162317641860e-07
1.433992221050798208e-07
1.425215495953201820e-07
1.416456662782051949e-07
1.407746931280615743e-07
1.399112419436254764e-07
1.390573499216933903e-07
1.382144113293401524e-07
1.373831062254190195e-07
1.365633261820586094e-07
1.357540969568753229e-07
1.349534980666074788e-07
1.341585792129041783e-07
1.333652735109652547e-07
1.325698269185412217e-07
1.317736431016577722e-07
1.309793229655600157e-07
1.301892041379425456e-07
1.294053267947315523e-07
1.286293980741824782e-07
1.278627550572351507e-07
1.271063262920796628e-07
1.263605918408667072e-07
1.256255418265230688e-07
1.249006334576025419e-07
1.241847465091315216e-07
1.234761372373858612e-07
1.227723907065496422e-07
1.220703715051982725e-07
1.213672561703510110e-07
1.206639730508283386e-07
1.199623393101902793e-07
1.192640187851126559e-07
1.185705037708835807e-07
1.178830961289147369e-07
1.172028877067431628e-07
1.165307400609909874e-07
1.158672634737510222e-07
1.152127952528701174e-07
1.145673773065988091e-07
1.139307329830769307e-07
1.133022431651237517e-07
1.126809216108033525e-07
1.120653895302349086e-07
1.114538493891152444e-07
1.108440579294260835e-07
1.102340352693460490e-07
1.096243943130152446e-07
1.090163679135572699e-07
1.084110984737594656e-07
1.078096282702076240e-07
1.072128894544961772e-07
1.066216937274459223e-07
1.060367216822576616e-07
1.054585118125313013e-07
1.048874491810754268e-07
1.043237537454444666e-07
1.037674683361209465e-07
1.032184462832831098e-07
1.026763386880775078e-07
1.021405813343312662e-07
1.016103812366301288e-07
1.010847028206917306e-07
1.005622537319646748e-07
1.000414702683773997e-07
9.952099487748906209e-08
9.900122619030605554e-08
9.848298497684968396e-08
9.796703818177790127e-08
9.745409378676522977e-08
9.694479551945912435e-08
9.643971740727865461e-08
9.593935817432056968e-08
9.544413547964604252e-08
9.495437999520531027e-08
9.447032932167843084e-08
9.399212174049015309e-08
9.351978980027021226e-08
9.305325373602673586e-08
9.259231471929576021e-08
9.213664793754067066e-08
9.168579550105999943e-08
9.123915917567789732e-08
9.079599293948264810e-08
9.035539536187537899e-08
8.991630180320373291e-08
8.947780050763713346e-08
8.904014851256667801e-08
8.860388442681824106e-08
8.816951435871145056e-08
8.773750916967002352e-08
8.730830165450062127e-08
8.688228364760578060e-08
8.645980305438080697e-08
8.604116080705707580e-08
8.562660774424876168e-08
8.521634141346021365e-08
8.481050279581247876e-08
8.440917295224530538e-08
8.401236959045577520e-08
8.362004355182707670e-08
8.323207521760827767e-08
8.284827083360310933e-08
8.246835875262310096e-08
8.209198559396478457e-08
8.171871231916929991e-08
8.134801022332063835e-08
8.097925684114118684e-08
8.061173176714214740e-08
8.024482643175695841e-08
7.987871258941406793e-08
7.951375088622962143e-08
7.915028292486711704e-08
7.878862981142497502e-08
7.842909066744123920e-08
7.807194110669409342e-08
7.771743167648234263e-08
7.736578626306893578e-08
7.701720046096995935e-08
7.667183990577040552e-08
7.632983857014952736e-08
7.599129702280042033e-08
7.565628064992333385e-08
7.532481783897721964e-08
7.499689812437141637e-08
7.467247029478023019e-08
7.435144046176244294e-08
7.403367008936895776e-08
7.371897398442071975e-08
7.340711824713849336e-08
7.309781818181061806e-08
7.279073616717509605e-08
7.248547948620565408e-08
7.218159811497778916e-08
7.187858247030301053e-08
7.157600582035137973e-08
7.127397465876235685e-08
7.097272550965434240e-08
7.067248405585909109e-08
7.037346438938510226e-08
7.007586824570110611e-08
6.977988422171551566e-08
6.948568697731053551e-08
6.919343642030481217e-08
6.890327687470892852e-08
6.861533623214524507e-08
6.832972508629517281e-08
6.804653585024475834e-08
6.776584185659619248e-08
6.748769644021134504e-08
6.721213200345647244e-08
6.693915906381600070e-08
6.666876528374144668e-08
6.640091448260539196e-08
6.613554563062643976e-08
6.587257182463391788e-08
6.561187924554052130e-08
6.535332609738932800e-08
6.509674152784273315e-08
6.484192452998352039e-08
6.458864282529443750e-08
6.433663172768015565e-08
6.408559298840855418e-08
6.383519362182877792e-08
6.358515802192501176e-08
6.333555742035558479e-08
6.308654790900441768e-08
6.283827939193249722e-08
6.259089519779796658e-08
6.234453168476021434e-08
6.209931783781081404e-08
6.185537485847630987e-08
6.161281574684080918e-08
6.137174487582800405e-08
6.113225755769144260e-08
6.089443960265677545e-08
6.065836686966040390e-08
6.042410480912842703e-08
6.019170799774370291e-08
5.996121966514256492e-08
5.973267121248788350e-08
5.950608172286246961e-08
5.928145746342786871e-08
5.905879137929428224e-08
5.883806257904455439e-08
5.861923581185836471e-08
5.840226093618082166e-08
5.818707237988165072e-08
5.797358859184739861e-08
5.776171148495307878e-08
5.755132587035860475e-08
5.734229888307249244e-08
5.713447939873106315e-08
5.692769744153338519e-08
5.672176358328215775e-08
5.651646833347082788e-08
5.631158152036376942e-08
5.610691386628502955e-08
5.590250936060029570e-08
5.569846941180740198e-08
5.549489203045533459e-08
5.529187163478421050e-08
5.508949885297406059e-08
5.488786032198577414e-08
5.468703848296765566e-08
5.448711137320723870e-08
5.428815241460521548e-08
5.409023019865062412e-08
5.389340826787185604e-08
5.369774489374631792e-08
5.350329285103953866e-08
5.331009918855878595e-08
5.311820499629259180e-08
5.292764516891822056e-08
5.273844816565224432e-08
5.255063576642338061e-08
5.236422282434358443e-08
5.217921701445827001e-08
5.199561857874820015e-08
5.181342006736685668e-08
5.163260607608563114e-08
5.145315297992822755e-08
5.127502866296930949e-08
5.109819224427740696e-08
5.092259379997763138e-08
5.074817408141367162e-08
5.057486422938573118e-08
5.040258548444178152e-08
5.023124889320118073e-08
5.006075501068719872e-08
4.989099359864610169e-08
4.972184331983177909e-08
4.955317142823129592e-08
4.938483345521136609e-08
4.921671147254920630e-08
4.904883306095858659e-08
4.888126155220729433e-08
4.871405822332106433e-08
4.854728219463741969e-08
4.838099032628198657e-08
4.821523711305497447e-08
4.805007457772021189e-08
4.788555216268605030e-08
4.772171662007028133e-08
4.755861190013836045e-08
4.739627903810715464e-08
4.723475603930317653e-08
4.707407776266760205e-08
4.691427580259907856e-08
4.675537836912123421e-08
4.659741016637195028e-08
4.644039226939958673e-08
4.628434199925935826e-08
4.612927279640023234e-08
4.597519409233318426e-08
4.582211117957140563e-08
4.567002507983243443e-08
4.551893241049444419e-08
4.536882524929608471e-08
4.521969099727125825e-08
4.507151223990944777e-08
4.492426660653192906e-08
4.477792662787503913e-08
4.463245959187139521e-08
4.448782739761891326e-08
4.434398640752926812e-08
4.420088729764578973e-08
4.405847490612239785e-08
4.391668807985294774e-08
4.377545951924339656e-08
4.363471562111573924e-08
4.349437631973592532e-08
4.335435492595566495e-08
4.321458120727411284e-08
4.307507287350011631e-08
4.293586909516500136e-08
4.279700767916808508e-08
4.265852501151999466e-08
4.252045599929845093e-08
4.238283401181191061e-08
4.224569082096816225e-08
4.210905654084255548e-08
4.197295956644169455e-08
4.183742651165970430e-08
4.170248214642110627e-08
4.156814933300833298e-08
4.143444896156738864e-08
4.130139988478936661e-08
4.116901885176267537e-08
4.103732044099278320e-08
4.090631699258357236e-08
4.077601853957853586e-08
4.064643273845515296e-08
4.051756479877109365e-08
4.038941741195503883e-08
4.026199067924091867e-08
4.013528203873907728e-08
4.000928619164131314e-08
3.988399502755634095e-08
3.975939754896977868e-08
3.963547979482545716e-08
3.951222476322549109e-08
3.938961233324038311e-08
3.926761918583158958e-08
3.914621872387627110e-08
3.902538099129303672e-08
3.890507259126595537e-08
3.878525660355829140e-08
3.866589250091607681e-08
3.854693606455633197e-08
3.842833929873276826e-08
3.831005034437968056e-08
3.819202756672135035e-08
3.807428305651287511e-08
3.795684190480635734e-08
3.783972825773372208e-08
3.772296528236159458e-08
3.760657513212274753e-08
3.749057891182630158e-08
3.737499664224012132e-08
3.725984722424769625e-08
3.714514840257535776e-08
3.703091672908721144e-08
3.691716752564769881e-08
3.680391484654839371e-08
3.669117144049731936e-08
3.657894871216888697e-08
3.646725668331305953e-08
3.635610395341998882e-08
3.624549765994043650e-08
3.613544343805791629e-08
3.602594538001211381e-08
3.591700599397036804e-08
3.580862616244613571e-08
3.570080510026171227e-08
3.559354031205427642e-08
3.548682754932129419e-08
3.538066076700568645e-08
3.527503207961714659e-08
3.516993171688775545e-08
3.506534797896062977e-08
3.496126719110912230e-08
3.485767365798412550e-08
3.475454961738859831e-08
3.465187519357604070e-08
3.454962835007243934e-08
3.444778484201736321e-08
3.434631816802499675e-08
3.424519952156147745e-08
3.414439774183582475e-08
3.404387926420459929e-08
3.394361727837388054e-08
3.384361993637055394e-08
3.374390379932785293e-08
3.364448476526071952e-08
3.354537804799223332e-08
3.344659815584508827e-08
3.334815887009565525e-08
3.325007322319031300e-08
3.315235347672302823e-08
3.305501109917253724e-08
3.295805674339950612e-08
3.286150022390030801e-08
3.276535049381911800e-08
3.266961562171518905e-08
3.257430276808544791e-08
3.247941816164072348e-08
3.238496707533513139e-08
3.229095380214747627e-08
3.219738163061291844e-08
3.210425282010477235e-08
3.201156857586591426e-08
3.191932902378643064e-08
3.182753318492935384e-08
3.173617894980150682e-08
3.164526305236911322e-08
3.155478104381751067e-08
3.146472726605292285e-08
3.137509482494649522e-08
3.128587556331836447e-08
3.119706003366216529e-08
3.110863747060697016e-08
3.102059576311796582e-08
3.093292142643292163e-08
3.084559957373444316e-08
3.075861388755659501e-08
3.067194659092537652e-08
3.058557841823105209e-08
3.049948858583238886e-08
3.041365476239110125e-08
3.032805919270269635e-08
3.024270751950358142e-08
3.015761098327222049e-08
3.007278035199787211e-08
2.998822590776606903e-08
2.990395743320766592e-08
2.981998419780887459e-08
2.973631494408371246e-08
2.965295787360723659e-08
2.956992063290861363e-08
2.948721029922535244e-08
2.940483336611526496e-08
2.932279572892881549e-08
2.924110267013848366e-08
2.915975884452658669e-08
2.907876826422980107e-08
2.899813428364066452e-08
2.891785958416500312e-08
2.883794615883466126e-08
2.875839529677536255e-08
2.867920756752913912e-08
2.860038280523051210e-08
2.852192009263589712e-08
2.844381774500575521e-08
2.836607329383918781e-08
2.828868347046025148e-08
2.821164418945491677e-08
2.813495053195937291e-08
2.805859672879757054e-08
2.798257614346870386e-08
2.790688125498400047e-08
2.783150364055071098e-08
2.775643395810554850e-08
2.768166192869385890e-08
2.760717631869680500e-08
2.753296492190388110e-08
2.745901454143164805e-08
2.738531097148724633e-08
2.731183897897661076e-08
2.723858647546532553e-08
2.716555731695356564e-08
2.709275915025394937e-08
2.702019927494625973e-08
2.694788463452621480e-08
2.687582180747187419e-08
2.680401699822606994e-08
2.673247602809445525e-08
2.666120432605996811e-08
2.659020691951194655e-08
2.651948842489101039e-08
2.644905303824790953e-08
2.637890452571799667e-08
2.630904621390854143e-08
2.623948098020090467e-08
2.617021124296573292e-08
2.610123895169172249e-08
2.603256557702685454e-08
2.596419210073297809e-08
2.589611900555187477e-08
2.582834626498395668e-08
2.576087333297858509e-08
2.569369913353530826e-08
2.562682205021672013e-08
2.556023991557208262e-08
2.549395000047103680e-08
2.542794900334769067e-08
2.536223303935476263e-08
2.529679762942694017e-08
2.523163768925381132e-08
2.516674751816127665e-08
2.510212078790220644e-08
2.503775053135483084e-08
2.497362913112962718e-08
2.490974830808349702e-08
2.484609910974173562e-08
2.478267189862686093e-08
2.471945634049405057e-08
2.465644139247360038e-08
2.459361827607457253e-08
2.453098958412534832e-08
2.446856060382987717e-08
2.440633636664682204e-08
2.434432164235942229e-08
2.428252093309252269e-08
2.422093846727794022e-08
2.415957819356766537e-08
2.409844377469476925e-08
2.403753858128181106e-08
2.397686568559654100e-08
2.391642785525501436e-08
2.385622754687119024e-08
2.379626689965374965e-08
2.373654772894958020e-08
2.367707151973333533e-08
2.361783942004354764e-08
2.355885223436464144e-08
2.350011041695531736e-08
2.344161406512203218e-08
2.338336291243836108e-08
2.332535632191004061e-08
2.326759327908450795e-08
2.321007238510616040e-08
2.315279184971617738e-08
2.309574948419664330e-08
2.303894269426014274e-08
2.298236847288257794e-08
2.292602339308087287e-08
2.286990360063423381e-08
2.281400480674969442e-08
2.275832228067033380e-08
2.270285084222812973e-08
2.264758485433909788e-08
2.259251821544211653e-08
2.253764435188005713e-08
2.248295621022430921e-08
2.242844624954138943e-08
2.237410643360208475e-08
2.231993037864444155e-08
2.226591992338033440e-08
2.221207885038996947e-08
2.215841075408716892e-08
2.210491903669465418e-08
2.205160690418604671e-08
2.199847736219566175e-08
2.194553321189478792e-08
2.189277704583493928e-08
2.184021124375820531e-08
2.178783796837358731e-08
2.173565916110103506e-08
2.168367653778095030e-08
2.163189158435021258e-08
2.158030555248531309e-08
2.152891945521034984e-08
2.147773406247227651e-08
2.142674989668125402e-08
2.137596722821736584e-08
2.132538607090278346e-08
2.127500617743971312e-08
2.122482703481380943e-08
2.117484785966312192e-08
2.112506759361216450e-08
2.107548489857141194e-08
2.102609815200168096e-08
2.097690544214371347e-08
2.092790456321275680e-08
2.087909301055749252e-08
2.083046797578416071e-08
2.078202634184477476e-08
2.073376467809048863e-08
2.068567923528866749e-08
2.063776594060439283e-08
2.059002039254660733e-08
2.054243785587762550e-08
2.049501325648701603e-08
2.044774117622929328e-08
2.040061584772528240e-08
2.035363267454783638e-08
2.030679287617263525e-08
2.026009903696988049e-08
2.021355359632846772e-08
2.016715884581483639e-08
2.012091692631036234e-08
2.007482982512678382e-08
2.002889937310025646e-08
1.998312724166348456e-08
1.993751493989541607e-08
1.989206381155008919e-08
1.984677503206257938e-08
1.980164960553315509e-08
1.975668836168939406e-08
1.971189195282613789e-08
1.966726085072282478e-08
1.962279534353894835e-08
1.957849553268683845e-08
1.953436132968222066e-08
1.949039245297176019e-08
1.944658842473881799e-08
1.940294856768569829e-08
1.935947200179387988e-08
1.931615764106085815e-08
1.927300419021477226e-08
1.923001014140559334e-08
1.918717377087361819e-08
1.914449313559475892e-08
1.910196606990285676e-08
1.905959018208880177e-08
1.901736285097634263e-08
1.897528122247463602e-08
1.893334220610743653e-08
1.889154247151890040e-08
1.884987844495586438e-08
1.880834630572620241e-08
1.876694198263451758e-08
1.872566115039293601e-08
1.868449922600890838e-08
1.864345255010827604e-08
1.860252199239892920e-08
1.856170948882658599e-08
1.852101686813125354e-08
1.848044584987336995e-08
1.843999804244654255e-08
1.839967494107519179e-08
1.835947792579883451e-08
1.831940825944116694e-08
1.827946708556567128e-08
1.823965542641647530e-08
1.819997418084466346e-08
1.816042412222044991e-08
1.812100589633083608e-08
1.808172001926241543e-08
1.804256687527002020e-08
1.800354671463074025e-08
1.796465965148285750e-08
1.792590566165064210e-08
1.788728458045412714e-08
1.784879610050417261e-08
1.781043976948289505e-08
1.777221498790877108e-08
1.773412100688765573e-08
1.769615692584797850e-08
1.765832169026171515e-08
1.762061408934995416e-08
1.758303275377350435e-08
1.754557615330843142e-08
1.750824259450657601e-08
1.747103021834071286e-08
1.743393699783465845e-08
1.739696073567807255e-08
1.736009906182592055e-08
1.732334943108278179e-08
1.728670912067171281e-08
1.725017522778745040e-08
1.721374466713467580e-08
1.717741416845042012e-08
1.714118112988737317e-08
1.710504622024562746e-08
1.706901087427244362e-08
1.703307644459999930e-08
1.699724420032919640e-08
1.696151532560361492e-08
1.692589091817394102e-08
1.689037198795221744e-08
1.685495945555749784e-08
1.681965415085063532e-08
1.678445681146002488e-08
1.674936808129772743e-08
1.671438850906494965e-08
1.667951854674892114e-08
1.664475854810897855e-08
1.661010876715313047e-08
1.657556935660491133e-08
1.654114036636020969e-08
1.650682174193381982e-08
1.647261332289673207e-08
1.643851484130286839e-08
1.640452592010603735e-08
1.637064607156671481e-08
1.633687469564908696e-08
1.630321107840757170e-08
1.626965439036354947e-08
1.623620368487198264e-08
1.620285789647746685e-08
1.616961583926051823e-08
1.613647620517353096e-08
1.610343756236643124e-08
1.607049835350208106e-08
1.603765689406147109e-08
1.600491137063836216e-08
1.597225983922402034e-08
1.593970022348106638e-08
1.590723031300731957e-08
1.587484776158904041e-08
1.584255008544382368e-08
1.581033530340479779e-08
1.577820388743635193e-08
1.574615688160072011e-08
1.571419526564465337e-08
1.568231995396018970e-08
1.565053179453875702e-08
1.561883156791855270e-08
1.558721998612508403e-08
1.555569769160541220e-08
1.552426525615501447e-08
1.549292317983871384e-08
1.546167188990399862e-08
1.543051173968832351e-08
1.539944300751893947e-08
1.536846589560658270e-08
1.533758052893163955e-08
1.530678695412415058e-08
1.527608513833632037e-08
1.524547496810866466e-08
1.521495624822877242e-08
1.518452870058372842e-08
1.515419196300506136e-08
1.512394558810700180e-08
1.509378904211790426e-08
1.506372170370422138e-08
1.503374286278810547e-08
1.500385171935740335e-08
1.497404738226906345e-08
1.494432886804518771e-08
1.491469509966234352e-08
1.488514490533314160e-08
1.485567701728181181e-08
1.482629007051133844e-08
1.479698260156461328e-08
1.476775304727763626e-08
1.473859974352614154e-08
1.470952092396449454e-08
1.468051471875777628e-08
1.465157915330650738e-08
1.462271265824625769e-08
1.459391562205483154e-08
1.456518889124485972e-08
1.453653326331611134e-08
1.450794948599999168e-08
1.447943825649971234e-08
1.445100022072528808e-08
1.442263597252470555e-08
1.439434605290972197e-08
1.436613094927747158e-08
1.433799109462711902e-08
1.430992686677187549e-08
1.428193858754667053e-08
1.425402652201061266e-08
1.422619087764490208e-08
1.419843180354640236e-08
1.417074938961571140e-08
1.414314366574143064e-08
1.411561460097871352e-08
1.408816210272378057e-08
1.406078601588333080e-08
1.403348612203913895e-08
1.400626213860801550e-08
1.397911371799676062e-08
1.395204044675243791e-08
1.392504184470779429e-08
1.389811736412169024e-08
1.387126638881498898e-08
1.384448823330108199e-08
1.381778214191207043e-08
1.379114728791964242e-08
1.376458277265126708e-08
1.373808762460143184e-08
1.371166079853788716e-08
1.368530117460302718e-08
1.365900755741029256e-08
1.363277867513561185e-08
1.360661317860385160e-08
1.358050964037032662e-08
1.355446693096818968e-08
1.352848536360871966e-08
1.350256558660581411e-08
1.347670820914910740e-08
1.345091380073396212e-08
1.342518289058829748e-08
1.339951596709601299e-08
1.337391347721693302e-08
1.334837582590393066e-08
1.332290337551584784e-08
1.329749644522804814e-08
1.327215531043886501e-08
1.324688020217304082e-08
1.322167130648159238e-08
1.319652876383860772e-08
1.317145266853429236e-08
1.314644306806479459e-08
1.312149996251875013e-08
1.309662330396005648e-08
1.307181299580764795e-08
1.304706889221161287e-08
1.302239079742575726e-08
1.299777846517709136e-08
1.297323159803147472e-08
1.294874984675608005e-08
1.292433280967834635e-08
1.289998003204124133e-08
1.287569100535537215e-08
1.285146516674733090e-08
1.282730189830483885e-08
1.280320052641783923e-08
1.277916032111694294e-08
1.275518049540747871e-08
1.273126020460052731e-08
1.270739854564029964e-08
1.268359455642801086e-08
1.265984721514206700e-08
1.263615543955481872e-08
1.261251808634577637e-08
1.258893425072174567e-08
1.256540417740420184e-08
1.254192837793252136e-08
1.251850733259726350e-08
1.249514149000722558e-08
1.247183126665432947e-08
1.244857704647609761e-08
1.242537918041573356e-08
1.240223798597971932e-08
1.237915374679307511e-08
1.235612671215205475e-08
1.233315709657462269e-08
1.231024507934821287e-08
1.228739080407540798e-08
1.226459437821672703e-08
1.224185587263142258e-08
1.221917532111539290e-08
1.219655271993702276e-08
1.217398802737025156e-08
1.215148116322517317e-08
1.212903200837650657e-08
1.210664040428920445e-08
1.208430615254162330e-08
1.206202901434642870e-08
1.203980871006875428e-08
1.201764491874195039e-08
1.199553727758088424e-08
1.197348538149258483e-08
1.195148878258444434e-08
1.192954698966993307e-08
1.190765946777163264e-08
1.188582563762198779e-08
1.186404487516122765e-08
1.184231651103289140e-08
1.182063983007683443e-08
1.179901407081951297e-08
1.177743842496193949e-08
1.175591203686484546e-08
1.173443400303137583e-08
1.171300360800650438e-08
1.169162104122120549e-08
1.167028670148756854e-08
1.164900096226486511e-08
1.162776417132596860e-08
1.160657665042199531e-08
1.158543869494481644e-08
1.156435057358823830e-08
1.154331252800722204e-08
1.152232477247519935e-08
1.150138749353981470e-08
1.148050084967674202e-08
1.145966497094178578e-08
1.143887995862102326e-08
1.141814588487935372e-08
1.139746279240720299e-08
1.137683069406514838e-08
1.135624957252717067e-08
1.133571937992176355e-08
1.131524003747128289e-08
1.129481143512955229e-08
1.127443343121760582e-08
1.125410585205758287e-08
1.123382849160468899e-08
1.121360111107755537e-08
1.119342343858657831e-08
1.117329516876039423e-08
1.115321596237060107e-08
1.113318544595458211e-08
1.111320321143642568e-08
1.109326881574612093e-08
1.107338178043669071e-08
1.105354159129958069e-08
1.103374769797822538e-08
1.101399951357954128e-08
1.099429641428378880e-08
1.097463773895227517e-08
1.095502278873348257e-08
1.093545082666694943e-08
1.091592126834824290e-08
1.089643426100725011e-08
1.087699012099172359e-08
1.085758914401221085e-08
1.083823160488284571e-08
1.081891775726099494e-08
1.079964783338545553e-08
1.078042204381350391e-08
1.076124057715641325e-08
1.074210359981382756e-08
1.072301125570659224e-08
1.070396366600860697e-08
1.068496092887688693e-08
1.066600311918066273e-08
1.064709028822892704e-08
1.062822246349684951e-08
1.060939964835042162e-08
1.059062182177042647e-08
1.057188893807432251e-08
1.055320092663730331e-08
1.053455769161181221e-08
1.051595911164559943e-08
1.049740503959872380e-08
1.047889530225876103e-08
1.046042970005505584e-08
1.044200800677130317e-08
1.042362996925696308e-08
1.040529530713719659e-08
1.038700371252143013e-08
1.036875484971051376e-08
1.035054835490258564e-08
1.033238383589760477e-08
1.031426087180015993e-08
1.029617901272131073e-08
1.027813777947880577e-08
1.026013666329587479e-08
1.024217512549878824e-08
1.022425259721287503e-08
1.020636847905716551e-08
1.018852229496933670e-08
1.017071415917106354e-08
1.015294432204970734e-08
1.013521301703871409e-08
1.011752046041404361e-08
1.009986685109018684e-08
1.008225237041474051e-08
1.006467718196210331e-08
1.004714143132638294e-08
1.002964524591287881e-08
1.001218873472899225e-08
9.994771988173990303e-09
9.977395077827583313e-09
9.960058056237784543e-09
9.942760956707532308e-09
9.925503793080425388e-09
9.908286559525500554e-09
9.891109230320746170e-09
9.873971759635924267e-09
9.856874081314082364e-09
9.839816108652327448e-09
9.822797734181297964e-09
9.805818829443815250e-09
9.788879244772451360e-09
9.771978809066003354e-09
9.755117329565047768e-09
9.738294591626376731e-09
9.721510358496464630e-09
9.704764371083801531e-09
9.688056347730374615e-09
9.671385983981893942e-09
9.654752952357136448e-09
9.638156902116141816e-09
9.621597459027430611e-09
9.605074225134185141e-09
9.588586778519305345e-09
9.572134673069541553e-09
9.555717438238331873e-09
9.539334578807949721e-09
9.522985700117888837e-09
9.506670888051412125e-09
9.490390339119802700e-09
9.474144235786482568e-09
9.457932746305771969e-09
9.441756024561250012e-09
9.425614209903207069e-09
9.409507426985321269e-09
9.393435785600653397e-09
9.377399380516761681e-09
9.361398291310154816e-09
9.345432582200068377e-09
9.329502301881215509e-09
9.313607483356009885e-09
9.297748143765935015e-09
9.281924284222094637e-09
9.266135889635177479e-09
9.250382928544330126e-09
9.234665352945641122e-09
9.218983098119541466e-09
9.203336082457558249e-09
9.187724207288375113e-09
9.172147356702913332e-09
9.156605397378782578e-09
9.141098178403949176e-09
9.125625531099506041e-09
9.110187268841825536e-09
9.094783186883845448e-09
9.079413062175388813e-09
9.064076653183101590e-09
9.048773699709255435e-09
9.033503922709895353e-09
9.018267024112151898e-09
9.003062686630807255e-09
8.987890573584072187e-09
8.972750328708458059e-09
8.957641575973010260e-09
8.942563919392628439e-09
8.927516942840637296e-09
8.912500314528095365e-09
8.897514103893243304e-09
8.882558472819641564e-09
8.867633571607458320e-09
8.852739538845638637e-09
8.837876501283851942e-09
8.823044573703622253e-09
8.808243858789005106e-09
8.793474446996642445e-09
8.778736416425243443e-09
8.764029832684466454e-09
8.749354748763279835e-09
8.734711204897702380e-09
8.720099228437868782e-09
8.705518833714721204e-09
8.690970021905906758e-09
8.676452780901158823e-09
8.661967085167246576e-09
8.647512895612021242e-09
8.633090159448159590e-09
8.618698810056113346e-09
8.604338766846636737e-09
8.590009935122632436e-09
8.575712205940329151e-09
8.561445455970039006e-09
8.547209547356177071e-09
8.533004327576756463e-09
8.518829629302239905e-09
8.504685270253828793e-09
8.490571053061120304e-09
8.476486765119159007e-09
8.462432178444982234e-09
8.448407049533432578e-09
8.434411119212404591e-09
8.420444112497471100e-09
8.406505738446129022e-09
8.392595690010887126e-09
8.378713643892484480e-09
8.364859260391818513e-09
8.351032269261389584e-09
8.337232729994990311e-09
8.323460777970448964e-09
8.309716538955890876e-09
8.296000129007804975e-09
8.282311654368655372e-09
8.268651211363999936e-09
8.255018886299185372e-09
8.241414755355689902e-09
8.227838884486812484e-09
8.214291329313128765e-09
8.200772135017427559e-09
8.187281336239064995e-09
8.173818956968100290e-09
8.160385010438799550e-09
8.146979499022803743e-09
8.133602414121755688e-09
8.120253736059516773e-09
8.106933433973933676e-09
8.093641465708183229e-09
8.080377777701541566e-09
8.067142304879850517e-09
8.053934970545438070e-09
8.040755686266575607e-09
8.027604351766557947e-09
8.014480854812164655e-09
8.001385071101878168e-09
7.988316864153488146e-09
7.975276085191221019e-09
7.962262573032558523e-09
7.949276153974430881e-09
7.936316641678996395e-09
7.923383837059057080e-09
7.910477528162835709e-09
7.897597490058410418e-09
7.884743484717662912e-09
7.871915260899727066e-09
7.859112554034009044e-09
7.846335086102666438e-09
7.833582636295974062e-09
7.820855255154281877e-09
7.808153055542377602e-09
7.795476142277547744e-09
7.782824612047479922e-09
7.770198553327513370e-09
7.757598046297790183e-09
7.745023162759948305e-09
7.732473966053424083e-09
7.719950510971634057e-09
7.707452843677392434e-09
7.694981001618474142e-09
7.682535013442451629e-09
7.670114898911349671e-09
7.657720668815913067e-09
7.645352324889505408e-09
7.633009859721719989e-09
7.620693256671565547e-09
7.608402489780347604e-09
7.596137523684142826e-09
7.583898313526013657e-09
7.571684804867716716e-09
7.559496933601222590e-09
7.547334625859838591e-09
7.535197797928797148e-09
7.523086356155779680e-09
7.511000196860873023e-09
7.498939206246213180e-09
7.486903260305346186e-09
7.474892224732092649e-09
7.462905954829207161e-09
7.450944295416526510e-09
7.439007080738907783e-09
7.427094134373652799e-09
7.415205269137682719e-09
7.403340286994405791e-09
7.391498978959886936e-09
7.379681125009136463e-09
7.367886493981696494e-09
7.356114900532247769e-09
7.344366377685208620e-09
7.332641008264861873e-09
7.320938868159621451e-09
7.309260026254151449e-09
7.297604544361372715e-09
7.285972477154078177e-09
7.274363872096318208e-09
7.262778769374530398e-09
7.251217201828360782e-09
7.239679194881215413e-09
7.228164766470543099e-09
7.216673926977855090e-09
7.205206679158410600e-09
7.193763018070674834e-09
7.182342931005503235e-09
7.170946397415025457e-09
7.159573388841241480e-09
7.148223868844348888e-09
7.136897792930780643e-09
7.125595108481002968e-09
7.114315754676991458e-09
7.103059662429366398e-09
7.091826754304425502e-09
7.080616944450718403e-09
7.069430138525356442e-09
7.058266233620201679e-09
7.047125118187520739e-09
7.036006671965586522e-09
7.024910765903870479e-09
7.013837262087908962e-09
7.002786013664064537e-09
6.991756864763779397e-09
6.980749650427668303e-09
6.969764196529387370e-09
6.958800319699020592e-09
6.947857827246338162e-09
6.936936517083754527e-09
6.926036177648868710e-09
6.915156639325957668e-09
6.904297930188832423e-09
6.893460123752651273e-09
6.882643287749912500e-09
6.871847484075674334e-09
6.861072768732602034e-09
6.850319191775639435e-09
6.839586797256647400e-09
6.828875623168625379e-09
6.818185701389968535e-09
6.807517057628259165e-09
6.796869711364027522e-09
6.786243675794171826e-09
6.775638957775225263e-09
6.765055557766407077e-09
6.754493469772387460e-09
6.743952681285962286e-09
6.733433173230358914e-09
6.722934919901409649e-09
6.712457888909529152e-09
6.702002041121381672e-09
6.691567330601418394e-09
6.681153704553138518e-09
6.670761103260153474e-09
6.660389460026972360e-09
6.650038701119751005e-09
6.639708745706461989e-09
6.629399505797314478e-09
6.619110886184509009e-09
6.608842784382067543e-09
6.598595090565285499e-09
6.588367687510021660e-09
6.578160450531765565e-09
6.567973247424415396e-09
6.557805938398979754e-09
6.547658376021813739e-09
6.537530405152943534e-09
6.527421862883850020e-09
6.517332578475236665e-09
6.507262413115794885e-09
6.497211380315917739e-09
6.487179528125250670e-09
6.477166899512808944e-09
6.467173532321100563e-09
6.457199459219863701e-09
6.447244707659787607e-09
6.437309299826068896e-09
6.427393252591603050e-09
6.417496577470318197e-09
6.407619280569973706e-09
6.397761362545083681e-09
6.387922818549496352e-09
6.378103638188836982e-09
6.368303805472846542e-09
6.358523298767359747e-09
6.348762090746334367e-09
6.339020148343563732e-09
6.329297432704214701e-09
6.319593899136229977e-09
6.309909497061549261e-09
6.300244169967159189e-09
6.290597855355907517e-09
6.280970484697157663e-09
6.271361983377411811e-09
6.261772270650460876e-09
6.252201259587631241e-09
6.242648857027756874e-09
6.233114963526801552e-09
6.223599473307671322e-09
6.214102274209507513e-09
6.204623247636911073e-09
6.195162268509068485e-09
6.185719205208569137e-09
6.176293919530131704e-09
6.166886266629106367e-09
6.157496094969763614e-09
6.148123246273525972e-09
6.138767555466855625e-09
6.129428887883915052e-09
6.120107251879803330e-09
6.110802688597239221e-09
6.101515234898840991e-09
6.092244923329428479e-09
6.082991782078452558e-09
6.073755834942068901e-09
6.064537101285172045e-09
6.055335596003269809e-09
6.046151329484227848e-09
6.036984307569854555e-09
6.027834531517377607e-09
6.018701997960784026e-09
6.009586698871907944e-09
6.000488621521591997e-09
5.991407748440515357e-09
5.982344057379963037e-09
5.973297521272460369e-09
5.964268108192292496e-09
5.955255781315731047e-09
5.946260498881326991e-09
5.937282214149970216e-09
5.928320875364725776e-09
5.919376425710728867e-09
5.910448803274657111e-09
5.901537941004411294e-09
5.892643766668276629e-09
5.883766202814267659e-09
5.874905166729140629e-09
5.866060570397270201e-09
5.857232320459530307e-09
5.848420318171825104e-09
5.839624459363634815e-09
5.830844634396362226e-09
5.822080728121507120e-09
5.813332619838749734e-09
5.804600183253868764e-09
5.795883286436509666e-09
5.787181791777785028e-09
5.778495586361989202e-09
5.769824673881133663e-09
5.761169084605299839e-09
5.752528845115430481e-09
5.743903978271957180e-09
5.735294503183542871e-09
5.726700435175558806e-09
5.718121785758487904e-09
5.709558562596276830e-09
5.701010769474497803e-09
5.692478406268366492e-09
5.683961468910840966e-09
5.675459949360325255e-09
5.666973835568567295e-09
5.658503111448155697e-09
5.650047756840086819e-09
5.641607747481191223e-09
5.633183054971397172e-09
5.624773646740905627e-09
5.616379486017252736e-09
5.608000531792259010e-09
5.599636738788914800e-09
5.591288057428025065e-09
5.582954433794835119e-09
5.574635809605616664e-09
5.566332122173897323e-09
5.558043304376815060e-09
5.549769284621302215e-09
5.541509986810013105e-09
5.533265330307341791e-09
5.525035229905199962e-09
5.516819595788656678e-09
5.508618333501573151e-09
5.500431343912076232e-09
5.492258523177812680e-09
5.484099762711261351e-09
5.475954949144808801e-09
5.467823964295747967e-09
5.459706685131160216e-09
5.451603009520057857e-09
5.443512934149175565e-09
5.435436478160332155e-09
5.427373657483812750e-09
5.419324484811994130e-09
5.411288969573223191e-09
5.403267117905244598e-09
5.395258932628837713e-09
5.387264413221221905e-09
5.379283555789335315e-09
5.371316353043114437e-09
5.363362794268677748e-09
5.355422865301314128e-09
5.347496548498510155e-09
5.339583822712785491e-09
5.331684663264521655e-09
5.323799041914624530e-09
5.315926926837128970e-09
5.308068282591696697e-09
5.300223070096102620e-09
5.292391246598429160e-09
5.284572765649447514e-09
5.276767577074634138e-09
5.268975626946332808e-09
5.261196857555572578e-09
5.253431207384054482e-09
5.245678611075846238e-09
5.237938999409101772e-09
5.230212299267621094e-09
5.222498433612327456e-09
5.214797321452669236e-09
5.207108877817953169e-09
5.199433013728523717e-09
5.191769636166864688e-09
5.184118648048637163e-09
5.176479948193618985e-09
5.168853431296510246e-09
5.161238987897685838e-09
5.153636504353801586e-09
5.146045889163072844e-09
5.138467152585229197e-09
5.130900328576980260e-09
5.123345448562820723e-09
5.115802541414251577e-09
5.108271633429167602e-09
5.100752748311013240e-09
5.093245907147939299e-09
5.085751128391882729e-09
5.078268427837549615e-09
5.070797818601348543e-09
5.063339311100241245e-09
5.055892913030560986e-09
5.048458629346693636e-09
5.041036462239773638e-09
5.033626411116173997e-09
5.026228472576123665e-09
5.018842640392055263e-09
5.011468905486964376e-09
5.004107255912806084e-09
4.996757676828591211e-09
4.989420150478609152e-09
4.982094656170458771e-09
4.974781170253124816e-09
4.967479666094819398e-09
4.960190114060907027e-09
4.952912481491689846e-09
4.945646732680126695e-09
4.938392828849437197e-09
4.931150728130716594e-09
4.923920385540439746e-09
4.916701752957893159e-09
4.909494779102494523e-09
4.902299409511103973e-09
4.895115586515230300e-09
4.887943249218216486e-09
4.880782333472192790e-09
4.873632771855211831e-09
4.866494493648055262e-09
4.859367441207596543e-09
4.852251619487741780e-09
4.845147047449932301e-09
4.838053741737174381e-09
4.830971716656044750e-09
4.823900984158460362e-09
4.816841553823708724e-09
4.809793432840098547e-09
4.802756625986765908e-09
4.795731135615324078e-09
4.788716961631467022e-09
4.781714101476558015e-09
4.774722550109090043e-09
4.767742299986135448e-09
4.760773341044723614e-09
4.753815660683125177e-09
4.746869243742194139e-09
4.739934072486441977e-09
4.733010126585266430e-09
4.726097383094002450e-09
4.719195816434911934e-09
4.712305398378164361e-09
4.705426098022721476e-09
4.698557881777202946e-09
4.691700713340599819e-09
4.684854553683030168e-09
4.678019361026396294e-09
4.671195090824937718e-09
4.664381695745818899e-09
4.657579125649532501e-09
4.650787327570390341e-09
4.644006245696767829e-09
4.637235821351522954e-09
4.630475992972064535e-09
4.623726696090654572e-09
4.616987863314463267e-09
4.610259424305559525e-09
4.603541305760988306e-09
4.596833431392604795e-09
4.590135740267743143e-09
4.583448242258339914e-09
4.576770963618308693e-09
4.570103928704628645e-09
4.563447159962767110e-09
4.556800677911944207e-09
4.550164501130428043e-09
4.543538646240772025e-09
4.536923127894967791e-09
4.530317958759585738e-09
4.523723149500852686e-09
4.517138708769697277e-09
4.510564643186748232e-09
4.504000957327241605e-09
4.497447653705949563e-09
4.490904732761980932e-09
4.484372192843649590e-09
4.477850030193137708e-09
4.471338238931306230e-09
4.464836811042220809e-09
4.458345736357885363e-09
4.451865002542713407e-09
4.445394595078069706e-09
4.438934497246743271e-09
4.432484690117345896e-09
4.426045152528695825e-09
4.419615861074101314e-09
4.413196790085693007e-09
4.406787911618597487e-09
4.400389195435115792e-09
4.394000608988858093e-09
4.387622117408827910e-09
4.381253683483440157e-09
4.374895267644493688e-09
4.368546827951127304e-09
4.362208320073683942e-09
4.355879697277535154e-09
4.349560910406895667e-09
4.343251907868527096e-09
4.336952648550751461e-09
4.330663140878842532e-09
4.324383404459700597e-09
4.318113457200123285e-09
4.311853315294241520e-09
4.305602993210759432e-09
4.299362503680265408e-09
4.293131857682385977e-09
4.286911064433080315e-09
4.280700131371679151e-09
4.274499064148063470e-09
4.268307866609715826e-09
4.262126540788702174e-09
4.255955086888727320e-09
4.249793503272054715e-09
4.243641786446385716e-09
4.237499931051795093e-09
4.231367929847458921e-09
4.225245773698563615e-09
4.219133451562943655e-09
4.213030950477856627e-09
4.206938255546622594e-09
4.200855349925273408e-09
4.194782214809096131e-09
4.188718829419233541e-09
4.182665170989147315e-09
4.176621214751108521e-09
4.170586933922623581e-09
4.164562299692765939e-09
4.158547281208629325e-09
4.152541845561493159e-09
4.146545957773214603e-09
4.140559580782370802e-09
4.134582675430420154e-09
4.128615200447949608e-09
4.122657112440667182e-09
4.116708365875513603e-09
4.110768913066635808e-09
4.104838704161427439e-09
4.098917699285440273e-09
4.093005905249162487e-09
4.087103339484993700e-09
4.081210017938206724e-09
4.075325955056163600e-09
4.069451163777557298e-09
4.063585655521466452e-09
4.057729440176559008e-09
4.051882526090158545e-09
4.046044920057262628e-09
4.040216627309589282e-09
4.034397651504582930e-09
4.028587994714340108e-09
4.022787657414520272e-09
4.016996638473293018e-09
4.011214935140121509e-09
4.005442543034618699e-09
3.999679456135354751e-09
3.993925666768551134e-09
3.988181165596894661e-09
3.982445941608114946e-09
3.976719982103771149e-09
3.971003272687742585e-09
3.965295797254888901e-09
3.959597537979600246e-09
3.953908475304339990e-09
3.948228587928042689e-09
3.942557852794659290e-09
3.936896245081558400e-09
3.931243738187896958e-09
3.925600303722955333e-09
3.919965911494521226e-09
3.914340529497083320e-09
3.908724123900177135e-09
3.903116659036529874e-09
3.897518097390282198e-09
3.891928399585140517e-09
3.886347524372451531e-09
3.880775428619342111e-09
3.875212077237040629e-09
3.869657473184440791e-09
3.864111627976755337e-09
3.858574551784347744e-09
3.853046253423289127e-09
3.847526740345977188e-09
3.842016018631650107e-09
3.836514092976882239e-09
3.831020966686100485e-09
3.825536641662033666e-09
3.820061118396118056e-09
3.814594395958949235e-09
3.809136471990572644e-09
3.803687342690921375e-09
3.798247002810084396e-09
3.792815445638582207e-09
3.787392662997649133e-09
3.781978645229498227e-09
3.776573381187461279e-09
3.771176858226176804e-09
3.765789062191805316e-09
3.760409977412060151e-09
3.755039586686357402e-09
3.749677871275853349e-09
3.744324810893493484e-09
3.738980383694003621e-09
3.733644566263880184e-09
3.728317333611327557e-09
3.722998659156194187e-09
3.717688514719842108e-09
3.712386870515049130e-09
3.707093695135797709e-09
3.701808955547106002e-09
3.696532617074813842e-09
3.691264643395321974e-09
3.686004996525275461e-09
3.680753636811326080e-09
3.675510522919762375e-09
3.670275611826118199e-09
3.665048868850771512e-09
3.659830297978454809e-09
3.654619912047160505e-09
3.649417722742081164e-09
3.644223740587747981e-09
3.639037974940068339e-09
3.633860433978331106e-09
3.628691124697265291e-09
3.623530052898970068e-09
3.618377223184945307e-09
3.613232638947966174e-09
3.608096302364024742e-09
3.602968214384249676e-09
3.597848374726729137e-09
3.592736781868392007e-09
3.587633433036837411e-09
3.582538324202098480e-09
3.577451450068465258e-09
3.572372804066214547e-09
3.567302378343330248e-09
3.562240163757237753e-09
3.557186149866492025e-09
3.552140324922404460e-09
3.547102675860722691e-09
3.542073188293204101e-09
3.537051846499246818e-09
3.532038633417432629e-09
3.527033530637082698e-09
3.522036518389763253e-09
3.517047575540808225e-09
3.512066679580778194e-09
3.507093806616918509e-09
3.502128931364552886e-09
3.497172027138544010e-09
3.492223065844642879e-09
3.487282017970822849e-09
3.482348852578649657e-09
3.477423537294574103e-09
3.472506038301211499e-09
3.467596326261959115e-09
3.462694394223091286e-09
3.457800239999576510e-09
3.452913860261999586e-09
3.448035250529189781e-09
3.443164405160859753e-09
3.438301317350153061e-09
3.433445979116198305e-09
3.428598381296692205e-09
3.423758513540407834e-09
3.418926364299663130e-09
3.414101920822860972e-09
3.409285169146911793e-09
3.404476094089663634e-09
3.399674679242359500e-09
3.394880906962013233e-09
3.390094758363778776e-09
3.385316213313319839e-09
3.380545250419153934e-09
3.375781847024945944e-09
3.371025979201827755e-09
3.366277621740636398e-09
3.361536748144212182e-09
3.356803330619584723e-09
3.352077340070222266e-09
3.347358746088202420e-09
3.342647516946357662e-09
3.337943619590497776e-09
3.333247019631432518e-09
3.328557681337161796e-09
3.323875567624920254e-09
3.319200640053257436e-09
3.314532858814060455e-09
3.309872182724587828e-09
3.305218569219486360e-09
3.300571974342718684e-09
3.295932352739581384e-09
3.291299657648584977e-09
3.286673840893426125e-09
3.282054862831077337e-09
3.277442722394323009e-09
3.272837427534073646e-09
3.268238985302694135e-09
3.263647401848082368e-09
3.259062682407887670e-09
3.254484831303535237e-09
3.249913851934391626e-09
3.245349746771825595e-09
3.240792517353300790e-09
3.236242164276381585e-09
3.231698687192814188e-09
3.227162084802537029e-09
3.222632354847669223e-09
3.218109494106513509e-09
3.213593498387530245e-09
3.209084362523274579e-09
3.204582080364356385e-09
3.200086644773356343e-09
3.195598047618717629e-09
3.191116279768667787e-09
3.186641331085047964e-09
3.182173190417234375e-09
3.177711845595892671e-09
3.173257283426889483e-09
3.168809489685048027e-09
3.164368449107930196e-09
3.159934145389688120e-09
3.155506561174723829e-09
3.151085678051480850e-09
3.146671476546182862e-09
3.142263936116518585e-09
3.137863035145328741e-09
3.133468750934305000e-09
3.129081059697634757e-09
3.124699936555653343e-09
3.120325355528449097e-09
3.115957289529489106e-09
3.111595710359214354e-09
3.107240594122623564e-09
3.102891937591778813e-09
3.098549742097451166e-09
3.094214008124023942e-09
3.089884735304216954e-09
3.085561922413809926e-09
3.081245567366341507e-09
3.076935667207768164e-09
3.072632218111211996e-09
3.068335215371521202e-09
3.064044653399988526e-09
3.059760525718966313e-09
3.055482824956454680e-09
3.051211542840733529e-09
3.046946670194941616e-09
3.042688196931637842e-09
3.038436112047391487e-09
3.034190403617301730e-09
3.029951058789529568e-09
3.025718063779823122e-09
3.021491403866018542e-09
3.017271063382534703e-09
3.013057025714825309e-09
3.008849273293855803e-09
3.004647787590567052e-09
3.000452549110247621e-09
2.996263537387009446e-09
2.992080730978171697e-09
2.987904107458623947e-09
2.983733643415232786e-09
2.979569314441183898e-09
2.975411095130320014e-09
2.971258959071491266e-09
2.967112878842850952e-09
2.962972826006166601e-09
2.958838771101090917e-09
2.954710683639455889e-09
2.950588532099514789e-09
2.946472283920192850e-09
2.942361911900601509e-09
2.938257413522136275e-09
2.934158791923459948e-09
2.930066049518632145e-09
2.925979187992729789e-09
2.921898208297326567e-09
2.917823110646061725e-09
2.913753894510131931e-09
2.909690558613803825e-09
2.905633100929892643e-09
2.901581518675267325e-09
2.897535808306293570e-09
2.893495965514293034e-09
2.889461985221027747e-09
2.885433861574061698e-09
2.881411587942229128e-09
2.877395156911061049e-09
2.873384560278113739e-09
2.869379789048439513e-09
2.865380833429886688e-09
2.861387682828515759e-09
2.857400325843901011e-09
2.853418750264516510e-09
2.849442943063024064e-09
2.845472890391618682e-09
2.841508577577307850e-09
2.837549989117205290e-09
2.833597108673815616e-09
2.829649919070304102e-09
2.825708402285748251e-09
2.821772539450374889e-09
2.817842310840795192e-09
2.813917695875209518e-09
2.809998673108661876e-09
2.806085220228168654e-09
2.802177314047940000e-09
2.798274930504554464e-09
2.794378044652087730e-09
2.790486630657305868e-09
2.786600667160322210e-09
2.782720153458401742e-09
2.778845093565532273e-09
2.774975490866000443e-09
2.771111348110542024e-09
2.767252667412544753e-09
2.763399450244253636e-09
2.759551697432885266e-09
2.755709409156810804e-09
2.751872584941714546e-09
2.748041223656701215e-09
2.744215323510418550e-09
2.740394882047231597e-09
2.736579896143233630e-09
2.732770362002451043e-09
2.728966275152833187e-09
2.725167630442390666e-09
2.721374422035233979e-09
2.717586643407648128e-09
2.713804287344118432e-09
2.710027345933381566e-09
2.706255810564470809e-09
2.702489671922681886e-09
2.698728919985622353e-09
2.694973544019211351e-09
2.691223532573636763e-09
2.687478873479350413e-09
2.683739553843053767e-09
2.680005560043589320e-09
2.676276877727982126e-09
2.672553491807302242e-09
2.668835386452626428e-09
2.665122545090934922e-09
2.661414950401045017e-09
2.657712584309484673e-09
2.654015427986387631e-09
2.650323461841369506e-09
2.646636665519393536e-09
2.642955017896639230e-09
2.639278501957217635e-09
2.635607119513602655e-09
2.631940876703417359e-09
2.628279779125762115e-09
2.624623831837948463e-09
2.620973039352307028e-09
2.617327405632922641e-09
2.613686934092382683e-09
2.610051627588527930e-09
2.606421488421174841e-09
2.602796518328841171e-09
2.599176718485472812e-09
2.595562089497149961e-09
2.591952631398764752e-09
2.588348343650749752e-09
2.584749225135727883e-09
2.581155274155204939e-09
2.577566488426233567e-09
2.573982865078080970e-09
2.570404400648854423e-09
2.566831091082163185e-09
2.563262931723756840e-09
2.559699917318130131e-09
2.556142042005154269e-09
2.552589299316692934e-09
2.549041682173189747e-09
2.545499182880244150e-09
2.541961793125240649e-09
2.538429503973891196e-09
2.534902305866813146e-09
2.531380188616069572e-09
2.527863141401753008e-09
2.524351152768505504e-09
2.520844210622046118e-09
2.517342302225719094e-09
2.513845414196996539e-09
2.510353532503988551e-09
2.506866642461931012e-09
2.503384728729702323e-09
2.499907778143414973e-09
2.496435788270838669e-09
2.492968758978398632e-09
2.489506689602672021e-09
2.486049578947382791e-09
2.482597425280372140e-09
2.479150226330595841e-09
2.475707979285066992e-09
2.472270680785831005e-09
2.468838326926931516e-09
2.465410913251305972e-09
2.461988434747794133e-09
2.458570885848003884e-09
2.455158260423267215e-09
2.451750551781559793e-09
2.448347752664388286e-09
2.444949855243712839e-09
2.441556851118809572e-09
2.438168731313199263e-09
2.434785486271493310e-09
2.431407105856255401e-09
2.428033579344916551e-09
2.424664895426578044e-09
2.421301042198875594e-09
2.417942007164827373e-09
2.414587777229666734e-09
2.411238338697661291e-09
2.407893677268933650e-09
2.404553778036273453e-09
2.401218625481941566e-09
2.397888203474459794e-09
2.394562495265398521e-09
2.391241483486165184e-09
2.387925150144786539e-09
2.384613476622634682e-09
2.381306443671227098e-09
2.378004031408955577e-09
2.374706219317831673e-09
2.371412986240226369e-09
2.368124315096293106e-09
2.364840207118884203e-09
2.361560667821629936e-09
2.358285702294779764e-09
2.355015315202757598e-09
2.351749510781725342e-09
2.348488292837115822e-09
2.345231664741185164e-09
2.341979629430573021e-09
2.338732189403763544e-09
2.335489346718704343e-09
2.332251102990243878e-09
2.329017459387694177e-09
