1.076112080989897991e-07
1.077862897302890159e-07
1.079057999162450010e-07
1.079915523963565156e-07
1.080155331957081065e-07
1.080022321838448726e-07
1.079568630361805205e-07
1.078493345283361216e-07
1.077091345598033716e-07
1.075637134548703650e-07
1.074028376858257459e-07
1.071903314028030028e-07
1.069435219188303756e-07
1.066819295669826220e-07
1.063999326737460516e-07
1.060761842848869012e-07
1.057292602551836012e-07
1.053808256833325768e-07
1.050369528780904963e-07
1.046833899422509318e-07
1.042948093610279453e-07
1.038819790640653965e-07
1.034603909289788188e-07
1.030354128648351527e-07
1.025995101196066123e-07
1.021387041062758315e-07
1.016634078748509610e-07
1.011871462882952124e-07
1.007167824730321184e-07
1.002508082573324017e-07
9.977747852610907197e-08
9.928105311227622335e-08
9.876881882333250623e-08
9.825236315647274560e-08
9.773946376112959008e-08
9.723314587605644296e-08
9.673066053370039072e-08
9.622238100878136789e-08
9.569657368162236751e-08
9.515884481456166315e-08
9.461830343848326251e-08
9.408178155694508188e-08
9.355330796713536940e-08
9.303354189666246091e-08
9.251916529723694965e-08
9.200223263633444136e-08
9.147368685704318417e-08
9.093704605908957134e-08
9.039837136543577751e-08
8.986219402099388685e-08
8.933120869708905185e-08
8.880594592882643922e-08
8.828442314601517652e-08
8.776177375828317670e-08
8.723258311658910267e-08
8.669971230814659222e-08
8.616763812734964815e-08
8.563979743433274956e-08
8.511840026753647148e-08
8.460423145871531018e-08
8.409644048085755557e-08
8.359231925949394733e-08
8.308706767787588807e-08
8.257577071190094766e-08
8.206058467791631685e-08
8.154522950416589861e-08
8.103285352203763308e-08
8.052593256362761537e-08
8.002616332938869368e-08
7.953435090302354734e-08
7.905029029078735336e-08
7.857264186234797090e-08
7.809880057037323864e-08
7.762475882600582174e-08
7.714659120403045864e-08
7.666569498338036501e-08
7.618468281153905216e-08
7.570582331637377686e-08
7.523098614035025839e-08
7.476158417029260355e-08
7.429851290867756902e-08
7.384208693244767159e-08
7.339197338531104692e-08
7.294712244951723902e-08
7.250569474308791206e-08
7.206498558848351421e-08
7.162241811206805590e-08
7.117897541096930207e-08
7.073644709056996317e-08
7.029639904948514816e-08
6.986014213195754610e-08
6.942869935147909999e-08
6.900277166095246362e-08
6.858270224471316906e-08
6.816843930771252095e-08
6.775949733718153642e-08
6.735491681208597884e-08
6.695322233568383091e-08
6.655237916650387142e-08
6.615050882841100390e-08
6.574831464537497121e-08
6.534709891720011856e-08
6.494803168605014042e-08
6.455213359504040785e-08
6.416025803904358300e-08
6.377307259665897583e-08
6.339103973228249298e-08
6.301439675723201452e-08
6.264313503885880165e-08
6.227697844661106054e-08
6.191536102396980964e-08
6.155740387522351995e-08
6.120189125601554556e-08
6.084724585660537662e-08
6.049204730573119052e-08
6.013675966002537418e-08
5.978229368163953670e-08
5.942948352680833727e-08
5.907907763850613176e-08
5.873172930007988000e-08
5.838798684509401799e-08
5.804828351861871800e-08
5.771292698519857099e-08
5.738208847873650907e-08
5.705579158952090997e-08
5.673390068364006497e-08
5.641610895000990091e-08
5.610192607025112389e-08
5.579066550665628666e-08
5.548143140346826988e-08
5.517310509671898400e-08
5.486469932609724429e-08
5.455652185913989979e-08
5.424918996232191575e-08
5.394327551228966274e-08
5.363930014742624106e-08
5.333773025767522868e-08
5.303897181059187928e-08
5.274336501156844355e-08
5.245117879621554452e-08
5.216260515283994033e-08
5.187775327299732302e-08
5.159664352807012849e-08
5.131920126983787553e-08
5.104525045299660015e-08
5.077450707759614043e-08
5.050657244934890009e-08
5.024092625577519323e-08
4.997691945614505834e-08
4.971376698318451616e-08
4.945078718967848885e-08
4.918817911660710595e-08
4.892635354643862371e-08
4.866569433913144711e-08
4.840655586347934763e-08
4.814926035177067870e-08
4.789409517688479098e-08
4.764131005097161956e-08
4.739111414483765163e-08
4.714367312718150748e-08
4.689910612280334225e-08
4.665748258893097723e-08
4.641881910879207678e-08
4.618307610156426153e-08
4.595015444784380314e-08
4.571989202976019862e-08
4.549206018487270359e-08
4.526636007298380519e-08
4.504241895500500615e-08
4.481978638300184710e-08
4.459793030056091052e-08
4.437639499052172445e-08
4.415530871654653530e-08
4.393494038211231541e-08
4.371554258880639569e-08
4.349735026199157345e-08
4.328057923980053676e-08
4.306542482509058356e-08
4.285206029998460438e-08
4.264063540262775830e-08
4.243127476579266656e-08
4.222407631695909939e-08
4.201910963949219892e-08
4.181641429456085080e-08
4.161599810341183013e-08
4.141783538963879306e-08
4.122186518106686166e-08
4.102798937088871683e-08
4.083607083767769831e-08
4.064593152390711630e-08
4.045735047260510537e-08
4.027006182177356999e-08
4.008375275620231263e-08
3.989806141630384307e-08
3.971268206962079201e-08
3.952770024851681178e-08
3.934329625205181121e-08
3.915964090661483856e-08
3.897689484231929973e-08
3.879520775202221525e-08
3.861471763281438195e-08
3.843555000981822659e-08
3.825781714214043552e-08
3.808161721081723960e-08
3.790703348859755910e-08
3.773413349140162311e-08
3.756296811130339165e-08
3.739357073086998110e-08
3.722595631870955780e-08
3.706012050606167484e-08
3.689603864427562054e-08
3.673366484302156665e-08
3.657293098906684332e-08
3.641374574547118801e-08
3.625599353103363956e-08
3.609953347983959761e-08
3.594419838074231998e-08
3.578979359662978684e-08
3.563609596331202498e-08
3.548285266787242266e-08
3.532985203840907810e-08
3.517714742122339842e-08
3.502485675199238110e-08
3.487309252678765720e-08
3.472196142728395935e-08
3.457156393788868214e-08
3.442199395472296573e-08
3.427333838638956417e-08
3.412567674646354746e-08
3.397908073763465354e-08
3.383361382744169339e-08
3.368933081552791818e-08
3.354627739235320543e-08
3.340448968929862360e-08
3.326399382009323016e-08
3.312480541350146827e-08
3.298692913720195678e-08
3.285035821279486748e-08
3.271507392186707621e-08
3.258104510305420083e-08
3.244822764002964571e-08
3.231656394035838933e-08
3.218598240514288842e-08
3.205639688940498278e-08
3.192770615312760751e-08
3.179979330289737098e-08
3.167252522407892586e-08
3.154575200345491875e-08
3.141930634226748173e-08
3.129304970713805119e-08
3.116701734729372493e-08
3.104128704769849188e-08
3.091593351627810118e-08
3.079102819123609416e-08
3.066663904463513568e-08
3.054283038221452144e-08
3.041966263941473142e-08
3.029719217358735042e-08
3.017547105235603139e-08
3.005454683810584302e-08
2.993446236857156088e-08
2.981525553349743960e-08
2.969695904734294915e-08
2.957960021800376714e-08
2.946320071152388322e-08
2.934777631276845156e-08
2.923333668203407806e-08
2.911988510756377274e-08
2.900741825394212253e-08
2.889592590634620643e-08
2.878539071061672070e-08
2.867578790913100032e-08
2.856708507244448228e-08
2.845924182667474296e-08
2.835220957660108079e-08
2.824593122445394857e-08
2.814034088436224349e-08
2.803536359243516464e-08
2.793091501245005733e-08
2.782690113711762716e-08
2.772321798489921854e-08
2.761975129234605507e-08
2.751640710385220866e-08
2.741320734029494575e-08
2.731020243948802024e-08
2.720744114271601052e-08
2.710497039798046899e-08
2.700283526156143551e-08
2.690107879788234396e-08
2.679974197766896457e-08
2.669886357438807212e-08
2.659848005895694925e-08
2.649862549271414285e-08
2.639933141863609145e-08
2.630062675079228123e-08
2.620253766202642406e-08
2.610508746985161679e-08
2.600829652055216646e-08
2.591218207147361200e-08
2.581675817150011520e-08
2.572203553969712556e-08
2.562802144211746902e-08
2.553471956675456229e-08
2.544212989663215117e-08
2.535024858102156360e-08
2.525906780477328527e-08
2.516857565575415932e-08
2.507875599037463928e-08
2.498958829720119491e-08
2.490104755863747310e-08
2.481310411066569693e-08
2.472572350063660024e-08
2.463886634309795803e-08
2.455248817364732654e-08
2.446653930080213064e-08
2.438096465587341039e-08
2.429570364083211935e-08
2.421068997415792276e-08
2.412585153465997386e-08
2.404112943055090501e-08
2.395653728907816904e-08
2.387210655761488278e-08
2.378786766293972131e-08
2.370384996068445641e-08
2.362008168400152656e-08
2.353658989144206968e-08
2.345340041404379987e-08
2.337053780162143566e-08
2.328802526825553409e-08
2.320588463697693123e-08
2.312413628363984441e-08
2.304279907997999290e-08
2.296189033585468017e-08
2.288142574065585424e-08
2.280141930389780721e-08
2.272188329496958127e-08
2.264282818204943409e-08
2.256426257017721111e-08
2.248619313848045599e-08
2.240862457654712193e-08
2.233155951994316700e-08
2.225499848486885914e-08
2.217893980194981387e-08
2.210337954915732515e-08
2.202831148385462441e-08
2.195372697396420393e-08
2.187961492824930587e-08
2.180596172570995089e-08
2.173275114408274301e-08
2.165996428744488087e-08
2.158757951291645283e-08
2.151557235645299881e-08
2.144391545773034064e-08
2.137257848410890935e-08
2.130152805368272095e-08
2.123072765739848210e-08
2.116013758024635100e-08
2.108971482151712568e-08
2.101942453704926989e-08
2.094927547918315748e-08
2.087928703765299684e-08
2.080947792412012317e-08
2.073986614379346727e-08
2.067046896666222224e-08
2.060130289833218146e-08
2.053238365047238186e-08
2.046372611086343662e-08
2.039534431304838428e-08
2.032725140558206098e-08
2.025945962088166557e-08
2.019198024366790023e-08
2.012482357900500121e-08
2.005799891992891971e-08
1.999151451466681591e-08
1.992537753344256241e-08
1.985959403486963008e-08
1.979416893192566870e-08
1.972910595751027126e-08
1.966440762957989018e-08
1.960007521586175499e-08
1.953610869814257614e-08
1.947250673613008612e-08
1.940926663088600515e-08
1.934638428782800261e-08
1.928385417929937074e-08
1.922166930670182771e-08
1.915982116219372674e-08
1.909829968994697749e-08
1.903709324696450303e-08
1.897618856345374230e-08
1.891557070275407394e-08
1.885522302081884963e-08
1.879512712524634278e-08
1.873526283385972491e-08
1.867560813283497123e-08
1.861613913437065386e-08
1.855683003390265658e-08
1.849766010068552142e-08
1.843863526392615892e-08
1.837976790428924938e-08
1.832106993410951372e-08
1.826255278051951859e-08
1.820422736836841662e-08
1.814610410293130733e-08
1.808819285241060515e-08
1.803050293022419010e-08
1.797304307708312363e-08
1.791582144285602478e-08
1.785884556821849835e-08
1.780212236608992485e-08
1.774565810285247684e-08
1.768945837935347363e-08
1.763352811169096155e-08
1.757787151177920482e-08
1.752249206769523479e-08
1.746739252380372807e-08
1.741257486066087524e-08
1.735804027469537734e-08
1.730378915766511754e-08
1.724982107588879670e-08
1.719613474925347913e-08
1.714272802999349890e-08
1.708959788124229197e-08
1.703674035535633335e-08
1.698415057200742732e-08
1.693182269604717888e-08
1.687974991513642347e-08
1.682792441714427037e-08
1.677633736731337492e-08
1.672497888518933520e-08
1.667383802131535806e-08
1.662290273368989484e-08
1.657215986398722374e-08
1.652159511353910593e-08
1.647119301907625172e-08
1.642093692822984790e-08
1.637081353243356976e-08
1.632082682850628048e-08
1.627098497619215289e-08
1.622129580791452544e-08
1.617176681839805781e-08
1.612240515417464124e-08
1.607321760297381119e-08
1.602421058299449610e-08
1.597539013206033541e-08
1.592676189665704830e-08
1.587833112085036414e-08
1.583010263508556358e-08
1.578208084486736293e-08
1.573426971931976149e-08
1.568667277962537522e-08
1.563929308734296641e-08
1.559213323260471453e-08
1.554519532219061113e-08
1.549848096748000171e-08
1.545199127228081755e-08
1.540572682053489573e-08
1.535968766389893096e-08
1.531387330920111541e-08
1.526828270577351612e-08
1.522291423265609053e-08
1.517776568567895430e-08
1.513283426441385198e-08
1.508811655900103443e-08
1.504360853684780083e-08
1.499930552919880787e-08
1.495520221757804678e-08
1.491129262010171405e-08
1.486757007766096496e-08
1.482402723997540032e-08
1.478065605151503474e-08
1.473744773729189637e-08
1.469439278851966639e-08
1.465148094814104914e-08
1.460870119622273535e-08
1.456604476077977778e-08
1.452351437168908736e-08
1.448111550902012121e-08
1.443885341852325634e-08
1.439673310501495362e-08
1.435475932569437838e-08
1.431293658339273801e-08
1.427126911975422012e-08
1.422976090834853929e-08
1.418841564771528120e-08
1.414723675433796120e-08
1.410622735555048074e-08
1.406539028237304673e-08
1.402472806227831334e-08
1.398424291188817130e-08
1.394393672959958321e-08
1.390381108814009544e-08
1.386386722705252333e-08
1.382410604510810693e-08
1.378452809264933308e-08
1.374513356385952569e-08
1.370592228896208916e-08
1.366689372634647187e-08
1.362804695462194339e-08
1.358938066459925626e-08
1.355089315119795926e-08
1.351258230528210159e-08
1.347444560542087373e-08
1.343648010957632242e-08
1.339868244671695019e-08
1.336104880835653788e-08
1.332357494001871436e-08
1.328625613262638190e-08
1.324908721381630816e-08
1.321206253917787399e-08
1.317517598341646342e-08
1.313842093144075798e-08
1.310179026937381959e-08
1.306527637548757486e-08
1.302887319131056330e-08
1.299258257575204595e-08
1.295640827187328148e-08
1.292035385274847668e-08
1.288442271713924401e-08
1.284861808512822942e-08
1.281294299371161451e-08
1.277740029235104044e-08
1.274199263848431182e-08
1.270672249299420880e-08
1.267159211563677241e-08
1.263660356042713716e-08
1.260175867098401301e-08
1.256705907583230535e-08
1.253250618366322117e-08
1.249810117855260265e-08
1.246384501513686277e-08
1.242973841374618713e-08
1.239578185549504823e-08
1.236197557733034665e-08
1.232831956703564879e-08
1.229481355819378434e-08
1.226145702510450626e-08
1.222824917765978270e-08
1.219518895617555594e-08
1.216227502617920094e-08
1.212950577315324910e-08
1.209687929723565864e-08
1.206439340787542386e-08
1.203204561844358436e-08
1.199983314080063043e-08
1.196775287981828430e-08
1.193580142785755014e-08
1.190397505920099605e-08
1.187226972444017978e-08
1.184068104481840335e-08
1.180920430652717038e-08
1.177783445495792272e-08
1.174656608890775603e-08
1.171539491477953495e-08
1.168432220109302396e-08
1.165335053431162494e-08
1.162248237584677911e-08
1.159172005916362736e-08
1.156106578686075335e-08
1.153052162772492909e-08
1.150008951376035710e-08
1.146977123719202491e-08
1.143956844744408547e-08
1.140948264809214327e-08
1.137951519379018571e-08
1.134966728717092720e-08
1.131993997572080859e-08
1.129033414862899974e-08
1.126085053360989450e-08
1.123148969369966344e-08
1.120225202402667941e-08
1.117313774855501665e-08
1.114414691680204754e-08
1.111527940052943397e-08
1.108653489040683662e-08
1.105791289264986086e-08
1.102941272563075697e-08
1.100103351646189289e-08
1.097277419755285651e-08
1.094463350313987209e-08
1.091660996578893566e-08
1.088870191287064581e-08
1.086090746300845727e-08
1.083322452249946707e-08
1.080565078170712952e-08
1.077818371142730457e-08
1.075082055922572701e-08
1.072355834574829788e-08
1.069639386100331957e-08
1.066932366061606002e-08
1.064234406205449141e-08
1.061545114082824302e-08
1.058864177347584289e-08
1.056191682810201755e-08
1.053527811531471536e-08
1.050872735283821214e-08
1.048226616353979565e-08
1.045589607344011670e-08
1.042961850970740677e-08
1.040343479863623746e-08
1.037734616360878987e-08
1.035135372304146811e-08
1.032545848831382926e-08
1.029966136168187143e-08
1.027396313417496175e-08
1.024836448347599084e-08
1.022286597178524179e-08
1.019746804366759300e-08
1.017217102388325856e-08
1.014697511520170541e-08
1.012188039619905000e-08
1.009688681903835060e-08
1.007199420723377777e-08
1.004720225339682018e-08
1.002251051696693446e-08
9.997918421924251790e-09
9.973425254485335685e-09
9.949030160782328203e-09
9.924732144524773420e-09
9.900530064644061818e-09
9.876422632920978676e-09
9.852408411596005751e-09
9.828485810961444837e-09
9.804653086937876182e-09
9.780908338631151677e-09
9.757249505873633582e-09
9.733674366747063210e-09
9.710180535087701482e-09
9.686765457974250892e-09
9.663426413198223041e-09
9.640160506716046987e-09
9.616965432190970911e-09
9.593841791681854168e-09
9.570790871950477141e-09
9.547813890170841846e-09
9.524911992562323795e-09
9.502086253010581593e-09
9.479337671679435370e-09
9.456667173611141528e-09
9.434075607317047379e-09
9.411563743357044096e-09
9.389132272909293684e-09
9.366781806328193433e-09
9.344512871692604462e-09
9.322325913343144934e-09
9.300221290409083954e-09
9.278199275323448143e-09
9.256260052329025924e-09
9.234403715972336318e-09
9.212630269586740177e-09
9.190939623765959427e-09
9.169331594825259737e-09
9.147805903252558135e-09
9.126362172148150266e-09
9.104999925654076390e-09
9.083718587371494910e-09
9.062517478768435800e-09
9.041395817574818749e-09
9.020352716167624553e-09
8.999387179944583585e-09
8.978498105686323438e-09
8.957684279908062666e-09
8.936944377199308747e-09
8.916276958552701778e-09
8.895680469681701169e-09
8.875153239326648784e-09
8.854693477549488134e-09
8.834299274017372879e-09
8.813968596274904900e-09
8.793699288004125143e-09
8.773489628123349155e-09
8.753340037248156280e-09
8.733251438672493830e-09
8.713224702939780536e-09
8.693260646878286568e-09
8.673360032628933274e-09
8.653523566667383710e-09
8.633751898818011923e-09
8.614045621261693187e-09
8.594405267536411002e-09
8.574831311530551824e-09
8.555324166469506239e-09
8.535884183895354913e-09
8.516511652638957719e-09
8.497206797785547832e-09
8.477969779632856390e-09
8.458800692642457586e-09
8.439699564383065279e-09
8.420666354468247806e-09
8.401700953485601317e-09
8.382803181918981415e-09
8.363972789064453182e-09
8.345209451937464826e-09
8.326512774174042457e-09
8.307882284924348338e-09
8.289317437738296550e-09
8.270817609444982992e-09
8.252382099024096698e-09
8.234010126469683043e-09
8.215700831647339131e-09
8.197453273143474869e-09
8.179266427107283268e-09
8.161139186085309141e-09
8.143070357848495406e-09
8.125058664211928705e-09
8.107102739846677171e-09
8.089201131084825466e-09
8.071352294716241312e-09
8.053554596778428458e-09
8.035806732645266417e-09
8.018109007992445133e-09
8.000462105860593402e-09
7.982866669204530611e-09
7.965323300205552078e-09
7.947832559578645440e-09
7.930394965875657162e-09
7.913010994783370230e-09
7.895681078417159734e-09
7.878405604609855772e-09
7.861184916195626725e-09
7.844019310289538026e-09
7.826909037562326525e-09
7.809854301510251471e-09
7.792855257719946011e-09
7.775912013129275070e-09
7.759024625282593206e-09
7.742193101581674668e-09
7.725417398531612534e-09
7.708697420982158431e-09
7.692033021363594595e-09
7.675423998918799237e-09
7.658870098929424049e-09
7.642371011937869624e-09
7.625926372963986773e-09
7.609535760716861086e-09
7.593198696802320963e-09
7.576914644924675238e-09
7.560683010084020417e-09
7.544503137768335034e-09
7.528374313140913660e-09
7.512295760222597956e-09
7.496266641069125699e-09
7.480286054943275188e-09
7.464353037482304655e-09
7.448466559860107633e-09
7.432625527944765903e-09
7.416828781450193055e-09
7.401075093083699227e-09
7.385363483493552665e-09
7.369694180828652604e-09
7.354067695383821926e-09
7.338484506530837294e-09
7.322945062218919588e-09
7.307449778472493831e-09
7.291999038885096927e-09
7.276593194110808821e-09
7.261232561351824866e-09
7.245917423843006495e-09
7.230648030333664144e-09
7.215424594565085996e-09
7.200247294745834978e-09
7.185116273023170427e-09
7.170031634951397604e-09
7.154993448956915926e-09
7.140001745800008941e-09
7.125056518033175857e-09
7.110157719456570419e-09
7.095305264569533841e-09
7.080499028019323596e-09
7.065738844046190203e-09
7.051024505925372769e-09
7.036355765405559978e-09
7.021732332144005977e-09
7.007153873138396259e-09
6.992620012155251796e-09
6.978130329155022799e-09
6.963684359713730648e-09
6.949281594441295317e-09
6.934921478396358028e-09
6.920603410497837368e-09
6.906326742932882215e-09
6.892090780561545713e-09
6.877894780318078563e-09
6.863737950608397427e-09
6.849619450704808754e-09
6.835538390136467654e-09
6.821493828076961501e-09
6.807485013991648485e-09
6.793512120269819675e-09
6.779575534485745055e-09
6.765675620122059265e-09
6.751812716202362721e-09
6.737987136921056632e-09
6.724199171271672553e-09
6.710449082672082644e-09
6.696737108588421171e-09
6.683063460155775051e-09
6.669428321797506233e-09
6.655831850841343113e-09
6.642274177134359395e-09
6.628755402654640911e-09
6.615275601121144239e-09
6.601834817601271459e-09
6.588433068116004743e-09
6.575070339242757081e-09
6.561746587716138529e-09
6.548461740026025836e-09
6.535215692013750244e-09
6.522008308465492717e-09
6.508839422703712971e-09
6.495708836176102745e-09
6.482616318042352839e-09
6.469561604758164810e-09
6.456544399657448663e-09
6.443564372531754446e-09
6.430621159207569728e-09
6.417714361121043705e-09
6.404843544890784815e-09
6.392008241887560555e-09
6.379207947802250292e-09
6.366442122211190803e-09
6.353710188138998916e-09
6.341011531619274082e-09
6.328345501252499288e-09
6.315711407762005544e-09
6.303108523547124780e-09
6.290536268953584062e-09
6.277994778968284447e-09
6.265484354919526722e-09
6.253005279223246969e-09
6.240557815109036149e-09
6.228142206344884173e-09
6.215758676959860160e-09
6.203407430965690882e-09
6.191088652076389553e-09
6.178802503426472619e-09
6.166549127287444424e-09
6.154328644782783868e-09
6.142141155601254348e-09
6.129986737708506423e-09
6.117865447057359447e-09
6.105777317296103779e-09
6.093722359475381058e-09
6.081700561753403501e-09
6.069711889099422891e-09
6.057756282995768540e-09
6.045833661138100192e-09
6.033943917133994993e-09
6.022086920199971084e-09
6.010262514856736889e-09
5.998470520623054056e-09
5.986710731707577108e-09
5.974982916699147924e-09
5.963286818255784100e-09
5.951622152791240360e-09
5.939988610160763473e-09
5.928385853344395398e-09
5.916813518129235844e-09
5.905271212789523546e-09
5.893758517765244342e-09
5.882274985339126238e-09
5.870820139311798967e-09
5.859393474675109759e-09
5.847994457284291811e-09
5.836622523527703328e-09
5.825277225006329083e-09
5.813958668424269448e-09
5.802667089362524828e-09
5.791402708353151595e-09
5.780165730672094701e-09
5.768956346130911877e-09
5.757774728867231406e-09
5.746621037134334753e-09
5.735495413089166712e-09
5.724397982579657348e-09
5.713328854930435894e-09
5.702288122727710853e-09
5.691275861602904367e-09
5.680292130015045808e-09
5.669336969031990786e-09
5.658410402110586311e-09
5.647512434875542263e-09
5.636643054897199388e-09
5.625802231468114436e-09
5.614989915378409486e-09
5.604206038689910276e-09
5.593450514509386226e-09
5.582723236760022762e-09
5.572024079952368391e-09
5.561352898953548826e-09
5.550709528755696948e-09
5.540093784242712687e-09
5.529505459956479449e-09
5.518944329861118469e-09
5.508410147106707974e-09
5.497902643791247902e-09
5.487421530721863616e-09
5.476966497174505793e-09
5.466537210652520397e-09
5.456133316643876958e-09
5.445754438377704500e-09
5.435400176578623866e-09
5.425070109220853390e-09
5.414763791280421152e-09
5.404480869293363469e-09
5.394221429463503860e-09
5.383985659924560133e-09
5.373773736755363220e-09
5.363585823821765586e-09
5.353422072617534699e-09
5.343282622104231535e-09
5.333167598550526615e-09
5.323077115370700430e-09
5.313011272961721125e-09
5.302970158540491745e-09
5.292953845979162718e-09
5.282962395640357469e-09
5.272995854211330985e-09
5.263054254537024912e-09
5.253137615452615594e-09
5.243245941615076114e-09
5.233379223333781282e-09
5.223537436400391327e-09
5.213720541917730559e-09
5.203928486128086184e-09
5.194161200240167084e-09
5.184418600255727580e-09
5.174700586794933072e-09
5.165007044920855465e-09
5.155337843963481398e-09
5.145692837342503691e-09
5.136071862389201227e-09
5.126474740167582657e-09
5.116901275294822033e-09
5.107351255760385007e-09
5.097824452744537143e-09
5.088320620435991943e-09
5.078839495848677935e-09
5.069380798637298078e-09
5.059944230912572356e-09
5.050529477054932711e-09
5.041136203527864778e-09
5.031764058690113896e-09
5.022412763348275043e-09
5.013082385778400114e-09
5.003773074570830292e-09
4.994484968509951086e-09
4.985218196451413082e-09
4.975972877198994537e-09
4.966749119380152049e-09
4.957547021321811116e-09
4.948366670924808395e-09
4.939208145538137914e-09
4.930071511832268358e-09
4.920956825672219651e-09
4.911864131989530288e-09
4.902793464654020347e-09
4.893744846344647921e-09
4.884718288419799751e-09
4.875713790787011107e-09
4.866731341772004897e-09
4.857770917987040088e-09
4.848832484198633111e-09
4.839915993194810266e-09
4.831021385651480004e-09
4.822148589998260093e-09
4.813297522283595067e-09
4.804468086039464217e-09
4.795660172145132543e-09
4.786873658690397110e-09
4.778108410838235370e-09
4.769364280686561769e-09
4.760641107129874348e-09
4.751938715719426478e-09
4.743256918523545831e-09
4.734595513986812674e-09
4.725954286788652511e-09
4.717333007701430775e-09
4.708731433447879969e-09
4.700149306557494501e-09
4.691586355222771655e-09
4.683042293154471524e-09
4.674516893424832661e-09
4.666010212628746904e-09
4.657522372893533898e-09
4.649053488378011134e-09
4.640603665177135736e-09
4.632173001225549416e-09
4.623761586201477456e-09
4.615369501429372857e-09
4.606996819782428972e-09
4.598643605584918421e-09
4.590309914513438484e-09
4.581995793498221835e-09
4.573701280623595282e-09
4.565426405028328489e-09
4.557171186805173721e-09
4.548935636900135924e-09
4.540719757011172050e-09
4.532523539486493338e-09
4.524346967222223217e-09
4.516190013559930313e-09
4.508052642183115063e-09
4.499934807013912227e-09
4.491836452108687463e-09
4.483757511553463498e-09
4.475697909358897965e-09
4.467657559354676436e-09
4.459636365083320618e-09
4.451634219693742626e-09
4.443651005834143286e-09
4.435686595544475346e-09
4.427740850148561758e-09
4.419813620145307363e-09
4.411904745099898994e-09
4.404014053534187507e-09
4.396141362816963927e-09
4.388286479053070917e-09
4.380449196972725194e-09
4.372629299820005302e-09
4.364826559240719016e-09
4.357040793595219437e-09
4.349272044901053199e-09
4.341520406577444348e-09
4.333785965387760247e-09
4.326068801363651662e-09
4.318368987727998415e-09
4.310686590818699570e-09
4.303021670011096307e-09
4.295374277640548640e-09
4.287744458924501770e-09
4.280132251884284429e-09
4.272537687266366248e-09
4.264960788463472853e-09
4.257401571435199686e-09
4.249860044628314807e-09
4.242336208896662995e-09
4.234830057420635581e-09
4.227341575626774281e-09
4.219870741105934085e-09
4.212417523532437927e-09
4.204981884581711010e-09
4.197563777848219519e-09
4.190163148762927928e-09
4.182779934509964685e-09
4.175414063943600579e-09
4.168065457504412326e-09
4.160734027135163269e-09
4.153419676196177834e-09
4.146122299380841723e-09
4.138841782630024292e-09
4.131578003046716816e-09
4.124330828810031351e-09
4.117100119088742989e-09
4.109885723954738640e-09
4.102687484295833025e-09
4.095505231728369596e-09
4.088338788509294551e-09
4.081187967447994266e-09
4.074052571817740647e-09
4.066932445303800454e-09
4.059827623495795732e-09
4.052738186273416726e-09
4.045664208075522744e-09
4.038605757840176525e-09
4.031562898944485048e-09
4.024535689144011036e-09
4.017524180511998337e-09
4.010528419378282984e-09
4.003548446268068597e-09
3.996584295840191409e-09
3.989635996825307542e-09
3.982703571963801520e-09
3.975787037943201786e-09
3.968886405335576363e-09
3.962001678534639004e-09
3.955132855692372269e-09
3.948279928655511630e-09
3.941442882901778123e-09
3.934621697475885171e-09
3.927816344924902693e-09
3.921026791234000884e-09
3.914252995761222891e-09
3.907494911172422092e-09
3.900752483375853618e-09
3.894025651456215799e-09
3.887314347608871931e-09
3.880618497073248177e-09
3.873938018066577229e-09
3.867272821716686570e-09
3.860622811995081219e-09
3.853987885649340745e-09
3.847367932135467464e-09
3.840762833549979885e-09
3.834172464561356798e-09
3.827596692341607111e-09
3.821035376497510456e-09
3.814488369001224187e-09
3.807955514121119490e-09
3.801436687078924159e-09
3.794931911260034170e-09
3.788441243894206618e-09
3.781964737553131980e-09
3.775502440101843876e-09
3.769054394649381054e-09
3.762620639499654512e-09
3.756201208101936610e-09
3.749796129000996959e-09
3.743405425787459183e-09
3.737029117047307332e-09
3.730667216311867923e-09
3.724319732007001198e-09
3.717986667402443345e-09
3.711668020560649923e-09
3.705363784285876283e-09
3.699073946072458093e-09
3.692798488053285437e-09
3.686537386947962990e-09
3.680290614010681095e-09
3.674058134977942084e-09
3.667839910016045892e-09
3.661635893668364736e-09
3.655446034802337794e-09
3.649270276556463405e-09
3.643108556286661783e-09
3.636960805512867272e-09
3.630826949865173926e-09
3.624706909029739966e-09
3.618600596694473031e-09
3.612507920494712950e-09
3.606428781958323081e-09
3.600363076450918957e-09
3.594310693120621312e-09
3.588271514842715209e-09
3.582245418164042003e-09
3.576232273247237025e-09
3.570231943814608683e-09
3.564244287091850485e-09
3.558269188289873843e-09
3.552306665109662271e-09
3.546356765736320723e-09
3.540419534497882093e-09
3.534495011826100926e-09
3.528583234217511405e-09
3.522684234193725162e-09
3.516798040262126144e-09
3.510924676876029863e-09
3.505064164394909664e-09
3.499216519044270192e-09
3.493381752875460886e-09
3.487559873725414622e-09
3.481750885175905344e-09
3.475954786513092313e-09
3.470171572686438596e-09
3.464401234267821050e-09
3.458643757410240770e-09
3.452899123806567458e-09
3.447167310647870199e-09
3.441448290581842952e-09
3.435742031670806106e-09
3.430048497349816815e-09
3.424367646384327689e-09
3.418699432827926549e-09
3.413043805979715123e-09
3.407400710341630245e-09
3.401770085575547510e-09
3.396151866460276155e-09
3.390545982848280553e-09
3.384952359622316102e-09
3.379370916651861203e-09
3.373801568749404901e-09
3.368244225626488031e-09
3.362698791849759656e-09
3.357165166796551678e-09
3.351643244610584149e-09
3.346132914157355827e-09
3.340634058979367241e-09
3.335146584708391117e-09
3.329670502120630834e-09
3.324205846000818686e-09
3.318752647834565604e-09
3.313310935776479131e-09
3.307880734617935639e-09
3.302462065754883564e-09
3.297054947155521326e-09
3.291659393327786644e-09
3.286275415286660160e-09
3.280903020521446307e-09
3.275542212962963605e-09
3.270192992950385883e-09
3.264855357198266312e-09
3.259529298763030387e-09
3.254214807009767933e-09
3.248911867578656603e-09
3.243620462351128951e-09
3.238340569416323226e-09
3.233072163036938600e-09
3.227815213615211984e-09
3.222569687658821234e-09
3.217335547746418598e-09
3.212112752493242755e-09
3.206901256516451674e-09
3.201701010400506758e-09
3.196511960662159943e-09
3.191334049715569841e-09
3.186167215837115539e-09
3.181011393130147957e-09
3.175866511489528612e-09
3.170732496566218016e-09
3.165609269731434355e-09
3.160496748041056597e-09
3.155394844199465948e-09
3.150303466523625533e-09
3.145222518906781227e-09
3.140151900782208398e-09
3.135091507086602139e-09
3.130041252285892596e-09
3.125001143143790882e-09
3.119971207585452496e-09
3.114951470763208547e-09
3.109941955030742414e-09
3.104942679916973998e-09
3.099953662099933643e-09
3.094974915380502864e-09
3.090006450656132761e-09
3.085048275894291099e-09
3.080100396105953243e-09
3.075162813318963219e-09
3.070235526551253739e-09
3.065318531783977310e-09
3.060411821934588534e-09
3.055515386829688596e-09
3.050629213177949163e-09
3.045753284542802599e-09
3.040887581315023826e-09
3.036032080685318383e-09
3.031186756616745469e-09
3.026351579816932114e-09
3.021526517710354774e-09
3.016711534410470374e-09
3.011906590691675713e-09
3.007111643961157680e-09
3.002326648230805508e-09
2.997551554088771068e-09
2.992786308671106909e-09
2.988030855633309178e-09
2.983285135121569787e-09
2.978549083744057529e-09
2.973822634542222353e-09
2.969105716961610366e-09
2.964398256823077534e-09
2.959700176293413189e-09
2.955011393856164541e-09
2.950331824282347043e-09
2.945661378600768041e-09
2.940999984110679422e-09
2.936347644977584493e-09
2.931704382955388725e-09
2.927070217447605235e-09
2.922445165486274092e-09
2.917829241710496565e-09
2.913222458345207602e-09
2.908624825179535126e-09
2.904036349545425694e-09
2.899457036295854076e-09
2.894886887783306629e-09
2.890325903837800221e-09
2.885774081745100902e-09
2.881231416224848708e-09
2.876697899408349508e-09
2.872173520816640247e-09
2.867658267338149278e-09
2.863152123206529162e-09
2.858655069978241315e-09
2.854167086510129485e-09
2.849688148936845169e-09
2.845218230648391725e-09
2.840757302267242490e-09
2.836305331625758333e-09
2.831862283743136618e-09
2.827428120802658354e-09
2.823002802128648323e-09
2.818586284163170096e-09
2.814178520443147867e-09
2.809779461576868323e-09
2.805389055220745550e-09
2.801007246055849791e-09
2.796633975764373734e-09
2.792269183006107504e-09
2.787912803394644808e-09
2.783564769473712748e-09
2.779225010693255965e-09
2.774893453385564617e-09
2.770570020741163718e-09
2.766254649933554928e-09
2.761947343955869788e-09
2.757648120879574424e-09
2.753356996791706342e-09
2.749073985777539196e-09
2.744799099903176437e-09
2.740532349197960892e-09
2.736273741637110183e-09
2.732023283123917038e-09
2.727780977472122075e-09
2.723546826388265897e-09
2.719320829453734731e-09
2.715102984106954120e-09
2.710893285625458130e-09
2.706691727107931258e-09
2.702498299455985645e-09
2.698312991356169069e-09
2.694135789261770695e-09
2.689966677374481239e-09
2.685805637626070916e-09
2.681652649660105857e-09
2.677507690813353501e-09
2.673370736097316200e-09
2.669241758179742905e-09
2.665120727365761180e-09
2.661007611579324776e-09
2.656902376344428363e-09
2.652804984766155169e-09
2.648715397511854068e-09
2.644633572792153304e-09
2.640559466341781898e-09
2.636493031400704135e-09
2.632434218694665110e-09
2.628382976416134959e-09
2.624339250204980966e-09
2.620302983128970083e-09
2.616274115664395947e-09
2.612252585676633521e-09
2.608238328400468738e-09
2.604231290821838235e-09
2.600231475200730968e-09
2.596238896441779386e-09
2.592253567762981021e-09
2.588275500681414734e-09
2.584304704998829156e-09
2.580341188787287804e-09
2.576384958374695891e-09
2.572436018330264707e-09
2.568494371450001205e-09
2.564560018742081388e-09
2.560632959412147998e-09
2.556713190848684308e-09
2.552800708608150512e-09
2.548895506400232204e-09
2.544997576072934579e-09
2.541106907597719657e-09
2.537223489054503286e-09
2.533347306616563241e-09
2.529478344535631770e-09
2.525616585126587376e-09
2.521762008752381520e-09
2.517914593808763903e-09
2.514074316709068960e-09
2.510241151868783152e-09
2.506415071690218135e-09
2.502596046547048275e-09
2.498784044768849399e-09
2.494979032625491967e-09
2.491180974311635571e-09
2.487389831930962458e-09
2.483605565480576489e-09
2.479828132835195723e-09
2.476057489731347469e-09
2.472293589751537295e-09
2.468536384308252597e-09
2.464785822628127462e-09
2.461041851735796105e-09
2.457304416437847635e-09
2.453573471792492308e-09
2.449849020835516061e-09
2.446131077608247752e-09
2.442419654731026241e-09
2.438714763391616552e-09
2.435016413333318321e-09
2.431324612843214874e-09
2.427639368740245276e-09
2.423960686363269361e-09
2.420288569559229948e-09
2.416623020671082207e-09
2.412964040525740813e-09
2.409311628422072175e-09
2.405665782118746052e-09
2.402026497822062344e-09
2.398393770173820497e-09
2.394767592238982921e-09
2.391147955493476565e-09
2.387534849811827806e-09
2.383928263454859788e-09
2.380328183057214409e-09
2.376734593614898284e-09
2.373147478472943693e-09
2.369566819312677448e-09
2.365992596139274715e-09
2.362424787269156920e-09
2.358863369317221733e-09
2.355308317184331550e-09
2.351759604044343299e-09
2.348217201331543155e-09
2.344681078727740038e-09
2.341151204149357048e-09
2.337627543734563429e-09
2.334110061830361867e-09
2.330598720979551295e-09
2.327093481907701695e-09
2.323594303510067685e-09
2.320101142838514932e-09
2.316613955088382455e-09
2.313132703744529469e-09
2.309657391272624631e-09
2.306188029023770941e-09
2.302724627121790558e-09
2.299267194453181996e-09
2.295815738657341611e-09
2.292370266116714358e-09
2.288930781946702193e-09
2.285497289985902507e-09
2.282069792785893281e-09
2.278648291601421477e-09
2.275232786380100507e-09
2.271823275752546927e-09
2.268419757022053920e-09
2.265022226154562556e-09
2.261630677768313759e-09
2.258245105123776147e-09
2.254865500113302550e-09
2.251491853250775778e-09
2.248124153661360265e-09
2.244762389071113920e-09
2.241406545796528021e-09
2.238056608734190757e-09
2.234712561350176162e-09
2.231374385669722141e-09
2.228042062266538743e-09
2.224715570252271538e-09
2.221394887265967469e-09
2.218079989463330195e-09
2.214770851506105288e-09
2.211467446551400511e-09
2.208169746240845611e-09
2.204877720689920865e-09
2.201591338477080480e-09
2.198310566632893784e-09
2.195035370629252994e-09
2.191765714368370064e-09
2.188501560171821917e-09
2.185242868769650273e-09
2.181989608236608873e-09
2.178741781016547829e-09
2.175499397409654133e-09
2.172262466665124316e-09
2.169030996972929874e-09
2.165804995455630651e-09
2.162584468160138611e-09
2.159369420049369097e-09
2.156159854994001702e-09
2.152955775764114166e-09
2.149757184020786900e-09
2.146564080307742680e-09
2.143376464042948274e-09
2.140194333510138742e-09
2.137017685850330560e-09
2.133846517053333507e-09
2.130680821949313835e-09
2.127520594200034430e-09
2.124365826290467608e-09
2.121216509520114689e-09
2.118072633994365261e-09
2.114934188615810136e-09
2.111801161075597307e-09
2.108673537844679140e-09
2.105551304165069900e-09
2.102434444041116102e-09
2.099322940230613417e-09
2.096216774236063374e-09
2.093115926295710031e-09
2.090020375374799570e-09
2.086930099156527217e-09
2.083845074033165324e-09
2.080765275097091343e-09
2.077690676131824921e-09
2.074621249602888375e-09
2.071556966648907059e-09
2.068497797072382988e-09
2.065443709330723656e-09
2.062394670527002837e-09
2.059350654028396598e-09
2.056311662500468823e-09
2.053277705297749637e-09
2.050248790869327755e-09
2.047224926751998116e-09
2.044206119563404560e-09
2.041192374994969493e-09
2.038183697805115564e-09
2.035180091812156458e-09
2.032181559887392830e-09
2.029188103948017583e-09
2.026199724950142731e-09
2.023216422881664139e-09
2.020238196755306592e-09
2.017265044601323094e-09
2.014296963460556896e-09
2.011333949377167264e-09
2.008375997391516558e-09
2.005423101532936533e-09
2.002475254812527324e-09
1.999532449215948560e-09
1.996594675696089722e-09
1.993661924165836446e-09
1.990734183490739635e-09
1.987811441481707319e-09
1.984893684887626205e-09
1.981980899388011760e-09
1.979073069585528434e-09
1.976170178998748106e-09
1.973272210054506107e-09
1.970379144080543037e-09
1.967490961298006370e-09
1.964607640813951238e-09
1.961729160613720440e-09
1.958855497553508916e-09
1.955986627352715224e-09
1.953122524586316586e-09
1.950263162677333688e-09
1.947408513889060560e-09
1.944558555571127297e-09
1.941713289041246677e-09
1.938872721042275762e-09
1.936036857514772181e-09
1.933205703591111635e-09
1.930379263589533847e-09
1.927557541008209205e-09
1.924740538519324411e-09
1.921928257963032073e-09
1.919120700341544635e-09
1.916317865813079001e-09
1.913519753685785855e-09
1.910726362411842354e-09
1.907937689581205671e-09
1.905153731915663085e-09
1.902374485262686031e-09
1.899599944589266774e-09
1.896830103975871309e-09
1.894064956610178841e-09
1.891304494781019380e-09
1.888548709872018512e-09
1.885797592355567668e-09
1.883051131786431668e-09
1.880309316795605667e-09
1.877572135084002527e-09
1.874839573416149697e-09
1.872111617613924979e-09
1.869388252550140912e-09
1.866669462142356221e-09
1.863955229346312965e-09
1.861245536149716348e-09
1.858540363565772988e-09
1.855839691626754215e-09
1.853143499377546126e-09
1.850451764869245554e-09
1.847764465152645608e-09
1.845081576271738583e-09
1.842403073257206669e-09
1.839728930119887841e-09
1.837059125575291081e-09
1.834393660345090114e-09
1.831732540159288293e-09
1.829075770048578282e-09
1.826423354339547298e-09
1.823775296649564728e-09
1.821131599881699514e-09
1.818492266219791604e-09
1.815857297123266360e-09
1.813226693322114807e-09
1.810600454811785798e-09
1.807978580848091405e-09
1.805361069942018846e-09
1.802747919854663377e-09
1.800139127592025747e-09
1.797534689399839832e-09
1.794934600758402140e-09
1.792338856377364290e-09
1.789747450190505032e-09
1.787160375350479502e-09
1.784577624223607369e-09
1.781999188384591288e-09
1.779425058611231625e-09
1.776855224879114514e-09
1.774289676356316864e-09
1.771728401398101652e-09
1.769171387541532563e-09
1.766618621500123578e-09
1.764070089158500144e-09
1.761525775566981555e-09
1.758985664936141621e-09
1.756449740631486791e-09
1.753917985167889847e-09
1.751390380204257906e-09
1.748866906537975410e-09
1.746347544099482377e-09
1.743832271946739736e-09
1.741321068259705825e-09
1.738813910334862317e-09
1.736310779541408106e-09
1.733811676298298382e-09
1.731316605353758934e-09
1.728825570843422334e-09
1.726338576286071276e-09
1.723855624579348396e-09
1.721376717995439635e-09
1.718901858176813634e-09
1.716431046131879042e-09
1.713964282230610791e-09
1.711501566200296327e-09
1.709042897121082269e-09
1.706588273421687347e-09
1.704137692874934584e-09
1.701691152593441899e-09
1.699248649025134854e-09
1.696810177948892380e-09
1.694375734470080410e-09
1.691945313016079938e-09
1.689518907331871939e-09
1.687096510475545989e-09
1.684678114813823767e-09
1.682263712017543479e-09
1.679853293057146550e-09
1.677446848198189758e-09
1.675044366996783541e-09
1.672645838294997419e-09
1.670251250216412453e-09
1.667860590161427408e-09
1.665473844802722908e-09
1.663091000080672031e-09
1.660712041198710993e-09
1.658336952618697630e-09
1.655965718056269263e-09
1.653598320476237367e-09
1.651234742087859820e-09
1.648874964340216347e-09
1.646518967917457809e-09
1.644166732734142564e-09
1.641818242196644539e-09
1.639473496078296189e-09
1.637132497859537487e-09
1.634795250478425463e-09
1.632461756326973093e-09
1.630132017247466078e-09
1.627806034528787883e-09
1.625483808902686673e-09
1.623165340540056930e-09
1.620850629047269248e-09
1.618539673462351660e-09
1.616232472251330186e-09
1.613929023304414501e-09
1.611629323932228259e-09
1.609333370862078725e-09
1.607041160234115753e-09
1.604752687597571427e-09
1.602467947906936213e-09
1.600186935518113601e-09
1.597909644184624585e-09
1.595636067053753214e-09
1.593366196662687994e-09
1.591100024934656479e-09
1.588837543175066056e-09
1.586578742067601930e-09
1.584323611670329448e-09
1.582072141411815033e-09
1.579824320087169990e-09
1.577580135854140628e-09
1.575339576229189490e-09
1.573102628083484153e-09
1.570869277639014849e-09
1.568639510464555346e-09
1.566413311471717504e-09
1.564190664910955163e-09
1.561971554367540944e-09
1.559755962757567245e-09
1.557543872323889126e-09
1.555335264632147640e-09
1.553130124402363280e-09
1.550928451083592397e-09
1.548730247468682738e-09
1.546535515873195733e-09
1.544344258132344275e-09
1.542156475597785325e-09
1.539972169134473318e-09
1.537791339117474484e-09
1.535613985428782619e-09
1.533440107454160281e-09
1.531269704079897491e-09
1.529102773689568768e-09
1.526939314160923136e-09
1.524779322862554723e-09
1.522622796650686478e-09
1.520469731865957810e-09
1.518320124330147717e-09
1.516173969342910522e-09
1.514031261678481420e-09
1.511891995582441168e-09
1.509756164768375928e-09
1.507623762414621696e-09
1.505494781160923932e-09
1.503369213105098445e-09
1.501247049799793601e-09
1.499128282249046764e-09
1.497012900904998536e-09
1.494900895664530262e-09
1.492792255865882725e-09
1.490686970285312475e-09
1.488585027133690254e-09
1.486486414053109765e-09
1.484391118113473067e-09
1.482299125809149181e-09
1.480210423055461469e-09
1.478124995185317077e-09
1.476042826945771034e-09
1.473963902494560159e-09
1.471888205396646895e-09
1.469815722003038075e-09
1.467746451655752055e-09
1.465680396646137034e-09
1.463617558845309265e-09
1.461557939701425634e-09
1.459501540236981259e-09
1.457448361046117848e-09
1.455398402291874355e-09
1.453351663703450870e-09
1.451308144573457011e-09
1.449267843755171467e-09
1.447230759659813753e-09
1.445196890253732829e-09
1.443166233055650728e-09
1.441138785133885504e-09
1.439114543103602510e-09
1.437093503123935602e-09
1.435075660895245038e-09
1.433061011656318503e-09
1.431049550181484871e-09
1.429041270777883885e-09
1.427036167282546836e-09
1.425034233059619711e-09
1.423035460997468273e-09
1.421039843505865643e-09
1.419047372513088898e-09
1.417058039463083083e-09
1.415071835312562975e-09
1.413088750528136563e-09
1.411108775083412193e-09
1.409131898456073651e-09
1.407158109625043770e-09
1.405187397067455493e-09
1.403219748755823333e-09
1.401255152155091372e-09
1.399293594219654377e-09
1.397335061390466800e-09
1.395379539592024401e-09
1.393427014229480076e-09
1.391477473135903055e-09
1.389530915472901742e-09
1.387587342969330558e-09
1.385646756981812651e-09
1.383709158492371054e-09
1.381774548106106376e-09
1.379842926048873253e-09
1.377914292164884623e-09
1.375988645914367087e-09
1.374065986371210058e-09
1.372146312220546259e-09
1.370229621756421349e-09
1.368315912879378970e-09
1.366405183094082185e-09
1.364497429506891085e-09
1.362592648823481538e-09
1.360690837346424862e-09
1.358791990972770183e-09
1.356896105191631958e-09
1.355003175081696445e-09
1.353113195308908283e-09
1.351226160123884103e-09
1.349342063359570370e-09
1.347460898428735783e-09
1.345582658321503589e-09
1.343707335602937660e-09
1.341834922410493748e-09
1.339965410451579094e-09
1.338098791001067986e-09
1.336235054898782380e-09
1.334374192546995467e-09
1.332516193907965433e-09
1.330661048501342246e-09
1.328808745401737199e-09
1.326959273236125555e-09
1.325112620181333371e-09
1.323268773961526175e-09
1.321427721845608725e-09
1.319589450644730440e-09
1.317753949362461443e-09
1.315921217196903484e-09
1.314091255661309460e-09
1.312264065940815365e-09
1.310439648890423822e-09
1.308618005033029198e-09
1.306799134557358541e-09
1.304983037315962769e-09
1.303169712823162994e-09
1.301359160253012963e-09
1.299551378437296043e-09
1.297746365863383237e-09
1.295944120672280831e-09
1.294144640656488409e-09
1.292347923257989837e-09
1.290553965566149126e-09
1.288762764315624279e-09
1.286974315884333668e-09
1.285188616291295853e-09
1.283405661194614363e-09
1.281625445889300764e-09
1.279847965305256750e-09
1.278073214005072395e-09
1.276301186181981159e-09
1.274531875657727205e-09
1.272765275880418043e-09
1.271001379922375304e-09
1.269240180478081472e-09
1.267481669861927059e-09
1.265725840006173465e-09
1.263972682458705321e-09
1.262222188380939375e-09
1.260474348545615512e-09
1.258729153334676682e-09
1.256986592737046067e-09
1.255246656346470199e-09
1.253509333359325079e-09
1.251774612572446890e-09
1.250042482380923424e-09
1.248312933062048121e-09
1.246585963670861428e-09
1.244861575248066571e-09
1.243139768541862476e-09
1.241420544006195938e-09
1.239703901799004893e-09
1.237989841780462938e-09
1.236278363511210815e-09
1.234569466250565774e-09
1.232863148954814688e-09
1.231159410275342757e-09
1.229458248556920631e-09
1.227759661835910870e-09
1.226063647838448152e-09
1.224370203978637669e-09
1.222679327356808122e-09
1.220991014757649948e-09
1.219305262648437292e-09
1.217622067177179052e-09
1.215941424170879112e-09
1.214263329133598670e-09
1.212587777244733637e-09
1.210914763357112740e-09
1.209244281995190753e-09
1.207576327353206573e-09
1.205910893293329508e-09
1.204247973343806806e-09
1.202587560697115321e-09
1.200929648208095597e-09
1.199274228392084098e-09
1.197621293423082449e-09
1.195970835131803842e-09
1.194322845003875160e-09
1.192677314177903853e-09
1.191034233443619680e-09
1.189393593239972814e-09
1.187755383653207128e-09
1.186119594415027373e-09
1.184486214900618079e-09
1.182855236160975864e-09
1.181226657057697958e-09
1.179600478218368775e-09
1.177976700009288083e-09
1.176355322534004007e-09
1.174736345631786874e-09
1.173119768876035449e-09
1.171505591572797930e-09
1.169893812759197205e-09
1.168284431201924147e-09
1.166677445395622123e-09
1.165072853561405726e-09
1.163470653645267206e-09
1.161870843316505661e-09
1.160273419966207915e-09
1.158678380705620626e-09
1.157085722364617318e-09
1.155495441490110809e-09
1.153907534344491707e-09
1.152321996904014780e-09
1.150738824857218014e-09
1.149158013603353448e-09
1.147579558250770863e-09
1.146003453615313466e-09
1.144429694218748315e-09
1.142858274287102443e-09
1.141289187749125547e-09
1.139722428234591782e-09
1.138157989072759554e-09
1.136595863290700612e-09
1.135036043611669471e-09
1.133478522453506745e-09
1.131923291926993886e-09
1.130370343834181863e-09
1.128819669666793052e-09
1.127271260604556122e-09
1.125725107513559115e-09
1.124181200944559309e-09
1.122639531131413648e-09
1.121100089877369620e-09
1.119562876248794462e-09
1.118027890963604434e-09
1.116495134509724841e-09
1.114964607143722086e-09
1.113436308889491350e-09
1.111910239536912419e-09
1.110386398640570042e-09
1.108864785518368602e-09
1.107345399250220423e-09
1.105828238676723309e-09
1.104313302397802314e-09
1.102800588771337246e-09
1.101290095911879708e-09
1.099781821689246060e-09
1.098275763727208207e-09
1.096771919402063809e-09
1.095270285841378352e-09
1.093770859922539854e-09
1.092273638271395670e-09
1.090778617260940796e-09
1.089285793009904210e-09
1.087795161381332536e-09
1.086306717981292199e-09
1.084820458157424750e-09
1.083336376997612214e-09
1.081854469328476581e-09
1.080374729714138210e-09
1.078897152454718012e-09
1.077421731584951095e-09
1.075948460872807230e-09
1.074477333818056526e-09
1.073008343650892377e-09
1.071541483330486171e-09
1.070076745543577156e-09
1.068614122703068503e-09
1.067153606946576645e-09
1.065695190135048224e-09
1.064238863851262486e-09
1.062784620987999856e-09
1.061332460540780382e-09
1.059882382882779978e-09
1.058434388180532230e-09
1.056988476392755654e-09
1.055544647269249830e-09
1.054102900349662897e-09
1.052663234962363695e-09
1.051225650223278130e-09
1.049790145034703820e-09
1.048356718084129921e-09
1.046925367843105124e-09
1.045496092565999163e-09
