9.000000000000000000e-01 1.459999999999999964e+00 6.860000000000000863e-04
9.421052631578947789e-01 1.459999999999999964e+00 6.860000000000000863e-04
9.842105263157895356e-01 1.459999999999999964e+00 6.860000000000000863e-04
1.026315789473684292e+00 1.479736842105263239e+00 6.691578947368421017e-04
1.068421052631578938e+00 1.511315789473684168e+00 6.422105263157894999e-04
1.110526315789473806e+00 1.542894736842105319e+00 6.152631578947367896e-04
1.152631578947368451e+00 1.574473684210526470e+00 5.883157894736841878e-04
1.194736842105263097e+00 1.606052631578947398e+00 5.613684210526315860e-04
1.236842105263157965e+00 1.635789473684210682e+00 5.327631578947367901e-04
1.278947368421052611e+00 1.665263157894737001e+00 5.039210526315789475e-04
1.321052631578947256e+00 1.694736842105263097e+00 4.750789473684211050e-04
1.363157894736842124e+00 1.724210526315789638e+00 4.462368421052631540e-04
1.405263157894736992e+00 1.753157894736842248e+00 4.176315789473683039e-04
1.447368421052631637e+00 1.778421052631579125e+00 3.906842105263157562e-04
1.489473684210526283e+00 1.803684210526315779e+00 3.637368421052631544e-04
1.531578947368421151e+00 1.828947368421052655e+00 3.367894736842104442e-04
1.573684210526315796e+00 1.854210526315789531e+00 3.098421052631578423e-04
1.615789473684210442e+00 1.879473684210526185e+00 2.828947368421052405e-04
1.657894736842105310e+00 1.899999999999999911e+00 2.610000000000000015e-04
1.700000000000000000e+00 1.899999999999999911e+00 2.610000000000000015e-04