2.000000000000000111e-01 1.612336436292027164e+00 6.987144218037617512e-04
2.500000000000000000e-01 1.638332543765038229e+00 7.286205383948434920e-04
3.000000000000000444e-01 1.666047654441354053e+00 7.581524818360052325e-04
3.500000000000000333e-01 1.695379318929654877e+00 7.872207274914928702e-04
4.000000000000000222e-01 1.726221428124273150e+00 8.157830998742038970e-04
4.500000000000000111e-01 1.758472912300016011e+00 8.438153551077228875e-04
5.000000000000000000e-01 1.792055102076953510e+00 8.712578204356963328e-04
5.500000000000000444e-01 1.826908051105409658e+00 8.980507043017728905e-04
6.000000000000000888e-01 1.862976068294984744e+00 9.241565690761773281e-04
6.500000000000000222e-01 1.900226699762084026e+00 9.494793004528003693e-04
6.999999999999999556e-01 1.938481100691412884e+00 9.743725755813304693e-04
7.500000000000000000e-01 1.977911262695592809e+00 9.981359531415457623e-04
8.000000000000000444e-01 2.018286100063892086e+00 1.021292673161136675e-03
8.500000000000000888e-01 2.059584889546149267e+00 1.043731812122673146e-03
9.000000000000001332e-01 2.101750211750996744e+00 1.065454600480478025e-03
9.499999999999999556e-01 2.144745739420164998e+00 1.086429668769486271e-03
1.000000000000000000e+00 2.188418107235331700e+00 1.107057057382548199e-03
1.050000000000000044e+00 2.233028239341932952e+00 1.126450391586479366e-03
1.100000000000000089e+00 2.278314250847177647e+00 1.145358017126044039e-03
1.149999999999999911e+00 2.324348954887906604e+00 1.163481452293837429e-03
1.199999999999999956e+00 2.371023758465341746e+00 1.181090808714686672e-03
1.250000000000000000e+00 2.418406989313556466e+00 1.197899793371089193e-03
1.300000000000000044e+00 2.466431542095826490e+00 1.214046697564962482e-03
