2.000000000000000111e-01 1.367312495094844760e+00 1.987625977439418275e-03
2.500000000000000000e-01 1.386041535484555665e+00 2.105229920661710191e-03
3.000000000000000444e-01 1.406138159388071518e+00 2.224883324991361929e-03
3.500000000000000333e-01 1.427510899104534214e+00 2.346421960173107699e-03
4.000000000000000222e-01 1.450072079245428691e+00 2.469760782818053099e-03
4.500000000000000111e-01 1.473740265141181505e+00 2.594845645944666383e-03
5.000000000000000000e-01 1.498451462343639129e+00 2.721502454359335087e-03
5.500000000000000444e-01 1.524158450323890746e+00 2.849524301977134251e-03
6.000000000000000888e-01 1.550819800859912334e+00 2.978739558061196859e-03
6.500000000000000222e-01 1.578411218383995784e+00 3.108771992820450174e-03
6.999999999999999556e-01 1.606811128533240485e+00 3.240593104341153285e-03
7.500000000000000000e-01 1.636134182466217890e+00 3.371935938685816092e-03
8.000000000000000444e-01 1.666225065827386498e+00 3.504260521577282159e-03
8.500000000000000888e-01 1.697069411009881623e+00 3.637081202017372790e-03
9.000000000000001332e-01 1.728628853977825841e+00 3.770237211038620240e-03
9.499999999999999556e-01 1.760881323463380888e+00 3.903440525294336882e-03
1.000000000000000000e+00 1.793719198512019553e+00 4.037990530025175641e-03
1.050000000000000044e+00 1.827342328066246413e+00 4.170432714997746732e-03
1.100000000000000089e+00 1.861562710566844858e+00 4.303343708695278082e-03
1.149999999999999911e+00 1.896442108218359568e+00 4.435384828159474706e-03
1.199999999999999956e+00 1.931902313816418415e+00 4.567458573101315471e-03
1.250000000000000000e+00 1.968003945503948859e+00 4.698188593073546714e-03
1.300000000000000044e+00 2.004701204420993310e+00 4.827932830132479307e-03
