2.000000000000000111e-01 2.283099467991777765e+00 1.063611724812501283e-04
2.500000000000000000e-01 2.325214461458781301e+00 1.085416117429271646e-04
3.000000000000000444e-01 2.369517970344549695e+00 1.105971934368330374e-04
3.500000000000000333e-01 2.415814907134852252e+00 1.125334802356373233e-04
4.000000000000000222e-01 2.463911982239464837e+00 1.143606843026562703e-04
4.500000000000000111e-01 2.513629094567084721e+00 1.160897129570921600e-04
5.000000000000000000e-01 2.564819794561936650e+00 1.177265415854835225e-04
5.500000000000000444e-01 2.617369340691723778e+00 1.192757217099643592e-04
6.000000000000000888e-01 2.671173930323446744e+00 1.207430763877462862e-04
6.500000000000000222e-01 2.726158933891132286e+00 1.221283276750578979e-04
6.999999999999999556e-01 2.782095796462616288e+00 1.234700591464556998e-04
7.500000000000000000e-01 2.839133877761654379e+00 1.247138723857684254e-04
8.000000000000000444e-01 2.896995027349668295e+00 1.259114398453294373e-04
8.500000000000000888e-01 2.955628089329511710e+00 1.270584204279273243e-04
9.000000000000001332e-01 3.014945096569088268e+00 1.281596259920567788e-04
9.499999999999999556e-01 3.074885885056495738e+00 1.292164471603879047e-04
1.000000000000000000e+00 3.135294707652998447e+00 1.302602629718676869e-04
1.050000000000000044e+00 3.196404362591260373e+00 1.312282611893151826e-04
1.100000000000000089e+00 3.257961151768587804e+00 1.321764207196578320e-04
1.149999999999999911e+00 3.320021988117897394e+00 1.330848468181275034e-04
1.199999999999999956e+00 3.382481957469336997e+00 1.339728679710317698e-04
1.250000000000000000e+00 3.445390397861033627e+00 1.348223967245277047e-04
1.300000000000000044e+00 3.508679928434786266e+00 1.356434733608025025e-04
