Derivative of the nonlinear power spectrum - calculated with velocileptors using a linear eulerian bias b = 1.5 - with respect to m_ncdm at z=4, using the fiducial cosmological parameters listed below:
   'A_s': 2.10732e-9,
   'n_s': 0.96824,
   'alpha_s': 0.,
   'h': 0.6770,
   'N_ur': 2.0328,
   'N_ncdm': 1,
   'm_ncdm': 0.06,
   'tau_reio': 0.0568,
   'omega_b': 0.02247,
   'omega_cdm': 0.11923,
   'Omega_k': 0.

k [h/Mpc]        mu=0      mu=0.5       mu=1
-----------  ----------  ----------  ---------
 0.008        -561.629    -813.298   -1822.81
 0.00923308   -660.169    -950.722   -2112.97
 0.0104662    -749.749   -1075.19    -2374.16
 0.0116992    -828.595   -1184.37    -2602
 0.0129323    -902.727   -1286.54    -2813.49
 0.0141654    -975.393   -1386.19    -3017.95
 0.0153985   -1040.43    -1474.98    -3198.8
 0.0166316   -1091.55    -1544.44    -3339.13
 0.0178647   -1127.17    -1592.49    -3434.87
 0.0190977   -1151.25    -1624.53    -3497.22
 0.0203308   -1167.35    -1645.47    -3536.22
 0.0215639   -1178.07    -1658.86    -3559.17
 0.022797    -1184.3     -1665.99    -3568.84
 0.0240301   -1185.35    -1665.94    -3563.58
 0.0252632   -1180.82    -1658.21    -3542.4
 0.0264962   -1170.55    -1642.59    -3505.08
 0.0277293   -1155.22    -1620.06    -3453.62
 0.0289624   -1136.29    -1592.61    -3392.16
 0.0301955   -1114.73    -1561.6     -3323.56
 0.0314286   -1091.39    -1528.19    -3250.21
 0.0326617   -1066.95    -1493.34    -3174.07
 0.0338947   -1042       -1457.83    -3096.8
 0.0351278   -1017.04    -1422.37    -3019.85
 0.0363609    -992.399   -1387.42    -2944.16
 0.037594     -968.375   -1353.37    -2870.57
 0.0388271    -945.15    -1320.48    -2799.58
 0.0400602    -922.941   -1289.05    -2731.84
 0.0412932    -901.822   -1259.18    -2667.54
 0.0425263    -881.785   -1230.86    -2606.64
 0.0437594    -862.866   -1204.14    -2549.24
 0.0449925    -845.115   -1179.08    -2495.45
 0.0462256    -828.583   -1155.74    -2445.37
 0.0474586    -813.333   -1134.2     -2399.16
 0.0486917    -799.311   -1114.38    -2356.64
 0.0499248    -786.384   -1096.12    -2317.45
 0.0511579    -774.463   -1079.27    -2281.27
 0.052391     -763.487   -1063.74    -2247.92
 0.0536241    -753.329   -1049.36    -2217.03
 0.0548571    -743.83    -1035.91    -2188.12
 0.0560902    -734.892   -1023.24    -2160.89
 0.0573233    -726.386   -1011.19    -2134.99
 0.0585564    -718.156    -999.529   -2109.94
 0.0597895    -710.108    -988.127   -2085.47
 0.0610226    -702.134    -976.841   -2061.27
 0.0622556    -694.16     -965.562   -2037.11
 0.0634887    -686.113    -954.186   -2012.78
 0.0647218    -677.914    -942.61    -1988.06
 0.0659549    -669.488    -930.724   -1962.72
 0.067188     -660.711    -918.364   -1936.42
 0.0684211    -651.566    -905.503   -1909.12
 0.0696541    -642.037    -892.121   -1880.76
 0.0708872    -632.089    -878.167   -1851.26
 0.0721203    -621.768    -863.711   -1820.75
 0.0733534    -611.055    -848.721   -1789.16
 0.0745865    -599.94     -833.188   -1756.49
 0.0758195    -588.53     -817.258   -1723.03
 0.0770526    -576.837    -800.948   -1688.82
 0.0782857    -564.881    -784.285   -1653.93
 0.0795188    -552.704    -767.334   -1618.48
 0.0807519    -540.383    -750.193   -1582.68
 0.081985     -527.967    -732.935   -1546.68
 0.083218     -515.585    -715.732   -1510.83
 0.0844511    -503.257    -698.619   -1475.21
 0.0856842    -491.043    -681.671   -1439.96
 0.0869173    -478.989    -664.955   -1405.24
 0.0881504    -467.153    -648.552   -1371.19
 0.0893835    -455.593    -632.535   -1337.97
 0.0906165    -444.361    -616.982   -1305.74
 0.0918496    -433.567    -602.034   -1274.76
 0.0930827    -423.239    -587.737   -1245.15
 0.0943158    -413.39     -574.101   -1216.91
 0.0955489    -404.021    -561.126   -1190.04
 0.096782     -395.124    -548.814   -1164.56
 0.098015     -386.715    -537.169   -1140.44
 0.0992481    -378.768    -526.165   -1117.66
 0.100481     -371.286    -515.806   -1096.21
 0.101714     -364.311    -506.136   -1076.16
 0.102947     -357.83     -497.152   -1057.53
 0.10418      -351.843    -488.844   -1040.27
 0.105414     -346.349    -481.205   -1024.36
 0.106647     -341.318    -474.204   -1009.75
 0.10788      -336.696    -467.76     -996.275
 0.109113     -332.409    -461.773    -983.718
 0.110346     -328.399    -456.166    -971.941
 0.111579     -324.647    -450.914    -960.882
 0.112812     -321.16     -446.019    -950.536
 0.114045     -317.951    -441.507    -940.971
 0.115278     -314.954    -437.282    -931.976
 0.116511     -312.109    -433.262    -923.394
 0.117744     -309.374    -429.394    -915.118
 0.118977     -306.716    -425.631    -907.058
 0.120211     -304.109    -421.938    -899.142
 0.121444     -301.509    -418.257    -891.259
 0.122677     -298.884    -414.544    -883.318
 0.12391      -296.22     -410.782    -875.288
 0.125143     -293.501    -406.946    -867.124
 0.126376     -290.705    -403.012    -858.769
 0.127609     -287.789    -398.918    -850.121
 0.128842     -284.77     -394.69     -841.22
 0.130075     -281.642    -390.319    -832.05
 0.131308     -278.402    -385.8      -822.6
 0.132541     -275.001    -381.072    -812.772
 0.133774     -271.485    -376.194    -802.666
 0.135008     -267.865    -371.181    -792.309
 0.136241     -264.132    -366.023    -781.689
 0.137474     -260.287    -360.721    -770.821
 0.138707     -256.372    -355.331    -759.798
 0.13994      -252.392    -349.86     -748.63
 0.141173     -248.332    -344.289    -737.306
 0.142406     -244.233    -338.672    -725.912
 0.143639     -240.105    -333.02     -714.469
 0.144872     -235.954    -327.348    -703.014
 0.146105     -231.834    -321.721    -691.67
 0.147338     -227.743    -316.137    -680.422
 0.148571     -223.723    -310.655    -669.398
 0.149805     -219.772    -305.272    -658.582
 0.151038     -215.877    -299.965    -647.925
 0.152271     -212.121    -294.847    -637.648
 0.153504     -208.453    -289.851    -627.622
 0.154737     -204.875    -284.98     -617.852
 0.15597      -201.494    -280.374    -608.597
 0.157203     -198.207    -275.893    -599.585
 0.158436     -195.087    -271.636    -591.011
 0.159669     -192.134    -267.605    -582.879
 0.160902     -189.268    -263.691    -574.975
 0.162135     -186.649    -260.103    -567.684
 0.163368     -184.118    -256.632    -560.619
 0.164602     -181.734    -253.358    -553.934
 0.165835     -179.511    -250.297    -547.653
 0.167068     -177.362    -247.334    -541.556
 0.168301     -175.44     -244.668    -536.009
 0.169534     -173.575    -242.078    -530.608
 0.170767     -171.869    -239.7      -525.612
 0.172        -170.25     -237.435    -520.822
 0.173233     -168.719    -235.285    -516.243
 0.174466     -167.289    -233.267    -511.91
 0.175699     -165.898    -231.3      -507.672
 0.176932     -164.604    -229.462    -503.675
 0.178165     -163.326    -227.645    -499.719
 0.179398     -162.12     -225.922    -495.935
 0.180632     -160.924    -224.212    -492.18
 0.181865     -159.758    -222.543    -488.504
 0.183098     -158.596    -220.881    -484.844
 0.184331     -157.442    -219.23     -481.211
 0.185564     -156.282    -217.573    -477.574
 0.186797     -155.117    -215.911    -473.934
 0.18803      -153.925    -214.218    -470.249
 0.189263     -152.716    -212.503    -466.532
 0.190496     -151.464    -210.737    -462.738
 0.191729     -150.189    -208.943    -458.902
 0.192962     -148.862    -207.086    -454.973
 0.194195     -147.511    -205.201    -451
 0.195429     -146.108    -203.253    -446.936
 0.196662     -144.682    -201.278    -442.83
 0.197895     -143.213    -199.253    -438.66
 0.199128     -141.722    -197.203    -434.459
 0.200361     -140.196    -195.113    -430.205
 0.201594     -138.649    -192.999    -425.922
 0.202827     -137.077    -190.857    -421.61
 0.20406      -135.486    -188.695    -417.275
 0.205293     -133.883    -186.52     -412.935
 0.206526     -132.265    -184.332    -408.588
 0.207759     -130.65     -182.149    -404.26
 0.208992     -129.036    -179.973    -399.967
 0.210226     -127.43     -177.809    -395.699
 0.211459     -125.854    -175.689    -391.527
 0.212692     -124.281    -173.571    -387.36
 0.213925     -122.762    -171.529    -383.347
 0.215158     -121.243    -169.487    -379.334
 0.216391     -119.786    -167.527    -375.479
 0.217624     -118.341    -165.584    -371.657
 0.218857     -116.951    -163.712    -367.962
 0.22009      -115.598    -161.887    -364.352
 0.221323     -114.279    -160.107    -360.822
 0.222556     -113.025    -158.412    -357.448
 0.223789     -111.778    -156.725    -354.087
 0.225023     -110.634    -155.171    -350.954
 0.226256     -109.491    -153.616    -347.82
 0.227489     -108.427    -152.161    -344.854
 0.228722     -107.39     -150.742    -341.949
 0.229955     -106.393    -149.372    -339.127
 0.231188     -105.456    -148.079    -336.438
 0.232421     -104.52     -146.787    -333.751
 0.233654     -103.67     -145.601    -331.235
 0.234887     -102.82     -144.416    -328.72
 0.23612      -102.011    -143.283    -326.291
 0.237353     -101.23     -142.184    -323.92
 0.238586     -100.458    -141.097    -321.569
 0.23982       -99.7347   -140.071    -319.32
 0.241053      -99.0111   -139.045    -317.072
 0.242286      -98.3192   -138.059    -314.89
 0.243519      -97.6409   -137.09     -312.737
 0.244752      -96.9672   -136.127    -310.596
 0.245985      -96.312    -135.189    -308.506
 0.247218      -95.6568   -134.251    -306.416
 0.248451      -95.0058   -133.321    -304.348
 0.249684      -94.3569   -132.394    -302.289
 0.250917      -93.7073   -131.467    -300.233
 0.25215       -93.0526   -130.537    -298.189
 0.253383      -92.3979   -129.608    -296.145
 0.254617      -91.7338   -128.669    -294.099
 0.25585       -91.0603   -127.722    -292.051
 0.257083      -90.3868   -126.775    -290.003
 0.258316      -89.6953   -125.811    -287.954
 0.259549      -89.0012   -124.845    -285.906
 0.260782      -88.303    -123.876    -283.859
 0.262015      -87.5895   -122.893    -281.813
 0.263248      -86.876    -121.909    -279.767
 0.264481      -86.1548   -120.921    -277.728
 0.265714      -85.4262   -119.926    -275.696
 0.266947      -84.6977   -118.932    -273.663
 0.26818       -83.9666   -117.939    -271.657
 0.269414      -83.2348   -116.948    -269.659
 0.270647      -82.503    -115.956    -267.662
 0.27188       -81.7762   -114.977    -265.712
 0.273113      -81.0494   -113.998    -263.762
 0.274346      -80.3256   -113.024    -261.824
 0.275579      -79.6133   -112.068    -259.929
 0.276812      -78.901    -111.111    -258.035
 0.278045      -78.1975   -110.167    -256.166
 0.279278      -77.5089   -109.243    -254.338
 0.280511      -76.8204   -108.32     -252.511
 0.281744      -76.1477   -107.417    -250.721
 0.282977      -75.4911   -106.535    -248.97
 0.284211      -74.8345   -105.653    -247.219
 0.285444      -74.2008   -104.8      -245.512
 0.286677      -73.5834   -103.966    -243.837
 0.28791       -72.966    -103.132    -242.161
 0.289143      -72.3771   -102.334    -240.54
 0.290376      -71.8045   -101.555    -238.95
 0.291609      -71.2318   -100.776    -237.36
 0.292842      -70.6924   -100.038    -235.83
 0.294075      -70.171     -99.3207   -234.331
 0.295308      -69.6495    -98.6036   -232.833
 0.296541      -69.1559    -97.9194   -231.38
 0.297774      -68.679     -97.2549   -229.955
 0.299008      -68.2021    -96.5903   -228.53
 0.300241      -67.7431    -95.9476   -227.138
 0.301474      -67.298     -95.3219   -225.773
 0.302707      -66.8528    -94.6962   -224.407
 0.30394       -66.417     -94.0818   -223.059
 0.305173      -65.9919    -93.4805   -221.731
 0.306406      -65.5668    -92.8792   -220.403
 0.307639      -65.1463    -92.2839   -219.085
 0.308872      -64.7356    -91.7011   -217.791
 0.310105      -64.3248    -91.1182   -216.496
 0.311338      -63.9156    -90.5378   -215.206
 0.312571      -63.5168    -89.972    -213.948
 0.313805      -63.1181    -89.4063   -212.691
 0.315038      -62.7193    -88.8405   -211.433
 0.316271      -62.3302    -88.2895   -210.212
 0.317504      -61.942     -87.7399   -208.994
 0.318737      -61.5539    -87.1903   -207.776
 0.31997       -61.166     -86.6441   -206.576
 0.321203      -60.7784    -86.0996   -205.386
 0.322436      -60.3908    -85.5551   -204.196
 0.323669      -60.0017    -85.0106   -203.013
 0.324902      -59.6096    -84.466    -201.846
 0.326135      -59.2175    -83.9214   -200.679
 0.327368      -58.8255    -83.3767   -199.512
 0.328602      -58.4324    -82.8361   -198.374
 0.329835      -58.0393    -82.2954   -197.236
 0.331068      -57.6462    -81.7548   -196.098
 0.332301      -57.2544    -81.2188   -194.981
 0.333534      -56.8633    -80.6859   -193.878
 0.334767      -56.4723    -80.1529   -192.774
 0.336         -56.0825    -79.6221   -191.677
 0.337233      -55.6985    -79.1012   -190.608
 0.338466      -55.3144    -78.5803   -189.539
 0.339699      -54.9304    -78.0595   -188.47
 0.340932      -54.5547    -77.5507   -187.429
 0.342165      -54.1827    -77.0472   -186.398
 0.343398      -53.8106    -76.5437   -185.368
 0.344632      -53.4413    -76.0438   -184.345
 0.345865      -53.0851    -75.5612   -183.354
 0.347098      -52.7289    -75.0787   -182.364
 0.348331      -52.3726    -74.5961   -181.373
 0.349564      -52.0279    -74.1275   -180.404
 0.350797      -51.6907    -73.668    -179.448
 0.35203       -51.3535    -73.2084   -178.493
 0.353263      -51.0162    -72.7489   -177.538
 0.354496      -50.6979    -72.3121   -176.616
 0.355729      -50.3796    -71.8755   -175.696
 0.356962      -50.0613    -71.4389   -174.775
 0.358195      -49.7493    -71.0097   -173.864
 0.359429      -49.4498    -70.595    -172.973
 0.360662      -49.1503    -70.1803   -172.081
 0.361895      -48.8508    -69.7656   -171.19
 0.363128      -48.561     -69.3621   -170.314
 0.364361      -48.2768    -68.9652   -169.446
 0.365594      -47.9927    -68.5682   -168.578
 0.366827      -47.7086    -68.1712   -167.71
 0.36806       -47.4362    -67.7889   -166.866
 0.369293      -47.1655    -67.4085   -166.024
 0.370526      -46.8948    -67.0281   -165.183
 0.371759      -46.6249    -66.6488   -164.344
 0.372992      -46.3652    -66.2824   -163.527
 0.374226      -46.1055    -65.916    -162.71
 0.375459      -45.8458    -65.5497   -161.893
 0.376692      -45.5878    -65.1857   -161.081
 0.377925      -45.3356    -64.8298   -160.287
 0.379158      -45.0834    -64.474    -159.493
 0.380391      -44.8312    -64.1181   -158.699
 0.381624      -44.5806    -63.765    -157.913
 0.382857      -44.3332    -63.4175   -157.142
 0.38409       -44.0858    -63.07     -156.372
 0.385323      -43.8384    -62.7225   -155.602
 0.386556      -43.5932    -62.3787   -154.842
 0.387789      -43.3514    -62.0409   -154.099
 0.389023      -43.1096    -61.7031   -153.356
 0.390256      -42.8679    -61.3652   -152.614
 0.391489      -42.6279    -61.0307   -151.881
 0.392722      -42.3907    -60.7014   -151.165
 0.393955      -42.1535    -60.3721   -150.448
 0.395188      -41.9163    -60.0428   -149.732
 0.396421      -41.6808    -59.7164   -149.023
 0.397654      -41.4485    -59.3957   -148.332
 0.398887      -41.2162    -59.075    -147.64
 0.40012       -40.9839    -58.7543   -146.949
 0.401353      -40.7532    -58.436    -146.263
 0.402586      -40.5276    -58.1256   -145.597
 0.40382       -40.302     -57.8152   -144.931
 0.405053      -40.0764    -57.5048   -144.265
 0.406286      -39.8514    -57.1953   -143.601
 0.407519      -39.6335    -56.896    -142.96
 0.408752      -39.4156    -56.5967   -142.318
 0.409985      -39.1977    -56.2974   -141.677
 0.411218      -38.9798    -55.9981   -141.036
 0.412451      -38.7689    -55.7078   -140.411
 0.413684      -38.559     -55.4188   -139.788
 0.414917      -38.3492    -55.1298   -139.165
 0.41615       -38.1393    -54.8408   -138.543
 0.417383      -37.9343    -54.5582   -137.931
 0.418617      -37.7325    -54.2795   -137.327
 0.41985       -37.5307    -54.0009   -136.723
 0.421083      -37.3289    -53.7223   -136.119
 0.422316      -37.1296    -53.4468   -135.52
 0.423549      -36.9365    -53.179    -134.933
 0.424782      -36.7434    -52.9112   -134.347
 0.426015      -36.5503    -52.6433   -133.76
 0.427248      -36.3572    -52.3755   -133.174
 0.428481      -36.1724    -52.1174   -132.601
 0.429714      -35.9882    -51.8601   -132.03
 0.430947      -35.8041    -51.6027   -131.458
 0.43218       -35.6199    -51.3454   -130.887
 0.433414      -35.4395    -51.0928   -130.324
 0.434647      -35.2628    -50.845    -129.769
 0.43588       -35.0861    -50.5971   -129.214
 0.437113      -34.9095    -50.3492   -128.659
 0.438346      -34.7329    -50.1015   -128.104
 0.439579      -34.563     -49.8625   -127.566
 0.440812      -34.393     -49.6235   -127.027
 0.442045      -34.2231    -49.3844   -126.489
 0.443278      -34.0532    -49.1454   -125.95
 0.444511      -33.8861    -48.9101   -125.419
 0.445744      -33.7221    -48.679    -124.896
 0.446977      -33.5581    -48.4478   -124.373
 0.448211      -33.3941    -48.2167   -123.85
 0.449444      -33.2301    -47.9855   -123.327
 0.450677      -33.0704    -47.7609   -122.82
 0.45191       -32.9113    -47.5371   -122.315
 0.453143      -32.7521    -47.3133   -121.81
 0.454376      -32.5929    -47.0895   -121.305
 0.455609      -32.4347    -46.8672   -120.805
 0.456842      -32.2797    -46.6501   -120.318
 0.458075      -32.1246    -46.4331   -119.831
 0.459308      -31.9696    -46.2161   -119.344
 0.460541      -31.8145    -45.999    -118.857
 0.461774      -31.6615    -45.7853   -118.379
 0.463008      -31.5104    -45.5747   -117.91
 0.464241      -31.3593    -45.3641   -117.44
 0.465474      -31.2082    -45.1534   -116.97
 0.466707      -31.0571    -44.9428   -116.501
 0.46794       -30.9094    -44.7372   -116.043
 0.469173      -30.7628    -44.5335   -115.59
 0.470406      -30.6163    -44.3297   -115.137
 0.471639      -30.4698    -44.1259   -114.684
 0.472872      -30.3232    -43.9221   -114.23
 0.474105      -30.1815    -43.7251   -113.791
 0.475338      -30.0403    -43.5288   -113.354
 0.476571      -29.8992    -43.3325   -112.917
 0.477805      -29.758     -43.1362   -112.479
 0.479038      -29.6168    -42.9399   -112.042
 0.480271      -29.4807    -42.7505   -111.619
 0.481504      -29.3446    -42.5611   -111.196
 0.482737      -29.2086    -42.3717   -110.773
 0.48397       -29.0725    -42.1823   -110.349
 0.485203      -28.9366    -41.9932   -109.927
 0.486436      -28.8057    -41.8104   -109.515
 0.487669      -28.6749    -41.6276   -109.103
 0.488902      -28.5441    -41.4449   -108.692
 0.490135      -28.4132    -41.2621   -108.28
 0.491368      -28.2825    -41.0794   -107.868
 0.492602      -28.1571    -40.9035   -107.468
 0.493835      -28.0318    -40.7275   -107.068
 0.495068      -27.9064    -40.5516   -106.668
 0.496301      -27.7811    -40.3757   -106.268
 0.497534      -27.6557    -40.1997   -105.868
 0.498767      -27.535     -40.0297   -105.479
 0.5           -27.4146    -39.8601   -105.09