 0.008       -1841.6     -2607.53    -5635.33
 0.00923308  -2095.07    -2956.58    -6356.51
 0.0104662   -2313.76    -3256.73    -6973.24
 0.0116992   -2497.52    -3508.03    -7486.59
 0.0129323   -2652.66    -3719.17    -7914.49
 0.0141654   -2783.93    -3896.75    -8270.69
 0.0153985   -2888.78    -4037.52    -8549.56
 0.0166316   -2964.37    -4137.87    -8744.62
 0.0178647   -3011.68    -4199.3     -8859.36
 0.0190977   -3035.25    -4228.05    -8906.78
 0.0203308   -3038.84    -4229.3     -8897.57
 0.0215639   -3025.73    -4207.59    -8841.04
 0.022797    -2999.72    -4168.13    -8747.99
 0.0240301   -2962.35    -4113.1     -8623.21
 0.0252632   -2914.92    -4044.38    -8470.63
 0.0264962   -2858.78    -3963.83    -8294.35
 0.0277293   -2796.27    -3874.68    -8100.89
 0.0289624   -2729.72    -3780.13    -7896.88
 0.0301955   -2660.46    -3682.02    -7686.19
 0.0314286   -2589.58    -3581.86    -7471.96
 0.0326617   -2517.97    -3480.9     -7256.73
 0.0338947   -2446.51    -3380.32    -7042.97
 0.0351278   -2376.17    -3281.46    -6833.33
 0.0363609   -2307.62    -3185.22    -6629.7
 0.037594    -2241.43    -3092.37    -6433.6
 0.0388271   -2177.91    -3003.33    -6245.84
 0.0400602   -2117.52    -2918.74    -6067.71
 0.0412932   -2060.32    -2838.65    -5899.27
 0.0425263   -2006.26    -2762.99    -5740.36
 0.0437594   -1955.62    -2692.11    -5591.63
 0.0449925   -1908.68    -2626.4     -5453.72
 0.0462256   -1865.75    -2566.22    -5327.3
 0.0474586   -1827.11    -2511.93    -5212.99
 0.0486917   -1792.57    -2463.26    -5110.22
 0.0499248   -1761.17    -2418.93    -5016.43
 0.0511579   -1731.9     -2377.58    -4928.9
 0.052391    -1703.96    -2338.09    -4845.42
 0.0536241   -1676.73    -2299.67    -4764.39
 0.0548571   -1650.5     -2262.67    -4686.48
 0.0560902   -1626.04    -2228.09    -4613.51
 0.0573233   -1603.95    -2196.72    -4546.99
 0.0585564   -1583.71    -2167.87    -4485.52
 0.0597895   -1564.56    -2140.49    -4427.03
 0.0610226   -1545.72    -2113.56    -4369.57
 0.0622556   -1526.55    -2086.23    -4311.46
 0.0634887   -1506.5     -2057.77    -4251.32
 0.0647218   -1485.42    -2027.99    -4188.75
 0.0659549   -1463.98    -1997.76    -4125.45
 0.067188    -1442.92    -1968.06    -4063.27
 0.0684211   -1422.31    -1938.97    -4002.33
 0.0696541   -1401.11    -1909.14    -3940.1
 0.0708872   -1378.45    -1877.43    -3874.47
 0.0721203   -1354.65    -1844.25    -3806.18
 0.0733534   -1330.15    -1810.2     -3736.42
 0.0745865   -1305.18    -1775.6     -3665.78
 0.0758195   -1279.8     -1740.5     -3594.4
 0.0770526   -1253.87    -1704.74    -3521.99
 0.0782857   -1227.43    -1668.38    -3448.71
 0.0795188   -1200.6     -1631.6     -3374.86
 0.0807519   -1173.57    -1594.6     -3300.86
 0.081985    -1146.4     -1557.52    -3226.95
 0.083218    -1119.35    -1520.66    -3153.75
 0.0844511   -1092.53    -1484.19    -3081.56
 0.0856842   -1066.12    -1448.33    -3010.75
 0.0869173   -1040.21    -1413.2     -2941.58
 0.0881504   -1014.87    -1378.9     -2874.19
 0.0893835    -990.146   -1345.45    -2808.63
 0.0906165    -966.063   -1312.93    -2745.03
 0.0918496    -942.787   -1281.51    -2683.66
 0.0930827    -920.383   -1251.3     -2624.75
 0.0943158    -899.018   -1222.49    -2568.6
 0.0955489    -878.851   -1195.28    -2515.51
 0.096782     -859.9     -1169.7     -2465.62
 0.098015     -842.081   -1145.62    -2418.53
 0.0992481    -825.229   -1122.82    -2373.91
 0.100481     -809.319   -1101.28    -2331.69
 0.101714     -794.447   -1081.09    -2291.93
 0.102947     -780.598   -1062.26    -2254.71
 0.10418      -767.741   -1044.71    -2219.85
 0.105414     -755.839   -1028.39    -2187.21
 0.106647     -744.829   -1013.24    -2156.69
 0.10788      -734.649    -999.154   -2128.08
 0.109113     -725.21     -986.016   -2101.15
 0.110346     -716.412    -973.706   -2075.69
 0.111579     -708.184    -962.124   -2051.52
 0.112812     -700.472    -951.194   -2028.47
 0.114045     -693.242    -940.887   -2006.54
 0.115278     -686.403    -931.076   -1985.46
 0.116511     -679.888    -921.675   -1965.11
 0.117744     -673.63     -912.607   -1945.34
 0.118977     -667.556    -903.78    -1926.02
 0.120211     -661.593    -895.097   -1906.97
 0.121444     -655.62     -886.417   -1887.98
 0.122677     -649.589    -877.68    -1868.95
 0.12391      -643.504    -868.893   -1849.9
 0.125143     -637.349    -860.039   -1830.83
 0.126376     -631.1      -851.092   -1811.68
 0.127609     -624.661    -841.943   -1792.34
 0.128842     -618.029    -832.583   -1772.77
 0.130075     -611.193    -823.001   -1752.95
 0.131308     -604.146    -813.192   -1732.88
 0.132541     -596.83     -803.103   -1712.56
 0.133774     -589.34     -792.84    -1692.11
 0.135008     -581.697    -782.425   -1671.57
 0.136241     -573.892    -771.859   -1650.95
 0.137474     -565.927    -761.151   -1630.34
 0.138707     -557.855    -750.351   -1609.72
 0.13994      -549.678    -739.465   -1589.12
 0.141173     -541.348    -728.453   -1568.55
 0.142406     -532.928    -717.369   -1548.02
 0.143639     -524.441    -706.238   -1527.53
 0.144872     -515.923    -695.128   -1507.3
 0.146105     -507.528    -684.2     -1487.47
 0.147338     -499.24     -673.428   -1467.99
 0.148571     -491.205    -663.012   -1449.24
 0.149805     -483.349    -652.838   -1430.95
 0.151038     -475.626    -642.845   -1413.01
 0.152271     -468.157    -633.186   -1395.68
 0.153504     -460.834    -623.719   -1378.7
 0.154737     -453.66     -614.448   -1362.06
 0.15597      -446.846    -605.622   -1346.13
 0.157203     -440.211    -597.014   -1330.53
 0.158436     -433.9      -588.8     -1315.54
 0.159669     -427.916    -580.983   -1301.14
 0.160902     -422.103    -573.371   -1287.05
 0.162135     -416.767    -566.313   -1273.7
 0.163368     -411.593    -559.444   -1260.61
 0.164602     -406.688    -552.892   -1247.95
 0.165835     -402.048    -546.643   -1235.68
 0.167068     -397.529    -540.533   -1223.59
 0.168301     -393.349    -534.803   -1211.95
 0.169534     -389.262    -529.177   -1200.43
 0.170767     -385.43     -523.843   -1189.29
 0.172        -381.774    -518.708   -1178.39
 0.173233     -378.299    -513.775   -1167.73
 0.174466     -375.061    -509.109   -1157.4
 0.175699     -371.915    -504.548   -1147.21
 0.176932     -368.968    -500.215   -1137.31
 0.178165     -366.049    -495.912   -1127.45
 0.179398     -363.222    -491.715   -1117.72
 0.180632     -360.402    -487.528   -1108.02
 0.181865     -357.599    -483.368   -1098.38
 0.183098     -354.805    -479.227   -1088.8
 0.184331     -352.027    -475.113   -1079.31
 0.185564     -349.261    -471.028   -1069.91
 0.186797     -346.508    -466.972   -1060.62
 0.18803      -343.738    -462.92    -1051.43
 0.189263     -340.956    -458.871   -1042.33
 0.190496     -338.119    -454.79    -1033.31
 0.191729     -335.251    -450.691   -1024.35
 0.192962     -332.312    -446.55    -1015.49
 0.194195     -329.34     -442.39    -1006.7
 0.195429     -326.302    -438.197    -998.039
 0.196662     -323.235    -433.99     -989.447
 0.197895     -320.122    -429.775    -981.029
 0.199128     -316.987    -425.556    -972.694
 0.200361     -313.827    -421.348    -964.548
 0.201594     -310.653    -417.148    -956.509
 0.202827     -307.47     -412.972    -948.642
 0.20406      -304.282    -408.815    -940.906
 0.205293     -301.1      -404.69     -933.312
 0.206526     -297.926    -400.601    -925.874
 0.207759     -294.766    -396.543    -918.543
 0.208992     -291.631    -392.543    -911.404
 0.210226     -288.509    -388.566    -904.319
 0.211459     -285.441    -384.673    -897.438
 0.212692     -282.376    -380.784    -890.565
 0.213925     -279.402    -377.021    -883.928
 0.215158     -276.429    -373.257    -877.292
 0.216391     -273.572    -369.634    -870.858
 0.217624     -270.739    -366.04     -864.466
 0.218857     -268.012    -362.561    -858.194
 0.22009      -265.355    -359.159    -852.003
 0.221323     -262.756    -355.82     -845.871
 0.222556     -260.27     -352.6      -839.855
 0.223789     -257.791    -349.388    -833.845
 0.225023     -255.464    -346.328    -827.933
 0.226256     -253.136    -343.268    -822.021
 0.227489     -250.915    -340.311    -816.159
 0.228722     -248.733    -337.392    -810.314
 0.229955     -246.607    -334.528    -804.499
 0.231188     -244.571    -331.75     -798.73
 0.232421     -242.537    -328.975    -792.961
 0.233654     -240.645    -326.332    -787.235
 0.234887     -238.753    -323.689    -781.509
 0.23612      -236.93     -321.113    -775.818
 0.237353     -235.152    -318.579    -770.149
 0.238586     -233.389    -316.061    -764.492
 0.23982      -231.701    -313.618    -758.889
 0.241053     -230.012    -311.176    -753.287
 0.242286     -228.371    -308.782    -747.733
 0.243519     -226.751    -306.411    -742.2
 0.244752     -225.138    -304.05     -736.691
 0.245985     -223.557    -301.734    -731.274
 0.247218     -221.977    -299.418    -725.857
 0.248451     -220.413    -297.133    -720.537
 0.249684     -218.857    -294.865    -715.265
 0.250917     -217.303    -292.601    -710.012
 0.25215      -215.766    -290.38     -704.919
 0.253383     -214.229    -288.16     -699.826
 0.254617     -212.698    -285.965    -694.844
 0.25585      -211.174    -283.796    -689.971
 0.257083     -209.65     -281.627    -685.097
 0.258316     -208.141    -279.509    -680.436
 0.259549     -206.634    -277.398    -675.805
 0.260782     -205.128    -275.298    -671.224
 0.262015     -203.624    -273.234    -666.831
 0.263248     -202.12     -271.17     -662.439
 0.264481     -200.61     -269.122    -658.163
 0.265714     -199.094    -267.09     -653.998
 0.266947     -197.579    -265.059    -649.833
 0.26818      -196.065    -263.06     -645.838
 0.269414     -194.552    -261.071    -641.891
 0.270647     -193.04     -259.083    -637.946
 0.27188      -191.556    -257.157    -634.199
 0.273113     -190.072    -255.231    -630.452
 0.274346     -188.6      -253.321    -626.737
 0.275579     -187.17     -251.471    -623.142
 0.276812     -185.74     -249.62     -619.548
 0.278045     -184.335    -247.8      -615.997
 0.279278     -182.972    -246.03     -612.52
 0.280511     -181.61     -244.261    -609.043
 0.281744     -180.283    -242.53     -605.605
 0.282977     -178.994    -240.839    -602.206
 0.284211     -177.704    -239.147    -598.808
 0.285444     -176.454    -237.492    -595.42
 0.286677     -175.231    -235.862    -592.04
 0.28791      -174.009    -234.233    -588.661
 0.289143     -172.817    -232.632    -585.29
 0.290376     -171.644    -231.047    -581.924
 0.291609     -170.471    -229.462    -578.558
 0.292842     -169.321    -227.898    -575.191
 0.294075     -168.184    -226.345    -571.824
 0.295308     -167.047    -224.791    -568.457
 0.296541     -165.931    -223.254    -565.086
 0.297774     -164.826    -221.727    -561.713
 0.299008     -163.722    -220.2      -558.339
 0.300241     -162.642    -218.697    -554.977
 0.301474     -161.582    -217.211    -551.625
 0.302707     -160.522    -215.726    -548.273
 0.30394      -159.485    -214.263    -544.935
 0.305173     -158.475    -212.826    -541.615
 0.306406     -157.465    -211.389    -538.294
 0.307639     -156.468    -209.966    -534.992
 0.308872     -155.498    -208.574    -531.728
 0.310105     -154.527    -207.181    -528.464
 0.311338     -153.561    -205.793    -525.213
 0.312571     -152.618    -204.441    -522.04
 0.313805     -151.676    -203.088    -518.868
 0.315038     -150.733    -201.736    -515.695
 0.316271     -149.812    -200.422    -512.626
 0.317504     -148.894    -199.111    -509.566
 0.318737     -147.975    -197.8      -506.507
 0.31997      -147.066    -196.514    -503.534
 0.321203     -146.163    -195.241    -500.608
 0.322436     -145.26     -193.968    -497.682
 0.323669     -144.361    -192.709    -494.806
 0.324902     -143.472    -191.476    -492.022
 0.326135     -142.584    -190.243    -489.239
 0.327368     -141.695    -189.01     -486.456
 0.328602     -140.828    -187.821    -483.808
 0.329835     -139.961    -186.633    -481.161
 0.331068     -139.094    -185.445    -478.514
 0.332301     -138.244    -184.285    -475.942
 0.333534     -137.405    -183.144    -473.42
 0.334767     -136.565    -182.003    -470.897
 0.336        -135.731    -180.869    -468.39
 0.337233     -134.921    -179.772    -465.961
 0.338466     -134.112    -178.675    -463.532
 0.339699     -133.303    -177.577    -461.102
 0.340932     -132.515    -176.509    -458.726
 0.342165     -131.737    -175.452    -456.372
 0.343398     -130.958    -174.396    -454.019
 0.344632     -130.185    -173.346    -451.676
 0.345865     -129.435    -172.324    -449.379
 0.347098     -128.685    -171.303    -447.082
 0.348331     -127.935    -170.281    -444.785
 0.349564     -127.201    -169.277    -442.506
 0.350797     -126.477    -168.283    -440.239
 0.35203      -125.754    -167.289    -437.971
 0.353263     -125.03     -166.296    -435.704
 0.354496     -124.33     -165.327    -433.467
 0.355729     -123.63     -164.359    -431.23
 0.356962     -122.931    -163.391    -428.993
 0.358195     -122.238    -162.43     -426.763
 0.359429     -121.561    -161.484    -424.548
 0.360662     -120.883    -160.538    -422.334
 0.361895     -120.206    -159.592    -420.119
 0.363128     -119.54     -158.659    -417.919
 0.364361     -118.882    -157.733    -415.727
 0.365594     -118.224    -156.807    -413.535
 0.366827     -117.566    -155.881    -411.344
 0.36806      -116.927    -154.976    -409.185
 0.369293     -116.289    -154.074    -407.03
 0.370526     -115.652    -153.173    -404.875
 0.371759     -115.017    -152.273    -402.724
 0.372992     -114.401    -151.396    -400.612
 0.374226     -113.785    -150.52     -398.5
 0.375459     -113.169    -149.643    -396.388
 0.376692     -112.557    -148.773    -394.289
 0.377925     -111.959    -147.922    -392.232
 0.379158     -111.361    -147.071    -390.176
 0.380391     -110.763    -146.22     -388.12
 0.381624     -110.17     -145.378    -386.086
 0.382857     -109.589    -144.554    -384.098
 0.38409      -109.007    -143.73     -382.11
 0.385323     -108.426    -142.906    -380.122
 0.386556     -107.851    -142.093    -378.16
 0.387789     -107.288    -141.298    -376.241
 0.389023     -106.725    -140.503    -374.322
 0.390256     -106.162    -139.708    -372.403
 0.391489     -105.605    -138.923    -370.51
 0.392722     -105.06     -138.156    -368.659
 0.393955     -104.514    -137.389    -366.808
 0.395188     -103.969    -136.622    -364.957
 0.396421     -103.429    -135.864    -363.127
 0.397654     -102.901    -135.123    -361.338
 0.398887     -102.372    -134.383    -359.549
 0.40012      -101.844    -133.643    -357.759
 0.401353     -101.32     -132.908    -355.983
 0.402586     -100.81     -132.193    -354.248
 0.40382      -100.3      -131.479    -352.513
 0.405053      -99.7896   -130.764    -350.778
 0.406286      -99.2807   -130.051    -349.047
 0.407519      -98.7875   -129.359    -347.359
 0.408752      -98.2944   -128.668    -345.672
 0.409985      -97.8012   -127.976    -343.985
 0.411218      -97.308    -127.285    -342.297
 0.412451      -96.8281   -126.61     -340.642
 0.413684      -96.35     -125.938    -338.991
 0.414917      -95.8719   -125.266    -337.34
 0.41615       -95.3939   -124.594    -335.69
 0.417383      -94.9246   -123.934    -334.062
 0.418617      -94.461    -123.28     -332.448
 0.41985       -93.9973   -122.627    -330.835
 0.421083      -93.5336   -121.974    -329.221
 0.422316      -93.0744   -121.326    -327.618
 0.423549      -92.6254   -120.69     -326.037
 0.424782      -92.1765   -120.055    -324.457
 0.426015      -91.7275   -119.419    -322.876
 0.427248      -91.2786   -118.784    -321.296
 0.428481      -90.843    -118.164    -319.739
 0.429714      -90.4086   -117.545    -318.184
 0.430947      -89.9741   -116.926    -316.629
 0.43218       -89.5396   -116.307    -315.074
 0.433414      -89.1116   -115.697    -313.537
 0.434647      -88.6899   -115.095    -312.018
 0.43588       -88.2683   -114.493    -310.5
 0.437113      -87.8466   -113.891    -308.981
 0.438346      -87.4251   -113.289    -307.463
 0.439579      -87.0156   -112.704    -305.982
 0.440812      -86.6061   -112.119    -304.501
 0.442045      -86.1965   -111.534    -303.021
 0.443278      -85.787    -110.949    -301.54
 0.444511      -85.3831   -110.373    -300.078
 0.445744      -84.9854   -109.805    -298.636
 0.446977      -84.5877   -109.237    -297.193
 0.448211      -84.19     -108.669    -295.751
 0.449444      -83.7923   -108.101    -294.309
 0.450677      -83.4054   -107.549    -292.903
 0.45191       -83.0198   -106.998    -291.501
 0.453143      -82.6343   -106.448    -290.099
 0.454376      -82.2487   -105.898    -288.698
 0.455609      -81.866    -105.352    -287.305
 0.456842      -81.493    -104.82     -285.942
 0.458075      -81.12     -104.288    -284.579
 0.459308      -80.747    -103.755    -283.216
 0.460541      -80.374    -103.223    -281.853
 0.461774      -80.0074   -102.7      -280.508
 0.463008      -79.6469   -102.185    -279.182
 0.464241      -79.2865   -101.67     -277.855
 0.465474      -78.926    -101.155    -276.528
 0.466707      -78.5656   -100.64     -275.201
 0.46794       -78.2139   -100.138    -273.9
 0.469173      -77.8655    -99.6392   -272.607
 0.470406      -77.517     -99.1407   -271.315
 0.471639      -77.1685    -98.6423   -270.022
 0.472872      -76.82      -98.1438   -268.73
 0.474105      -76.4817    -97.6591   -267.466
 0.475338      -76.1446    -97.1759   -266.204
 0.476571      -75.8074    -96.6926   -264.943
 0.477805      -75.4702    -96.2094   -263.682
 0.479038      -75.1331    -95.7262   -262.42
 0.480271      -74.806     -95.2572   -261.191
 0.481504      -74.479     -94.7882   -259.962
 0.482737      -74.152     -94.3192   -258.733
 0.48397       -73.8249    -93.8503   -257.504
 0.485203      -73.4983    -93.3818   -256.276
 0.486436      -73.181     -92.9261   -255.076
 0.487669      -72.8637    -92.4704   -253.876
 0.488902      -72.5464    -92.0147   -252.676
 0.490135      -72.2291    -91.5591   -251.476
 0.491368      -71.912     -91.1036   -250.277
 0.492602      -71.6042    -90.6608   -249.106
 0.493835      -71.2965    -90.2181   -247.935
 0.495068      -70.9887    -89.7753   -246.763
 0.496301      -70.681     -89.3325   -245.592
 0.497534      -70.3732    -88.8898   -244.421
 0.498767      -70.0738    -88.4587   -243.277
 0.5           -69.7751    -88.0285   -242.135