 0.008        9904.17   13289.1    26221.1
 0.00923308  10614.4    14240.9    28095.6
 0.0104662   11174      14990.3    29569.7
 0.0116992   11600.6    15561.1    30690.8
 0.0129323   11909.1    15973.1    31498.1
 0.0141654   12113      16244.8    32028.1
 0.0153985   12225.2    16393.1    32314.5
 0.0166316   12256.1    16432.4    32385.5
 0.0178647   12216.1    16376.5    32268.8
 0.0190977   12115.8    16239.8    31992.8
 0.0203308   11964      16033.8    31580.4
 0.0215639   11767.4    15768.1    31050.3
 0.022797    11535.3    15454.7    30426.7
 0.0240301   11275.5    15104.1    29730.2
 0.0252632   10993.8    14724.4    28976.9
 0.0264962   10696      14323.2    28181.8
 0.0277293   10386.6    13906.6    27356.8
 0.0289624   10071.7    13482.8    26518.1
 0.0301955    9755.95   13058      25678.2
 0.0314286    9442.92   12637      24846.3
 0.0326617    9135.42   12223.5    24029.6
 0.0338947    8835.79   11820.8    23234.6
 0.0351278    8546.08   11431.4    22466.5
 0.0363609    8268.1    11057.9    21729.9
 0.037594     8003.27   10702      21028.5
 0.0388271    7752.17   10364.7    20363.8
 0.0400602    7516.28   10047.8    19739.6
 0.0412932    7295.33    9750.98   19155
 0.0425263    7089.7     9474.7    18611
 0.0437594    6898.93    9218.37   18106.3
 0.0449925    6722.14    8980.77   17638.5
 0.0462256    6558.8     8761.19   17206.1
 0.0474586    6408.6     8559.18   16808.1
 0.0486917    6270.74    8373.67   16442.5
 0.0499248    6144.23    8203.35   16106.7
 0.0511579    6027.83    8046.55   15797.4
 0.052391     5920.65    7902.02   15512
 0.0536241    5821.49    7768.22   15247.6
 0.0548571    5729.14    7643.52   15001
 0.0560902    5642.77    7526.78   14769.9
 0.0573233    5561.39    7416.7    14551.9
 0.0585564    5483.69    7311.56   14343.5
 0.0597895    5408.74    7210.08   14142.3
 0.0610226    5335.77    7111.28   13946.5
 0.0622556    5263.8     7013.85   13753.5
 0.0634887    5192.12    6916.83   13561.4
 0.0647218    5119.98    6819.28   13368.5
 0.0659549    5046.95    6720.58   13173.6
 0.067188     4972.31    6619.84   12975
 0.0684211    4895.96    6516.91   12772.6
 0.0696541    4817.51    6411.27   12565.2
 0.0708872    4736.63    6302.52   12352.2
 0.0721203    4653.52    6190.91   12134.1
 0.0733534    4568.1     6076.36   11910.7
 0.0745865    4480.26    5958.73   11681.9
 0.0758195    4390.61    5838.83   11449.1
 0.0770526    4299.17    5716.67   11212.4
 0.0782857    4206.2     5592.63   10972.7
 0.0795188    4112.15    5467.3    10730.9
 0.0807519    4017.52    5341.32   10488.3
 0.081985     3922.5     5214.97   10245.4
 0.083218     3827.9     5089.26   10004.1
 0.0844511    3733.87    4964.46    9765.05
 0.0856842    3640.97    4841.24    9529.32
 0.0869173    3549.6     4720.13    9297.95
 0.0881504    3460.17    4601.69    9071.96
 0.0893835    3373.06    4486.36    8852.12
 0.0906165    3288.47    4374.44    8639.04
 0.0918496    3206.96    4266.61    8433.8
 0.0930827    3128.62    4163.03    8236.84
 0.0943158    3053.67    4063.94    8048.47
 0.0955489    2982.31    3969.57    7869.02
 0.096782     2914.65    3880.13    7699.05
 0.098015     2850.88    3795.77    7538.53
 0.0992481    2790.86    3716.33    7387.29
 0.100481     2734.55    3641.79    7245.26
 0.101714     2682.09    3572.23    7112.38
 0.102947     2633.27    3507.44    6988.46
 0.10418      2587.92    3447.17    6872.86
 0.105414     2545.88    3391.19    6765.11
 0.106647     2506.98    3339.3     6664.94
 0.10788      2471.06    3291.27    6571.8
 0.109113     2437.86    3246.75    6485.02
 0.110346     2407.08    3205.36    6404
 0.111579     2378.5     3166.82    6328.14
 0.112812     2351.93    3130.85    6256.88
 0.114045     2327.26    3097.34    6190.16
 0.115278     2304.05    3065.73    6126.83
 0.116511     2281.99    3035.57    6066.13
 0.117744     2260.81    3006.57    6007.55
 0.118977     2240.32    2978.47    5950.63
 0.120211     2220.35    2951.03    5894.94
 0.121444     2200.6     2923.9     5839.9
 0.122677     2180.79    2896.73    5784.88
 0.12391      2160.82    2869.38    5729.65
 0.125143     2140.55    2841.68    5673.93
 0.126376     2119.82    2813.42    5617.35
 0.127609     2098.34    2784.27    5559.41
 0.128842     2076.2     2754.32    5500.27
 0.130075     2053.36    2723.53    5439.82
 0.131308     2029.77    2691.84    5377.97
 0.132541     2005.14    2658.9     5314.3
 0.133774     1979.74    2625.06    5249.27
 0.135008     1953.64    2590.39    5183.01
 0.136241     1926.76    2554.81    5115.42
 0.137474     1899.09    2518.32    5046.63
 0.138707     1870.93    2481.26    4977.08
 0.13994      1842.3     2443.68    4906.84
 0.141173     1813.16    2405.56    4836.06
 0.142406     1783.84    2367.26    4765.19
 0.143639     1754.37    2328.83    4694.31
 0.144872     1724.81    2290.38    4623.72
 0.146105     1695.45    2252.23    4553.85
 0.147338     1666.26    2214.35    4484.6
 0.148571     1637.49    2177.07    4416.64
 0.149805     1609.18    2140.42    4349.92
 0.151038     1581.25    2104.26    4284.14
 0.152271     1554.3     2069.38    4220.71
 0.153504     1527.99    2035.34    4158.79
 0.154737     1502.32    2002.14    4098.43
 0.15597      1477.98    1970.62    4040.94
 0.157203     1454.26    1939.87    3984.78
 0.158436     1431.62    1910.5     3930.97
 0.159669     1410.12    1882.56    3879.61
 0.160902     1389.21    1855.37    3829.51
 0.162135     1370.02    1830.3     3782.85
 0.163368     1351.48    1806.02    3737.5
 0.164602     1333.99    1783.07    3694.36
 0.165835     1317.62    1761.5     3653.46
 0.167068     1301.78    1740.57    3613.58
 0.168301     1287.46    1721.5     3576.63
 0.169534     1273.53    1702.92    3540.47
 0.170767     1260.7     1685.68    3506.51
 0.172        1248.47    1669.19    3473.69
 0.173233     1236.87    1653.44    3442.04
 0.174466     1225.99    1638.58    3411.81
 0.175699     1215.4     1624.08    3382.12
 0.176932     1205.56    1610.48    3353.92
 0.178165     1195.84    1597.05    3325.97
 0.179398     1186.7     1584.32    3299.15
 0.180632     1177.65    1571.71    3272.54
 0.181865     1168.88    1559.46    3246.56
 0.183098     1160.17    1547.29    3220.77
 0.184331     1151.56    1535.25    3195.25
 0.185564     1142.92    1523.21    3169.84
 0.186797     1134.28    1511.18    3144.51
 0.18803      1125.49    1499.01    3119.13
 0.189263     1116.61    1486.75    3093.71
 0.190496     1107.5     1474.27    3068.13
 0.191729     1098.28    1461.67    3042.48
 0.192962     1088.75    1448.75    3016.58
 0.194195     1079.07    1435.69    2990.57
 0.195429     1069.06    1422.29    2964.3
 0.196662     1058.91    1408.74    2937.92
 0.197895     1048.47    1394.92    2911.39
 0.199128     1037.9     1380.96    2884.79
 0.200361     1027.08    1366.77    2858.09
 0.201594     1016.12    1352.45    2831.33
 0.202827     1005.02    1338.02    2804.63
 0.20406       993.827   1323.51    2777.96
 0.205293      982.582   1308.98    2751.42
 0.206526      971.284   1294.43    2725.03
 0.207759      960       1279.92    2698.82
 0.208992      948.743   1265.5     2672.93
 0.210226      937.534   1251.14    2647.19
 0.211459      926.509   1237.05    2622.01
 0.212692      915.495   1222.98    2596.87
 0.213925      904.816   1209.35    2572.55
 0.215158      894.136   1195.71    2548.23
 0.216391      883.843   1182.57    2524.73
 0.217624      873.63    1169.52    2501.39
 0.218857      863.776   1156.91    2478.7
 0.22009       854.164   1144.58    2456.45
 0.221323      844.77    1132.52    2434.58
 0.222556      835.798   1120.97    2413.48
 0.223789      826.862   1109.45    2392.43
 0.225023      818.567   1098.69    2372.41
 0.226256      810.272   1087.92    2352.39
 0.227489      802.478   1077.73    2333.14
 0.228722      794.864   1067.75    2314.17
 0.229955      787.506   1058.07    2295.6
 0.231188      780.552   1048.85    2277.68
 0.232421      773.606   1039.65    2259.76
 0.233654      767.269   1031.13    2242.7
 0.234887      760.932   1022.62    2225.65
 0.23612       754.906   1014.46    2209.07
 0.237353      749.08    1006.53    2192.8
 0.238586      743.323    998.677   2176.64
 0.23982       737.906    991.222   2161.02
 0.241053      732.488    983.766   2145.4
 0.242286      727.29     976.567   2130.14
 0.243519      722.186    969.478   2115.04
 0.244752      717.119    962.437   2100.03
 0.245985      712.2      955.588   2085.38
 0.247218      707.281    948.739   2070.72
 0.248451      702.415    941.976   2056.29
 0.249684      697.576    935.256   2041.97
 0.250917      692.738    928.541   2027.67
 0.25215       687.901    921.87    2013.63
 0.253383      683.064    915.2     1999.58
 0.254617      678.197    908.525   1985.66
 0.25585       673.3      901.846   1971.87
 0.257083      668.403    895.167   1958.07
 0.258316      663.437    888.469   1944.52
 0.259549      658.461    881.769   1931
 0.260782      653.467    875.062   1917.53
 0.262015      648.4      868.327   1904.27
 0.263248      643.333    861.592   1891.01
 0.264481      638.23     854.853   1877.89
 0.265714      633.093    848.107   1864.91
 0.266947      627.956    841.362   1851.93
 0.26818       622.803    834.65    1839.22
 0.269414      617.646    827.948   1826.58
 0.270647      612.489    821.246   1813.94
 0.27188       607.364    814.638   1801.66
 0.273113      602.238    808.03    1789.39
 0.274346      597.133    801.455   1777.19
 0.275579      592.108    795.002   1765.29
 0.276812      587.083    788.55    1753.39
 0.278045      582.118    782.176   1741.63
 0.279278      577.255    775.937   1730.13
 0.280511      572.392    769.697   1718.62
 0.281744      567.638    763.59    1707.32
 0.282977      562.994    757.617   1696.22
 0.284211      558.351    751.644   1685.12
 0.285444      553.868    745.851   1674.24
 0.286677      549.499    740.185   1663.51
 0.28791       545.13     734.519   1652.79
 0.289143      540.933    729.046   1642.29
 0.290376      536.835    723.682   1631.94
 0.291609      532.736    718.319   1621.58
 0.292842      528.814    713.149   1611.44
 0.294075      524.987    708.083   1601.41
 0.295308      521.16     703.017   1591.39
 0.296541      517.492    698.122   1581.54
 0.297774      513.92     693.33    1571.81
 0.299008      510.347    688.537   1562.07
 0.300241      506.898    683.883   1552.5
 0.301474      503.546    679.337   1543.07
 0.302707      500.193    674.791   1533.64
 0.30394       496.922    670.338   1524.33
 0.305173      493.746    665.992   1515.16
 0.306406      490.571    661.646   1505.99
 0.307639      487.437    657.351   1496.9
 0.308872      484.392    653.163   1487.97
 0.310105      481.347    648.975   1479.05
 0.311338      478.314    644.804   1470.16
 0.312571      475.357    640.737   1461.49
 0.313805      472.399    636.67    1452.83
 0.315038      469.441    632.604   1444.16
 0.316271      466.542    628.632   1435.74
 0.317504      463.648    624.669   1427.34
 0.318737      460.754    620.706   1418.94
 0.31997       457.879    616.789   1410.71
 0.321203      455.013    612.897   1402.58
 0.322436      452.147    609.005   1394.44
 0.323669      449.287    605.134   1386.4
 0.324902      446.437    601.304   1378.53
 0.326135      443.587    597.473   1370.66
 0.327368      440.737    593.643   1362.79
 0.328602      437.911    589.883   1355.19
 0.329835      435.085    586.123   1347.59
 0.331068      432.26     582.364   1340
 0.332301      429.457    578.654   1332.57
 0.333534      426.67     574.978   1325.25
 0.334767      423.882    571.301   1317.93
 0.336         421.104    567.641   1310.65
 0.337233      418.374    564.058   1303.57
 0.338466      415.644    560.475   1296.49
 0.339699      412.914    556.892   1289.41
 0.340932      410.237    553.384   1282.49
 0.342165      407.583    549.91    1275.64
 0.343398      404.93     546.436   1268.79
 0.344632      402.292    542.982   1261.98
 0.345865      399.732    539.628   1255.35
 0.347098      397.172    536.274   1248.72
 0.348331      394.612    532.919   1242.09
 0.349564      392.122    529.645   1235.56
 0.350797      389.678    526.424   1229.11
 0.35203       387.233    523.202   1222.65
 0.353263      384.788    519.98    1216.2
 0.354496      382.457    516.887   1209.91
 0.355729      380.126    513.794   1203.63
 0.356962      377.795    510.702   1197.35
 0.358195      375.503    507.653   1191.12
 0.359429      373.289    504.689   1184.99
 0.360662      371.074    501.724   1178.87
 0.361895      368.86     498.76    1172.74
 0.363128      366.713    495.869   1166.69
 0.364361      364.606    493.021   1160.7
 0.365594      362.498    490.173   1154.71
 0.366827      360.391    487.325   1148.71
 0.36806       358.365    484.574   1142.86
 0.369293      356.351    481.835   1137.03
 0.370526      354.337    479.097   1131.2
 0.371759      352.329    476.366   1125.39
 0.372992      350.392    473.723   1119.71
 0.374226      348.455    471.08    1114.04
 0.375459      346.518    468.437   1108.37
 0.376692      344.596    465.813   1102.74
 0.377925      342.72     463.251   1097.23
 0.379158      340.844    460.69    1091.72
 0.380391      338.968    458.129   1086.21
 0.381624      337.108    455.591   1080.76
 0.382857      335.28     453.103   1075.43
 0.38409       333.453    450.616   1070.09
 0.385323      331.625    448.128   1064.76
 0.386556      329.816    445.669   1059.5
 0.387789      328.036    443.256   1054.36
 0.389023      326.256    440.844   1049.21
 0.390256      324.477    438.431   1044.06
 0.391489      322.712    436.045   1038.99
 0.392722      320.973    433.7     1034.02
 0.393955      319.233    431.355   1029.06
 0.395188      317.494    429.01    1024.09
 0.396421      315.768    426.687   1019.18
 0.397654      314.071    424.409   1014.38
 0.398887      312.373    422.13    1009.59
 0.40012       310.676    419.852   1004.79
 0.401353      308.989    417.59    1000.03
 0.402586      307.338    415.382    995.39
 0.40382       305.688    413.174    990.754
 0.405053      304.037    410.966    986.118
 0.406286      302.391    408.764    981.493
 0.407519      300.794    406.629    977.009
 0.408752      299.197    404.495    972.524
 0.409985      297.6      402.36     968.039
 0.411218      296.002    400.225    963.555
 0.412451      294.456    398.153    959.174
 0.413684      292.916    396.089    954.809
 0.414917      291.377    394.025    950.443
 0.41615       289.837    391.962    946.077
 0.417383      288.333    389.942    941.786
 0.418617      286.851    387.949    937.54
 0.41985       285.369    385.957    933.295
 0.421083      283.888    383.964    929.049
 0.422316      282.423    381.992    924.838
 0.423549      280.997    380.068    920.706
 0.424782      279.572    378.144    916.575
 0.426015      278.147    376.221    912.443
 0.427248      276.721    374.297    908.312
 0.428481      275.349    372.435    904.271
 0.429714      273.982    370.578    900.238
 0.430947      272.614    368.721    896.204
 0.43218       271.246    366.864    892.17
 0.433414      269.904    365.038    888.193
 0.434647      268.586    363.244    884.271
 0.43588       267.269    361.45     880.349
 0.437113      265.952    359.656    876.427
 0.438346      264.636    357.864    872.508
 0.439579      263.365    356.129    868.697
 0.440812      262.094    354.395    864.885
 0.442045      260.823    352.66     861.074
 0.443278      259.552    350.926    857.263
 0.444511      258.301    349.218    853.503
 0.445744      257.072    347.538    849.797
 0.446977      255.842    345.859    846.092
 0.448211      254.613    344.179    842.387
 0.449444      253.384    342.499    838.681
 0.450677      252.189    340.868    835.08
 0.45191       250.999    339.243    831.493
 0.453143      249.808    337.618    827.906
 0.454376      248.618    335.992    824.318
 0.455609      247.436    334.38     820.758
 0.456842      246.283    332.808    817.287
 0.458075      245.13     331.236    813.816
 0.459308      243.976    329.664    810.346
 0.460541      242.823    328.092    806.875
 0.461774      241.687    326.546    803.461
 0.463008      240.568    325.023    800.1
 0.464241      239.448    323.5      796.74
 0.465474      238.328    321.977    793.38
 0.466707      237.209    320.454    790.02
 0.46794       236.114    318.966    786.736
 0.469173      235.029    317.491    783.48
 0.470406      233.943    316.017    780.225
 0.471639      232.857    314.542    776.969
 0.472872      231.772    313.067    773.713
 0.474105      230.72     311.637    770.546
 0.475338      229.672    310.212    767.389
 0.476571      228.624    308.788    764.232
 0.477805      227.576    307.363    761.074
 0.479038      226.528    305.938    757.918
 0.480271      225.515    304.56     754.853
 0.481504      224.503    303.182    751.789
 0.482737      223.49     301.805    748.725
 0.48397       222.478    300.427    745.661
 0.485203      221.466    299.051    742.6
 0.486436      220.489    297.717    739.617
 0.487669      219.511    296.383    736.634
 0.488902      218.534    295.05     733.651
 0.490135      217.556    293.716    730.668
 0.491368      216.579    292.383    727.686
 0.492602      215.636    291.094    724.784
 0.493835      214.693    289.804    721.883
 0.495068      213.75     288.515    718.981
 0.496301      212.808    287.226    716.08
 0.497534      211.865    285.936    713.178
 0.498767      210.953    284.687    710.353
 0.5           210.044    283.44     707.533