 0.008        9797.24   13137.6    25893.7
 0.00923308  10493.3    14069.9    27727.6
 0.0104662   11040.5    14802.3    29166.8
 0.0116992   11456.4    15358.5    30258.1
 0.0129323   11756      15758.4    31040.7
 0.0141654   11952.9    16020.4    31551.4
 0.0153985   12059.6    16161.5    31823.4
 0.0166316   12086.7    16195.8    31884.8
 0.0178647   12044.5    16137      31762.6
 0.0190977   11943.2    15999      31484.7
 0.0203308   11791.3    15793.3    31073.5
 0.0215639   11595.8    15529.2    30547.3
 0.022797    11365.5    15218.4    29929.8
 0.0240301   11108      14871.3    29241.1
 0.0252632   10829.3    14495.8    28497.1
 0.0264962   10534.8    14099.5    27712.5
 0.0277293   10229.1    13688.1    26898.9
 0.0289624    9918.07   13269.8    26072.1
 0.0301955    9606.35   12850.7    25244.4
 0.0314286    9297.41   12435.4    24424.8
 0.0326617    8994.01   12027.8    23620.5
 0.0338947    8698.48   11630.8    22837.8
 0.0351278    8412.79   11247.1    22081.6
 0.0363609    8138.71   10879      21356.7
 0.037594     7877.65   10528.5    20666.5
 0.0388271    7630.14   10196.2    20012.5
 0.0400602    7397.63    9884.02   19398.2
 0.0412932    7179.86    9591.66   18823.1
 0.0425263    6977.21    9319.57   18287.9
 0.0437594    6789.22    9067.15   17791.4
 0.0449925    6615.03    8833.2    17331.3
 0.0462256    6454.09    8616.99   16906
 0.0474586    6306.09    8418.07   16514.6
 0.0486917    6170.24    8235.39   16155
 0.0499248    6045.58    8067.68   15824.7
 0.0511579    5930.89    7913.29   15520.4
 0.052391     5825.28    7770.99   15239.8
 0.0536241    5727.59    7639.27   14979.8
 0.0548571    5636.61    7516.52   14737.3
 0.0560902    5551.54    7401.61   14510.2
 0.0573233    5471.37    7293.27   14295.8
 0.0585564    5394.84    7189.8    14091
 0.0597895    5321.03    7089.94   13893.3
 0.0610226    5249.17    6992.72   13700.8
 0.0622556    5178.31    6896.87   13511.1
 0.0634887    5107.73    6801.42   13322.4
 0.0647218    5036.7     6705.45   13132.8
 0.0659549    4964.8     6608.36   12941.4
 0.067188     4891.32    6509.27   12746.3
 0.0684211    4816.17    6408.02   12547.3
 0.0696541    4738.95    6304.12   12343.6
 0.0708872    4659.35    6197.15   12134.3
 0.0721203    4577.54    6087.37   11919.9
 0.0733534    4493.47    5974.69   11700.4
 0.0745865    4407.01    5858.98   11475.5
 0.0758195    4318.78    5741.05   11246.8
 0.0770526    4228.78    5620.89   11014.1
 0.0782857    4137.28    5498.86   10778.5
 0.0795188    4044.71    5375.58   10540.8
 0.0807519    3951.58    5251.65   10302.3
 0.081985     3858.07    5127.36   10063.5
 0.083218     3764.96    5003.69    9826.33
 0.0844511    3672.43    4880.92    9591.28
 0.0856842    3581       4759.7     9359.5
 0.0869173    3491.07    4640.55    9132.01
 0.0881504    3403.06    4524.03    8909.8
 0.0893835    3317.33    4410.57    8693.63
 0.0906165    3234.07    4300.46    8484.08
 0.0918496    3153.84    4194.37    8282.26
 0.0930827    3076.74    4092.46    8088.56
 0.0943158    3002.97    3994.97    7903.31
 0.0955489    2932.74    3902.12    7726.83
 0.096782     2866.14    3814.12    7559.69
 0.098015     2803.38    3731.12    7401.83
 0.0992481    2744.31    3652.97    7253.11
 0.100481     2688.89    3579.63    7113.46
 0.101714     2637.27    3511.21    6982.81
 0.102947     2589.22    3447.48    6860.99
 0.10418      2544.59    3388.19    6747.35
 0.105414     2503.23    3333.13    6641.44
 0.106647     2464.95    3282.11    6543.02
 0.10788      2429.61    3234.88    6451.5
 0.109113     2396.94    3191.09    6366.25
 0.110346     2366.65    3150.4     6286.65
 0.111579     2338.53    3112.5     6212.15
 0.112812     2312.4     3077.15    6142.2
 0.114045     2288.15    3044.25    6076.76
 0.115278     2265.36    3013.21    6014.67
 0.116511     2243.67    2983.6     5955.15
 0.117744     2222.84    2955.11    5897.68
 0.118977     2202.68    2927.48    5841.82
 0.120211     2183.02    2900.51    5787.16
 0.121444     2163.59    2873.85    5733.16
 0.122677     2144.12    2847.17    5679.21
 0.12391      2124.49    2820.31    5625.05
 0.125143     2104.57    2793.11    5570.41
 0.126376     2084.19    2765.36    5514.92
 0.127609     2063.07    2736.72    5458.07
 0.128842     2041.3     2707.3     5400.03
 0.130075     2018.84    2677.04    5340.69
 0.131308     1995.64    2645.9     5279.96
 0.132541     1971.41    2613.52    5217.43
 0.133774     1946.43    2580.26    5153.55
 0.135008     1920.76    2546.17    5088.44
 0.136241     1894.32    2511.18    5022.01
 0.137474     1867.1     2475.29    4954.38
 0.138707     1839.39    2438.84    4886
 0.13994      1811.22    2401.87    4816.91
 0.141173     1782.55    2364.37    4747.28
 0.142406     1753.7     2326.68    4677.56
 0.143639     1724.69    2288.87    4607.81
 0.144872     1695.6     2251.03    4538.34
 0.146105     1666.7     2213.49    4469.58
 0.147338     1637.98    2176.21    4401.41
 0.148571     1609.66    2139.52    4334.52
 0.149805     1581.8     2103.45    4268.83
 0.151038     1554.31    2067.86    4204.08
 0.152271     1527.78    2033.53    4141.63
 0.153504     1501.89    2000.02    4080.68
 0.154737     1476.62    1967.35    4021.25
 0.15597      1452.67    1936.32    3964.65
 0.157203     1429.31    1906.06    3909.36
 0.158436     1407.03    1877.15    3856.4
 0.159669     1385.86    1849.64    3805.84
 0.160902     1365.27    1822.87    3756.53
 0.162135     1346.4     1798.21    3710.63
 0.163368     1328.14    1774.32    3666.02
 0.164602     1310.93    1751.74    3623.6
 0.165835     1294.83    1730.53    3583.39
 0.167068     1279.24    1709.94    3544.2
 0.168301     1265.15    1691.19    3507.9
 0.169534     1251.45    1672.92    3472.38
 0.170767     1238.82    1655.97    3439.03
 0.172        1226.8     1639.76    3406.82
 0.173233     1215.38    1624.28    3375.77
 0.174466     1204.7     1609.7     3346.13
 0.175699     1194.29    1595.46    3317.03
 0.176932     1184.62    1582.12    3289.41
 0.178165     1175.08    1568.94    3262.03
 0.179398     1166.1     1556.46    3235.77
 0.180632     1157.22    1544.09    3209.72
 0.181865     1148.61    1532.07    3184.28
 0.183098     1140.05    1520.13    3159.02
 0.184331     1131.59    1508.32    3134.04
 0.185564     1123.1     1496.5     3109.14
 0.186797     1114.6     1484.68    3084.32
 0.18803      1105.96    1472.73    3059.44
 0.189263     1097.22    1460.69    3034.52
 0.190496     1088.26    1448.42    3009.43
 0.191729     1079.18    1436.03    2984.27
 0.192962     1069.8     1423.33    2958.85
 0.194195     1060.28    1410.49    2933.31
 0.195429     1050.44    1397.32    2907.52
 0.196662     1040.45    1384       2881.61
 0.197895     1030.19    1370.41    2855.56
 0.199128     1019.79    1356.7     2829.44
 0.200361     1009.16    1342.76    2803.21
 0.201594      998.389   1328.69    2776.92
 0.202827      987.487   1314.51    2750.68
 0.20406       976.484   1300.24    2724.47
 0.205293      965.43    1285.96    2698.37
 0.206526      954.322   1271.65    2672.41
 0.207759      943.225   1257.38    2646.62
 0.208992      932.149   1243.19    2621.14
 0.210226      921.12    1229.06    2595.8
 0.211459      910.266   1215.19    2571.02
 0.212692      899.423   1201.33    2546.25
 0.213925      888.903   1187.9     2522.3
 0.215158      878.384   1174.47    2498.34
 0.216391      868.244   1161.52    2475.2
 0.217624      858.182   1148.67    2452.21
 0.218857      848.475   1136.25    2429.87
 0.22009       839.006   1124.11    2407.96
 0.221323      829.753   1112.23    2386.44
 0.222556      820.921   1100.85    2365.67
 0.223789      812.123   1089.52    2344.96
 0.225023      803.962   1078.93    2325.28
 0.226256      795.802   1068.34    2305.59
 0.227489      788.14    1058.33    2286.68
 0.228722      780.656   1048.52    2268.05
 0.229955      773.426   1039.01    2249.82
 0.231188      766.594   1029.96    2232.22
 0.232421      759.77    1020.91    2214.64
 0.233654      753.543   1012.55    2197.91
 0.234887      747.317   1004.19    2181.19
 0.23612       741.394    996.173   2164.93
 0.237353      735.667    988.386   2148.98
 0.238586      730.008    980.677   2133.13
 0.23982       724.682    973.356   2117.83
 0.241053      719.356    966.034   2102.52
 0.242286      714.245    958.965   2087.58
 0.243519      709.227    952.005   2072.79
 0.244752      704.245    945.092   2058.09
 0.245985      699.412    938.371   2043.74
 0.247218      694.578    931.65    2029.39
 0.248451      689.801    925.016   2015.26
 0.249684      685.051    918.425   2001.23
 0.250917      680.301    911.839   1987.24
 0.25215       675.556    905.299   1973.49
 0.253383      670.812    898.759   1959.73
 0.254617      666.036    892.214   1946.1
 0.25585       661.23     885.662   1932.58
 0.257083      656.424    879.111   1919.07
 0.258316      651.547    872.537   1905.78
 0.259549      646.659    865.959   1892.53
 0.260782      641.752    859.372   1879.32
 0.262015      636.77     852.754   1866.31
 0.263248      631.788    846.137   1853.29
 0.264481      626.769    839.511   1840.42
 0.265714      621.715    832.879   1827.67
 0.266947      616.661    826.246   1814.93
 0.26818       611.59     819.644   1802.44
 0.269414      606.515    813.05    1790.02
 0.270647      601.44     806.458   1777.61
 0.27188       596.396    799.957   1765.54
 0.273113      591.352    793.457   1753.48
 0.274346      586.33     786.988   1741.5
 0.275579      581.387    780.642   1729.8
 0.276812      576.445    774.296   1718.1
 0.278045      571.562    768.028   1706.55
 0.279278      566.78     761.892   1695.24
 0.280511      561.998    755.757   1683.93
 0.281744      557.322    749.751   1672.82
 0.282977      552.755    743.876   1661.92
 0.284211      548.188    738.002   1651.01
 0.285444      543.777    732.304   1640.33
 0.286677      539.478    726.731   1629.79
 0.28791       535.179    721.158   1619.26
 0.289143      531.049    715.775   1608.95
 0.290376      527.016    710.501   1598.79
 0.291609      522.983    705.227   1588.62
 0.292842      519.125    700.144   1578.67
 0.294075      515.361    695.165   1568.84
 0.295308      511.597    690.186   1559.01
 0.296541      507.991    685.378   1549.35
 0.297774      504.48     680.671   1539.81
 0.299008      500.969    675.964   1530.26
 0.300241      497.581    671.395   1520.89
 0.301474      494.288    666.933   1511.65
 0.302707      490.996    662.471   1502.41
 0.30394       487.784    658.101   1493.29
 0.305173      484.666    653.838   1484.3
 0.306406      481.549    649.574   1475.32
 0.307639      478.472    645.361   1466.42
 0.308872      475.484    641.253   1457.68
 0.310105      472.495    637.145   1448.94
 0.311338      469.518    633.053   1440.24
 0.312571      466.613    629.063   1431.75
 0.313805      463.709    625.073   1423.26
 0.315038      460.804    621.083   1414.78
 0.316271      457.956    617.184   1406.53
 0.317504      455.113    613.295   1398.31
 0.318737      452.269    609.405   1390.08
 0.31997       449.444    605.56    1382.03
 0.321203      446.629    601.74    1374.06
 0.322436      443.813    597.919   1366.09
 0.323669      441.003    594.12    1358.21
 0.324902      438.204    590.36    1350.5
 0.326135      435.405    586.6     1342.78
 0.327368      432.606    582.84    1335.07
 0.328602      429.83     579.148   1327.63
 0.329835      427.055    575.457   1320.18
 0.331068      424.28     571.766   1312.73
 0.332301      421.527    568.123   1305.45
 0.333534      418.787    564.512   1298.27
 0.334767      416.048    560.901   1291.1
 0.336         413.318    557.306   1283.96
 0.337233      410.634    553.784   1277.02
 0.338466      407.949    550.263   1270.08
 0.339699      405.264    546.742   1263.13
 0.340932      402.631    543.295   1256.35
 0.342165      400.021    539.88    1249.64
 0.343398      397.411    536.465   1242.93
 0.344632      394.817    533.071   1236.25
 0.345865      392.299    529.775   1229.75
 0.347098      389.782    526.479   1223.25
 0.348331      387.264    523.183   1216.75
 0.349564      384.817    519.967   1210.35
 0.350797      382.414    516.802   1204.02
 0.35203       380.011    513.637   1197.7
 0.353263      377.609    510.472   1191.37
 0.354496      375.318    507.435   1185.22
 0.355729      373.028    504.399   1179.06
 0.356962      370.737    501.362   1172.91
 0.358195      368.486    498.368   1166.81
 0.359429      366.31     495.458   1160.8
 0.360662      364.134    492.547   1154.8
 0.361895      361.959    489.637   1148.8
 0.363128      359.849    486.799   1142.88
 0.364361      357.779    484.004   1137.02
 0.365594      355.708    481.209   1131.15
 0.366827      353.638    478.413   1125.28
 0.36806       351.649    475.713   1119.55
 0.369293      349.671    473.026   1113.85
 0.370526      347.693    470.339   1108.14
 0.371759      345.721    467.66    1102.45
 0.372992      343.819    465.067   1096.89
 0.374226      341.918    462.474   1091.34
 0.375459      340.017    459.881   1085.79
 0.376692      338.129    457.307   1080.28
 0.377925      336.288    454.794   1074.88
 0.379158      334.447    452.282   1069.49
 0.380391      332.605    449.769   1064.1
 0.381624      330.779    447.28    1058.76
 0.382857      328.985    444.839   1053.55
 0.38409       327.191    442.399   1048.33
 0.385323      325.397    439.958   1043.11
 0.386556      323.62     437.545   1037.96
 0.387789      321.872    435.178   1032.92
 0.389023      320.124    432.811   1027.89
 0.390256      318.376    430.444   1022.85
 0.391489      316.644    428.102   1017.89
 0.392722      314.935    425.801   1013.03
 0.393955      313.226    423.499   1008.17
 0.395188      311.518    421.198   1003.31
 0.396421      309.823    418.919    998.502
 0.397654      308.156    416.683    993.806
 0.398887      306.489    414.447    989.11
 0.40012       304.821    412.211    984.414
 0.401353      303.165    409.991    979.755
 0.402586      301.544    407.824    975.217
 0.40382       299.923    405.657    970.679
 0.405053      298.302    403.49     966.141
 0.406286      296.685    401.329    961.615
 0.407519      295.117    399.234    957.226
 0.408752      293.548    397.139    952.838
 0.409985      291.979    395.044    948.449
 0.411218      290.41     392.949    944.06
 0.412451      288.891    390.915    939.775
 0.413684      287.379    388.89     935.504
 0.414917      285.867    386.865    931.233
 0.41615       284.354    384.839    926.962
 0.417383      282.877    382.857    922.764
 0.418617      281.421    380.902    918.612
 0.41985       279.966    378.946    914.459
 0.421083      278.51     376.991    910.307
 0.422316      277.071    375.056    906.188
 0.423549      275.671    373.168    902.147
 0.424782      274.271    371.281    898.107
 0.426015      272.871    369.393    894.066
 0.427248      271.472    367.506    890.026
 0.428481      270.125    365.68     886.074
 0.429714      268.782    363.858    882.129
 0.430947      267.439    362.036    878.184
 0.43218       266.096    360.215    874.239
 0.433414      264.778    358.424    870.35
 0.434647      263.485    356.665    866.514
 0.43588       262.193    354.906    862.679
 0.437113      260.9      353.146    858.844
 0.438346      259.608    351.388    855.011
 0.439579      258.361    349.687    851.284
 0.440812      257.113    347.986    847.557
 0.442045      255.866    346.285    843.83
 0.443278      254.618    344.585    840.103
 0.444511      253.391    342.91     836.426
 0.445744      252.184    341.262    832.804
 0.446977      250.978    339.615    829.181
 0.448211      249.771    337.968    825.558
 0.449444      248.565    336.321    821.935
 0.450677      247.392    334.721    818.415
 0.45191       246.224    333.127    814.908
 0.453143      245.055    331.534    811.401
 0.454376      243.887    329.94     807.895
 0.455609      242.727    328.359    804.414
 0.456842      241.595    326.817    801.021
 0.458075      240.463    325.276    797.629
 0.459308      239.331    323.735    794.237
 0.460541      238.199    322.193    790.844
 0.461774      237.084    320.676    787.507
 0.463008      235.985    319.183    784.223
 0.464241      234.886    317.69     780.939
 0.465474      233.787    316.196    777.655
 0.466707      232.688    314.703    774.371
 0.46794       231.614    313.244    771.162
 0.469173      230.548    311.798    767.981
 0.470406      229.483    310.351    764.799
 0.471639      228.417    308.905    761.617
 0.472872      227.352    307.459    758.435
 0.474105      226.319    306.057    755.341
 0.475338      225.29     304.66     752.256
 0.476571      224.262    303.263    749.171
 0.477805      223.233    301.866    746.086
 0.479038      222.204    300.469    743.002
 0.480271      221.211    299.118    740.008
 0.481504      220.217    297.767    737.014
 0.482737      219.223    296.416    734.02
 0.48397       218.229    295.065    731.026
 0.485203      217.237    293.716    728.036
 0.486436      216.278    292.408    725.121
 0.487669      215.318    291.101    722.207
 0.488902      214.359    289.793    719.293
 0.490135      213.399    288.486    716.378
 0.491368      212.441    287.179    713.465
 0.492602      211.515    285.915    710.631
 0.493835      210.59     284.651    707.796
 0.495068      209.665    283.387    704.962
 0.496301      208.74     282.123    702.127
 0.497534      207.815    280.859    699.293
 0.498767      206.92     279.634    696.533
 0.5           206.028    278.412    693.779