9.992286819167262238e-08
1.078254604031621946e-07
1.154693672585102809e-07
1.228605329330393762e-07
1.300053155909558386e-07
1.369096954110116254e-07
1.435796352936691207e-07
1.500213316551842729e-07
1.562406331259568910e-07
1.622432518529494356e-07
1.680349071568013254e-07
1.736210937709325260e-07
1.790070924718177588e-07
1.841980477229062290e-07
1.891989920388614445e-07
1.940147763343769120e-07
1.986501660975627789e-07
2.031097184504535570e-07
2.073978880757019081e-07
2.115188989151436907e-07
2.154770245888578331e-07
2.192764663295288579e-07
2.229210520276887045e-07
2.264145345079842500e-07
2.297607400618573057e-07
2.329634665206224641e-07
2.360258081514951418e-07
2.389516378350402987e-07
2.417439340036570344e-07
2.444058008842798586e-07
2.469407797406579240e-07
2.493512947729053105e-07
2.516408967897711012e-07
2.538119353958245834e-07
2.558676124355993397e-07
2.578103791498309190e-07
2.596431325328790085e-07
2.613683035847811728e-07
2.629887161847704987e-07
2.645065314454032691e-07
2.659247197850317836e-07
2.672450525663941618e-07
2.684706127168136136e-07
2.696030015652390742e-07
2.706451634541635896e-07
2.715987880609203244e-07
2.724663124054534625e-07
2.732500927461194581e-07
2.739515505375964053e-07
2.745735237947051817e-07
2.751175087485246079e-07
2.755855828666556394e-07
2.759801165358144715e-07
2.763023055243836479e-07
2.765545986370509664e-07
2.767388640062162527e-07
2.768564130975850945e-07
2.769096733760567289e-07
2.769002272180186317e-07
2.768293216146168970e-07
2.766993442528978185e-07
2.765117784910443457e-07
2.762678664610902857e-07
2.759698190866238699e-07
2.756191783267003018e-07
2.752169984710238134e-07
2.747652792906950821e-07
2.742658384052597077e-07
2.737195563563636711e-07
2.731280707468491177e-07
2.724933942428819365e-07
2.718165830440665193e-07
2.710987328196542402e-07
2.703418124412563406e-07
2.695472958022575776e-07
2.687160640435837654e-07
2.678495567463494598e-07
2.669495068002390351e-07
2.660172088573139478e-07
2.650534466731131688e-07
2.640597060555445452e-07
2.630376371609551158e-07
2.619883267227922667e-07
2.609125509513593060e-07
2.598117252038737422e-07
2.586873768961224303e-07
2.575406598108897572e-07
2.563720683919627985e-07
2.551830138976780632e-07
2.539748187658270493e-07
2.527486934051378244e-07
2.515052410388863845e-07
2.502454384720038448e-07
2.489705348140063552e-07
2.476818453026176884e-07
2.463800271212548363e-07
2.450656819265184791e-07
2.437399803350914396e-07
2.424040959012616163e-07
2.410591257906138478e-07
2.397053525471075748e-07
2.383435757881835864e-07
2.369748900196560488e-07
2.356003056677182561e-07
2.342207550785599249e-07
2.328364193453389250e-07
2.314480825530207723e-07
2.300567065359340500e-07
2.286631933586385404e-07
2.272683283181600201e-07
2.258724162777267769e-07
2.244759554057953533e-07
2.230798207146880117e-07
2.216847797030526013e-07
2.202916287573771026e-07
2.189005990652904216e-07
2.175120312118213432e-07
2.161266418138895622e-07
2.147451192394196757e-07
2.133681592722536769e-07
2.119963389556964182e-07
2.106295694869195357e-07
2.092683387158378406e-07
2.079132930210862444e-07
2.065649732153558555e-07
2.052239419415217055e-07
2.038905605992592942e-07
2.025647272528623403e-07
2.012468875405828483e-07
1.999375553581296069e-07
1.986371627733568958e-07
1.973461920892119790e-07
1.960648593418575944e-07
1.947931714318754986e-07
1.935313221658727856e-07
1.922797118039604045e-07
1.910387529323409917e-07
1.898087590157773933e-07
1.885899871683506065e-07
1.873823607601310054e-07
1.861859151247810621e-07
1.850009338079117497e-07
1.838277090628055607e-07
1.826664791335131645e-07
1.815175512688780727e-07
1.803810161448509033e-07
1.792565420383279576e-07
1.781442582354039223e-07
1.770443914278146853e-07
1.759571908636358448e-07
1.748827265238694469e-07
1.738212144713198241e-07
1.727726445129777777e-07
1.717367134845781944e-07
1.707134826143583464e-07
1.697030656736727970e-07
1.687056213395946763e-07
1.677211949153720013e-07
1.667498876330172300e-07
1.657915810776630699e-07
1.648461015868530546e-07
1.639133186476592144e-07
1.629933415476231871e-07
1.620861555781069673e-07
1.611917795817125001e-07
1.603102782715745258e-07
1.594416798431242404e-07
1.585856073629049054e-07
1.577419007860396848e-07
1.569105203590439790e-07
1.560914875977153746e-07
1.552847195771908193e-07
1.544901872863505711e-07
1.537078867205982176e-07
1.529377626989753729e-07
1.521794481263298947e-07
1.514327488266470505e-07
1.506975402790316212e-07
1.499737686509442598e-07
1.492614054222527690e-07
1.485603850988113913e-07
1.478705217962655484e-07
1.471917629675614962e-07
1.465239406372826713e-07
1.458666382307201039e-07
1.452197366915343158e-07
1.445831772055673774e-07
1.439568304946967702e-07
1.433405744990436249e-07
1.427343042966135512e-07
1.421379018925832923e-07
1.415511543584385063e-07
1.409738025399717765e-07
1.404055408029061230e-07
1.398462311822905011e-07
1.392958739357972038e-07
1.387541484992019715e-07
1.382210634652856743e-07
1.376964103733399054e-07
1.371800471339827980e-07
1.366718767783579459e-07
1.361714150523195365e-07
1.356784875322553858e-07
1.351929787785427478e-07
1.347146628399964497e-07
1.342435269887056087e-07
1.337792761589275660e-07
1.333218100855172735e-07
1.328710059421082571e-07
1.324266405442632334e-07
1.319885367743500717e-07
1.315562932177556744e-07
1.311297777749349540e-07
1.307088805300483343e-07
1.302933624263896660e-07
1.298832008419765675e-07
1.294781026388585226e-07
1.290779644389075003e-07
1.286827014076118308e-07
1.282919849736887414e-07
1.279057144920046482e-07
1.275235307911644143e-07
1.271453296403714337e-07
1.267709252650445600e-07
1.264001889536997143e-07
1.260330067389456897e-07
1.256691602707092516e-07
1.253085589110199456e-07
1.249509991942540244e-07
1.245964277474492953e-07
1.242445014454322880e-07
1.238951020741318584e-07
1.235479882843392709e-07
1.232030732909361453e-07
1.228602161033667317e-07
1.225192586808145597e-07
1.221801163490657419e-07
1.218426010211280422e-07
1.215066359182982795e-07
1.211720707584647840e-07
1.208388087784534335e-07
1.205065581169469999e-07
1.201752249601203369e-07
1.198446336345261890e-07
1.195147207986445873e-07
1.191853486662601252e-07
1.188564310063784136e-07
1.185278415736065891e-07
1.181994851098649222e-07
1.178712685168476888e-07
1.175430968157598952e-07
1.172148543489686217e-07
1.168864268646730854e-07
1.165576183308278498e-07
1.162283646160180356e-07
1.158985733388090469e-07
1.155681863648366840e-07
1.152371133261921244e-07
1.149052954878912095e-07
1.145726579772006456e-07
1.142391247985876204e-07
1.139046530303163532e-07
1.135691518726849376e-07
1.132325546373799999e-07
1.128947658810277550e-07
1.125557118948515068e-07
1.122153127826568910e-07
1.118735477563798260e-07
1.115303739005575249e-07
1.111857481984082957e-07
1.108396417896445063e-07
1.104920160389787484e-07
1.101428332842393345e-07
1.097920904637800163e-07
1.094397431135946489e-07
1.090857657817393027e-07
1.087300995855109259e-07
1.083727190311797594e-07
1.080136058562338295e-07
1.076527033767169893e-07
1.072900772277395693e-07
1.069256892302840493e-07
1.065595634170128345e-07
1.061916737196608779e-07
1.058220483004237217e-07
1.054506789707208199e-07
1.050775929338433012e-07
1.047028188353329567e-07
1.043263087514566309e-07
1.039480900207100955e-07
1.035681320048450884e-07
1.031865069002505359e-07
1.028031824271063937e-07
1.024182260082087520e-07
1.020316787993903813e-07
1.016435550075650172e-07
1.012539069110639706e-07
1.008627354588346501e-07
1.004701436429431131e-07
1.000761130814202366e-07
9.968071205613966808e-08
9.928399565463440209e-08
9.888596258903447774e-08
9.848665668617892549e-08
9.808608905668576182e-08
9.768437421580449652e-08
9.728150351006321074e-08
9.687756243520007720e-08
9.647263077400039097e-08
9.606671664781288721e-08
9.565994019411187206e-08
9.525231355176203506e-08
9.484391991925126365e-08
9.443484796602649061e-08
9.402510639549773273e-08
9.361479497825698751e-08
9.320392867678769812e-08
9.279258159091274082e-08
9.238081929089455677e-08
9.196867296729689122e-08
9.155625148245751273e-08
9.114359890236461649e-08
9.073080747943864261e-08
9.031795634973338015e-08
8.990509113090204258e-08
8.949230631991402412e-08
8.907964982644813904e-08
8.866721194214383530e-08
8.825507432210562169e-08
8.784328974507342482e-08
8.743192109371243274e-08
8.702100417616786793e-08
8.661059638179450002e-08
8.620079803232457776e-08
8.579164216644422728e-08
8.538323409430351929e-08
8.497565713801734098e-08
8.456895302468816095e-08
8.416320812925230183e-08
8.375848056750727913e-08
8.335483929261797983e-08
8.295237135345576771e-08
8.255113768465400802e-08
8.215120706227483045e-08
8.175267936751024932e-08
8.135556075971991366e-08
8.095988493294798325e-08
8.056571591321911582e-08
8.017309111335172103e-08
7.978212171166540399e-08
7.939282411815026844e-08
7.900531309886761349e-08
7.861959701988327041e-08
7.823581156430667952e-08
7.785392482783321748e-08
7.747406277191648658e-08
7.709623675083411849e-08
7.672050527075251353e-08
7.634695927587373285e-08
7.597560956601071136e-08
7.560653157363526529e-08
7.523975359306488295e-08
7.487529847933252643e-08
7.451317800199129249e-08
7.415344838967298060e-08
7.379618868106458520e-08
7.344136147033667134e-08
7.308913744886216858e-08
7.273943918641195844e-08
7.239234095640338311e-08
7.204795940522694898e-08
7.170619438733697929e-08
7.136719141617113402e-08
7.103094727558566561e-08
7.069745127512881737e-08
7.036684424791709457e-08
7.003907214932437049e-08
6.971410220952704369e-08
6.939208290877824436e-08
6.907293213638085823e-08
6.875661327656399696e-08
6.844328867285120823e-08
6.813286573907997986e-08
6.782535603541393915e-08
6.752090879373961617e-08
6.721943183502787286e-08
6.692091442623916827e-08
6.662550318144271676e-08
6.633310937515483713e-08
6.604369823045774181e-08
6.575744581535965636e-08
6.547424312785099677e-08
6.519406411049837474e-08
6.491707473388912040e-08
6.464315944538933886e-08
6.437222640429071985e-08
6.410439465088669499e-08
6.383962362454143005e-08
6.357782353135345089e-08
6.331906135109275682e-08
6.306341618481186938e-08
6.281073553700279227e-08
6.256103483486442338e-08
6.231448127803653584e-08
6.207090286744046137e-08
6.183025663072214061e-08
6.159267734860548259e-08
6.135805479733545621e-08
6.112641130946585256e-08
6.089772845904615709e-08
6.067201128508639766e-08
6.044922507782697185e-08
6.022939133309842472e-08
6.001244570918547652e-08
5.979823048607625357e-08
5.958689888145621077e-08
5.937835352951968972e-08
5.917252010625452843e-08
5.896937816603351720e-08
5.876908634771406182e-08
5.857145728853919824e-08
5.837646560089427714e-08
5.818416411773351598e-08
5.799447255055479397e-08
5.780737639137761848e-08
5.762287153568886928e-08
5.744092085825041530e-08
5.726142168732052173e-08
5.708444601842429676e-08
5.691000983262445123e-08
5.673794064707253172e-08
5.656822435451658010e-08
5.640091394377660885e-08
5.623587782753430698e-08
5.607306944125566037e-08
5.591250560886741622e-08
5.575412698917443746e-08
5.559785685452488721e-08
5.544366463461306071e-08
5.529167192452634459e-08
5.514167523405509934e-08
5.499367328907616620e-08
5.484767342750739592e-08
5.470363665147278069e-08
5.456142197953112145e-08
5.442110954530574250e-08
5.428268532269246035e-08
5.414601454254618063e-08
5.401109040111130928e-08
5.387790635392350313e-08
5.374643560228541090e-08
5.361650509705447173e-08
5.348819015769032047e-08
5.336145975609420749e-08
5.323617714996872639e-08
5.311232176212372341e-08
5.298989078336142572e-08
5.286885839089755531e-08
5.274910421991697541e-08
5.263065419690739225e-08
5.251353313579234134e-08
5.239758506455805915e-08
5.228281425750957596e-08
5.216920060745551443e-08
5.205671254177666110e-08
5.194526868863637561e-08
5.183482055047321561e-08
5.172543553015918361e-08
5.161699896141892105e-08
5.150944151507824027e-08
5.140283114826457711e-08
5.129708227018989712e-08
5.119208323854899167e-08
5.108781746912612585e-08
5.098428369129410395e-08
5.088143993626113346e-08
5.077920741966630266e-08
5.067754675752868279e-08
5.057650499713213295e-08
5.047599746683315342e-08
5.037595806410829122e-08
5.027642065138625108e-08
5.017734519218287597e-08
5.007864396801334953e-08
4.998031206250106074e-08
4.988233539229435662e-08
4.978468746249914167e-08
4.968729980780663261e-08
4.959015675515239772e-08
4.949325317704796794e-08
4.939656547950083092e-08
4.930002842985532449e-08
4.920361038237441892e-08
4.910733173706927772e-08
4.901113814431053078e-08
4.891495504069317718e-08
4.881876991864105744e-08
4.872259766321611666e-08
4.862637689094293891e-08
4.853008032041703031e-08
4.843371235469780247e-08
4.833725104469116751e-08
4.824064773373946983e-08
4.814389005577632103e-08
4.804698393046062152e-08
4.794989485778531106e-08
4.785258202277716347e-08
4.775504069331693440e-08
4.765726921728387369e-08
4.755924103620268113e-08
4.746092252224892250e-08
4.736231094116073793e-08
4.726340287433519500e-08
4.716417695240896898e-08
4.706459945241988423e-08
4.696466391948019052e-08
4.686436933645585028e-08
4.676369726823969779e-08
4.666261919346348320e-08
4.656112717116858998e-08
4.645921908728263542e-08
4.635688393598153328e-08
4.625410660004974601e-08
4.615088325657247354e-08
4.604721179069349682e-08
4.594308447059953139e-08
4.583848980174196019e-08
4.573342834518479308e-08
4.562789117199276468e-08
4.552187424772712874e-08
4.541538148627651202e-08
4.530840603492600880e-08
4.520094342047910671e-08
4.509298111998699751e-08
4.498453870397825468e-08
4.487561307034296616e-08
4.476619524490086712e-08
4.465628390244410280e-08
4.454588195865673486e-08
4.443499411602510264e-08
4.432362953983169761e-08
4.421177341081560125e-08
4.409942585238823019e-08
4.398660916870555042e-08
4.387332892936857696e-08
4.375957002455726325e-08
4.364533585106189485e-08
4.353066671340407715e-08
4.341554795754838750e-08
4.329997946904832657e-08
4.318397310980730592e-08
4.306755480076294105e-08
4.295072218945395612e-08
4.283347498380973252e-08
4.271581647077443796e-08
4.259777673465258967e-08
4.247936102852344937e-08
4.236059655337788224e-08
4.224146419464983544e-08
4.212196724201819536e-08
4.200215763334827455e-08
4.188203690369768025e-08
4.176159466808198720e-08
4.164084370240472679e-08
4.151982994714690032e-08
4.139854250023927398e-08
4.127698425327879380e-08
4.115517306004527805e-08
4.103312895129318254e-08
4.091087143731970609e-08
4.078843355769260376e-08
4.066579222925283035e-08
4.054295490556465738e-08
4.041999082796483677e-08
4.029688777393399779e-08
4.017363040098442525e-08
4.005026839989581907e-08
3.992681833724924407e-08
3.980328180103442208e-08
3.967970782373533039e-08
3.955607307093394078e-08
3.943238040794769110e-08
3.930870433207508119e-08
3.918503750563967129e-08
3.906136038813775083e-08
3.893772565893082792e-08
3.881414631421450127e-08
3.869062644356368420e-08
3.856721845810593805e-08
3.844389247680793729e-08
3.832065815608962977e-08
3.819758360804394294e-08
3.807465657819357504e-08
3.795186432523862653e-08
3.782927029497504248e-08
3.770685804428736496e-08
3.758465361010034262e-08
3.746269527675593346e-08
3.734096375291586213e-08
3.721946710067978923e-08
3.709827494743944573e-08
3.697735898757444965e-08
3.685675790051574150e-08
3.673647634651764341e-08
3.661650289173553754e-08
3.649689795957989191e-08
3.637766123251582246e-08
3.625877910739481735e-08
3.614031701302630445e-08
3.602225298709610269e-08
3.590460277938743537e-08
3.578740681422678399e-08
3.567064592124984663e-08
3.555432644393182712e-08
3.543851555027840003e-08
3.532316775473569281e-08
3.520834484267531064e-08
3.509402033647211504e-08
3.498019372940644623e-08
3.486691005197330131e-08
3.475416670570300658e-08
3.464197710116745402e-08
3.453036379251587396e-08
3.441929879042747022e-08
3.430882154820804710e-08
3.419893491245043949e-08
3.408964310123464970e-08
3.398100381315678698e-08
3.387296722190666532e-08
3.376555908646008187e-08
3.365878750798693895e-08
3.355264341107655545e-08
3.344720073132755106e-08
3.334241320590505156e-08
3.323828116839246915e-08
3.313483519081386051e-08
3.303206132096277068e-08
3.293000044631788363e-08
3.282864880009817267e-08
3.272798637461547733e-08
3.262804361098675194e-08
3.252881290574025086e-08
3.243031037166625780e-08
3.233254523743540496e-08
3.223548735473684594e-08
3.213915723836815525e-08
3.204355742261508499e-08
3.194869409136088648e-08
3.185458717088102936e-08
3.176119644493396500e-08
3.166854231716287463e-08
3.157663054842037552e-08
3.148546978402554218e-08
3.139507154149850537e-08
3.130540148320089681e-08
3.121647891985459310e-08
3.112830397842350674e-08
3.104090380662473626e-08
3.095425961245552401e-08
3.086834324165866100e-08
3.078317218665857966e-08
3.069873798420178170e-08
3.061509907744325123e-08
3.053219962119458658e-08
3.045002824317537077e-08
3.036858528779258166e-08
3.028788393741218202e-08
3.020797625544590051e-08
3.012879916302863330e-08
3.005033721265174339e-08
2.997258658668206493e-08
2.989559678215186669e-08
2.981937536983645638e-08
2.974386133584749508e-08
2.966901241722223767e-08
2.959486892711308214e-08
2.952144041685218524e-08
2.944872251717212434e-08
2.937667544062373460e-08
2.930529698058512017e-08
2.923461131379539093e-08
2.916459304075644880e-08
2.909523938036476416e-08
2.902656128420373872e-08
2.895854805924429306e-08
2.889116784802039648e-08
2.882442090852180730e-08
2.875831450750389250e-08
2.869288302023617959e-08
2.862807009289559470e-08
2.856384545954622154e-08
2.850020467235343472e-08
2.843720593724870358e-08
2.837482612078702245e-08
2.831303328349800404e-08
2.825178288718658097e-08
2.819112855349331399e-08
2.813104287546586044e-08
2.807151839708162095e-08
2.801256281301406603e-08
2.795414863714105579e-08
2.789625319843329851e-08
2.783886853652477018e-08
2.778200897532424258e-08
2.772569895704678678e-08
2.766988798869519022e-08
2.761451334682068069e-08
2.755961469342831263e-08
2.750519533512164032e-08
2.745124173513036861e-08
2.739773207249799878e-08
2.734466142198676073e-08
2.729201079875712533e-08
2.723976413845052163e-08
2.718794256438650625e-08
2.713655169122772092e-08
2.708556418083798245e-08
2.703492853590958354e-08
2.698467340621281615e-08
2.693480183918783934e-08
2.688530385241183759e-08
2.683616253886565356e-08
2.678736012997851190e-08
2.673887688681073836e-08
2.669070430165596326e-08
2.664285652685840030e-08
2.659534708104265227e-08
2.654814630366576259e-08
2.650120485649646493e-08
2.645455614503505776e-08
2.640817929417214188e-08
2.636207905473028623e-08
2.631625154142132523e-08
2.627066339071555543e-08
2.622529535946369953e-08
2.618014099059859813e-08
2.613523125346095730e-08
2.609054851605203387e-08
2.604606727968563236e-08
2.600176700608343563e-08
2.595763823542689862e-08
2.591367364983655143e-08
2.586988370478002565e-08
2.582627062731178264e-08
2.578281724909804769e-08
2.573949037649444583e-08
2.569630170360337328e-08
2.565323451940876253e-08
2.561030790009871862e-08
2.556750508301949456e-08
2.552481087402562833e-08
2.548220693924802029e-08
2.543969763293380339e-08
2.539727809989337975e-08
2.535495384242787327e-08
2.531271710603828668e-08
2.527053635516128479e-08
2.522841012421173470e-08
2.518634106117363350e-08
2.514432932402169303e-08
2.510237999415351133e-08
2.506047633416146612e-08
2.501859326732691335e-08
2.497673093537353302e-08
2.493489814499968433e-08
2.489308690613072806e-08
2.485130661332679663e-08
2.480953874690404116e-08
2.476776166076283221e-08
2.472596467252965563e-08
2.468416778919314513e-08
2.464235282603298509e-08
2.460053315878847866e-08
2.455869403561125379e-08
2.451682317623910157e-08
2.447490495417634336e-08
2.443296299284656449e-08
2.439097730701570677e-08
2.434896171866780004e-08
2.430690359683724474e-08
2.426479493353713634e-08
2.422261941512927140e-08
2.418040440391679814e-08
2.413812714900745687e-08
2.409580042147205897e-08
2.405341482014800240e-08
2.401096326767844261e-08
2.396842856818035460e-08
2.392584134905477428e-08
2.388317065921114431e-08
2.384043771463479964e-08
2.379763235395727194e-08
2.375474407037365231e-08
2.371176601143771984e-08
2.366872781709723858e-08
2.362558940881029151e-08
2.358237989364207409e-08
2.353908817248915888e-08
2.349570396370137485e-08
2.345223100683670204e-08
2.340868682793718225e-08
2.336503476641109934e-08
2.332130798109254355e-08
2.327749094318359244e-08
2.323357817096374631e-08
2.318958291515932442e-08
2.314549453001879828e-08
2.310131017704951903e-08
2.305704202754326425e-08
2.301268459748632489e-08
2.296822804207028103e-08
2.292370890393234601e-08
2.287907773839934122e-08
2.283438309805465571e-08
2.278959745262480537e-08
2.274473319300133452e-08
2.269977529617229214e-08
2.265475957137939149e-08
2.260965099845251371e-08
2.256448826200184182e-08
2.251923847344075877e-08
2.247391911148956084e-08
2.242852589570692727e-08
2.238307509277297438e-08
2.233755843680898744e-08
2.229199258250647304e-08
2.224635009734907498e-08
2.220065681061160348e-08
2.215490647797709755e-08
2.210909971220451061e-08
2.206326074413996138e-08
2.201735601785312076e-08
2.197142862526649285e-08
2.192544714934851475e-08
2.187943337641232553e-08
2.183336922679607217e-08
2.178728945659675771e-08
2.174117609492139971e-08
2.169505227574899525e-08
2.164888886977741130e-08
2.160270724481996515e-08
2.155650321543549085e-08
2.151029341538863280e-08
2.146408216677477784e-08
2.141785460432410014e-08
2.137164045028232644e-08
2.132540823112023049e-08
2.127919654661688468e-08
2.123296806465012256e-08
2.118677216960468251e-08
2.114058644061593559e-08
2.109443032155243241e-08
2.104828449972409951e-08
2.100216318675370252e-08
2.095606465490994636e-08
2.091000653386934401e-08
2.086398841268990386e-08
2.081800423704137899e-08
2.077208074654757386e-08
2.072618591005022241e-08
2.068035657754283888e-08
2.063455469226693774e-08
2.058883752278028217e-08
2.054317806088404124e-08
2.049758343948135267e-08
2.045206112243385427e-08
2.040659884405628117e-08
2.036122247653357020e-08
2.031591638967445121e-08
2.027069865844705664e-08
2.022557120616337987e-08
2.018053751184858505e-08
2.013559096699352596e-08
2.009074195007679942e-08
2.004598136739819519e-08
2.000133695325251944e-08
1.995679279058607393e-08
1.991236137768263990e-08
1.986805131162321219e-08
1.982384013482684457e-08
1.977976334240975987e-08
1.973577954784920191e-08
1.969195024577366303e-08
1.964823455630052170e-08
1.960464699599764607e-08
1.956120464410193967e-08
1.951787478551526306e-08
1.947470800331921134e-08
1.943165556947541177e-08
1.938876418158172522e-08
1.934601737967756424e-08
1.930340761392588184e-08
1.926096547938362849e-08
1.921865389200331623e-08
1.917651968110251398e-08
1.913452844300132577e-08
1.909270011422517686e-08
1.905104237253340153e-08
1.900953021959719774e-08
1.896820786256466416e-08
1.892703248819872681e-08
1.888604046986955825e-08
1.884521577960404581e-08
1.880456014624921227e-08
1.876409099520913966e-08
1.872377782215475364e-08
1.868367084760186994e-08
1.864372638541748097e-08
1.860396869856684736e-08
1.856439978287707518e-08
1.852500336659498913e-08
1.848580714807987702e-08
1.844677606262911095e-08
1.840796205849685594e-08
1.836932160167099469e-08
1.833087661231484083e-08
1.829262811110970663e-08
1.825455626835683716e-08
1.821668736309076420e-08
1.817898548212651347e-08
1.814150921577724627e-08
1.810420213943379199e-08
1.806710312359583357e-08
1.803019474014927320e-08
1.799347435857332261e-08
1.795695511514555179e-08
1.792060576843777779e-08
1.788448559913130069e-08
1.784853178349526807e-08
1.781279640126815064e-08
1.777724853672417795e-08
1.774189794746930449e-08
1.770673757424282002e-08
1.767176249979173553e-08
1.763700102299726350e-08
1.760241647384914466e-08
1.756805513914753836e-08
1.753386598913027137e-08
1.749989070432620864e-08
1.746608452283947696e-08
1.743248344058981430e-08
1.739907210668207813e-08
1.736583961252830214e-08
1.733283055215280886e-08
1.729999325734324764e-08
1.726735656457357777e-08
1.723488651883545877e-08
1.720263231965235436e-08
1.717053754849842501e-08
1.713864493872825195e-08
1.710694930324558638e-08
1.707543246212574193e-08
1.704411012107536158e-08
1.701295545868319421e-08
1.698199150401581139e-08
1.695118448710817009e-08
1.692059481220236291e-08
1.689016220336578778e-08
1.685992521040175591e-08
1.682986071276584804e-08
1.679996886566541350e-08
1.677022966342536488e-08
1.674066357129370215e-08
1.671126549200052504e-08
1.668201959291309012e-08
1.665297180312471239e-08
1.662406994391870260e-08
1.659533208703492562e-08
1.656673746520594728e-08
1.653831853199143473e-08
1.651002626777248454e-08
1.648192014204559149e-08
1.645396052125432836e-08
1.642615352528634746e-08
1.639850605874028715e-08
1.637099900692341024e-08
1.634362755572787521e-08
1.631640140323118674e-08
1.628932634399678810e-08
1.626237995996431178e-08
1.623560792715655426e-08
1.620895955107269371e-08
1.618244591885037457e-08
1.615605432818373917e-08
1.612980682656467125e-08
1.610366535492195113e-08
1.607767898263032253e-08
1.605181386191002584e-08
1.602607454045592770e-08
1.600046747942375932e-08
