1.485442661913250446e-05
1.707898091796993277e-05
1.963667778470037031e-05
2.257740764933056238e-05
2.595853238276415976e-05
2.984600419734174229e-05
3.431565211056385043e-05
3.945466106575585907e-05
4.536327256139947487e-05
5.215673996160331648e-05
5.996757662799403462e-05
6.894814072508589930e-05
7.927360711833501426e-05
9.114538433471740806e-05
1.047950432370565424e-04
1.204888340448139150e-04
1.385328798103416541e-04
1.592791476545340709e-04
1.831323142367893885e-04
2.105576593771249462e-04
2.420901418034230158e-04
2.783448340553156745e-04
3.200289200879210877e-04
3.679554896006701696e-04
4.230593981633693434e-04
4.864155025070898372e-04
5.592596266774314036e-04
6.430126680159027825e-04
7.393083131806460657e-04
8.500249048351487613e-04
9.773220805965067686e-04
1.123682898922503037e-03
1.291962273644954801e-03
1.485442661913250351e-03
1.707898091796993196e-03
1.963667778470036800e-03
2.257740764933056400e-03
2.595853238276415922e-03
2.984600419734177550e-03
3.431565211056388648e-03
3.945466106575590270e-03
4.536327256139951851e-03
5.215673996160325766e-03
5.996757662799397093e-03
6.894814072508582449e-03
7.927360711833492807e-03
9.114538433471743029e-03
1.047950432370565316e-02
1.204888340448139264e-02
1.385328798103416595e-02
1.592791476545340687e-02
1.831323142367893841e-02
2.105576593771250199e-02
2.420901418034231492e-02
2.783448340553155639e-02
3.200289200879209012e-02
3.679554896006701631e-02
4.230593981633692935e-02
4.864155025070898003e-02
5.592596266774313429e-02
6.430126680159031771e-02
7.393083131806464647e-02
8.500249048351482539e-02
9.773220805965063263e-02
1.123682898922503254e-01
1.291962273644954862e-01
1.485442661913250473e-01
1.707898091796992979e-01
1.963667778470037373e-01
2.257740764933056643e-01
2.595853238276417119e-01
2.984600419734175780e-01
3.431565211056387676e-01
3.945466106575589160e-01
4.536327256139952580e-01
5.215673996160327119e-01
5.996757662799399036e-01
6.894814072508586023e-01
7.927360711833497664e-01
9.114538433471737200e-01
1.047950432370565066e+00
1.204888340448138973e+00
1.385328798103416581e+00
1.592791476545340812e+00
1.831323142367894174e+00
2.105576593771250060e+00
2.420901418034230979e+00
2.783448340553155376e+00
3.200289200879209872e+00
3.679554896006700826e+00
4.230593981633692380e+00
4.864155025070898475e+00
5.592596266774314984e+00
6.430126680159029995e+00
7.393083131806465147e+00
8.500249048351482983e+00
9.773220805965065594e+00
1.123682898922502993e+01
1.291962273644954884e+01
1.485442661913250362e+01
