6.613726255510567853e+01
7.568223340491367424e+01
8.660473310711275019e+01
9.910342799716582363e+01
1.134059318907683718e+02
1.297722685082148928e+02
1.485003205133674555e+02
1.699308039898505740e+02
1.944533059888554760e+02
2.225139952277169755e+02
2.546225005530519923e+02
2.913623851108905569e+02
3.334007800120307365e+02
3.814999051198106486e+02
4.365320708670422505e+02
4.994922827533019927e+02
5.715182922058166923e+02
6.539080570473980742e+02
7.481407265576810914e+02
8.559027808466462375e+02
9.791101934837927274e+02
1.119940338558337544e+03
1.280859389681426137e+03
1.464651231122999206e+03
1.674454109176502698e+03
1.913781720222042168e+03
2.186558130773469657e+03
2.497133301959834171e+03
2.850301256836859920e+03
3.251297459314903790e+03
3.705774969047425657e+03
4.219740798270626328e+03
4.799445908453179072e+03
5.451214546113779761e+03
6.181218997938108259e+03
6.995149609948362922e+03
7.897840423073287639e+03
8.892751324441607721e+03
9.981414403760087225e+03
1.116272757619164622e+04
1.243203886153402891e+04
1.378099624455555568e+04
1.519333042909641335e+04
1.664798467322461511e+04
1.811591305392713548e+04
1.955779574986089574e+04
2.092409078449067601e+04
2.215406655538924315e+04
2.317563303702681515e+04
2.390646236960175884e+04
2.425850880143215181e+04
2.414673583969729225e+04
2.350432067844169796e+04
2.230606022982736977e+04
2.059643340777692720e+04
1.851308208160278809e+04
1.628757293325963110e+04
1.420265526367671373e+04
1.249793991650245334e+04
1.124233322913400480e+04
1.022665306921709634e+04
9.014945709482079110e+03
7.355110212390290144e+03
5.672613247059109199e+03
4.630716482022602577e+03
4.061550988912375942e+03
3.195343840218336481e+03
2.392695831352349160e+03
2.013307579626083907e+03
1.493333598839818023e+03
1.191714826699686682e+03
8.883378462375736717e+02
6.856002291918749734e+02
5.171730713488849460e+02
3.865122357212815132e+02
2.877803883253003505e+02
2.131020912844038264e+02
1.569236848787099916e+02
1.150073053289137732e+02
8.388488435998519321e+01
6.091740154074069835e+01
4.405419667835663944e+01
3.173617947386773253e+01
2.277947812072210354e+01
1.629471470389989918e+01
1.161870030547952481e+01
8.259573186015247259e+00
5.854941779206484398e+00
4.139289268207936523e+00
2.918974645023832082e+00
2.053517848376396060e+00
1.441409217162785916e+00
1.009596192861195840e+00
7.057156247634513990e-01
4.923533928503175949e-01
3.428720955648323354e-01
2.383593302762490873e-01
1.654298606735611077e-01
1.146327275416388902e-01
7.931323405553215855e-02
