    1.05035e-05     1.95933e+00
    1.05717e-05     1.97156e+00
    1.06404e-05     1.98387e+00
    1.07095e-05     1.99625e+00
    1.07791e-05     2.00872e+00
    1.08491e-05     2.02125e+00
    1.09196e-05     2.03387e+00
    1.09905e-05     2.04656e+00
    1.10619e-05     2.05934e+00
    1.11337e-05     2.07219e+00
    1.12060e-05     2.08512e+00
    1.12788e-05     2.09814e+00
    1.13521e-05     2.11124e+00
    1.14258e-05     2.12441e+00
    1.15001e-05     2.13769e+00
    1.15748e-05     2.15103e+00
    1.16499e-05     2.16444e+00
    1.17256e-05     2.17796e+00
    1.18018e-05     2.19156e+00
    1.18784e-05     2.20523e+00
    1.19556e-05     2.21900e+00
    1.20332e-05     2.23284e+00
    1.21114e-05     2.24679e+00
    1.21901e-05     2.26082e+00
    1.22693e-05     2.27493e+00
    1.23490e-05     2.28913e+00
    1.24292e-05     2.30342e+00
    1.25099e-05     2.31779e+00
    1.25912e-05     2.33227e+00
    1.26730e-05     2.34683e+00
    1.27553e-05     2.36147e+00
    1.28381e-05     2.37620e+00
    1.29215e-05     2.39104e+00
    1.30054e-05     2.40596e+00
    1.30899e-05     2.42098e+00
    1.31749e-05     2.43609e+00
    1.32605e-05     2.45130e+00
    1.33467e-05     2.46661e+00
    1.34334e-05     2.48201e+00
    1.35206e-05     2.49749e+00
    1.36084e-05     2.51308e+00
    1.36968e-05     2.52876e+00
    1.37858e-05     2.54455e+00
    1.38753e-05     2.56043e+00
    1.39655e-05     2.57642e+00
    1.40562e-05     2.59250e+00
    1.41475e-05     2.60869e+00
    1.42394e-05     2.62497e+00
    1.43319e-05     2.64136e+00
    1.44250e-05     2.65785e+00
    1.45187e-05     2.67444e+00
    1.46130e-05     2.69113e+00
    1.47079e-05     2.70792e+00
    1.48034e-05     2.72482e+00
    1.48996e-05     2.74184e+00
    1.49964e-05     2.75896e+00
    1.50938e-05     2.77618e+00
    1.51918e-05     2.79350e+00
    1.52905e-05     2.81094e+00
    1.53898e-05     2.82848e+00
    1.54898e-05     2.84614e+00
    1.55904e-05     2.86391e+00
    1.56917e-05     2.88179e+00
    1.57936e-05     2.89977e+00
    1.58962e-05     2.91787e+00
    1.59994e-05     2.93608e+00
    1.61034e-05     2.95442e+00
    1.62080e-05     2.97286e+00
    1.63132e-05     2.99140e+00
    1.64192e-05     3.01008e+00
    1.65259e-05     3.02888e+00
    1.66332e-05     3.04778e+00
    1.67412e-05     3.06680e+00
    1.68500e-05     3.08595e+00
    1.69594e-05     3.10520e+00
    1.70696e-05     3.12459e+00
    1.71805e-05     3.14410e+00
    1.72921e-05     3.16373e+00
    1.74044e-05     3.18347e+00
    1.75174e-05     3.20333e+00
    1.76312e-05     3.22333e+00
    1.77458e-05     3.24347e+00
    1.78610e-05     3.26370e+00
    1.79770e-05     3.28407e+00
    1.80938e-05     3.30457e+00
    1.82113e-05     3.32520e+00
    1.83296e-05     3.34595e+00
    1.84487e-05     3.36685e+00
    1.85685e-05     3.38786e+00
    1.86891e-05     3.40900e+00
    1.88105e-05     3.43028e+00
    1.89327e-05     3.45170e+00
    1.90557e-05     3.47325e+00
    1.91795e-05     3.49493e+00
    1.93041e-05     3.51675e+00
    1.94294e-05     3.53869e+00
    1.95557e-05     3.56079e+00
    1.96827e-05     3.58301e+00
    1.98105e-05     3.60537e+00
    1.99392e-05     3.62788e+00
    2.00687e-05     3.65052e+00
    2.01991e-05     3.67332e+00
    2.03303e-05     3.69624e+00
    2.04623e-05     3.71931e+00
    2.05953e-05     3.74254e+00
    2.07290e-05     3.76589e+00
    2.08637e-05     3.78940e+00
    2.09992e-05     3.81305e+00
    2.11356e-05     3.83685e+00
    2.12729e-05     3.86080e+00
    2.14111e-05     3.88490e+00
    2.15501e-05     3.90913e+00
    2.16901e-05     3.93353e+00
    2.18310e-05     3.95809e+00
    2.19728e-05     3.98279e+00
    2.21155e-05     4.00764e+00
    2.22592e-05     4.03266e+00
    2.24038e-05     4.05783e+00
    2.25493e-05     4.08316e+00
    2.26958e-05     4.10864e+00
    2.28432e-05     4.13429e+00
    2.29916e-05     4.16010e+00
    2.31409e-05     4.18606e+00
    2.32912e-05     4.21218e+00
    2.34425e-05     4.23847e+00
    2.35948e-05     4.26493e+00
    2.37481e-05     4.29156e+00
    2.39023e-05     4.31834e+00
    2.40576e-05     4.34530e+00
    2.42138e-05     4.37241e+00
    2.43711e-05     4.39971e+00
    2.45294e-05     4.42717e+00
    2.46888e-05     4.45483e+00
    2.48491e-05     4.48262e+00
    2.50105e-05     4.51060e+00
    2.51730e-05     4.53877e+00
    2.53365e-05     4.56710e+00
    2.55011e-05     4.59561e+00
    2.56667e-05     4.62429e+00
    2.58334e-05     4.65315e+00
    2.60012e-05     4.68219e+00
    2.61701e-05     4.71142e+00
    2.63401e-05     4.74084e+00
    2.65112e-05     4.77044e+00
    2.66834e-05     4.80021e+00
    2.68567e-05     4.83017e+00
    2.70312e-05     4.86033e+00
    2.72068e-05     4.89067e+00
    2.73835e-05     4.92120e+00
    2.75614e-05     4.95191e+00
    2.77404e-05     4.98282e+00
    2.79206e-05     5.01392e+00
    2.81019e-05     5.04521e+00
    2.82845e-05     5.07671e+00
    2.84682e-05     5.10839e+00
    2.86531e-05     5.14027e+00
    2.88392e-05     5.17235e+00
    2.90266e-05     5.20464e+00
    2.92151e-05     5.23712e+00
    2.94049e-05     5.26981e+00
    2.95959e-05     5.30270e+00
    2.97881e-05     5.33580e+00
    2.99816e-05     5.36909e+00
    3.01764e-05     5.40262e+00
    3.03724e-05     5.43634e+00
    3.05697e-05     5.47026e+00
    3.07682e-05     5.50440e+00
    3.09681e-05     5.53877e+00
    3.11692e-05     5.57333e+00
    3.13717e-05     5.60812e+00
    3.15755e-05     5.64314e+00
    3.17806e-05     5.67836e+00
    3.19870e-05     5.71380e+00
    3.21948e-05     5.74947e+00
    3.24039e-05     5.78535e+00
    3.26144e-05     5.82147e+00
    3.28262e-05     5.85780e+00
    3.30395e-05     5.89438e+00
    3.32541e-05     5.93117e+00
    3.34701e-05     5.96819e+00
    3.36875e-05     6.00545e+00
    3.39063e-05     6.04293e+00
    3.41265e-05     6.08064e+00
    3.43482e-05     6.11860e+00
    3.45713e-05     6.15679e+00
    3.47959e-05     6.19522e+00
    3.50219e-05     6.23389e+00
    3.52494e-05     6.27280e+00
    3.54783e-05     6.31193e+00
    3.57088e-05     6.35134e+00
    3.59407e-05     6.39097e+00
    3.61742e-05     6.43087e+00
    3.64092e-05     6.47101e+00
    3.66457e-05     6.51139e+00
    3.68837e-05     6.55203e+00
    3.71233e-05     6.59294e+00
    3.73644e-05     6.63407e+00
    3.76071e-05     6.67548e+00
    3.78514e-05     6.71715e+00
    3.80973e-05     6.75909e+00
    3.83447e-05     6.80127e+00
    3.85938e-05     6.84373e+00
    3.88445e-05     6.88645e+00
    3.90968e-05     6.92943e+00
    3.93507e-05     6.97268e+00
    3.96064e-05     7.01622e+00
    3.98636e-05     7.06000e+00
    4.01226e-05     7.10408e+00
    4.03832e-05     7.14842e+00
    4.06455e-05     7.19304e+00
    4.09095e-05     7.23794e+00
    4.11752e-05     7.28311e+00
    4.14427e-05     7.32858e+00
    4.17119e-05     7.37433e+00
    4.19828e-05     7.42035e+00
    4.22555e-05     7.46667e+00
    4.25300e-05     7.51327e+00
    4.28062e-05     7.56016e+00
    4.30843e-05     7.60736e+00
    4.33642e-05     7.65483e+00
    4.36458e-05     7.70260e+00
    4.39293e-05     7.75068e+00
    4.42147e-05     7.79906e+00
    4.45019e-05     7.84774e+00
    4.47909e-05     7.89670e+00
    4.50819e-05     7.94600e+00
    4.53747e-05     7.99560e+00
    4.56694e-05     8.04548e+00
    4.59661e-05     8.09571e+00
    4.62647e-05     8.14625e+00
    4.65652e-05     8.19708e+00
    4.68677e-05     8.24825e+00
    4.71721e-05     8.29974e+00
    4.74785e-05     8.35153e+00
    4.77869e-05     8.40366e+00
    4.80973e-05     8.45611e+00
    4.84097e-05     8.50889e+00
    4.87242e-05     8.56200e+00
    4.90406e-05     8.61543e+00
    4.93592e-05     8.66921e+00
    4.96798e-05     8.72331e+00
    5.00025e-05     8.77776e+00
    5.03273e-05     8.83255e+00
    5.06542e-05     8.88767e+00
    5.09832e-05     8.94314e+00
    5.13144e-05     8.99895e+00
    5.16477e-05     9.05511e+00
    5.19832e-05     9.11163e+00
    5.23208e-05     9.16848e+00
    5.26607e-05     9.22570e+00
    5.30028e-05     9.28329e+00
    5.33470e-05     9.34121e+00
    5.36936e-05     9.39951e+00
    5.40423e-05     9.45815e+00
    5.43934e-05     9.51720e+00
    5.47467e-05     9.57659e+00
    5.51023e-05     9.63634e+00
    5.54602e-05     9.69649e+00
    5.58205e-05     9.75701e+00
    5.61830e-05     9.81790e+00
    5.65480e-05     9.87917e+00
    5.69153e-05     9.94084e+00
    5.72850e-05     1.00029e+01
    5.76571e-05     1.00653e+01
    5.80316e-05     1.01281e+01
    5.84085e-05     1.01913e+01
    5.87879e-05     1.02549e+01
    5.91698e-05     1.03190e+01
    5.95541e-05     1.03834e+01
    5.99410e-05     1.04482e+01
    6.03303e-05     1.05134e+01
    6.07222e-05     1.05790e+01
    6.11166e-05     1.06450e+01
    6.15136e-05     1.07115e+01
    6.19132e-05     1.07783e+01
    6.23153e-05     1.08456e+01
    6.27201e-05     1.09133e+01
    6.31275e-05     1.09814e+01
    6.35376e-05     1.10499e+01
    6.39503e-05     1.11189e+01
    6.43657e-05     1.11883e+01
    6.47838e-05     1.12581e+01
    6.52046e-05     1.13284e+01
    6.56281e-05     1.13991e+01
    6.60544e-05     1.14702e+01
    6.64835e-05     1.15418e+01
    6.69153e-05     1.16138e+01
    6.73499e-05     1.16863e+01
    6.77874e-05     1.17592e+01
    6.82277e-05     1.18326e+01
    6.86709e-05     1.19064e+01
    6.91170e-05     1.19807e+01
    6.95659e-05     1.20555e+01
    7.00178e-05     1.21307e+01
    7.04726e-05     1.22064e+01
    7.09304e-05     1.22826e+01
    7.13911e-05     1.23592e+01
    7.18548e-05     1.24363e+01
    7.23215e-05     1.25139e+01
    7.27913e-05     1.25920e+01
    7.32641e-05     1.26706e+01
    7.37400e-05     1.27497e+01
    7.42190e-05     1.28292e+01
    7.47011e-05     1.29093e+01
    7.51863e-05     1.29898e+01
    7.56747e-05     1.30709e+01
    7.61663e-05     1.31525e+01
    7.66610e-05     1.32345e+01
    7.71589e-05     1.33171e+01
    7.76601e-05     1.34002e+01
    7.81646e-05     1.34839e+01
    7.86723e-05     1.35680e+01
    7.91833e-05     1.36527e+01
    7.96977e-05     1.37379e+01
    8.02153e-05     1.38236e+01
    8.07364e-05     1.39098e+01
    8.12608e-05     1.39966e+01
    8.17886e-05     1.40840e+01
    8.23199e-05     1.41719e+01
    8.28546e-05     1.42603e+01
    8.33928e-05     1.43493e+01
    8.39345e-05     1.44388e+01
    8.44797e-05     1.45289e+01
    8.50284e-05     1.46196e+01
    8.55807e-05     1.47108e+01
    8.61366e-05     1.48026e+01
    8.66961e-05     1.48950e+01
    8.72593e-05     1.49879e+01
    8.78261e-05     1.50815e+01
    8.83966e-05     1.51756e+01
    8.89707e-05     1.52703e+01
    8.95487e-05     1.53656e+01
    9.01303e-05     1.54614e+01
    9.07158e-05     1.55579e+01
    9.13050e-05     1.56550e+01
    9.18981e-05     1.57527e+01
    9.24950e-05     1.58510e+01
    9.30958e-05     1.59499e+01
    9.37005e-05     1.60494e+01
    9.43092e-05     1.61495e+01
    9.49218e-05     1.62503e+01
    9.55383e-05     1.63517e+01
    9.61589e-05     1.64537e+01
    9.67835e-05     1.65563e+01
    9.74122e-05     1.66596e+01
    9.80449e-05     1.67635e+01
    9.86818e-05     1.68681e+01
    9.93228e-05     1.69733e+01
    9.99679e-05     1.70793e+01
    1.00617e-04     1.71858e+01
    1.01271e-04     1.72930e+01
    1.01929e-04     1.74010e+01
    1.02591e-04     1.75095e+01
    1.03257e-04     1.76187e+01
    1.03928e-04     1.77287e+01
    1.04603e-04     1.78392e+01
    1.05282e-04     1.79505e+01
    1.05966e-04     1.80625e+01
    1.06655e-04     1.81753e+01
    1.07347e-04     1.82886e+01
    1.08045e-04     1.84028e+01
    1.08746e-04     1.85175e+01
    1.09453e-04     1.86331e+01
    1.10164e-04     1.87493e+01
    1.10879e-04     1.88662e+01
    1.11599e-04     1.89839e+01
    1.12324e-04     1.91023e+01
    1.13054e-04     1.92215e+01
    1.13788e-04     1.93414e+01
    1.14527e-04     1.94620e+01
    1.15271e-04     1.95834e+01
    1.16020e-04     1.97056e+01
    1.16774e-04     1.98286e+01
    1.17532e-04     1.99522e+01
    1.18296e-04     2.00768e+01
    1.19064e-04     2.02019e+01
    1.19837e-04     2.03279e+01
    1.20616e-04     2.04547e+01
    1.21399e-04     2.05822e+01
    1.22188e-04     2.07107e+01
    1.22982e-04     2.08399e+01
    1.23780e-04     2.09697e+01
    1.24584e-04     2.11005e+01
    1.25394e-04     2.12322e+01
    1.26208e-04     2.13646e+01
    1.27028e-04     2.14979e+01
    1.27853e-04     2.16320e+01
    1.28684e-04     2.17669e+01
    1.29519e-04     2.19025e+01
    1.30361e-04     2.20393e+01
    1.31208e-04     2.21768e+01
    1.32060e-04     2.23150e+01
    1.32918e-04     2.24542e+01
    1.33781e-04     2.25942e+01
    1.34650e-04     2.27351e+01
    1.35525e-04     2.28770e+01
    1.36405e-04     2.30196e+01
    1.37291e-04     2.31632e+01
    1.38183e-04     2.33077e+01
    1.39080e-04     2.34529e+01
    1.39984e-04     2.35993e+01
    1.40893e-04     2.37464e+01
    1.41808e-04     2.38945e+01
    1.42729e-04     2.40435e+01
    1.43656e-04     2.41934e+01
    1.44589e-04     2.43443e+01
    1.45529e-04     2.44962e+01
    1.46474e-04     2.46489e+01
    1.47425e-04     2.48026e+01
    1.48383e-04     2.49573e+01
    1.49347e-04     2.51129e+01
    1.50317e-04     2.52695e+01
    1.51293e-04     2.54270e+01
    1.52276e-04     2.55856e+01
    1.53265e-04     2.57451e+01
    1.54261e-04     2.59057e+01
    1.55263e-04     2.60672e+01
    1.56271e-04     2.62297e+01
    1.57286e-04     2.63932e+01
    1.58308e-04     2.65578e+01
    1.59336e-04     2.67233e+01
    1.60371e-04     2.68899e+01
    1.61413e-04     2.70575e+01
    1.62461e-04     2.72261e+01
    1.63517e-04     2.73959e+01
    1.64579e-04     2.75667e+01
    1.65648e-04     2.77386e+01
    1.66724e-04     2.79115e+01
    1.67807e-04     2.80854e+01
    1.68897e-04     2.82605e+01
    1.69994e-04     2.84367e+01
    1.71098e-04     2.86139e+01
    1.72209e-04     2.87922e+01
    1.73328e-04     2.89717e+01
    1.74454e-04     2.91523e+01
    1.75587e-04     2.93340e+01
    1.76728e-04     2.95169e+01
    1.77875e-04     2.97007e+01
    1.79031e-04     2.98859e+01
    1.80194e-04     3.00722e+01
    1.81364e-04     3.02596e+01
    1.82542e-04     3.04481e+01
    1.83728e-04     3.06379e+01
    1.84921e-04     3.08288e+01
    1.86123e-04     3.10211e+01
    1.87332e-04     3.12144e+01
    1.88548e-04     3.14087e+01
    1.89773e-04     3.16045e+01
    1.91006e-04     3.18015e+01
    1.92246e-04     3.19995e+01
    1.93495e-04     3.21990e+01
    1.94752e-04     3.23996e+01
    1.96017e-04     3.26015e+01
    1.97290e-04     3.28046e+01
    1.98572e-04     3.30090e+01
    1.99862e-04     3.32147e+01
    2.01160e-04     3.34216e+01
    2.02467e-04     3.36299e+01
    2.03782e-04     3.38394e+01
    2.05105e-04     3.40500e+01
    2.06438e-04     3.42623e+01
    2.07779e-04     3.44757e+01
    2.09128e-04     3.46904e+01
    2.10487e-04     3.49065e+01
    2.11854e-04     3.51239e+01
    2.13230e-04     3.53427e+01
    2.14615e-04     3.55628e+01
    2.16009e-04     3.57842e+01
    2.17412e-04     3.60071e+01
    2.18824e-04     3.62313e+01
    2.20246e-04     3.64570e+01
    2.21676e-04     3.66839e+01
    2.23116e-04     3.69124e+01
    2.24565e-04     3.71422e+01
    2.26024e-04     3.73735e+01
    2.27492e-04     3.76062e+01
    2.28970e-04     3.78403e+01
    2.30457e-04     3.80759e+01
    2.31954e-04     3.83130e+01
    2.33461e-04     3.85516e+01
    2.34977e-04     3.87914e+01
    2.36504e-04     3.90330e+01
    2.38040e-04     3.92760e+01
    2.39586e-04     3.95204e+01
    2.41142e-04     3.97664e+01
    2.42709e-04     4.00140e+01
    2.44285e-04     4.02630e+01
    2.45872e-04     4.05135e+01
    2.47469e-04     4.07656e+01
    2.49076e-04     4.10193e+01
    2.50694e-04     4.12745e+01
    2.52323e-04     4.15315e+01
    2.53962e-04     4.17899e+01
    2.55611e-04     4.20499e+01
    2.57272e-04     4.23116e+01
    2.58943e-04     4.25748e+01
    2.60625e-04     4.28397e+01
    2.62318e-04     4.31063e+01
    2.64022e-04     4.33745e+01
    2.65737e-04     4.36443e+01
    2.67463e-04     4.39158e+01
    2.69200e-04     4.41889e+01
    2.70949e-04     4.44639e+01
    2.72709e-04     4.47404e+01
    2.74480e-04     4.50186e+01
    2.76263e-04     4.52987e+01
    2.78057e-04     4.55804e+01
    2.79863e-04     4.58638e+01
    2.81681e-04     4.61490e+01
    2.83511e-04     4.64360e+01
    2.85353e-04     4.67248e+01
    2.87206e-04     4.70153e+01
    2.89072e-04     4.73077e+01
    2.90949e-04     4.76018e+01
    2.92839e-04     4.78977e+01
    2.94741e-04     4.81955e+01
    2.96656e-04     4.84951e+01
    2.98583e-04     4.87966e+01
    3.00522e-04     4.90998e+01
    3.02474e-04     4.94049e+01
    3.04439e-04     4.97120e+01
    3.06417e-04     5.00210e+01
    3.08407e-04     5.03318e+01
    3.10410e-04     5.06445e+01
    3.12426e-04     5.09592e+01
    3.14456e-04     5.12759e+01
    3.16498e-04     5.15943e+01
    3.18554e-04     5.19149e+01
    3.20623e-04     5.22373e+01
    3.22706e-04     5.25619e+01
    3.24802e-04     5.28884e+01
    3.26912e-04     5.32168e+01
    3.29035e-04     5.35473e+01
    3.31173e-04     5.38800e+01
    3.33324e-04     5.42145e+01
    3.35489e-04     5.45512e+01
    3.37668e-04     5.48898e+01
    3.39861e-04     5.52306e+01
    3.42069e-04     5.55735e+01
    3.44291e-04     5.59185e+01
    3.46527e-04     5.62656e+01
    3.48778e-04     5.66149e+01
    3.51044e-04     5.69663e+01
    3.53324e-04     5.73198e+01
    3.55619e-04     5.76755e+01
    3.57929e-04     5.80334e+01
    3.60254e-04     5.83936e+01
    3.62594e-04     5.87558e+01
    3.64949e-04     5.91203e+01
    3.67320e-04     5.94870e+01
    3.69706e-04     5.98561e+01
    3.72107e-04     6.02272e+01
    3.74524e-04     6.06007e+01
    3.76957e-04     6.09765e+01
    3.79405e-04     6.13546e+01
    3.81870e-04     6.17350e+01
    3.84350e-04     6.21176e+01
    3.86847e-04     6.25028e+01
    3.89360e-04     6.28902e+01
    3.91889e-04     6.32799e+01
    3.94434e-04     6.36721e+01
    3.96996e-04     6.40665e+01
    3.99575e-04     6.44635e+01
    4.02171e-04     6.48630e+01
    4.04783e-04     6.52648e+01
    4.07412e-04     6.56691e+01
    4.10059e-04     6.60760e+01
    4.12722e-04     6.64851e+01
    4.15403e-04     6.68970e+01
    4.18101e-04     6.73111e+01
    4.20817e-04     6.77281e+01
    4.23550e-04     6.81473e+01
    4.26302e-04     6.85693e+01
    4.29071e-04     6.89938e+01
    4.31858e-04     6.94209e+01
    4.34663e-04     6.98505e+01
    4.37486e-04     7.02827e+01
    4.40328e-04     7.07177e+01
    4.43188e-04     7.11553e+01
    4.46067e-04     7.15955e+01
    4.48964e-04     7.20383e+01
    4.51881e-04     7.24840e+01
    4.54816e-04     7.29323e+01
    4.57770e-04     7.33832e+01
    4.60744e-04     7.38371e+01
    4.63736e-04     7.42934e+01
    4.66749e-04     7.47528e+01
    4.69780e-04     7.52147e+01
    4.72832e-04     7.56796e+01
    4.75903e-04     7.61472e+01
    4.78994e-04     7.66177e+01
    4.82106e-04     7.70912e+01
    4.85237e-04     7.75673e+01
    4.88389e-04     7.80463e+01
    4.91562e-04     7.85284e+01
    4.94754e-04     7.90131e+01
    4.97968e-04     7.95009e+01
    5.01203e-04     7.99918e+01
    5.04458e-04     8.04853e+01
    5.07735e-04     8.09821e+01
    5.11033e-04     8.14817e+01
    5.14353e-04     8.19845e+01
    5.17694e-04     8.24903e+01
    5.21056e-04     8.29989e+01
    5.24441e-04     8.35109e+01
    5.27847e-04     8.40257e+01
    5.31276e-04     8.45438e+01
    5.34727e-04     8.50650e+01
    5.38200e-04     8.55893e+01
    5.41696e-04     8.61166e+01
    5.45215e-04     8.66474e+01
    5.48756e-04     8.71812e+01
    5.52321e-04     8.77183e+01
    5.55908e-04     8.82585e+01
    5.59519e-04     8.88021e+01
    5.63154e-04     8.93490e+01
    5.66812e-04     8.98991e+01
    5.70493e-04     9.04523e+01
    5.74199e-04     9.10092e+01
    5.77929e-04     9.15692e+01
    5.81683e-04     9.21326e+01
    5.85461e-04     9.26995e+01
    5.89264e-04     9.32697e+01
    5.93092e-04     9.38433e+01
    5.96944e-04     9.44203e+01
    6.00822e-04     9.50008e+01
    6.04724e-04     9.55847e+01
    6.08652e-04     9.61721e+01
    6.12606e-04     9.67631e+01
    6.16585e-04     9.73575e+01
    6.20590e-04     9.79556e+01
    6.24621e-04     9.85569e+01
    6.28678e-04     9.91621e+01
    6.32762e-04     9.97709e+01
    6.36872e-04     1.00383e+02
    6.41009e-04     1.00999e+02
    6.45173e-04     1.01619e+02
    6.49363e-04     1.02242e+02
    6.53581e-04     1.02869e+02
    6.57827e-04     1.03500e+02
    6.62100e-04     1.04135e+02
    6.66400e-04     1.04773e+02
    6.70729e-04     1.05415e+02
    6.75086e-04     1.06061e+02
    6.79471e-04     1.06710e+02
    6.83884e-04     1.07364e+02
    6.88327e-04     1.08022e+02
    6.92798e-04     1.08683e+02
    6.97298e-04     1.09348e+02
    7.01827e-04     1.10017e+02
    7.06386e-04     1.10690e+02
    7.10974e-04     1.11367e+02
    7.15592e-04     1.12048e+02
    7.20241e-04     1.12734e+02
    7.24919e-04     1.13423e+02
    7.29628e-04     1.14116e+02
    7.34367e-04     1.14813e+02
    7.39137e-04     1.15514e+02
    7.43938e-04     1.16220e+02
    7.48770e-04     1.16929e+02
    7.53634e-04     1.17643e+02
    7.58529e-04     1.18360e+02
    7.63456e-04     1.19082e+02
    7.68416e-04     1.19809e+02
    7.73407e-04     1.20539e+02
    7.78431e-04     1.21274e+02
    7.83487e-04     1.22013e+02
    7.88576e-04     1.22756e+02
    7.93698e-04     1.23504e+02
    7.98854e-04     1.24256e+02
    8.04043e-04     1.25013e+02
    8.09265e-04     1.25773e+02
    8.14522e-04     1.26539e+02
    8.19813e-04     1.27309e+02
    8.25138e-04     1.28083e+02
    8.30498e-04     1.28862e+02
    8.35892e-04     1.29645e+02
    8.41322e-04     1.30433e+02
    8.46787e-04     1.31225e+02
    8.52287e-04     1.32022e+02
    8.57823e-04     1.32824e+02
    8.63395e-04     1.33631e+02
    8.69003e-04     1.34441e+02
    8.74648e-04     1.35257e+02
    8.80329e-04     1.36078e+02
    8.86048e-04     1.36903e+02
    8.91803e-04     1.37732e+02
    8.97596e-04     1.38567e+02
    9.03426e-04     1.39406e+02
    9.09294e-04     1.40250e+02
    9.15201e-04     1.41099e+02
    9.21145e-04     1.41953e+02
    9.27129e-04     1.42812e+02
    9.33151e-04     1.43676e+02
    9.39212e-04     1.44544e+02
    9.45313e-04     1.45418e+02
    9.51453e-04     1.46296e+02
    9.57633e-04     1.47179e+02
    9.63854e-04     1.48068e+02
    9.70115e-04     1.48962e+02
    9.76416e-04     1.49860e+02
    9.82758e-04     1.50764e+02
    9.89142e-04     1.51673e+02
    9.95567e-04     1.52587e+02
    1.00203e-03     1.53506e+02
    1.00854e-03     1.54431e+02
    1.01509e-03     1.55360e+02
    1.02169e-03     1.56296e+02
    1.02832e-03     1.57236e+02
    1.03500e-03     1.58181e+02
    1.04173e-03     1.59133e+02
    1.04849e-03     1.60088e+02
    1.05530e-03     1.61050e+02
    1.06216e-03     1.62018e+02
    1.06906e-03     1.62991e+02
    1.07600e-03     1.63968e+02
    1.08299e-03     1.64951e+02
    1.09003e-03     1.65941e+02
    1.09711e-03     1.66935e+02
    1.10423e-03     1.67934e+02
    1.11140e-03     1.68940e+02
    1.11862e-03     1.69951e+02
    1.12589e-03     1.70968e+02
    1.13320e-03     1.71990e+02
    1.14056e-03     1.73018e+02
    1.14797e-03     1.74052e+02
    1.15543e-03     1.75092e+02
    1.16293e-03     1.76136e+02
    1.17049e-03     1.77188e+02
    1.17809e-03     1.78245e+02
    1.18574e-03     1.79307e+02
    1.19345e-03     1.80377e+02
    1.20120e-03     1.81451e+02
    1.20900e-03     1.82531e+02
    1.21685e-03     1.83616e+02
    1.22476e-03     1.84709e+02
    1.23271e-03     1.85807e+02
    1.24072e-03     1.86911e+02
    1.24878e-03     1.88022e+02
    1.25689e-03     1.89138e+02
    1.26505e-03     1.90260e+02
    1.27327e-03     1.91388e+02
    1.28154e-03     1.92523e+02
    1.28987e-03     1.93665e+02
    1.29825e-03     1.94812e+02
    1.30668e-03     1.95964e+02
    1.31517e-03     1.97124e+02
    1.32371e-03     1.98289e+02
    1.33231e-03     1.99461e+02
    1.34096e-03     2.00639e+02
    1.34967e-03     2.01823e+02
    1.35844e-03     2.03014e+02
    1.36726e-03     2.04211e+02
    1.37614e-03     2.05414e+02
    1.38508e-03     2.06624e+02
    1.39408e-03     2.07841e+02
    1.40313e-03     2.09063e+02
    1.41225e-03     2.10293e+02
    1.42142e-03     2.11528e+02
    1.43065e-03     2.12770e+02
    1.43995e-03     2.14020e+02
    1.44930e-03     2.15275e+02
    1.45871e-03     2.16536e+02
    1.46819e-03     2.17806e+02
    1.47773e-03     2.19081e+02
    1.48732e-03     2.20362e+02
    1.49699e-03     2.21652e+02
    1.50671e-03     2.22947e+02
    1.51650e-03     2.24249e+02
    1.52635e-03     2.25558e+02
    1.53626e-03     2.26873e+02
    1.54624e-03     2.28195e+02
    1.55628e-03     2.29524e+02
    1.56639e-03     2.30860e+02
    1.57657e-03     2.32204e+02
    1.58681e-03     2.33554e+02
    1.59711e-03     2.34910e+02
    1.60749e-03     2.36274e+02
    1.61793e-03     2.37645e+02
    1.62844e-03     2.39023e+02
    1.63902e-03     2.40408e+02
    1.64966e-03     2.41799e+02
    1.66038e-03     2.43199e+02
    1.67116e-03     2.44604e+02
    1.68202e-03     2.46018e+02
    1.69295e-03     2.47439e+02
    1.70394e-03     2.48866e+02
    1.71501e-03     2.50301e+02
    1.72615e-03     2.51743e+02
    1.73736e-03     2.53192e+02
    1.74865e-03     2.54648e+02
    1.76001e-03     2.56112e+02
    1.77144e-03     2.57583e+02
    1.78294e-03     2.59060e+02
    1.79453e-03     2.60547e+02
    1.80618e-03     2.62038e+02
    1.81791e-03     2.63538e+02
    1.82972e-03     2.65046e+02
    1.84161e-03     2.66561e+02
    1.85357e-03     2.68083e+02
    1.86561e-03     2.69612e+02
    1.87773e-03     2.71149e+02
    1.88992e-03     2.72693e+02
    1.90220e-03     2.74245e+02
    1.91456e-03     2.75805e+02
    1.92699e-03     2.77371e+02
    1.93951e-03     2.78945e+02
    1.95211e-03     2.80527e+02
    1.96479e-03     2.82117e+02
    1.97755e-03     2.83713e+02
    1.99040e-03     2.85319e+02
    2.00332e-03     2.86929e+02
    2.01634e-03     2.88550e+02
    2.02943e-03     2.90177e+02
    2.04262e-03     2.91813e+02
    2.05588e-03     2.93454e+02
    2.06924e-03     2.95106e+02
    2.08268e-03     2.96764e+02
    2.09621e-03     2.98430e+02
    2.10982e-03     3.00103e+02
    2.12353e-03     3.01785e+02
    2.13732e-03     3.03473e+02
    2.15120e-03     3.05169e+02
    2.16518e-03     3.06875e+02
    2.17924e-03     3.08586e+02
    2.19340e-03     3.10307e+02
    2.20764e-03     3.12034e+02
    2.22198e-03     3.13769e+02
    2.23642e-03     3.15514e+02
    2.25094e-03     3.17264e+02
    2.26557e-03     3.19024e+02
    2.28028e-03     3.20790e+02
    2.29509e-03     3.22565e+02
    2.31000e-03     3.24348e+02
    2.32501e-03     3.26139e+02
    2.34011e-03     3.27936e+02
    2.35531e-03     3.29743e+02
    2.37061e-03     3.31557e+02
    2.38601e-03     3.33379e+02
    2.40150e-03     3.35208e+02
    2.41710e-03     3.37046e+02
    2.43280e-03     3.38891e+02
    2.44861e-03     3.40746e+02
    2.46451e-03     3.42607e+02
    2.48052e-03     3.44477e+02
    2.49663e-03     3.46355e+02
    2.51285e-03     3.48240e+02
    2.52917e-03     3.50134e+02
    2.54560e-03     3.52035e+02
    2.56213e-03     3.53944e+02
    2.57878e-03     3.55862e+02
    2.59553e-03     3.57787e+02
    2.61239e-03     3.59721e+02
    2.62936e-03     3.61662e+02
    2.64643e-03     3.63610e+02
    2.66362e-03     3.65567e+02
    2.68093e-03     3.67533e+02
    2.69834e-03     3.69505e+02
    2.71587e-03     3.71487e+02
    2.73351e-03     3.73475e+02
    2.75126e-03     3.75471e+02
    2.76914e-03     3.77477e+02
    2.78712e-03     3.79488e+02
    2.80523e-03     3.81509e+02
    2.82345e-03     3.83537e+02
    2.84179e-03     3.85573e+02
    2.86025e-03     3.87618e+02
    2.87883e-03     3.89669e+02
    2.89752e-03     3.91728e+02
    2.91635e-03     3.93797e+02
    2.93529e-03     3.95871e+02
    2.95436e-03     3.97955e+02
    2.97355e-03     4.00046e+02
    2.99286e-03     4.02144e+02
    3.01230e-03     4.04251e+02
    3.03187e-03     4.06366e+02
    3.05156e-03     4.08488e+02
    3.07138e-03     4.10618e+02
    3.09133e-03     4.12755e+02
    3.11141e-03     4.14900e+02
    3.13162e-03     4.17053e+02
    3.15196e-03     4.19215e+02
    3.17244e-03     4.21384e+02
    3.19304e-03     4.23559e+02
    3.21379e-03     4.25744e+02
    3.23466e-03     4.27935e+02
    3.25567e-03     4.30133e+02
    3.27682e-03     4.32340e+02
    3.29810e-03     4.34554e+02
    3.31953e-03     4.36776e+02
    3.34109e-03     4.39005e+02
    3.36279e-03     4.41241e+02
    3.38463e-03     4.43485e+02
    3.40662e-03     4.45737e+02
    3.42875e-03     4.47996e+02
    3.45102e-03     4.50262e+02
    3.47344e-03     4.52536e+02
    3.49600e-03     4.54817e+02
    3.51871e-03     4.57105e+02
    3.54156e-03     4.59401e+02
    3.56457e-03     4.61704e+02
    3.58772e-03     4.64013e+02
    3.61102e-03     4.66330e+02
    3.63448e-03     4.68655e+02
    3.65809e-03     4.70987e+02
    3.68185e-03     4.73326e+02
    3.70576e-03     4.75671e+02
    3.72984e-03     4.78024e+02
    3.75406e-03     4.80383e+02
    3.77845e-03     4.82751e+02
    3.80299e-03     4.85123e+02
    3.82769e-03     4.87504e+02
    3.85256e-03     4.89892e+02
    3.87758e-03     4.92285e+02
    3.90277e-03     4.94685e+02
    3.92812e-03     4.97092e+02
    3.95363e-03     4.99505e+02
    3.97931e-03     5.01925e+02
    4.00516e-03     5.04352e+02
    4.03118e-03     5.06785e+02
    4.05736e-03     5.09224e+02
    4.08372e-03     5.11670e+02
    4.11024e-03     5.14120e+02
    4.13694e-03     5.16579e+02
    4.16381e-03     5.19043e+02
    4.19086e-03     5.21514e+02
    4.21808e-03     5.23990e+02
    4.24548e-03     5.26472e+02
    4.27306e-03     5.28960e+02
    4.30081e-03     5.31454e+02
    4.32875e-03     5.33955e+02
    4.35687e-03     5.36461e+02
    4.38517e-03     5.38972e+02
    4.41365e-03     5.41489e+02
    4.44232e-03     5.44013e+02
    4.47118e-03     5.46541e+02
    4.50022e-03     5.49074e+02
    4.52945e-03     5.51613e+02
    4.55887e-03     5.54158e+02
    4.58848e-03     5.56707e+02
    4.61829e-03     5.59262e+02
    4.64829e-03     5.61823e+02
    4.67848e-03     5.64387e+02
    4.70887e-03     5.66957e+02
    4.73946e-03     5.69532e+02
    4.77024e-03     5.72111e+02
    4.80123e-03     5.74695e+02
    4.83241e-03     5.77282e+02
    4.86380e-03     5.79874e+02
    4.89539e-03     5.82471e+02
    4.92719e-03     5.85072e+02
    4.95920e-03     5.87677e+02
    4.99141e-03     5.90286e+02
    5.02383e-03     5.92899e+02
    5.05646e-03     5.95517e+02
    5.08931e-03     5.98139e+02
    5.12237e-03     6.00764e+02
    5.15564e-03     6.03392e+02
    5.18913e-03     6.06026e+02
    5.22283e-03     6.08661e+02
    5.25676e-03     6.11301e+02
    5.29091e-03     6.13945e+02
    5.32527e-03     6.16591e+02
    5.35986e-03     6.19241e+02
    5.39468e-03     6.21895e+02
    5.42972e-03     6.24552e+02
    5.46499e-03     6.27212e+02
    5.50049e-03     6.29874e+02
    5.53622e-03     6.32539e+02
    5.57218e-03     6.35206e+02
    5.60837e-03     6.37876e+02
    5.64480e-03     6.40549e+02
    5.68147e-03     6.43223e+02
    5.71837e-03     6.45899e+02
    5.75551e-03     6.48576e+02
    5.79290e-03     6.51256e+02
    5.83053e-03     6.53937e+02
    5.86840e-03     6.56617e+02
    5.90652e-03     6.59300e+02
    5.94489e-03     6.61984e+02
    5.98350e-03     6.64666e+02
    6.02237e-03     6.67352e+02
    6.06149e-03     6.70037e+02
    6.10086e-03     6.72721e+02
    6.14049e-03     6.75406e+02
    6.18037e-03     6.78091e+02
    6.22052e-03     6.80777e+02
    6.26092e-03     6.83461e+02
    6.30159e-03     6.86147e+02
    6.34252e-03     6.88832e+02
    6.38372e-03     6.91516e+02
    6.42519e-03     6.94201e+02
    6.46692e-03     6.96881e+02
    6.50893e-03     6.99565e+02
    6.55121e-03     7.02246e+02
    6.59376e-03     7.04926e+02
    6.63659e-03     7.07604e+02
    6.67970e-03     7.10283e+02
    6.72309e-03     7.12957e+02
    6.76676e-03     7.15632e+02
    6.81071e-03     7.18303e+02
    6.85495e-03     7.20973e+02
    6.89948e-03     7.23640e+02
    6.94429e-03     7.26303e+02
    6.98940e-03     7.28965e+02
    7.03480e-03     7.31623e+02
    7.08050e-03     7.34279e+02
    7.12649e-03     7.36929e+02
    7.17278e-03     7.39577e+02
    7.21937e-03     7.42220e+02
    7.26626e-03     7.44859e+02
    7.31346e-03     7.47494e+02
    7.36097e-03     7.50124e+02
    7.40878e-03     7.52748e+02
    7.45690e-03     7.55368e+02
    7.50534e-03     7.57985e+02
    7.55409e-03     7.60594e+02
    7.60316e-03     7.63198e+02
    7.65255e-03     7.65798e+02
    7.70225e-03     7.68391e+02
    7.75228e-03     7.70977e+02
    7.80264e-03     7.73560e+02
    7.85332e-03     7.76135e+02
    7.90433e-03     7.78702e+02
    7.95568e-03     7.81266e+02
    8.00735e-03     7.83820e+02
    8.05937e-03     7.86370e+02
    8.11172e-03     7.88910e+02
    8.16441e-03     7.91444e+02
    8.21744e-03     7.93969e+02
    8.27081e-03     7.96487e+02
    8.32454e-03     7.98998e+02
    8.37861e-03     8.01498e+02
    8.43303e-03     8.03991e+02
    8.48781e-03     8.06474e+02
    8.54294e-03     8.08948e+02
    8.59844e-03     8.11413e+02
    8.65429e-03     8.13869e+02
    8.71050e-03     8.16313e+02
    8.76708e-03     8.18748e+02
    8.82403e-03     8.21173e+02
    8.88134e-03     8.23585e+02
    8.93903e-03     8.25988e+02
    8.99710e-03     8.28379e+02
    9.05554e-03     8.30759e+02
    9.11436e-03     8.33125e+02
    9.17356e-03     8.35481e+02
    9.23315e-03     8.37823e+02
    9.29312e-03     8.40155e+02
    9.35349e-03     8.42471e+02
    9.41424e-03     8.44775e+02
    9.47539e-03     8.47066e+02
    9.53694e-03     8.49342e+02
    9.59889e-03     8.51605e+02
    9.66124e-03     8.53852e+02
    9.72400e-03     8.56087e+02
    9.78716e-03     8.58305e+02
    9.85073e-03     8.60509e+02
    9.91472e-03     8.62696e+02
    9.97912e-03     8.64868e+02
    1.00439e-02     8.67022e+02
    1.01092e-02     8.69165e+02
    1.01748e-02     8.71283e+02
    1.02409e-02     8.73391e+02
    1.03075e-02     8.75485e+02
    1.03744e-02     8.77553e+02
    1.04418e-02     8.79606e+02
    1.05096e-02     8.81641e+02
    1.05779e-02     8.83660e+02
    1.06466e-02     8.85657e+02
    1.07158e-02     8.87642e+02
    1.07854e-02     8.89601e+02
    1.08554e-02     8.91535e+02
    1.09259e-02     8.93455e+02
    1.09969e-02     8.95358e+02
    1.10683e-02     8.97235e+02
    1.11402e-02     8.99093e+02
    1.12126e-02     9.00933e+02
    1.12854e-02     9.02747e+02
    1.13587e-02     9.04540e+02
    1.14325e-02     9.06312e+02
    1.15068e-02     9.08064e+02
    1.15815e-02     9.09788e+02
    1.16567e-02     9.11488e+02
    1.17324e-02     9.13167e+02
    1.18087e-02     9.14827e+02
    1.18854e-02     9.16457e+02
    1.19626e-02     9.18064e+02
    1.20403e-02     9.19644e+02
    1.21185e-02     9.21200e+02
    1.21972e-02     9.22728e+02
    1.22764e-02     9.24230e+02
    1.23562e-02     9.25714e+02
    1.24364e-02     9.27160e+02
    1.25172e-02     9.28584e+02
    1.25985e-02     9.29981e+02
    1.26803e-02     9.31346e+02
    1.27627e-02     9.32689e+02
    1.28456e-02     9.34000e+02
    1.29290e-02     9.35282e+02
    1.30130e-02     9.36537e+02
    1.30976e-02     9.37765e+02
    1.31826e-02     9.38954e+02
    1.32683e-02     9.40123e+02
    1.33544e-02     9.41252e+02
    1.34412e-02     9.42358e+02
    1.35285e-02     9.43428e+02
    1.36164e-02     9.44470e+02
    1.37048e-02     9.45475e+02
    1.37938e-02     9.46448e+02
    1.38834e-02     9.47391e+02
    1.39736e-02     9.48302e+02
    1.40644e-02     9.49179e+02
    1.41557e-02     9.50019e+02
    1.42477e-02     9.50831e+02
    1.43402e-02     9.51604e+02
    1.44334e-02     9.52348e+02
    1.45271e-02     9.53052e+02
    1.46215e-02     9.53723e+02
    1.47165e-02     9.54361e+02
    1.48121e-02     9.54959e+02
    1.49083e-02     9.55522e+02
    1.50051e-02     9.56045e+02
    1.51026e-02     9.56537e+02
    1.52007e-02     9.56989e+02
    1.52994e-02     9.57401e+02
    1.53988e-02     9.57777e+02
    1.54988e-02     9.58113e+02
    1.55995e-02     9.58410e+02
    1.57008e-02     9.58667e+02
    1.58028e-02     9.58889e+02
    1.59055e-02     9.59070e+02
    1.60088e-02     9.59209e+02
    1.61128e-02     9.59305e+02
    1.62174e-02     9.59358e+02
    1.63228e-02     9.59379e+02
    1.64288e-02     9.59349e+02
    1.65355e-02     9.59281e+02
    1.66429e-02     9.59170e+02
    1.67510e-02     9.59020e+02
    1.68598e-02     9.58825e+02
    1.69693e-02     9.58586e+02
    1.70796e-02     9.58310e+02
    1.71905e-02     9.57984e+02
    1.73022e-02     9.57620e+02
    1.74145e-02     9.57207e+02
    1.75277e-02     9.56758e+02
    1.76415e-02     9.56256e+02
    1.77561e-02     9.55713e+02
    1.78714e-02     9.55126e+02
    1.79875e-02     9.54497e+02
    1.81044e-02     9.53823e+02
    1.82220e-02     9.53102e+02
    1.83403e-02     9.52333e+02
    1.84594e-02     9.51518e+02
    1.85794e-02     9.50663e+02
    1.87000e-02     9.49755e+02
    1.88215e-02     9.48806e+02
    1.89438e-02     9.47812e+02
    1.90668e-02     9.46767e+02
    1.91907e-02     9.45678e+02
    1.93153e-02     9.44539e+02
    1.94408e-02     9.43355e+02
    1.95671e-02     9.42122e+02
    1.96942e-02     9.40841e+02
    1.98221e-02     9.39514e+02
    1.99508e-02     9.38134e+02
    2.00804e-02     9.36712e+02
    2.02109e-02     9.35244e+02
    2.03421e-02     9.33724e+02
    2.04743e-02     9.32161e+02
    2.06073e-02     9.30549e+02
    2.07411e-02     9.28885e+02
    2.08758e-02     9.27176e+02
    2.10114e-02     9.25421e+02
    2.11479e-02     9.23617e+02
    2.12853e-02     9.21769e+02
    2.14236e-02     9.19871e+02
    2.15627e-02     9.17924e+02
    2.17028e-02     9.15930e+02
    2.18437e-02     9.13888e+02
    2.19856e-02     9.11803e+02
    2.21284e-02     9.09670e+02
    2.22722e-02     9.07491e+02
    2.24168e-02     9.05261e+02
    2.25625e-02     9.02989e+02
    2.27090e-02     9.00668e+02
    2.28565e-02     8.98301e+02
    2.30050e-02     8.95889e+02
    2.31544e-02     8.93432e+02
    2.33048e-02     8.90927e+02
    2.34562e-02     8.88379e+02
    2.36086e-02     8.85786e+02
    2.37619e-02     8.83146e+02
    2.39162e-02     8.80459e+02
    2.40716e-02     8.77733e+02
    2.42280e-02     8.74960e+02
    2.43853e-02     8.72142e+02
    2.45437e-02     8.69283e+02
    2.47032e-02     8.66384e+02
    2.48636e-02     8.63439e+02
    2.50251e-02     8.60452e+02
    2.51877e-02     8.57427e+02
    2.53513e-02     8.54359e+02
    2.55159e-02     8.51252e+02
    2.56817e-02     8.48105e+02
    2.58485e-02     8.44919e+02
    2.60164e-02     8.41692e+02
    2.61854e-02     8.38433e+02
    2.63555e-02     8.35132e+02
    2.65267e-02     8.31794e+02
    2.66990e-02     8.28419e+02
    2.68724e-02     8.25009e+02
    2.70470e-02     8.21568e+02
    2.72226e-02     8.18086e+02
    2.73995e-02     8.14579e+02
    2.75774e-02     8.11033e+02
    2.77566e-02     8.07458e+02
    2.79369e-02     8.03851e+02
    2.81183e-02     8.00213e+02
    2.83010e-02     7.96548e+02
    2.84848e-02     7.92850e+02
    2.86698e-02     7.89123e+02
    2.88561e-02     7.85373e+02
    2.90435e-02     7.81593e+02
    2.92321e-02     7.77787e+02
    2.94220e-02     7.73961e+02
    2.96131e-02     7.70108e+02
    2.98055e-02     7.66230e+02
    2.99991e-02     7.62333e+02
    3.01940e-02     7.58415e+02
    3.03901e-02     7.54477e+02
    3.05875e-02     7.50522e+02
    3.07862e-02     7.46545e+02
    3.09861e-02     7.42551e+02
    3.11874e-02     7.38546e+02
    3.13900e-02     7.34523e+02
    3.15939e-02     7.30489e+02
    3.17991e-02     7.26440e+02
    3.20057e-02     7.22379e+02
    3.22135e-02     7.18309e+02
    3.24228e-02     7.14228e+02
    3.26334e-02     7.10140e+02
    3.28454e-02     7.06047e+02
    3.30587e-02     7.01942e+02
    3.32735e-02     6.97837e+02
    3.34896e-02     6.93729e+02
    3.37071e-02     6.89615e+02
    3.39261e-02     6.85500e+02
    3.41464e-02     6.81386e+02
    3.43682e-02     6.77271e+02
    3.45915e-02     6.73163e+02
    3.48162e-02     6.69054e+02
    3.50423e-02     6.64952e+02
    3.52699e-02     6.60851e+02
    3.54990e-02     6.56760e+02
    3.57296e-02     6.52679e+02
    3.59617e-02     6.48605e+02
    3.61953e-02     6.44542e+02
    3.64304e-02     6.40489e+02
    3.66670e-02     6.36446e+02
    3.69052e-02     6.32418e+02
    3.71449e-02     6.28409e+02
    3.73862e-02     6.24411e+02
    3.76290e-02     6.20431e+02
    3.78735e-02     6.16471e+02
    3.81195e-02     6.12529e+02
    3.83671e-02     6.08606e+02
    3.86163e-02     6.04705e+02
    3.88671e-02     6.00827e+02
    3.91196e-02     5.96973e+02
    3.93737e-02     5.93142e+02
    3.96295e-02     5.89338e+02
    3.98869e-02     5.85560e+02
    4.01460e-02     5.81810e+02
    4.04067e-02     5.78086e+02
    4.06692e-02     5.74391e+02
    4.09334e-02     5.70726e+02
    4.11992e-02     5.67092e+02
    4.14669e-02     5.63491e+02
    4.17362e-02     5.59920e+02
    4.20073e-02     5.56381e+02
    4.22802e-02     5.52881e+02
    4.25548e-02     5.49413e+02
    4.28312e-02     5.45980e+02
    4.31094e-02     5.42583e+02
    4.33894e-02     5.39222e+02
    4.36713e-02     5.35901e+02
    4.39550e-02     5.32620e+02
    4.42405e-02     5.29374e+02
    4.45278e-02     5.26164e+02
    4.48171e-02     5.22996e+02
    4.51082e-02     5.19867e+02
    4.54012e-02     5.16778e+02
    4.56961e-02     5.13726e+02
    4.59929e-02     5.10715e+02
    4.62917e-02     5.07745e+02
    4.65923e-02     5.04815e+02
    4.68950e-02     5.01923e+02
    4.71996e-02     4.99076e+02
    4.75062e-02     4.96270e+02
    4.78148e-02     4.93501e+02
    4.81253e-02     4.90777e+02
    4.84379e-02     4.88092e+02
    4.87526e-02     4.85446e+02
    4.90692e-02     4.82841e+02
    4.93880e-02     4.80271e+02
    4.97088e-02     4.77744e+02
    5.00317e-02     4.75255e+02
    5.03566e-02     4.72801e+02
    5.06837e-02     4.70384e+02
    5.10130e-02     4.68006e+02
    5.13443e-02     4.65663e+02
    5.16778e-02     4.63357e+02
    5.20135e-02     4.61086e+02
    5.23514e-02     4.58849e+02
    5.26914e-02     4.56644e+02
    5.30337e-02     4.54473e+02
    5.33782e-02     4.52328e+02
    5.37249e-02     4.50215e+02
    5.40738e-02     4.48132e+02
    5.44251e-02     4.46073e+02
    5.47786e-02     4.44040e+02
    5.51344e-02     4.42034e+02
    5.54926e-02     4.40051e+02
    5.58530e-02     4.38088e+02
    5.62158e-02     4.36148e+02
    5.65810e-02     4.34225e+02
    5.69485e-02     4.32322e+02
    5.73184e-02     4.30431e+02
    5.76907e-02     4.28558e+02
    5.80654e-02     4.26694e+02
    5.84426e-02     4.24840e+02
    5.88222e-02     4.22995e+02
    5.92043e-02     4.21157e+02
    5.95889e-02     4.19325e+02
    5.99759e-02     4.17492e+02
    6.03655e-02     4.15662e+02
    6.07576e-02     4.13831e+02
    6.11523e-02     4.12000e+02
    6.15495e-02     4.10160e+02
    6.19493e-02     4.08313e+02
    6.23517e-02     4.06457e+02
    6.27567e-02     4.04594e+02
    6.31643e-02     4.02715e+02
    6.35746e-02     4.00822e+02
    6.39876e-02     3.98910e+02
    6.44032e-02     3.96979e+02
    6.48215e-02     3.95029e+02
    6.52426e-02     3.93054e+02
    6.56664e-02     3.91056e+02
    6.60929e-02     3.89031e+02
    6.65222e-02     3.86981e+02
    6.69543e-02     3.84898e+02
    6.73892e-02     3.82785e+02
    6.78270e-02     3.80639e+02
    6.82675e-02     3.78459e+02
    6.87110e-02     3.76240e+02
    6.91573e-02     3.73987e+02
    6.96065e-02     3.71694e+02
    7.00586e-02     3.69360e+02
    7.05137e-02     3.66990e+02
    7.09717e-02     3.64576e+02
    7.14327e-02     3.62125e+02
    7.18967e-02     3.59632e+02
    7.23637e-02     3.57094e+02
    7.28338e-02     3.54514e+02
    7.33069e-02     3.51891e+02
    7.37830e-02     3.49228e+02
    7.42623e-02     3.46519e+02
    7.47447e-02     3.43767e+02
    7.52302e-02     3.40977e+02
    7.57188e-02     3.38149e+02
    7.62107e-02     3.35279e+02
    7.67057e-02     3.32367e+02
    7.72039e-02     3.29422e+02
    7.77054e-02     3.26436e+02
    7.82102e-02     3.23417e+02
    7.87182e-02     3.20365e+02
    7.92295e-02     3.17281e+02
    7.97441e-02     3.14164e+02
    8.02621e-02     3.11023e+02
    8.07835e-02     3.07858e+02
    8.13082e-02     3.04669e+02
    8.18363e-02     3.01460e+02
    8.23679e-02     2.98231e+02
    8.29029e-02     2.94991e+02
    8.34414e-02     2.91735e+02
    8.39834e-02     2.88476e+02
    8.45290e-02     2.85209e+02
    8.50780e-02     2.81938e+02
    8.56306e-02     2.78667e+02
    8.61869e-02     2.75405e+02
    8.67467e-02     2.72146e+02
    8.73102e-02     2.68903e+02
    8.78773e-02     2.65671e+02
    8.84481e-02     2.62458e+02
    8.90226e-02     2.59267e+02
    8.96009e-02     2.56099e+02
    9.01829e-02     2.52964e+02
    9.07687e-02     2.49859e+02
    9.13583e-02     2.46786e+02
    9.19517e-02     2.43754e+02
    9.25490e-02     2.40764e+02
    9.31501e-02     2.37814e+02
    9.37552e-02     2.34914e+02
    9.43642e-02     2.32060e+02
    9.49771e-02     2.29258e+02
    9.55940e-02     2.26512e+02
    9.62150e-02     2.23826e+02
    9.68399e-02     2.21198e+02
    9.74690e-02     2.18632e+02
    9.81021e-02     2.16127e+02
    9.87393e-02     2.13690e+02
    9.93807e-02     2.11314e+02
    1.00026e-01     2.09008e+02
    1.00676e-01     2.06766e+02
    1.01330e-01     2.04591e+02
    1.01988e-01     2.02485e+02
    1.02651e-01     2.00449e+02
    1.03317e-01     1.98481e+02
    1.03988e-01     1.96585e+02
    1.04664e-01     1.94759e+02
    1.05344e-01     1.92998e+02
    1.06028e-01     1.91300e+02
    1.06717e-01     1.89668e+02
    1.07410e-01     1.88097e+02
    1.08108e-01     1.86588e+02
    1.08810e-01     1.85136e+02
    1.09517e-01     1.83739e+02
    1.10228e-01     1.82402e+02
    1.10944e-01     1.81114e+02
    1.11665e-01     1.79874e+02
    1.12390e-01     1.78678e+02
    1.13120e-01     1.77524e+02
    1.13855e-01     1.76409e+02
    1.14594e-01     1.75325e+02
    1.15339e-01     1.74271e+02
    1.16088e-01     1.73242e+02
    1.16842e-01     1.72238e+02
    1.17601e-01     1.71250e+02
    1.18365e-01     1.70276e+02
    1.19134e-01     1.69311e+02
    1.19907e-01     1.68348e+02
    1.20686e-01     1.67386e+02
    1.21470e-01     1.66421e+02
    1.22259e-01     1.65446e+02
    1.23053e-01     1.64458e+02
    1.23853e-01     1.63451e+02
    1.24657e-01     1.62424e+02
    1.25467e-01     1.61375e+02
    1.26282e-01     1.60298e+02
    1.27102e-01     1.59189e+02
    1.27928e-01     1.58046e+02
    1.28759e-01     1.56866e+02
    1.29595e-01     1.55645e+02
    1.30437e-01     1.54384e+02
    1.31284e-01     1.53080e+02
    1.32137e-01     1.51734e+02
    1.32995e-01     1.50345e+02
    1.33859e-01     1.48913e+02
    1.34728e-01     1.47438e+02
    1.35604e-01     1.45920e+02
    1.36484e-01     1.44358e+02
    1.37371e-01     1.42757e+02
    1.38263e-01     1.41118e+02
    1.39161e-01     1.39446e+02
    1.40065e-01     1.37743e+02
    1.40975e-01     1.36011e+02
    1.41891e-01     1.34254e+02
    1.42812e-01     1.32474e+02
    1.43740e-01     1.30679e+02
    1.44674e-01     1.28871e+02
    1.45614e-01     1.27056e+02
    1.46559e-01     1.25239e+02
    1.47511e-01     1.23424e+02
    1.48469e-01     1.21617e+02
    1.49434e-01     1.19823e+02
    1.50405e-01     1.18046e+02
    1.51381e-01     1.16290e+02
    1.52365e-01     1.14562e+02
    1.53354e-01     1.12863e+02
    1.54351e-01     1.11202e+02
    1.55353e-01     1.09579e+02
    1.56362e-01     1.08000e+02
    1.57378e-01     1.06466e+02
    1.58400e-01     1.04980e+02
    1.59429e-01     1.03546e+02
    1.60465e-01     1.02164e+02
    1.61507e-01     1.00837e+02
    1.62556e-01     9.95673e+01
    1.63612e-01     9.83535e+01
    1.64675e-01     9.71952e+01
    1.65744e-01     9.60915e+01
    1.66821e-01     9.50431e+01
    1.67905e-01     9.40486e+01
    1.68995e-01     9.31062e+01
    1.70093e-01     9.22135e+01
    1.71198e-01     9.13663e+01
    1.72310e-01     9.05620e+01
    1.73429e-01     8.97968e+01
    1.74556e-01     8.90681e+01
    1.75689e-01     8.83710e+01
    1.76831e-01     8.77018e+01
    1.77979e-01     8.70542e+01
    1.79135e-01     8.64247e+01
    1.80299e-01     8.58081e+01
    1.81470e-01     8.51995e+01
    1.82649e-01     8.45942e+01
    1.83835e-01     8.39874e+01
    1.85029e-01     8.33748e+01
    1.86231e-01     8.27517e+01
    1.87441e-01     8.21136e+01
    1.88658e-01     8.14566e+01
    1.89884e-01     8.07789e+01
    1.91117e-01     8.00770e+01
    1.92359e-01     7.93494e+01
    1.93608e-01     7.85925e+01
    1.94866e-01     7.78062e+01
    1.96131e-01     7.69898e+01
    1.97405e-01     7.61447e+01
    1.98688e-01     7.52713e+01
    1.99978e-01     7.43694e+01
    2.01277e-01     7.34413e+01
    2.02585e-01     7.24904e+01
    2.03901e-01     7.15195e+01
    2.05225e-01     7.05324e+01
    2.06558e-01     6.95324e+01
    2.07900e-01     6.85233e+01
    2.09250e-01     6.75097e+01
    2.10609e-01     6.64963e+01
    2.11977e-01     6.54875e+01
    2.13354e-01     6.44879e+01
    2.14740e-01     6.35013e+01
    2.16135e-01     6.25317e+01
    2.17539e-01     6.15832e+01
    2.18952e-01     6.06595e+01
    2.20374e-01     5.97641e+01
    2.21806e-01     5.88992e+01
    2.23246e-01     5.80660e+01
    2.24696e-01     5.72672e+01
    2.26156e-01     5.65038e+01
    2.27625e-01     5.57761e+01
    2.29104e-01     5.50836e+01
    2.30592e-01     5.44254e+01
    2.32089e-01     5.38005e+01
    2.33597e-01     5.32082e+01
    2.35114e-01     5.26451e+01
    2.36642e-01     5.21087e+01
    2.38179e-01     5.15957e+01
    2.39726e-01     5.11034e+01
    2.41283e-01     5.06280e+01
    2.42850e-01     5.01656e+01
    2.44428e-01     4.97122e+01
    2.46015e-01     4.92644e+01
    2.47613e-01     4.88181e+01
    2.49222e-01     4.83705e+01
    2.50841e-01     4.79178e+01
    2.52470e-01     4.74567e+01
    2.54110e-01     4.69853e+01
    2.55760e-01     4.65016e+01
    2.57422e-01     4.60045e+01
    2.59094e-01     4.54923e+01
    2.60777e-01     4.49651e+01
    2.62471e-01     4.44233e+01
    2.64176e-01     4.38675e+01
    2.65892e-01     4.32989e+01
    2.67619e-01     4.27193e+01
    2.69357e-01     4.21316e+01
    2.71107e-01     4.15376e+01
    2.72868e-01     4.09402e+01
    2.74640e-01     4.03427e+01
    2.76424e-01     3.97481e+01
    2.78219e-01     3.91594e+01
    2.80027e-01     3.85794e+01
    2.81846e-01     3.80107e+01
    2.83676e-01     3.74559e+01
    2.85519e-01     3.69173e+01
    2.87374e-01     3.63960e+01
    2.89240e-01     3.58933e+01
    2.91119e-01     3.54104e+01
    2.93010e-01     3.49472e+01
    2.94913e-01     3.45031e+01
    2.96829e-01     3.40779e+01
    2.98757e-01     3.36704e+01
    3.00698e-01     3.32788e+01
    3.02651e-01     3.29013e+01
    3.04617e-01     3.25361e+01
    3.06595e-01     3.21805e+01
    3.08587e-01     3.18323e+01
    3.10591e-01     3.14891e+01
    3.12609e-01     3.11486e+01
    3.14639e-01     3.08088e+01
    3.16683e-01     3.04673e+01
    3.18740e-01     3.01227e+01
    3.20810e-01     2.97742e+01
    3.22894e-01     2.94201e+01
    3.24992e-01     2.90605e+01
    3.27103e-01     2.86953e+01
    3.29227e-01     2.83248e+01
    3.31366e-01     2.79494e+01
    3.33518e-01     2.75706e+01
    3.35685e-01     2.71899e+01
    3.37865e-01     2.68086e+01
    3.40060e-01     2.64286e+01
    3.42269e-01     2.60515e+01
    3.44492e-01     2.56787e+01
    3.46729e-01     2.53122e+01
    3.48982e-01     2.49534e+01
    3.51248e-01     2.46032e+01
    3.53530e-01     2.42627e+01
    3.55826e-01     2.39323e+01
    3.58138e-01     2.36125e+01
    3.60464e-01     2.33028e+01
    3.62805e-01     2.30032e+01
    3.65162e-01     2.27126e+01
    3.67534e-01     2.24303e+01
    3.69921e-01     2.21550e+01
    3.72324e-01     2.18857e+01
    3.74743e-01     2.16209e+01
    3.77177e-01     2.13593e+01
    3.79627e-01     2.11000e+01
    3.82093e-01     2.08416e+01
    3.84574e-01     2.05833e+01
    3.87072e-01     2.03243e+01
    3.89587e-01     2.00644e+01
    3.92117e-01     1.98035e+01
    3.94664e-01     1.95414e+01
    3.97228e-01     1.92786e+01
    3.99808e-01     1.90158e+01
    4.02405e-01     1.87534e+01
    4.05019e-01     1.84924e+01
    4.07650e-01     1.82338e+01
    4.10298e-01     1.79784e+01
    4.12963e-01     1.77267e+01
    4.15645e-01     1.74798e+01
    4.18345e-01     1.72380e+01
    4.21062e-01     1.70015e+01
    4.23797e-01     1.67708e+01
    4.26550e-01     1.65455e+01
    4.29321e-01     1.63258e+01
    4.32110e-01     1.61108e+01
    4.34916e-01     1.59004e+01
    4.37741e-01     1.56939e+01
    4.40585e-01     1.54905e+01
    4.43447e-01     1.52899e+01
    4.46327e-01     1.50911e+01
    4.49226e-01     1.48941e+01
    4.52144e-01     1.46979e+01
    4.55081e-01     1.45027e+01
    4.58037e-01     1.43083e+01
    4.61012e-01     1.41145e+01
    4.64007e-01     1.39218e+01
    4.67021e-01     1.37300e+01
    4.70054e-01     1.35399e+01
    4.73108e-01     1.33518e+01
    4.76181e-01     1.31657e+01
    4.79274e-01     1.29822e+01
    4.82387e-01     1.28017e+01
    4.85520e-01     1.26245e+01
    4.88674e-01     1.24505e+01
    4.91848e-01     1.22798e+01
    4.95043e-01     1.21121e+01
    4.98259e-01     1.19476e+01
    5.01495e-01     1.17860e+01
    5.04753e-01     1.16268e+01
    5.08031e-01     1.14698e+01
    5.11331e-01     1.13147e+01
    5.14653e-01     1.11616e+01
    5.17995e-01     1.10098e+01
    5.21360e-01     1.08593e+01
    5.24747e-01     1.07101e+01
    5.28155e-01     1.05623e+01
    5.31586e-01     1.04158e+01
    5.35039e-01     1.02708e+01
    5.38514e-01     1.01273e+01
    5.42012e-01     9.98562e+00
    5.45533e-01     9.84579e+00
    5.49076e-01     9.70813e+00
    5.52643e-01     9.57251e+00
    5.56233e-01     9.43891e+00
    5.59846e-01     9.30762e+00
    5.63482e-01     9.17832e+00
    5.67142e-01     9.05101e+00
    5.70826e-01     8.92553e+00
    5.74534e-01     8.80187e+00
    5.78266e-01     8.67985e+00
    5.82022e-01     8.55916e+00
    5.85803e-01     8.44012e+00
    5.89608e-01     8.32225e+00
    5.93437e-01     8.20570e+00
    5.97292e-01     8.09048e+00
    6.01172e-01     7.97659e+00
    6.05077e-01     7.86417e+00
    6.09007e-01     7.75321e+00
    6.12963e-01     7.64372e+00
    6.16945e-01     7.53570e+00
    6.20952e-01     7.42933e+00
    6.24985e-01     7.32444e+00
    6.29045e-01     7.22102e+00
    6.33131e-01     7.11902e+00
    6.37244e-01     7.01842e+00
    6.41383e-01     6.91918e+00
    6.45549e-01     6.82131e+00
    6.49742e-01     6.72478e+00
    6.53963e-01     6.62956e+00
    6.58210e-01     6.53562e+00
    6.62486e-01     6.44295e+00
    6.66789e-01     6.35152e+00
    6.71120e-01     6.26132e+00
    6.75479e-01     6.17233e+00
    6.79867e-01     6.08451e+00
    6.84283e-01     5.99786e+00
    6.88728e-01     5.91237e+00
    6.93202e-01     5.82802e+00
    6.97704e-01     5.74479e+00
    7.02236e-01     5.66269e+00
    7.06798e-01     5.58169e+00
    7.11389e-01     5.50179e+00
    7.16010e-01     5.42296e+00
    7.20661e-01     5.34521e+00
    7.25342e-01     5.26851e+00
    7.30053e-01     5.19285e+00
    7.34795e-01     5.11824e+00
    7.39568e-01     5.04465e+00
    7.44372e-01     4.97206e+00
    7.49207e-01     4.90046e+00
    7.54074e-01     4.82986e+00
    7.58972e-01     4.76022e+00
    7.63902e-01     4.69153e+00
    7.68864e-01     4.62379e+00
    7.73858e-01     4.55698e+00
    7.78884e-01     4.49110e+00
    7.83944e-01     4.42612e+00
    7.89036e-01     4.36204e+00
    7.94161e-01     4.29884e+00
    7.99320e-01     4.23652e+00
    8.04512e-01     4.17505e+00
    8.09737e-01     4.11441e+00
    8.14997e-01     4.05463e+00
    8.20291e-01     3.99568e+00
    8.25619e-01     3.93754e+00
    8.30982e-01     3.88021e+00
    8.36380e-01     3.82367e+00
    8.41812e-01     3.76793e+00
    8.47280e-01     3.71295e+00
    8.52784e-01     3.65876e+00
    8.58323e-01     3.60531e+00
    8.63899e-01     3.55261e+00
    8.69510e-01     3.50064e+00
    8.75158e-01     3.44941e+00
    8.80843e-01     3.39888e+00
    8.86564e-01     3.34908e+00
    8.92323e-01     3.29996e+00
    8.98119e-01     3.25154e+00
    9.03953e-01     3.20381e+00
    9.09825e-01     3.15673e+00
    9.15734e-01     3.11032e+00
    9.21683e-01     3.06457e+00
    9.27669e-01     3.01946e+00
    9.33695e-01     2.97499e+00
    9.39760e-01     2.93115e+00
    9.45864e-01     2.88791e+00
    9.52008e-01     2.84530e+00
    9.58192e-01     2.80329e+00
    9.64416e-01     2.76187e+00
    9.70680e-01     2.72103e+00
    9.76985e-01     2.68079e+00
    9.83332e-01     2.64110e+00
    9.89719e-01     2.60199e+00
    9.96148e-01     2.56344e+00
    1.00262e+00     2.52543e+00
    1.00913e+00     2.48796e+00
    1.01569e+00     2.45103e+00
    1.02228e+00     2.41460e+00
    1.02892e+00     2.37871e+00
    1.03561e+00     2.34335e+00
    1.04233e+00     2.30846e+00
    1.04910e+00     2.27408e+00
    1.05592e+00     2.24021e+00
    1.06278e+00     2.20680e+00
    1.06968e+00     2.17387e+00
    1.07663e+00     2.14141e+00
    1.08362e+00     2.10942e+00
    1.09066e+00     2.07788e+00
    1.09775e+00     2.04681e+00
    1.10488e+00     2.01617e+00
    1.11205e+00     1.98597e+00
    1.11928e+00     1.95622e+00
    1.12655e+00     1.92689e+00
    1.13386e+00     1.89797e+00
    1.14123e+00     1.86949e+00
    1.14864e+00     1.84141e+00
    1.15610e+00     1.81374e+00
    1.16361e+00     1.78649e+00
    1.17117e+00     1.75962e+00
    1.17878e+00     1.73315e+00
    1.18643e+00     1.70705e+00
    1.19414e+00     1.68135e+00
    1.20190e+00     1.65602e+00
    1.20970e+00     1.63105e+00
    1.21756e+00     1.60646e+00
    1.22547e+00     1.58221e+00
    1.23343e+00     1.55833e+00
    1.24144e+00     1.53479e+00
    1.24951e+00     1.51161e+00
    1.25762e+00     1.48875e+00
    1.26579e+00     1.46623e+00
    1.27401e+00     1.44404e+00
    1.28229e+00     1.42219e+00
    1.29062e+00     1.40065e+00
    1.29900e+00     1.37941e+00
    1.30744e+00     1.35849e+00
    1.31593e+00     1.33787e+00
    1.32448e+00     1.31757e+00
    1.33308e+00     1.29754e+00
    1.34174e+00     1.27781e+00
    1.35046e+00     1.25838e+00
    1.35923e+00     1.23922e+00
    1.36806e+00     1.22034e+00
    1.37695e+00     1.20175e+00
    1.38589e+00     1.18342e+00
    1.39489e+00     1.16537e+00
    1.40395e+00     1.14758e+00
    1.41307e+00     1.13005e+00
    1.42225e+00     1.11279e+00
    1.43149e+00     1.09578e+00
    1.44079e+00     1.07903e+00
    1.45015e+00     1.06251e+00
    1.45956e+00     1.04625e+00
    1.46905e+00     1.03023e+00
    1.47859e+00     1.01445e+00
    1.48819e+00     9.98891e-01
    1.49786e+00     9.83578e-01
    1.50759e+00     9.68492e-01
    1.51738e+00     9.53624e-01
    1.52724e+00     9.38985e-01
    1.53716e+00     9.24562e-01
    1.54714e+00     9.10353e-01
    1.55719e+00     8.96361e-01
    1.56731e+00     8.82579e-01
    1.57749e+00     8.68999e-01
    1.58773e+00     8.55619e-01
    1.59805e+00     8.42450e-01
    1.60843e+00     8.29465e-01
    1.61887e+00     8.16677e-01
    1.62939e+00     8.04088e-01
    1.63997e+00     7.91678e-01
    1.65063e+00     7.79458e-01
    1.66135e+00     7.67415e-01
    1.67214e+00     7.55547e-01
    1.68300e+00     7.43867e-01
    1.69393e+00     7.32351e-01
    1.70494e+00     7.21018e-01
    1.71601e+00     7.09844e-01
    1.72716e+00     6.98842e-01
    1.73838e+00     6.88009e-01
    1.74967e+00     6.77336e-01
    1.76103e+00     6.66821e-01
    1.77247e+00     6.56468e-01
    1.78398e+00     6.46273e-01
    1.79557e+00     6.36229e-01
    1.80724e+00     6.26344e-01
    1.81897e+00     6.16603e-01
    1.83079e+00     6.07008e-01
    1.84268e+00     5.97565e-01
    1.85465e+00     5.88263e-01
    1.86670e+00     5.79101e-01
    1.87882e+00     5.70075e-01
    1.89103e+00     5.61197e-01
    1.90331e+00     5.52446e-01
    1.91567e+00     5.43825e-01
    1.92812e+00     5.35343e-01
    1.94064e+00     5.26985e-01
    1.95325e+00     5.18758e-01
    1.96593e+00     5.10655e-01
    1.97870e+00     5.02680e-01
    1.99156e+00     4.94819e-01
    2.00449e+00     4.87080e-01
    2.01751e+00     4.79460e-01
    2.03062e+00     4.71959e-01
    2.04381e+00     4.64566e-01
    2.05708e+00     4.57289e-01
    2.07045e+00     4.50123e-01
    2.08389e+00     4.43056e-01
    2.09743e+00     4.36106e-01
    2.11105e+00     4.29255e-01
    2.12477e+00     4.22514e-01
    2.13857e+00     4.15877e-01
    2.15246e+00     4.09340e-01
    2.16644e+00     4.02895e-01
    2.18051e+00     3.96555e-01
    2.19468e+00     3.90315e-01
    2.20893e+00     3.84164e-01
    2.22328e+00     3.78117e-01
    2.23772e+00     3.72154e-01
    2.25226e+00     3.66288e-01
    2.26689e+00     3.60511e-01
    2.28161e+00     3.54822e-01
    2.29643e+00     3.49223e-01
    2.31135e+00     3.43712e-01
    2.32636e+00     3.38281e-01
    2.34147e+00     3.32939e-01
    2.35668e+00     3.27677e-01
    2.37199e+00     3.22496e-01
    2.38740e+00     3.17401e-01
    2.40290e+00     3.12378e-01
    2.41851e+00     3.07436e-01
    2.43422e+00     3.02572e-01
    2.45003e+00     2.97781e-01
    2.46595e+00     2.93062e-01
    2.48197e+00     2.88421e-01
    2.49809e+00     2.83849e-01
    2.51431e+00     2.79348e-01
    2.53065e+00     2.74918e-01
    2.54708e+00     2.70554e-01
    2.56363e+00     2.66260e-01
    2.58028e+00     2.62030e-01
    2.59704e+00     2.57866e-01
    2.61391e+00     2.53767e-01
    2.63089e+00     2.49730e-01
    2.64798e+00     2.45756e-01
    2.66518e+00     2.41843e-01
    2.68249e+00     2.37991e-01
    2.69991e+00     2.34198e-01
    2.71745e+00     2.30466e-01
    2.73510e+00     2.26791e-01
    2.75287e+00     2.23173e-01
    2.77075e+00     2.19612e-01
    2.78875e+00     2.16107e-01
    2.80686e+00     2.12655e-01
    2.82509e+00     2.09259e-01
    2.84344e+00     2.05916e-01
    2.86191e+00     2.02625e-01
    2.88050e+00     1.99386e-01
    2.89921e+00     1.96198e-01
    2.91805e+00     1.93061e-01
    2.93700e+00     1.89971e-01
    2.95608e+00     1.86932e-01
    2.97528e+00     1.83939e-01
    2.99461e+00     1.80994e-01
    3.01406e+00     1.78096e-01
    3.03364e+00     1.75243e-01
    3.05334e+00     1.72434e-01
    3.07317e+00     1.69671e-01
    3.09314e+00     1.66950e-01
    3.11323e+00     1.64272e-01
    3.13345e+00     1.61637e-01
    3.15380e+00     1.59042e-01
    3.17429e+00     1.56488e-01
    3.19491e+00     1.53974e-01
    3.21566e+00     1.51500e-01
    3.23655e+00     1.49064e-01
    3.25757e+00     1.46666e-01
    3.27873e+00     1.44305e-01
    3.30003e+00     1.41982e-01
    3.32146e+00     1.39695e-01
    3.34304e+00     1.37444e-01
    3.36475e+00     1.35228e-01
    3.38661e+00     1.33048e-01
    3.40861e+00     1.30902e-01
    3.43075e+00     1.28789e-01
    3.45303e+00     1.26710e-01
    3.47546e+00     1.24665e-01
    3.49804e+00     1.22651e-01
    3.52076e+00     1.20670e-01
    3.54363e+00     1.18720e-01
    3.56664e+00     1.16801e-01
    3.58981e+00     1.14913e-01
    3.61313e+00     1.13055e-01
    3.63660e+00     1.11226e-01
    3.66022e+00     1.09426e-01
    3.68400e+00     1.07656e-01
    3.70793e+00     1.05913e-01
    3.73201e+00     1.04198e-01
    3.75625e+00     1.02511e-01
    3.78065e+00     1.00851e-01
    3.80521e+00     9.92170e-02
    3.82993e+00     9.76089e-02
    3.85480e+00     9.60264e-02
    3.87984e+00     9.44696e-02
    3.90504e+00     9.29371e-02
    3.93041e+00     9.14294e-02
    3.95594e+00     8.99454e-02
    3.98163e+00     8.84848e-02
    4.00750e+00     8.70477e-02
    4.03353e+00     8.56333e-02
    4.05973e+00     8.42410e-02
    4.08610e+00     8.28707e-02
    4.11264e+00     8.15226e-02
    4.13935e+00     8.01953e-02
    4.16624e+00     7.88894e-02
    4.19330e+00     7.76045e-02
    4.22054e+00     7.63398e-02
    4.24796e+00     7.50957e-02
    4.27555e+00     7.38711e-02
    4.30332e+00     7.26663e-02
    4.33127e+00     7.14809e-02
    4.35941e+00     7.03146e-02
    4.38772e+00     6.91669e-02
    4.41622e+00     6.80376e-02
    4.44491e+00     6.69266e-02
    4.47378e+00     6.58337e-02
    4.50284e+00     6.47581e-02
    4.53209e+00     6.37000e-02
    4.56153e+00     6.26591e-02
    4.59116e+00     6.16349e-02
    4.62098e+00     6.06275e-02
    4.65100e+00     5.96359e-02
    4.68121e+00     5.86607e-02
    4.71161e+00     5.77010e-02
    4.74222e+00     5.67569e-02
    4.77302e+00     5.58281e-02
    4.80403e+00     5.49144e-02
    4.83523e+00     5.40152e-02
    4.86664e+00     5.31305e-02
    4.89825e+00     5.22601e-02
    4.93007e+00     5.14034e-02
    4.96209e+00     5.05609e-02
    4.99432e+00     4.97315e-02
    5.02676e+00     4.89156e-02
    5.05941e+00     4.81127e-02
    5.09228e+00     4.73227e-02
    5.12535e+00     4.65452e-02
    5.15865e+00     4.57806e-02
    5.19215e+00     4.50279e-02
    5.22588e+00     4.42873e-02
    5.25983e+00     4.35590e-02
    5.29399e+00     4.28421e-02
    5.32838e+00     4.21371e-02
    5.36299e+00     4.14432e-02
    5.39782e+00     4.07609e-02
    5.43289e+00     4.00894e-02
    5.46818e+00     3.94290e-02
    5.50370e+00     3.87792e-02
    5.53944e+00     3.81401e-02
    5.57543e+00     3.75115e-02
    5.61164e+00     3.68929e-02
    5.64809e+00     3.62846e-02
    5.68478e+00     3.56860e-02
    5.72171e+00     3.50973e-02
    5.75887e+00     3.45183e-02
    5.79628e+00     3.39486e-02
    5.83393e+00     3.33885e-02
    5.87182e+00     3.28372e-02
    5.90996e+00     3.22950e-02
    5.94835e+00     3.17617e-02
    5.98699e+00     3.12370e-02
    6.02588e+00     3.07209e-02
    6.06502e+00     3.02134e-02
    6.10442e+00     2.97140e-02
    6.14407e+00     2.92227e-02
    6.18398e+00     2.87393e-02
    6.22414e+00     2.82639e-02
    6.26457e+00     2.77960e-02
    6.30527e+00     2.73358e-02
    6.34622e+00     2.68832e-02
    6.38744e+00     2.64376e-02
    6.42893e+00     2.59993e-02
    6.47069e+00     2.55683e-02
    6.51272e+00     2.51442e-02
    6.55503e+00     2.47270e-02
    6.59761e+00     2.43166e-02
    6.64046e+00     2.39128e-02
    6.68359e+00     2.35157e-02
    6.72701e+00     2.31251e-02
    6.77070e+00     2.27409e-02
    6.81468e+00     2.23632e-02
    6.85895e+00     2.19915e-02
    6.90350e+00     2.16261e-02
    6.94834e+00     2.12665e-02
    6.99348e+00     2.09129e-02
    7.03890e+00     2.05652e-02
    7.08462e+00     2.02232e-02
    7.13064e+00     1.98868e-02
    7.17696e+00     1.95558e-02
    7.22358e+00     1.92306e-02
    7.27050e+00     1.89105e-02
    7.31773e+00     1.85958e-02
    7.36526e+00     1.82861e-02
    7.41310e+00     1.79818e-02
    7.46125e+00     1.76822e-02
    7.50972e+00     1.73878e-02
    7.55850e+00     1.70982e-02
    7.60759e+00     1.68132e-02
    7.65701e+00     1.65330e-02
    7.70675e+00     1.62574e-02
    7.75680e+00     1.59862e-02
    7.80719e+00     1.57196e-02
    7.85790e+00     1.54572e-02
    7.90894e+00     1.51992e-02
    7.96032e+00     1.49452e-02
    8.01202e+00     1.46956e-02
    8.06407e+00     1.44501e-02
    8.11645e+00     1.42084e-02
    8.16917e+00     1.39709e-02
    8.22223e+00     1.37372e-02
    8.27564e+00     1.35073e-02
    8.32939e+00     1.32812e-02
    8.38350e+00     1.30589e-02
    8.43795e+00     1.28403e-02
    8.49276e+00     1.26252e-02
    8.54793e+00     1.24139e-02
    8.60345e+00     1.22060e-02
    8.65933e+00     1.20013e-02
    8.71558e+00     1.18002e-02
    8.77219e+00     1.16026e-02
    8.82917e+00     1.14081e-02
    8.88652e+00     1.12168e-02
    8.94425e+00     1.10289e-02
    9.00234e+00     1.08438e-02
    9.06082e+00     1.06620e-02
    9.11967e+00     1.04834e-02
    9.17891e+00     1.03073e-02
    9.23853e+00     1.01345e-02
    9.29854e+00     9.96450e-03
    9.35894e+00     9.79730e-03
    9.41973e+00     9.63286e-03
    9.48092e+00     9.47116e-03
    9.54250e+00     9.31213e-03
    9.60449e+00     9.15574e-03
    9.66687e+00     9.00193e-03
    9.72967e+00     8.85065e-03
    9.79287e+00     8.70187e-03
    9.85648e+00     8.55553e-03
    9.92050e+00     8.41159e-03
    9.98494e+00     8.27003e-03
    1.00498e+01     8.13082e-03
    1.01151e+01     7.99390e-03
    1.01808e+01     7.85925e-03
    1.02469e+01     7.72682e-03
    1.03135e+01     7.59664e-03
    1.03805e+01     7.46859e-03
    1.04479e+01     7.34266e-03
    1.05157e+01     7.21881e-03
    1.05841e+01     7.09712e-03
    1.06528e+01     6.97738e-03
    1.07220e+01     6.85967e-03
    1.07916e+01     6.74392e-03
    1.08617e+01     6.63012e-03
    1.09323e+01     6.51827e-03
    1.10033e+01     6.40823e-03
    1.10748e+01     6.30008e-03
    1.11467e+01     6.19372e-03
    1.12191e+01     6.08915e-03
    1.12920e+01     5.98636e-03
    1.13653e+01     5.88523e-03
    1.14392e+01     5.78589e-03
    1.15135e+01     5.68816e-03
    1.15883e+01     5.59208e-03
    1.16635e+01     5.49757e-03
    1.17393e+01     5.40469e-03
    1.18155e+01     5.31332e-03
    1.18923e+01     5.22353e-03
    1.19695e+01     5.13519e-03
    1.20473e+01     5.04834e-03
    1.21255e+01     4.96293e-03
    1.22043e+01     4.87895e-03
    1.22836e+01     4.79637e-03
    1.23634e+01     4.71514e-03
    1.24437e+01     4.63526e-03
    1.25245e+01     4.55670e-03
    1.26059e+01     4.47946e-03
    1.26877e+01     4.40348e-03
    1.27701e+01     4.32879e-03
    1.28531e+01     4.25538e-03
    1.29366e+01     4.18319e-03
    1.30206e+01     4.11217e-03
    1.31052e+01     4.04239e-03
    1.31903e+01     3.97376e-03
    1.32760e+01     3.90629e-03
    1.33622e+01     3.83995e-03
    1.34490e+01     3.77474e-03
    1.35364e+01     3.71063e-03
    1.36243e+01     3.64759e-03
    1.37128e+01     3.58564e-03
    1.38019e+01     3.52472e-03
    1.38915e+01     3.46482e-03
    1.39818e+01     3.40596e-03
    1.40726e+01     3.34807e-03
    1.41640e+01     3.29117e-03
    1.42560e+01     3.23522e-03
    1.43486e+01     3.18023e-03
    1.44418e+01     3.12617e-03
    1.45356e+01     3.07301e-03
    1.46300e+01     3.02075e-03
    1.47251e+01     2.96938e-03
    1.48207e+01     2.91886e-03
    1.49170e+01     2.86921e-03
    1.50139e+01     2.82037e-03
    1.51114e+01     2.77236e-03
    1.52095e+01     2.72514e-03
    1.53083e+01     2.67872e-03
    1.54078e+01     2.63309e-03
    1.55079e+01     2.58820e-03
    1.56086e+01     2.54407e-03
    1.57100e+01     2.50068e-03
    1.58120e+01     2.45801e-03
    1.59147e+01     2.41606e-03
    1.60181e+01     2.37482e-03
    1.61221e+01     2.33427e-03
    1.62269e+01     2.29443e-03
    1.63323e+01     2.25524e-03
    1.64384e+01     2.21672e-03
    1.65451e+01     2.17886e-03
    1.66526e+01     2.14163e-03
    1.67608e+01     2.10503e-03
    1.68696e+01     2.06906e-03
    1.69792e+01     2.03371e-03
    1.70895e+01     1.99894e-03
    1.72005e+01     1.96478e-03
    1.73122e+01     1.93120e-03
    1.74247e+01     1.89819e-03
    1.75379e+01     1.86574e-03
    1.76518e+01     1.83384e-03
    1.77665e+01     1.80248e-03
    1.78819e+01     1.77166e-03
    1.79980e+01     1.74136e-03
    1.81149e+01     1.71158e-03
    1.82326e+01     1.68230e-03
    1.83510e+01     1.65352e-03
    1.84702e+01     1.62523e-03
    1.85902e+01     1.59741e-03
    1.87109e+01     1.57006e-03
    1.88325e+01     1.54318e-03
    1.89548e+01     1.51676e-03
    1.90779e+01     1.49077e-03
    1.92019e+01     1.46522e-03
    1.93266e+01     1.44011e-03
    1.94521e+01     1.41540e-03
    1.95785e+01     1.39112e-03
    1.97056e+01     1.36726e-03
    1.98336e+01     1.34379e-03
    1.99625e+01     1.32072e-03
    2.00921e+01     1.29805e-03
    2.02226e+01     1.27575e-03
    2.03540e+01     1.25384e-03
    2.04862e+01     1.23230e-03
    2.06193e+01     1.21113e-03
    2.07532e+01     1.19031e-03
    2.08880e+01     1.16986e-03
    2.10237e+01     1.14976e-03
    2.11603e+01     1.13000e-03
    2.12977e+01     1.11057e-03
    2.14360e+01     1.09148e-03
    2.15753e+01     1.07272e-03
    2.17154e+01     1.05428e-03
    2.18565e+01     1.03616e-03
    2.19985e+01     1.01834e-03
    2.21413e+01     1.00083e-03
    2.22852e+01     9.83621e-04
    2.24299e+01     9.66707e-04
    2.25756e+01     9.50077e-04
    2.27223e+01     9.33738e-04
    2.28698e+01     9.17670e-04
    2.30184e+01     9.01883e-04
    2.31679e+01     8.86359e-04
    2.33184e+01     8.71107e-04
    2.34699e+01     8.56109e-04
    2.36223e+01     8.41367e-04
    2.37758e+01     8.26878e-04
    2.39302e+01     8.12623e-04
    2.40856e+01     7.98614e-04
    2.42421e+01     7.84844e-04
    2.43996e+01     7.71315e-04
    2.45580e+01     7.58006e-04
    2.47176e+01     7.44923e-04
    2.48781e+01     7.32066e-04
    2.50397e+01     7.19430e-04
    2.52024e+01     7.07004e-04
    2.53661e+01     6.94801e-04
    2.55308e+01     6.82794e-04
    2.56967e+01     6.71005e-04
    2.58636e+01     6.59408e-04
    2.60316e+01     6.48014e-04
    2.62007e+01     6.36821e-04
    2.63709e+01     6.25819e-04
    2.65421e+01     6.14996e-04
    2.67146e+01     6.04375e-04
    2.68881e+01     5.93931e-04
    2.70627e+01     5.83664e-04
    2.72385e+01     5.73576e-04
    2.74154e+01     5.63654e-04
    2.75935e+01     5.53917e-04
    2.77728e+01     5.44338e-04
    2.79532e+01     5.34930e-04
    2.81347e+01     5.25676e-04
    2.83175e+01     5.16587e-04
    2.85014e+01     5.07658e-04
    2.86866e+01     4.98875e-04
    2.88729e+01     4.90242e-04
    2.90604e+01     4.81759e-04
    2.92492e+01     4.73428e-04
    2.94392e+01     4.65229e-04
    2.96304e+01     4.57178e-04
    2.98229e+01     4.49259e-04
    3.00166e+01     4.41470e-04
    3.02116e+01     4.33820e-04
    3.04078e+01     4.26297e-04
    3.06053e+01     4.18904e-04
    3.08041e+01     4.11638e-04
    3.10042e+01     4.04499e-04
    3.12056e+01     3.97479e-04
    3.14083e+01     3.90576e-04
    3.16123e+01     3.83798e-04
    3.18176e+01     3.77136e-04
    3.20243e+01     3.70590e-04
    3.22323e+01     3.64151e-04
    3.24417e+01     3.57827e-04
    3.26524e+01     3.51609e-04
    3.28645e+01     3.45504e-04
    3.30780e+01     3.39503e-04
    3.32929e+01     3.33605e-04
    3.35091e+01     3.27809e-04
    3.37268e+01     3.22114e-04
    3.39458e+01     3.16517e-04
    3.41663e+01     3.11017e-04
    3.43883e+01     3.05614e-04
    3.46116e+01     3.00302e-04
    3.48365e+01     2.95084e-04
    3.50627e+01     2.89955e-04
    3.52905e+01     2.84916e-04
    3.55197e+01     2.79963e-04
    3.57505e+01     2.75096e-04
    3.59827e+01     2.70313e-04
    3.62164e+01     2.65612e-04
    3.64516e+01     2.60992e-04
    3.66884e+01     2.56450e-04
    3.69267e+01     2.51988e-04
    3.71666e+01     2.47601e-04
    3.74080e+01     2.43289e-04
    3.76510e+01     2.39051e-04
    3.78956e+01     2.34886e-04
    3.81417e+01     2.30792e-04
    3.83895e+01     2.26769e-04
    3.86388e+01     2.22814e-04
    3.88898e+01     2.18928e-04
    3.91424e+01     2.15108e-04
    3.93967e+01     2.11355e-04
    3.96526e+01     2.07667e-04
    3.99101e+01     2.04043e-04
    4.01694e+01     2.00482e-04
    4.04303e+01     1.96981e-04
    4.06929e+01     1.93542e-04
    4.09572e+01     1.90163e-04
    4.12233e+01     1.86843e-04
    4.14910e+01     1.83581e-04
    4.17605e+01     1.80374e-04
    4.20318e+01     1.77225e-04
    4.23048e+01     1.74130e-04
    4.25796e+01     1.71088e-04
    4.28562e+01     1.68100e-04
    4.31346e+01     1.65164e-04
    4.34147e+01     1.62279e-04
    4.36968e+01     1.59444e-04
    4.39806e+01     1.56658e-04
    4.42663e+01     1.53921e-04
    4.45538e+01     1.51231e-04
    4.48432e+01     1.48587e-04
    4.51345e+01     1.45990e-04
    4.54277e+01     1.43437e-04
    4.57227e+01     1.40929e-04
    4.60197e+01     1.38463e-04
    4.63186e+01     1.36040e-04
    4.66195e+01     1.33658e-04
    4.69223e+01     1.31318e-04
    4.72271e+01     1.29017e-04
    4.75339e+01     1.26756e-04
    4.78426e+01     1.24534e-04
    4.81534e+01     1.22351e-04
    4.84662e+01     1.20205e-04
    4.87810e+01     1.18096e-04
    4.90979e+01     1.16025e-04
    4.94168e+01     1.13989e-04
    4.97378e+01     1.11988e-04
    5.00608e+01     1.10023e-04
    5.03860e+01     1.08092e-04
    5.07133e+01     1.06194e-04
    5.10427e+01     1.04330e-04
    5.13743e+01     1.02498e-04
    5.17080e+01     1.00698e-04
    5.20438e+01     9.89304e-05
    5.23819e+01     9.71933e-05
    5.27221e+01     9.54866e-05
    5.30646e+01     9.38098e-05
    5.34093e+01     9.21627e-05
    5.37562e+01     9.05445e-05
    5.41054e+01     8.89542e-05
    5.44568e+01     8.73921e-05
    5.48106e+01     8.58576e-05
    5.51666e+01     8.43495e-05
    5.55249e+01     8.28681e-05
    5.58856e+01     8.14124e-05
    5.62486e+01     7.99823e-05
    5.66140e+01     7.85771e-05
    5.69817e+01     7.71965e-05
    5.73518e+01     7.58397e-05
    5.77244e+01     7.45066e-05
    5.80993e+01     7.31967e-05
    5.84767e+01     7.19094e-05
    5.88565e+01     7.06442e-05
    5.92388e+01     6.94013e-05
    5.96236e+01     6.81799e-05
    6.00109e+01     6.69800e-05
    6.04007e+01     6.58009e-05
    6.07930e+01     6.46422e-05
    6.11879e+01     6.35037e-05
    6.15854e+01     6.23853e-05
    6.19854e+01     6.12860e-05
    6.23880e+01     6.02061e-05
    6.27933e+01     5.91451e-05
    6.32012e+01     5.81029e-05
    6.36117e+01     5.70785e-05
    6.40249e+01     5.60722e-05
    6.44408e+01     5.50836e-05
    6.48593e+01     5.41117e-05
    6.52806e+01     5.31572e-05
    6.57047e+01     5.22193e-05
    6.61315e+01     5.12977e-05
    6.65610e+01     5.03920e-05
    6.69934e+01     4.95022e-05
    6.74285e+01     4.86277e-05
    6.78665e+01     4.77681e-05
    6.83073e+01     4.69237e-05
    6.87510e+01     4.60939e-05
    6.91976e+01     4.52780e-05
    6.96471e+01     4.44767e-05
    7.00995e+01     4.36886e-05
    7.05548e+01     4.29141e-05
    7.10131e+01     4.21529e-05
    7.14744e+01     4.14043e-05
    7.19386e+01     4.06687e-05
    7.24059e+01     3.99454e-05
    7.28762e+01     3.92342e-05
    7.33496e+01     3.85351e-05
    7.38261e+01     3.78477e-05
    7.43056e+01     3.71721e-05
    7.47883e+01     3.65084e-05
    7.52740e+01     3.58557e-05
    7.57630e+01     3.52148e-05
    7.62551e+01     3.45848e-05
    7.67504e+01     3.39660e-05
    7.72490e+01     3.33580e-05
    7.77507e+01     3.27607e-05
    7.82558e+01     3.21744e-05
    7.87641e+01     3.15983e-05
    7.92757e+01     3.10327e-05
    7.97906e+01     3.04775e-05
    8.03089e+01     2.99324e-05
    8.08306e+01     2.93972e-05
    8.13556e+01     2.88722e-05
    8.18841e+01     2.83568e-05
    8.24160e+01     2.78507e-05
    8.29513e+01     2.73546e-05
    8.34901e+01     2.68675e-05
    8.40324e+01     2.63899e-05
    8.45783e+01     2.59212e-05
    8.51276e+01     2.54615e-05
    8.56806e+01     2.50109e-05
    8.62371e+01     2.45691e-05
    8.67973e+01     2.41357e-05
    8.73611e+01     2.37111e-05
    8.79285e+01     2.32946e-05
    8.84997e+01     2.28868e-05
    8.90745e+01     2.24866e-05
    8.96531e+01     2.20951e-05
    9.02355e+01     2.17111e-05
    9.08216e+01     2.13350e-05
    9.14115e+01     2.09666e-05
    9.20053e+01     2.06054e-05
    9.26029e+01     2.02513e-05
    9.32044e+01     1.99039e-05
    9.38099e+01     1.95633e-05
    9.44192e+01     1.92287e-05
    9.50325e+01     1.89003e-05
    9.56498e+01     1.85776e-05
    9.62711e+01     1.82604e-05
    9.68964e+01     1.79487e-05
    9.75258e+01     1.76421e-05
    9.81593e+01     1.73403e-05
    9.87969e+01     1.70431e-05
    9.94386e+01     1.67501e-05
    1.00085e+02     1.64618e-05
    1.00735e+02     1.61771e-05
    1.01389e+02     1.58963e-05
    1.02048e+02     1.56191e-05
    1.02710e+02     1.53451e-05
    1.03378e+02     1.50746e-05
    1.04049e+02     1.48068e-05
    1.04725e+02     1.45418e-05
    1.05405e+02     1.42796e-05
    1.06090e+02     1.40198e-05
    1.06779e+02     1.37623e-05
    1.07473e+02     1.35069e-05
    1.08171e+02     1.32531e-05
    1.08873e+02     1.30014e-05
    1.09580e+02     1.27512e-05
    1.10292e+02     1.25024e-05
    1.11009e+02     1.22550e-05
    1.11730e+02     1.20088e-05
