    1.05035e-05     2.05730e+00
    1.05717e-05     2.07013e+00
    1.06404e-05     2.08306e+00
    1.07095e-05     2.09606e+00
    1.07791e-05     2.10915e+00
    1.08491e-05     2.12231e+00
    1.09196e-05     2.13557e+00
    1.09905e-05     2.14889e+00
    1.10619e-05     2.16231e+00
    1.11337e-05     2.17580e+00
    1.12060e-05     2.18937e+00
    1.12788e-05     2.20304e+00
    1.13521e-05     2.21680e+00
    1.14258e-05     2.23063e+00
    1.15001e-05     2.24457e+00
    1.15748e-05     2.25858e+00
    1.16499e-05     2.27266e+00
    1.17256e-05     2.28686e+00
    1.18018e-05     2.30114e+00
    1.18784e-05     2.31549e+00
    1.19556e-05     2.32995e+00
    1.20332e-05     2.34448e+00
    1.21114e-05     2.35913e+00
    1.21901e-05     2.37386e+00
    1.22693e-05     2.38868e+00
    1.23490e-05     2.40359e+00
    1.24292e-05     2.41859e+00
    1.25099e-05     2.43368e+00
    1.25912e-05     2.44888e+00
    1.26730e-05     2.46417e+00
    1.27553e-05     2.47955e+00
    1.28381e-05     2.49501e+00
    1.29215e-05     2.51059e+00
    1.30054e-05     2.52626e+00
    1.30899e-05     2.54203e+00
    1.31749e-05     2.55789e+00
    1.32605e-05     2.57386e+00
    1.33467e-05     2.58994e+00
    1.34334e-05     2.60611e+00
    1.35206e-05     2.62237e+00
    1.36084e-05     2.63873e+00
    1.36968e-05     2.65520e+00
    1.37858e-05     2.67178e+00
    1.38753e-05     2.68845e+00
    1.39655e-05     2.70525e+00
    1.40562e-05     2.72213e+00
    1.41475e-05     2.73912e+00
    1.42394e-05     2.75622e+00
    1.43319e-05     2.77343e+00
    1.44250e-05     2.79074e+00
    1.45187e-05     2.80816e+00
    1.46130e-05     2.82569e+00
    1.47079e-05     2.84332e+00
    1.48034e-05     2.86106e+00
    1.48996e-05     2.87893e+00
    1.49964e-05     2.89690e+00
    1.50938e-05     2.91498e+00
    1.51918e-05     2.93317e+00
    1.52905e-05     2.95149e+00
    1.53898e-05     2.96990e+00
    1.54898e-05     2.98845e+00
    1.55904e-05     3.00710e+00
    1.56917e-05     3.02588e+00
    1.57936e-05     3.04476e+00
    1.58962e-05     3.06377e+00
    1.59994e-05     3.08288e+00
    1.61034e-05     3.10214e+00
    1.62080e-05     3.12150e+00
    1.63132e-05     3.14097e+00
    1.64192e-05     3.16059e+00
    1.65259e-05     3.18032e+00
    1.66332e-05     3.20017e+00
    1.67412e-05     3.22014e+00
    1.68500e-05     3.24025e+00
    1.69594e-05     3.26046e+00
    1.70696e-05     3.28082e+00
    1.71805e-05     3.30131e+00
    1.72921e-05     3.32191e+00
    1.74044e-05     3.34265e+00
    1.75174e-05     3.36350e+00
    1.76312e-05     3.38450e+00
    1.77458e-05     3.40564e+00
    1.78610e-05     3.42689e+00
    1.79770e-05     3.44827e+00
    1.80938e-05     3.46980e+00
    1.82113e-05     3.49146e+00
    1.83296e-05     3.51325e+00
    1.84487e-05     3.53519e+00
    1.85685e-05     3.55725e+00
    1.86891e-05     3.57945e+00
    1.88105e-05     3.60180e+00
    1.89327e-05     3.62428e+00
    1.90557e-05     3.64691e+00
    1.91795e-05     3.66968e+00
    1.93041e-05     3.69259e+00
    1.94294e-05     3.71562e+00
    1.95557e-05     3.73883e+00
    1.96827e-05     3.76216e+00
    1.98105e-05     3.78564e+00
    1.99392e-05     3.80927e+00
    2.00687e-05     3.83305e+00
    2.01991e-05     3.85698e+00
    2.03303e-05     3.88106e+00
    2.04623e-05     3.90527e+00
    2.05953e-05     3.92966e+00
    2.07290e-05     3.95418e+00
    2.08637e-05     3.97887e+00
    2.09992e-05     4.00370e+00
    2.11356e-05     4.02869e+00
    2.12729e-05     4.05384e+00
    2.14111e-05     4.07915e+00
    2.15501e-05     4.10459e+00
    2.16901e-05     4.13021e+00
    2.18310e-05     4.15599e+00
    2.19728e-05     4.18193e+00
    2.21155e-05     4.20803e+00
    2.22592e-05     4.23429e+00
    2.24038e-05     4.26073e+00
    2.25493e-05     4.28732e+00
    2.26958e-05     4.31408e+00
    2.28432e-05     4.34100e+00
    2.29916e-05     4.36810e+00
    2.31409e-05     4.39536e+00
    2.32912e-05     4.42279e+00
    2.34425e-05     4.45039e+00
    2.35948e-05     4.47818e+00
    2.37481e-05     4.50614e+00
    2.39023e-05     4.53426e+00
    2.40576e-05     4.56257e+00
    2.42138e-05     4.59104e+00
    2.43711e-05     4.61970e+00
    2.45294e-05     4.64853e+00
    2.46888e-05     4.67757e+00
    2.48491e-05     4.70676e+00
    2.50105e-05     4.73613e+00
    2.51730e-05     4.76571e+00
    2.53365e-05     4.79545e+00
    2.55011e-05     4.82539e+00
    2.56667e-05     4.85550e+00
    2.58334e-05     4.88581e+00
    2.60012e-05     4.91630e+00
    2.61701e-05     4.94699e+00
    2.63401e-05     4.97789e+00
    2.65112e-05     5.00896e+00
    2.66834e-05     5.04022e+00
    2.68567e-05     5.07168e+00
    2.70312e-05     5.10335e+00
    2.72068e-05     5.13521e+00
    2.73835e-05     5.16726e+00
    2.75614e-05     5.19951e+00
    2.77404e-05     5.23196e+00
    2.79206e-05     5.26462e+00
    2.81019e-05     5.29747e+00
    2.82845e-05     5.33055e+00
    2.84682e-05     5.36381e+00
    2.86531e-05     5.39729e+00
    2.88392e-05     5.43097e+00
    2.90266e-05     5.46488e+00
    2.92151e-05     5.49898e+00
    2.94049e-05     5.53330e+00
    2.95959e-05     5.56784e+00
    2.97881e-05     5.60259e+00
    2.99816e-05     5.63755e+00
    3.01764e-05     5.67275e+00
    3.03724e-05     5.70816e+00
    3.05697e-05     5.74378e+00
    3.07682e-05     5.77962e+00
    3.09681e-05     5.81570e+00
    3.11692e-05     5.85200e+00
    3.13717e-05     5.88853e+00
    3.15755e-05     5.92529e+00
    3.17806e-05     5.96228e+00
    3.19870e-05     5.99949e+00
    3.21948e-05     6.03694e+00
    3.24039e-05     6.07462e+00
    3.26144e-05     6.11254e+00
    3.28262e-05     6.15069e+00
    3.30395e-05     6.18910e+00
    3.32541e-05     6.22773e+00
    3.34701e-05     6.26660e+00
    3.36875e-05     6.30572e+00
    3.39063e-05     6.34507e+00
    3.41265e-05     6.38467e+00
    3.43482e-05     6.42453e+00
    3.45713e-05     6.46463e+00
    3.47959e-05     6.50498e+00
    3.50219e-05     6.54558e+00
    3.52494e-05     6.58644e+00
    3.54783e-05     6.62753e+00
    3.57088e-05     6.66891e+00
    3.59407e-05     6.71052e+00
    3.61742e-05     6.75241e+00
    3.64092e-05     6.79457e+00
    3.66457e-05     6.83696e+00
    3.68837e-05     6.87964e+00
    3.71233e-05     6.92258e+00
    3.73644e-05     6.96577e+00
    3.76071e-05     7.00925e+00
    3.78514e-05     7.05301e+00
    3.80973e-05     7.09704e+00
    3.83447e-05     7.14133e+00
    3.85938e-05     7.18591e+00
    3.88445e-05     7.23077e+00
    3.90968e-05     7.27590e+00
    3.93507e-05     7.32131e+00
    3.96064e-05     7.36703e+00
    3.98636e-05     7.41300e+00
    4.01226e-05     7.45928e+00
    4.03832e-05     7.50584e+00
    4.06455e-05     7.55269e+00
    4.09095e-05     7.59983e+00
    4.11752e-05     7.64727e+00
    4.14427e-05     7.69501e+00
    4.17119e-05     7.74304e+00
    4.19828e-05     7.79137e+00
    4.22555e-05     7.84000e+00
    4.25300e-05     7.88893e+00
    4.28062e-05     7.93816e+00
    4.30843e-05     7.98772e+00
    4.33642e-05     8.03758e+00
    4.36458e-05     8.08773e+00
    4.39293e-05     8.13822e+00
    4.42147e-05     8.18901e+00
    4.45019e-05     8.24013e+00
    4.47909e-05     8.29154e+00
    4.50819e-05     8.34330e+00
    4.53747e-05     8.39538e+00
    4.56694e-05     8.44776e+00
    4.59661e-05     8.50050e+00
    4.62647e-05     8.55356e+00
    4.65652e-05     8.60694e+00
    4.68677e-05     8.66067e+00
    4.71721e-05     8.71472e+00
    4.74785e-05     8.76910e+00
    4.77869e-05     8.82384e+00
    4.80973e-05     8.87892e+00
    4.84097e-05     8.93434e+00
    4.87242e-05     8.99010e+00
    4.90406e-05     9.04620e+00
    4.93592e-05     9.10268e+00
    4.96798e-05     9.15947e+00
    5.00025e-05     9.21665e+00
    5.03273e-05     9.27418e+00
    5.06542e-05     9.33205e+00
    5.09832e-05     9.39030e+00
    5.13144e-05     9.44890e+00
    5.16477e-05     9.50786e+00
    5.19832e-05     9.56721e+00
    5.23208e-05     9.62690e+00
    5.26607e-05     9.68698e+00
    5.30028e-05     9.74746e+00
    5.33470e-05     9.80827e+00
    5.36936e-05     9.86949e+00
    5.40423e-05     9.93106e+00
    5.43934e-05     9.99306e+00
    5.47467e-05     1.00554e+01
    5.51023e-05     1.01182e+01
    5.54602e-05     1.01813e+01
    5.58205e-05     1.02449e+01
    5.61830e-05     1.03088e+01
    5.65480e-05     1.03731e+01
    5.69153e-05     1.04379e+01
    5.72850e-05     1.05030e+01
    5.76571e-05     1.05686e+01
    5.80316e-05     1.06345e+01
    5.84085e-05     1.07009e+01
    5.87879e-05     1.07677e+01
    5.91698e-05     1.08349e+01
    5.95541e-05     1.09025e+01
    5.99410e-05     1.09706e+01
    6.03303e-05     1.10391e+01
    6.07222e-05     1.11080e+01
    6.11166e-05     1.11773e+01
    6.15136e-05     1.12470e+01
    6.19132e-05     1.13173e+01
    6.23153e-05     1.13879e+01
    6.27201e-05     1.14590e+01
    6.31275e-05     1.15305e+01
    6.35376e-05     1.16024e+01
    6.39503e-05     1.16748e+01
    6.43657e-05     1.17477e+01
    6.47838e-05     1.18210e+01
    6.52046e-05     1.18948e+01
    6.56281e-05     1.19690e+01
    6.60544e-05     1.20437e+01
    6.64835e-05     1.21189e+01
    6.69153e-05     1.21945e+01
    6.73499e-05     1.22706e+01
    6.77874e-05     1.23472e+01
    6.82277e-05     1.24242e+01
    6.86709e-05     1.25018e+01
    6.91170e-05     1.25798e+01
    6.95659e-05     1.26583e+01
    7.00178e-05     1.27373e+01
    7.04726e-05     1.28167e+01
    7.09304e-05     1.28967e+01
    7.13911e-05     1.29772e+01
    7.18548e-05     1.30582e+01
    7.23215e-05     1.31396e+01
    7.27913e-05     1.32216e+01
    7.32641e-05     1.33041e+01
    7.37400e-05     1.33872e+01
    7.42190e-05     1.34707e+01
    7.47011e-05     1.35548e+01
    7.51863e-05     1.36393e+01
    7.56747e-05     1.37245e+01
    7.61663e-05     1.38101e+01
    7.66610e-05     1.38963e+01
    7.71589e-05     1.39830e+01
    7.76601e-05     1.40702e+01
    7.81646e-05     1.41580e+01
    7.86723e-05     1.42464e+01
    7.91833e-05     1.43353e+01
    7.96977e-05     1.44247e+01
    8.02153e-05     1.45147e+01
    8.07364e-05     1.46053e+01
    8.12608e-05     1.46965e+01
    8.17886e-05     1.47882e+01
    8.23199e-05     1.48804e+01
    8.28546e-05     1.49733e+01
    8.33928e-05     1.50667e+01
    8.39345e-05     1.51608e+01
    8.44797e-05     1.52554e+01
    8.50284e-05     1.53506e+01
    8.55807e-05     1.54464e+01
    8.61366e-05     1.55428e+01
    8.66961e-05     1.56397e+01
    8.72593e-05     1.57373e+01
    8.78261e-05     1.58355e+01
    8.83966e-05     1.59344e+01
    8.89707e-05     1.60338e+01
    8.95487e-05     1.61339e+01
    9.01303e-05     1.62345e+01
    9.07158e-05     1.63358e+01
    9.13050e-05     1.64378e+01
    9.18981e-05     1.65403e+01
    9.24950e-05     1.66435e+01
    9.30958e-05     1.67474e+01
    9.37005e-05     1.68519e+01
    9.43092e-05     1.69570e+01
    9.49218e-05     1.70628e+01
    9.55383e-05     1.71692e+01
    9.61589e-05     1.72764e+01
    9.67835e-05     1.73841e+01
    9.74122e-05     1.74926e+01
    9.80449e-05     1.76017e+01
    9.86818e-05     1.77115e+01
    9.93228e-05     1.78220e+01
    9.99679e-05     1.79332e+01
    1.00617e-04     1.80450e+01
    1.01271e-04     1.81577e+01
    1.01929e-04     1.82710e+01
    1.02591e-04     1.83850e+01
    1.03257e-04     1.84996e+01
    1.03928e-04     1.86151e+01
    1.04603e-04     1.87312e+01
    1.05282e-04     1.88480e+01
    1.05966e-04     1.89656e+01
    1.06655e-04     1.90841e+01
    1.07347e-04     1.92030e+01
    1.08045e-04     1.93229e+01
    1.08746e-04     1.94433e+01
    1.09453e-04     1.95647e+01
    1.10164e-04     1.96868e+01
    1.10879e-04     1.98095e+01
    1.11599e-04     1.99331e+01
    1.12324e-04     2.00574e+01
    1.13054e-04     2.01826e+01
    1.13788e-04     2.03085e+01
    1.14527e-04     2.04351e+01
    1.15271e-04     2.05626e+01
    1.16020e-04     2.06909e+01
    1.16774e-04     2.08200e+01
    1.17532e-04     2.09498e+01
    1.18296e-04     2.10806e+01
    1.19064e-04     2.12120e+01
    1.19837e-04     2.13442e+01
    1.20616e-04     2.14774e+01
    1.21399e-04     2.16113e+01
    1.22188e-04     2.17462e+01
    1.22982e-04     2.18819e+01
    1.23780e-04     2.20182e+01
    1.24584e-04     2.21556e+01
    1.25394e-04     2.22939e+01
    1.26208e-04     2.24328e+01
    1.27028e-04     2.25728e+01
    1.27853e-04     2.27136e+01
    1.28684e-04     2.28553e+01
    1.29519e-04     2.29977e+01
    1.30361e-04     2.31412e+01
    1.31208e-04     2.32856e+01
    1.32060e-04     2.34308e+01
    1.32918e-04     2.35770e+01
    1.33781e-04     2.37239e+01
    1.34650e-04     2.38719e+01
    1.35525e-04     2.40208e+01
    1.36405e-04     2.41706e+01
    1.37291e-04     2.43213e+01
    1.38183e-04     2.44731e+01
    1.39080e-04     2.46256e+01
    1.39984e-04     2.47793e+01
    1.40893e-04     2.49337e+01
    1.41808e-04     2.50892e+01
    1.42729e-04     2.52457e+01
    1.43656e-04     2.54031e+01
    1.44589e-04     2.55615e+01
    1.45529e-04     2.57210e+01
    1.46474e-04     2.58814e+01
    1.47425e-04     2.60427e+01
    1.48383e-04     2.62052e+01
    1.49347e-04     2.63686e+01
    1.50317e-04     2.65330e+01
    1.51293e-04     2.66984e+01
    1.52276e-04     2.68649e+01
    1.53265e-04     2.70324e+01
    1.54261e-04     2.72010e+01
    1.55263e-04     2.73705e+01
    1.56271e-04     2.75411e+01
    1.57286e-04     2.77128e+01
    1.58308e-04     2.78856e+01
    1.59336e-04     2.80594e+01
    1.60371e-04     2.82344e+01
    1.61413e-04     2.84104e+01
    1.62461e-04     2.85875e+01
    1.63517e-04     2.87657e+01
    1.64579e-04     2.89450e+01
    1.65648e-04     2.91255e+01
    1.66724e-04     2.93071e+01
    1.67807e-04     2.94897e+01
    1.68897e-04     2.96735e+01
    1.69994e-04     2.98585e+01
    1.71098e-04     3.00446e+01
    1.72209e-04     3.02318e+01
    1.73328e-04     3.04203e+01
    1.74454e-04     3.06099e+01
    1.75587e-04     3.08007e+01
    1.76728e-04     3.09928e+01
    1.77875e-04     3.11857e+01
    1.79031e-04     3.13802e+01
    1.80194e-04     3.15758e+01
    1.81364e-04     3.17725e+01
    1.82542e-04     3.19705e+01
    1.83728e-04     3.21698e+01
    1.84921e-04     3.23702e+01
    1.86123e-04     3.25721e+01
    1.87332e-04     3.27751e+01
    1.88548e-04     3.29792e+01
    1.89773e-04     3.31847e+01
    1.91006e-04     3.33916e+01
    1.92246e-04     3.35995e+01
    1.93495e-04     3.38089e+01
    1.94752e-04     3.40196e+01
    1.96017e-04     3.42315e+01
    1.97290e-04     3.44448e+01
    1.98572e-04     3.46595e+01
    1.99862e-04     3.48755e+01
    2.01160e-04     3.50927e+01
    2.02467e-04     3.53114e+01
    2.03782e-04     3.55314e+01
    2.05105e-04     3.57525e+01
    2.06438e-04     3.59754e+01
    2.07779e-04     3.61995e+01
    2.09128e-04     3.64249e+01
    2.10487e-04     3.66518e+01
    2.11854e-04     3.68801e+01
    2.13230e-04     3.71098e+01
    2.14615e-04     3.73409e+01
    2.16009e-04     3.75735e+01
    2.17412e-04     3.78075e+01
    2.18824e-04     3.80429e+01
    2.20246e-04     3.82798e+01
    2.21676e-04     3.85181e+01
    2.23116e-04     3.87580e+01
    2.24565e-04     3.89993e+01
    2.26024e-04     3.92422e+01
    2.27492e-04     3.94865e+01
    2.28970e-04     3.97324e+01
    2.30457e-04     3.99797e+01
    2.31954e-04     4.02286e+01
    2.33461e-04     4.04791e+01
    2.34977e-04     4.07310e+01
    2.36504e-04     4.09847e+01
    2.38040e-04     4.12397e+01
    2.39586e-04     4.14964e+01
    2.41142e-04     4.17547e+01
    2.42709e-04     4.20147e+01
    2.44285e-04     4.22761e+01
    2.45872e-04     4.25392e+01
    2.47469e-04     4.28039e+01
    2.49076e-04     4.30703e+01
    2.50694e-04     4.33383e+01
    2.52323e-04     4.36081e+01
    2.53962e-04     4.38794e+01
    2.55611e-04     4.41523e+01
    2.57272e-04     4.44272e+01
    2.58943e-04     4.47036e+01
    2.60625e-04     4.49817e+01
    2.62318e-04     4.52616e+01
    2.64022e-04     4.55432e+01
    2.65737e-04     4.58265e+01
    2.67463e-04     4.61116e+01
    2.69200e-04     4.63984e+01
    2.70949e-04     4.66871e+01
    2.72709e-04     4.69775e+01
    2.74480e-04     4.72696e+01
    2.76263e-04     4.75636e+01
    2.78057e-04     4.78594e+01
    2.79863e-04     4.81569e+01
    2.81681e-04     4.84565e+01
    2.83511e-04     4.87578e+01
    2.85353e-04     4.90611e+01
    2.87206e-04     4.93661e+01
    2.89072e-04     4.96731e+01
    2.90949e-04     4.99818e+01
    2.92839e-04     5.02925e+01
    2.94741e-04     5.06052e+01
    2.96656e-04     5.09199e+01
    2.98583e-04     5.12364e+01
    3.00522e-04     5.15548e+01
    3.02474e-04     5.18751e+01
    3.04439e-04     5.21976e+01
    3.06417e-04     5.25221e+01
    3.08407e-04     5.28484e+01
    3.10410e-04     5.31767e+01
    3.12426e-04     5.35071e+01
    3.14456e-04     5.38397e+01
    3.16498e-04     5.41741e+01
    3.18554e-04     5.45106e+01
    3.20623e-04     5.48492e+01
    3.22706e-04     5.51900e+01
    3.24802e-04     5.55328e+01
    3.26912e-04     5.58777e+01
    3.29035e-04     5.62247e+01
    3.31173e-04     5.65740e+01
    3.33324e-04     5.69252e+01
    3.35489e-04     5.72787e+01
    3.37668e-04     5.76343e+01
    3.39861e-04     5.79921e+01
    3.42069e-04     5.83522e+01
    3.44291e-04     5.87144e+01
    3.46527e-04     5.90789e+01
    3.48778e-04     5.94456e+01
    3.51044e-04     5.98146e+01
    3.53324e-04     6.01858e+01
    3.55619e-04     6.05593e+01
    3.57929e-04     6.09351e+01
    3.60254e-04     6.13133e+01
    3.62594e-04     6.16936e+01
    3.64949e-04     6.20763e+01
    3.67320e-04     6.24614e+01
    3.69706e-04     6.28489e+01
    3.72107e-04     6.32386e+01
    3.74524e-04     6.36308e+01
    3.76957e-04     6.40253e+01
    3.79405e-04     6.44223e+01
    3.81870e-04     6.48218e+01
    3.84350e-04     6.52235e+01
    3.86847e-04     6.56279e+01
    3.89360e-04     6.60347e+01
    3.91889e-04     6.64439e+01
    3.94434e-04     6.68557e+01
    3.96996e-04     6.72699e+01
    3.99575e-04     6.76867e+01
    4.02171e-04     6.81062e+01
    4.04783e-04     6.85281e+01
    4.07412e-04     6.89526e+01
    4.10059e-04     6.93798e+01
    4.12722e-04     6.98094e+01
    4.15403e-04     7.02418e+01
    4.18101e-04     7.06767e+01
    4.20817e-04     7.11145e+01
    4.23550e-04     7.15547e+01
    4.26302e-04     7.19977e+01
    4.29071e-04     7.24435e+01
    4.31858e-04     7.28919e+01
    4.34663e-04     7.33430e+01
    4.37486e-04     7.37968e+01
    4.40328e-04     7.42536e+01
    4.43188e-04     7.47131e+01
    4.46067e-04     7.51752e+01
    4.48964e-04     7.56402e+01
    4.51881e-04     7.61082e+01
    4.54816e-04     7.65789e+01
    4.57770e-04     7.70524e+01
    4.60744e-04     7.75289e+01
    4.63736e-04     7.80081e+01
    4.66749e-04     7.84904e+01
    4.69780e-04     7.89755e+01
    4.72832e-04     7.94636e+01
    4.75903e-04     7.99546e+01
    4.78994e-04     8.04486e+01
    4.82106e-04     8.09457e+01
    4.85237e-04     8.14457e+01
    4.88389e-04     8.19487e+01
    4.91562e-04     8.24548e+01
    4.94754e-04     8.29637e+01
    4.97968e-04     8.34759e+01
    5.01203e-04     8.39913e+01
    5.04458e-04     8.45096e+01
    5.07735e-04     8.50312e+01
    5.11033e-04     8.55558e+01
    5.14353e-04     8.60837e+01
    5.17694e-04     8.66148e+01
    5.21056e-04     8.71489e+01
    5.24441e-04     8.76864e+01
    5.27847e-04     8.82269e+01
    5.31276e-04     8.87710e+01
    5.34727e-04     8.93183e+01
    5.38200e-04     8.98687e+01
    5.41696e-04     9.04224e+01
    5.45215e-04     9.09798e+01
    5.48756e-04     9.15403e+01
    5.52321e-04     9.21042e+01
    5.55908e-04     9.26714e+01
    5.59519e-04     9.32422e+01
    5.63154e-04     9.38164e+01
    5.66812e-04     9.43941e+01
    5.70493e-04     9.49750e+01
    5.74199e-04     9.55596e+01
    5.77929e-04     9.61476e+01
    5.81683e-04     9.67393e+01
    5.85461e-04     9.73345e+01
    5.89264e-04     9.79332e+01
    5.93092e-04     9.85355e+01
    5.96944e-04     9.91413e+01
    6.00822e-04     9.97508e+01
    6.04724e-04     1.00364e+02
    6.08652e-04     1.00981e+02
    6.12606e-04     1.01601e+02
    6.16585e-04     1.02225e+02
    6.20590e-04     1.02853e+02
    6.24621e-04     1.03485e+02
    6.28678e-04     1.04120e+02
    6.32762e-04     1.04759e+02
    6.36872e-04     1.05402e+02
    6.41009e-04     1.06049e+02
    6.45173e-04     1.06700e+02
    6.49363e-04     1.07354e+02
    6.53581e-04     1.08013e+02
    6.57827e-04     1.08675e+02
    6.62100e-04     1.09341e+02
    6.66400e-04     1.10011e+02
    6.70729e-04     1.10686e+02
    6.75086e-04     1.11364e+02
    6.79471e-04     1.12046e+02
    6.83884e-04     1.12732e+02
    6.88327e-04     1.13423e+02
    6.92798e-04     1.14117e+02
    6.97298e-04     1.14815e+02
    7.01827e-04     1.15518e+02
    7.06386e-04     1.16225e+02
    7.10974e-04     1.16936e+02
    7.15592e-04     1.17651e+02
    7.20241e-04     1.18370e+02
    7.24919e-04     1.19094e+02
    7.29628e-04     1.19822e+02
    7.34367e-04     1.20553e+02
    7.39137e-04     1.21290e+02
    7.43938e-04     1.22030e+02
    7.48770e-04     1.22775e+02
    7.53634e-04     1.23525e+02
    7.58529e-04     1.24278e+02
    7.63456e-04     1.25037e+02
    7.68416e-04     1.25799e+02
    7.73407e-04     1.26566e+02
    7.78431e-04     1.27338e+02
    7.83487e-04     1.28114e+02
    7.88576e-04     1.28894e+02
    7.93698e-04     1.29679e+02
    7.98854e-04     1.30469e+02
    8.04043e-04     1.31263e+02
    8.09265e-04     1.32062e+02
    8.14522e-04     1.32866e+02
    8.19813e-04     1.33674e+02
    8.25138e-04     1.34487e+02
    8.30498e-04     1.35305e+02
    8.35892e-04     1.36127e+02
    8.41322e-04     1.36955e+02
    8.46787e-04     1.37787e+02
    8.52287e-04     1.38624e+02
    8.57823e-04     1.39465e+02
    8.63395e-04     1.40312e+02
    8.69003e-04     1.41163e+02
    8.74648e-04     1.42020e+02
    8.80329e-04     1.42881e+02
    8.86048e-04     1.43748e+02
    8.91803e-04     1.44619e+02
    8.97596e-04     1.45495e+02
    9.03426e-04     1.46377e+02
    9.09294e-04     1.47263e+02
    9.15201e-04     1.48154e+02
    9.21145e-04     1.49051e+02
    9.27129e-04     1.49953e+02
    9.33151e-04     1.50859e+02
    9.39212e-04     1.51771e+02
    9.45313e-04     1.52688e+02
    9.51453e-04     1.53611e+02
    9.57633e-04     1.54538e+02
    9.63854e-04     1.55471e+02
    9.70115e-04     1.56410e+02
    9.76416e-04     1.57353e+02
    9.82758e-04     1.58302e+02
    9.89142e-04     1.59257e+02
    9.95567e-04     1.60216e+02
    1.00203e-03     1.61181e+02
    1.00854e-03     1.62152e+02
    1.01509e-03     1.63128e+02
    1.02169e-03     1.64111e+02
    1.02832e-03     1.65097e+02
    1.03500e-03     1.66090e+02
    1.04173e-03     1.67090e+02
    1.04849e-03     1.68093e+02
    1.05530e-03     1.69102e+02
    1.06216e-03     1.70119e+02
    1.06906e-03     1.71140e+02
    1.07600e-03     1.72166e+02
    1.08299e-03     1.73199e+02
    1.09003e-03     1.74238e+02
    1.09711e-03     1.75282e+02
    1.10423e-03     1.76331e+02
    1.11140e-03     1.77387e+02
    1.11862e-03     1.78448e+02
    1.12589e-03     1.79517e+02
    1.13320e-03     1.80590e+02
    1.14056e-03     1.81669e+02
    1.14797e-03     1.82755e+02
    1.15543e-03     1.83847e+02
    1.16293e-03     1.84943e+02
    1.17049e-03     1.86048e+02
    1.17809e-03     1.87157e+02
    1.18574e-03     1.88273e+02
    1.19345e-03     1.89396e+02
    1.20120e-03     1.90523e+02
    1.20900e-03     1.91657e+02
    1.21685e-03     1.92797e+02
    1.22476e-03     1.93945e+02
    1.23271e-03     1.95097e+02
    1.24072e-03     1.96257e+02
    1.24878e-03     1.97423e+02
    1.25689e-03     1.98595e+02
    1.26505e-03     1.99773e+02
    1.27327e-03     2.00958e+02
    1.28154e-03     2.02149e+02
    1.28987e-03     2.03348e+02
    1.29825e-03     2.04552e+02
    1.30668e-03     2.05763e+02
    1.31517e-03     2.06980e+02
    1.32371e-03     2.08204e+02
    1.33231e-03     2.09434e+02
    1.34096e-03     2.10671e+02
    1.34967e-03     2.11915e+02
    1.35844e-03     2.13165e+02
    1.36726e-03     2.14421e+02
    1.37614e-03     2.15685e+02
    1.38508e-03     2.16956e+02
    1.39408e-03     2.18233e+02
    1.40313e-03     2.19516e+02
    1.41225e-03     2.20808e+02
    1.42142e-03     2.22105e+02
    1.43065e-03     2.23409e+02
    1.43995e-03     2.24721e+02
    1.44930e-03     2.26039e+02
    1.45871e-03     2.27363e+02
    1.46819e-03     2.28696e+02
    1.47773e-03     2.30035e+02
    1.48732e-03     2.31380e+02
    1.49699e-03     2.32734e+02
    1.50671e-03     2.34094e+02
    1.51650e-03     2.35461e+02
    1.52635e-03     2.36836e+02
    1.53626e-03     2.38216e+02
    1.54624e-03     2.39605e+02
    1.55628e-03     2.41000e+02
    1.56639e-03     2.42403e+02
    1.57657e-03     2.43814e+02
    1.58681e-03     2.45232e+02
    1.59711e-03     2.46655e+02
    1.60749e-03     2.48088e+02
    1.61793e-03     2.49527e+02
    1.62844e-03     2.50974e+02
    1.63902e-03     2.52429e+02
    1.64966e-03     2.53889e+02
    1.66038e-03     2.55359e+02
    1.67116e-03     2.56835e+02
    1.68202e-03     2.58319e+02
    1.69295e-03     2.59811e+02
    1.70394e-03     2.61309e+02
    1.71501e-03     2.62816e+02
    1.72615e-03     2.64330e+02
    1.73736e-03     2.65851e+02
    1.74865e-03     2.67381e+02
    1.76001e-03     2.68918e+02
    1.77144e-03     2.70462e+02
    1.78294e-03     2.72013e+02
    1.79453e-03     2.73574e+02
    1.80618e-03     2.75140e+02
    1.81791e-03     2.76715e+02
    1.82972e-03     2.78298e+02
    1.84161e-03     2.79889e+02
    1.85357e-03     2.81487e+02
    1.86561e-03     2.83093e+02
    1.87773e-03     2.84707e+02
    1.88992e-03     2.86327e+02
    1.90220e-03     2.87957e+02
    1.91456e-03     2.89595e+02
    1.92699e-03     2.91239e+02
    1.93951e-03     2.92893e+02
    1.95211e-03     2.94554e+02
    1.96479e-03     2.96223e+02
    1.97755e-03     2.97899e+02
    1.99040e-03     2.99584e+02
    2.00332e-03     3.01276e+02
    2.01634e-03     3.02977e+02
    2.02943e-03     3.04685e+02
    2.04262e-03     3.06404e+02
    2.05588e-03     3.08127e+02
    2.06924e-03     3.09861e+02
    2.08268e-03     3.11602e+02
    2.09621e-03     3.13351e+02
    2.10982e-03     3.15108e+02
    2.12353e-03     3.16874e+02
    2.13732e-03     3.18647e+02
    2.15120e-03     3.20428e+02
    2.16518e-03     3.22219e+02
    2.17924e-03     3.24016e+02
    2.19340e-03     3.25822e+02
    2.20764e-03     3.27636e+02
    2.22198e-03     3.29458e+02
    2.23642e-03     3.31289e+02
    2.25094e-03     3.33127e+02
    2.26557e-03     3.34975e+02
    2.28028e-03     3.36830e+02
    2.29509e-03     3.38693e+02
    2.31000e-03     3.40565e+02
    2.32501e-03     3.42445e+02
    2.34011e-03     3.44333e+02
    2.35531e-03     3.46230e+02
    2.37061e-03     3.48135e+02
    2.38601e-03     3.50048e+02
    2.40150e-03     3.51968e+02
    2.41710e-03     3.53898e+02
    2.43280e-03     3.55836e+02
    2.44861e-03     3.57783e+02
    2.46451e-03     3.59738e+02
    2.48052e-03     3.61701e+02
    2.49663e-03     3.63672e+02
    2.51285e-03     3.65652e+02
    2.52917e-03     3.67640e+02
    2.54560e-03     3.69637e+02
    2.56213e-03     3.71641e+02
    2.57878e-03     3.73655e+02
    2.59553e-03     3.75677e+02
    2.61239e-03     3.77707e+02
    2.62936e-03     3.79745e+02
    2.64643e-03     3.81790e+02
    2.66362e-03     3.83846e+02
    2.68093e-03     3.85910e+02
    2.69834e-03     3.87981e+02
    2.71587e-03     3.90061e+02
    2.73351e-03     3.92149e+02
    2.75126e-03     3.94245e+02
    2.76914e-03     3.96351e+02
    2.78712e-03     3.98462e+02
    2.80523e-03     4.00585e+02
    2.82345e-03     4.02714e+02
    2.84179e-03     4.04851e+02
    2.86025e-03     4.06998e+02
    2.87883e-03     4.09152e+02
    2.89752e-03     4.11314e+02
    2.91635e-03     4.13486e+02
    2.93529e-03     4.15665e+02
    2.95436e-03     4.17853e+02
    2.97355e-03     4.20049e+02
    2.99286e-03     4.22252e+02
    3.01230e-03     4.24463e+02
    3.03187e-03     4.26684e+02
    3.05156e-03     4.28912e+02
    3.07138e-03     4.31149e+02
    3.09133e-03     4.33393e+02
    3.11141e-03     4.35645e+02
    3.13162e-03     4.37906e+02
    3.15196e-03     4.40175e+02
    3.17244e-03     4.42453e+02
    3.19304e-03     4.44737e+02
    3.21379e-03     4.47031e+02
    3.23466e-03     4.49332e+02
    3.25567e-03     4.51640e+02
    3.27682e-03     4.53957e+02
    3.29810e-03     4.56281e+02
    3.31953e-03     4.58615e+02
    3.34109e-03     4.60956e+02
    3.36279e-03     4.63303e+02
    3.38463e-03     4.65659e+02
    3.40662e-03     4.68024e+02
    3.42875e-03     4.70396e+02
    3.45102e-03     4.72776e+02
    3.47344e-03     4.75163e+02
    3.49600e-03     4.77558e+02
    3.51871e-03     4.79960e+02
    3.54156e-03     4.82371e+02
    3.56457e-03     4.84789e+02
    3.58772e-03     4.87214e+02
    3.61102e-03     4.89647e+02
    3.63448e-03     4.92088e+02
    3.65809e-03     4.94536e+02
    3.68185e-03     4.96992e+02
    3.70576e-03     4.99454e+02
    3.72984e-03     5.01926e+02
    3.75406e-03     5.04402e+02
    3.77845e-03     5.06888e+02
    3.80299e-03     5.09379e+02
    3.82769e-03     5.11879e+02
    3.85256e-03     5.14386e+02
    3.87758e-03     5.16899e+02
    3.90277e-03     5.19419e+02
    3.92812e-03     5.21946e+02
    3.95363e-03     5.24480e+02
    3.97931e-03     5.27021e+02
    4.00516e-03     5.29569e+02
    4.03118e-03     5.32125e+02
    4.05736e-03     5.34685e+02
    4.08372e-03     5.37253e+02
    4.11024e-03     5.39826e+02
    4.13694e-03     5.42408e+02
    4.16381e-03     5.44995e+02
    4.19086e-03     5.47589e+02
    4.21808e-03     5.50190e+02
    4.24548e-03     5.52796e+02
    4.27306e-03     5.55408e+02
    4.30081e-03     5.58027e+02
    4.32875e-03     5.60653e+02
    4.35687e-03     5.63284e+02
    4.38517e-03     5.65921e+02
    4.41365e-03     5.68563e+02
    4.44232e-03     5.71213e+02
    4.47118e-03     5.73868e+02
    4.50022e-03     5.76528e+02
    4.52945e-03     5.79194e+02
    4.55887e-03     5.81866e+02
    4.58848e-03     5.84543e+02
    4.61829e-03     5.87226e+02
    4.64829e-03     5.89914e+02
    4.67848e-03     5.92606e+02
    4.70887e-03     5.95305e+02
    4.73946e-03     5.98009e+02
    4.77024e-03     6.00716e+02
    4.80123e-03     6.03429e+02
    4.83241e-03     6.06146e+02
    4.86380e-03     6.08868e+02
    4.89539e-03     6.11594e+02
    4.92719e-03     6.14325e+02
    4.95920e-03     6.17061e+02
    4.99141e-03     6.19801e+02
    5.02383e-03     6.22544e+02
    5.05646e-03     6.25293e+02
    5.08931e-03     6.28046e+02
    5.12237e-03     6.30802e+02
    5.15564e-03     6.33562e+02
    5.18913e-03     6.36327e+02
    5.22283e-03     6.39094e+02
    5.25676e-03     6.41866e+02
    5.29091e-03     6.44643e+02
    5.32527e-03     6.47420e+02
    5.35986e-03     6.50203e+02
    5.39468e-03     6.52989e+02
    5.42972e-03     6.55779e+02
    5.46499e-03     6.58573e+02
    5.50049e-03     6.61368e+02
    5.53622e-03     6.64166e+02
    5.57218e-03     6.66967e+02
    5.60837e-03     6.69770e+02
    5.64480e-03     6.72576e+02
    5.68147e-03     6.75384e+02
    5.71837e-03     6.78194e+02
    5.75551e-03     6.81005e+02
    5.79290e-03     6.83819e+02
    5.83053e-03     6.86633e+02
    5.86840e-03     6.89448e+02
    5.90652e-03     6.92265e+02
    5.94489e-03     6.95083e+02
    5.98350e-03     6.97900e+02
    6.02237e-03     7.00719e+02
    6.06149e-03     7.03539e+02
    6.10086e-03     7.06357e+02
    6.14049e-03     7.09176e+02
    6.18037e-03     7.11996e+02
    6.22052e-03     7.14816e+02
    6.26092e-03     7.17634e+02
    6.30159e-03     7.20455e+02
    6.34252e-03     7.23273e+02
    6.38372e-03     7.26092e+02
    6.42519e-03     7.28911e+02
    6.46692e-03     7.31726e+02
    6.50893e-03     7.34544e+02
    6.55121e-03     7.37358e+02
    6.59376e-03     7.40172e+02
    6.63659e-03     7.42984e+02
    6.67970e-03     7.45797e+02
    6.72309e-03     7.48605e+02
    6.76676e-03     7.51413e+02
    6.81071e-03     7.54218e+02
    6.85495e-03     7.57021e+02
    6.89948e-03     7.59822e+02
    6.94429e-03     7.62619e+02
    6.98940e-03     7.65413e+02
    7.03480e-03     7.68205e+02
    7.08050e-03     7.70993e+02
    7.12649e-03     7.73775e+02
    7.17278e-03     7.76556e+02
    7.21937e-03     7.79331e+02
    7.26626e-03     7.82102e+02
    7.31346e-03     7.84869e+02
    7.36097e-03     7.87630e+02
    7.40878e-03     7.90386e+02
    7.45690e-03     7.93137e+02
    7.50534e-03     7.95884e+02
    7.55409e-03     7.98623e+02
    7.60316e-03     8.01358e+02
    7.65255e-03     8.04088e+02
    7.70225e-03     8.06810e+02
    7.75228e-03     8.09526e+02
    7.80264e-03     8.12239e+02
    7.85332e-03     8.14942e+02
    7.90433e-03     8.17637e+02
    7.95568e-03     8.20329e+02
    8.00735e-03     8.23011e+02
    8.05937e-03     8.25689e+02
    8.11172e-03     8.28355e+02
    8.16441e-03     8.31016e+02
    8.21744e-03     8.33668e+02
    8.27081e-03     8.36311e+02
    8.32454e-03     8.38947e+02
    8.37861e-03     8.41573e+02
    8.43303e-03     8.44190e+02
    8.48781e-03     8.46798e+02
    8.54294e-03     8.49396e+02
    8.59844e-03     8.51984e+02
    8.65429e-03     8.54562e+02
    8.71050e-03     8.57129e+02
    8.76708e-03     8.59686e+02
    8.82403e-03     8.62231e+02
    8.88134e-03     8.64764e+02
    8.93903e-03     8.67287e+02
    8.99710e-03     8.69798e+02
    9.05554e-03     8.72297e+02
    9.11436e-03     8.74782e+02
    9.17356e-03     8.77255e+02
    9.23315e-03     8.79715e+02
    9.29312e-03     8.82162e+02
    9.35349e-03     8.84595e+02
    9.41424e-03     8.87014e+02
    9.47539e-03     8.89419e+02
    9.53694e-03     8.91809e+02
    9.59889e-03     8.94185e+02
    9.66124e-03     8.96545e+02
    9.72400e-03     8.98892e+02
    9.78716e-03     9.01220e+02
    9.85073e-03     9.03534e+02
    9.91472e-03     9.05830e+02
    9.97912e-03     9.08112e+02
    1.00439e-02     9.10373e+02
    1.01092e-02     9.12623e+02
    1.01748e-02     9.14848e+02
    1.02409e-02     9.17061e+02
    1.03075e-02     9.19259e+02
    1.03744e-02     9.21431e+02
    1.04418e-02     9.23587e+02
    1.05096e-02     9.25723e+02
    1.05779e-02     9.27843e+02
    1.06466e-02     9.29940e+02
    1.07158e-02     9.32024e+02
    1.07854e-02     9.34081e+02
    1.08554e-02     9.36112e+02
    1.09259e-02     9.38128e+02
    1.09969e-02     9.40126e+02
    1.10683e-02     9.42096e+02
    1.11402e-02     9.44048e+02
    1.12126e-02     9.45980e+02
    1.12854e-02     9.47885e+02
    1.13587e-02     9.49767e+02
    1.14325e-02     9.51628e+02
    1.15068e-02     9.53468e+02
    1.15815e-02     9.55278e+02
    1.16567e-02     9.57063e+02
    1.17324e-02     9.58825e+02
    1.18087e-02     9.60569e+02
    1.18854e-02     9.62280e+02
    1.19626e-02     9.63967e+02
    1.20403e-02     9.65627e+02
    1.21185e-02     9.67260e+02
    1.21972e-02     9.68864e+02
    1.22764e-02     9.70442e+02
    1.23562e-02     9.71999e+02
    1.24364e-02     9.73518e+02
    1.25172e-02     9.75014e+02
    1.25985e-02     9.76480e+02
    1.26803e-02     9.77913e+02
    1.27627e-02     9.79324e+02
    1.28456e-02     9.80700e+02
    1.29290e-02     9.82046e+02
    1.30130e-02     9.83364e+02
    1.30976e-02     9.84653e+02
    1.31826e-02     9.85902e+02
    1.32683e-02     9.87129e+02
    1.33544e-02     9.88314e+02
    1.34412e-02     9.89476e+02
    1.35285e-02     9.90599e+02
    1.36164e-02     9.91694e+02
    1.37048e-02     9.92748e+02
    1.37938e-02     9.93770e+02
    1.38834e-02     9.94761e+02
    1.39736e-02     9.95717e+02
    1.40644e-02     9.96638e+02
    1.41557e-02     9.97520e+02
    1.42477e-02     9.98373e+02
    1.43402e-02     9.99184e+02
    1.44334e-02     9.99965e+02
    1.45271e-02     1.00070e+03
    1.46215e-02     1.00141e+03
    1.47165e-02     1.00208e+03
    1.48121e-02     1.00271e+03
    1.49083e-02     1.00330e+03
    1.50051e-02     1.00385e+03
    1.51026e-02     1.00436e+03
    1.52007e-02     1.00484e+03
    1.52994e-02     1.00527e+03
    1.53988e-02     1.00567e+03
    1.54988e-02     1.00602e+03
    1.55995e-02     1.00633e+03
    1.57008e-02     1.00660e+03
    1.58028e-02     1.00683e+03
    1.59055e-02     1.00702e+03
    1.60088e-02     1.00717e+03
    1.61128e-02     1.00727e+03
    1.62174e-02     1.00733e+03
    1.63228e-02     1.00735e+03
    1.64288e-02     1.00732e+03
    1.65355e-02     1.00725e+03
    1.66429e-02     1.00713e+03
    1.67510e-02     1.00697e+03
    1.68598e-02     1.00677e+03
    1.69693e-02     1.00652e+03
    1.70796e-02     1.00623e+03
    1.71905e-02     1.00588e+03
    1.73022e-02     1.00550e+03
    1.74145e-02     1.00507e+03
    1.75277e-02     1.00460e+03
    1.76415e-02     1.00407e+03
    1.77561e-02     1.00350e+03
    1.78714e-02     1.00288e+03
    1.79875e-02     1.00222e+03
    1.81044e-02     1.00151e+03
    1.82220e-02     1.00076e+03
    1.83403e-02     9.99949e+02
    1.84594e-02     9.99093e+02
    1.85794e-02     9.98196e+02
    1.87000e-02     9.97243e+02
    1.88215e-02     9.96247e+02
    1.89438e-02     9.95203e+02
    1.90668e-02     9.94106e+02
    1.91907e-02     9.92962e+02
    1.93153e-02     9.91766e+02
    1.94408e-02     9.90523e+02
    1.95671e-02     9.89228e+02
    1.96942e-02     9.87883e+02
    1.98221e-02     9.86490e+02
    1.99508e-02     9.85041e+02
    2.00804e-02     9.83548e+02
    2.02109e-02     9.82006e+02
    2.03421e-02     9.80410e+02
    2.04743e-02     9.78769e+02
    2.06073e-02     9.77077e+02
    2.07411e-02     9.75329e+02
    2.08758e-02     9.73535e+02
    2.10114e-02     9.71692e+02
    2.11479e-02     9.69797e+02
    2.12853e-02     9.67857e+02
    2.14236e-02     9.65864e+02
    2.15627e-02     9.63820e+02
    2.17028e-02     9.61727e+02
    2.18437e-02     9.59582e+02
    2.19856e-02     9.57393e+02
    2.21284e-02     9.55153e+02
    2.22722e-02     9.52865e+02
    2.24168e-02     9.50524e+02
    2.25625e-02     9.48138e+02
    2.27090e-02     9.45702e+02
    2.28565e-02     9.43216e+02
    2.30050e-02     9.40684e+02
    2.31544e-02     9.38104e+02
    2.33048e-02     9.35473e+02
    2.34562e-02     9.32798e+02
    2.36086e-02     9.30075e+02
    2.37619e-02     9.27303e+02
    2.39162e-02     9.24482e+02
    2.40716e-02     9.21620e+02
    2.42280e-02     9.18708e+02
    2.43853e-02     9.15749e+02
    2.45437e-02     9.12748e+02
    2.47032e-02     9.09703e+02
    2.48636e-02     9.06611e+02
    2.50251e-02     9.03475e+02
    2.51877e-02     9.00298e+02
    2.53513e-02     8.97077e+02
    2.55159e-02     8.93815e+02
    2.56817e-02     8.90510e+02
    2.58485e-02     8.87165e+02
    2.60164e-02     8.83777e+02
    2.61854e-02     8.80354e+02
    2.63555e-02     8.76889e+02
    2.65267e-02     8.73384e+02
    2.66990e-02     8.69840e+02
    2.68724e-02     8.66260e+02
    2.70470e-02     8.62647e+02
    2.72226e-02     8.58991e+02
    2.73995e-02     8.55307e+02
    2.75774e-02     8.51585e+02
    2.77566e-02     8.47831e+02
    2.79369e-02     8.44044e+02
    2.81183e-02     8.40223e+02
    2.83010e-02     8.36375e+02
    2.84848e-02     8.32493e+02
    2.86698e-02     8.28579e+02
    2.88561e-02     8.24641e+02
    2.90435e-02     8.20673e+02
    2.92321e-02     8.16677e+02
    2.94220e-02     8.12659e+02
    2.96131e-02     8.08613e+02
    2.98055e-02     8.04542e+02
    2.99991e-02     8.00450e+02
    3.01940e-02     7.96336e+02
    3.03901e-02     7.92201e+02
    3.05875e-02     7.88048e+02
    3.07862e-02     7.83872e+02
    3.09861e-02     7.79679e+02
    3.11874e-02     7.75473e+02
    3.13900e-02     7.71249e+02
    3.15939e-02     7.67013e+02
    3.17991e-02     7.62762e+02
    3.20057e-02     7.58498e+02
    3.22135e-02     7.54224e+02
    3.24228e-02     7.49940e+02
    3.26334e-02     7.45647e+02
    3.28454e-02     7.41349e+02
    3.30587e-02     7.37039e+02
    3.32735e-02     7.32729e+02
    3.34896e-02     7.28415e+02
    3.37071e-02     7.24095e+02
    3.39261e-02     7.19775e+02
    3.41464e-02     7.15455e+02
    3.43682e-02     7.11135e+02
    3.45915e-02     7.06822e+02
    3.48162e-02     7.02506e+02
    3.50423e-02     6.98200e+02
    3.52699e-02     6.93893e+02
    3.54990e-02     6.89598e+02
    3.57296e-02     6.85313e+02
    3.59617e-02     6.81035e+02
    3.61953e-02     6.76769e+02
    3.64304e-02     6.72513e+02
    3.66670e-02     6.68268e+02
    3.69052e-02     6.64039e+02
    3.71449e-02     6.59829e+02
    3.73862e-02     6.55632e+02
    3.76290e-02     6.51452e+02
    3.78735e-02     6.47295e+02
    3.81195e-02     6.43155e+02
    3.83671e-02     6.39036e+02
    3.86163e-02     6.34940e+02
    3.88671e-02     6.30868e+02
    3.91196e-02     6.26822e+02
    3.93737e-02     6.22799e+02
    3.96295e-02     6.18805e+02
    3.98869e-02     6.14838e+02
    4.01460e-02     6.10900e+02
    4.04067e-02     6.06990e+02
    4.06692e-02     6.03110e+02
    4.09334e-02     5.99263e+02
    4.11992e-02     5.95446e+02
    4.14669e-02     5.91665e+02
    4.17362e-02     5.87916e+02
    4.20073e-02     5.84200e+02
    4.22802e-02     5.80525e+02
    4.25548e-02     5.76883e+02
    4.28312e-02     5.73279e+02
    4.31094e-02     5.69712e+02
    4.33894e-02     5.66183e+02
    4.36713e-02     5.62696e+02
    4.39550e-02     5.59251e+02
    4.42405e-02     5.55843e+02
    4.45278e-02     5.52472e+02
    4.48171e-02     5.49146e+02
    4.51082e-02     5.45860e+02
    4.54012e-02     5.42617e+02
    4.56961e-02     5.39413e+02
    4.59929e-02     5.36251e+02
    4.62917e-02     5.33132e+02
    4.65923e-02     5.30055e+02
    4.68950e-02     5.27019e+02
    4.71996e-02     5.24029e+02
    4.75062e-02     5.21083e+02
    4.78148e-02     5.18176e+02
    4.81253e-02     5.15316e+02
    4.84379e-02     5.12497e+02
    4.87526e-02     5.09718e+02
    4.90692e-02     5.06983e+02
    4.93880e-02     5.04285e+02
    4.97088e-02     5.01631e+02
    5.00317e-02     4.99018e+02
    5.03566e-02     4.96441e+02
    5.06837e-02     4.93903e+02
    5.10130e-02     4.91406e+02
    5.13443e-02     4.88946e+02
    5.16778e-02     4.86524e+02
    5.20135e-02     4.84141e+02
    5.23514e-02     4.81792e+02
    5.26914e-02     4.79476e+02
    5.30337e-02     4.77197e+02
    5.33782e-02     4.74944e+02
    5.37249e-02     4.72726e+02
    5.40738e-02     4.70539e+02
    5.44251e-02     4.68377e+02
    5.47786e-02     4.66242e+02
    5.51344e-02     4.64135e+02
    5.54926e-02     4.62054e+02
    5.58530e-02     4.59992e+02
    5.62158e-02     4.57955e+02
    5.65810e-02     4.55936e+02
    5.69485e-02     4.53938e+02
    5.73184e-02     4.51953e+02
    5.76907e-02     4.49986e+02
    5.80654e-02     4.48028e+02
    5.84426e-02     4.46082e+02
    5.88222e-02     4.44145e+02
    5.92043e-02     4.42215e+02
    5.95889e-02     4.40291e+02
    5.99759e-02     4.38366e+02
    6.03655e-02     4.36445e+02
    6.07576e-02     4.34523e+02
    6.11523e-02     4.32600e+02
    6.15495e-02     4.30668e+02
    6.19493e-02     4.28728e+02
    6.23517e-02     4.26780e+02
    6.27567e-02     4.24824e+02
    6.31643e-02     4.22851e+02
    6.35746e-02     4.20863e+02
    6.39876e-02     4.18856e+02
    6.44032e-02     4.16828e+02
    6.48215e-02     4.14780e+02
    6.52426e-02     4.12706e+02
    6.56664e-02     4.10608e+02
    6.60929e-02     4.08483e+02
    6.65222e-02     4.06330e+02
    6.69543e-02     4.04143e+02
    6.73892e-02     4.01924e+02
    6.78270e-02     3.99671e+02
    6.82675e-02     3.97382e+02
    6.87110e-02     3.95052e+02
    6.91573e-02     3.92686e+02
    6.96065e-02     3.90278e+02
    7.00586e-02     3.87828e+02
    7.05137e-02     3.85339e+02
    7.09717e-02     3.82804e+02
    7.14327e-02     3.80232e+02
    7.18967e-02     3.77613e+02
    7.23637e-02     3.74949e+02
    7.28338e-02     3.72240e+02
    7.33069e-02     3.69485e+02
    7.37830e-02     3.66689e+02
    7.42623e-02     3.63845e+02
    7.47447e-02     3.60956e+02
    7.52302e-02     3.58026e+02
    7.57188e-02     3.55056e+02
    7.62107e-02     3.52043e+02
    7.67057e-02     3.48986e+02
    7.72039e-02     3.45893e+02
    7.77054e-02     3.42758e+02
    7.82102e-02     3.39588e+02
    7.87182e-02     3.36383e+02
    7.92295e-02     3.33145e+02
    7.97441e-02     3.29872e+02
    8.02621e-02     3.26574e+02
    8.07835e-02     3.23251e+02
    8.13082e-02     3.19902e+02
    8.18363e-02     3.16533e+02
    8.23679e-02     3.13143e+02
    8.29029e-02     3.09741e+02
    8.34414e-02     3.06322e+02
    8.39834e-02     3.02900e+02
    8.45290e-02     2.99469e+02
    8.50780e-02     2.96035e+02
    8.56306e-02     2.92601e+02
    8.61869e-02     2.89175e+02
    8.67467e-02     2.85753e+02
    8.73102e-02     2.82348e+02
    8.78773e-02     2.78954e+02
    8.84481e-02     2.75581e+02
    8.90226e-02     2.72231e+02
    8.96009e-02     2.68904e+02
    9.01829e-02     2.65613e+02
    9.07687e-02     2.62352e+02
    9.13583e-02     2.59126e+02
    9.19517e-02     2.55941e+02
    9.25490e-02     2.52802e+02
    9.31501e-02     2.49705e+02
    9.37552e-02     2.46660e+02
    9.43642e-02     2.43663e+02
    9.49771e-02     2.40721e+02
    9.55940e-02     2.37838e+02
    9.62150e-02     2.35017e+02
    9.68399e-02     2.32258e+02
    9.74690e-02     2.29563e+02
    9.81021e-02     2.26933e+02
    9.87393e-02     2.24374e+02
    9.93807e-02     2.21880e+02
    1.00026e-01     2.19458e+02
    1.00676e-01     2.17105e+02
    1.01330e-01     2.14821e+02
    1.01988e-01     2.12609e+02
    1.02651e-01     2.10472e+02
    1.03317e-01     2.08405e+02
    1.03988e-01     2.06414e+02
    1.04664e-01     2.04497e+02
    1.05344e-01     2.02647e+02
    1.06028e-01     2.00865e+02
    1.06717e-01     1.99152e+02
    1.07410e-01     1.97502e+02
    1.08108e-01     1.95917e+02
    1.08810e-01     1.94393e+02
    1.09517e-01     1.92926e+02
    1.10228e-01     1.91522e+02
    1.10944e-01     1.90170e+02
    1.11665e-01     1.88868e+02
    1.12390e-01     1.87612e+02
    1.13120e-01     1.86401e+02
    1.13855e-01     1.85230e+02
    1.14594e-01     1.84091e+02
    1.15339e-01     1.82985e+02
    1.16088e-01     1.81904e+02
    1.16842e-01     1.80850e+02
    1.17601e-01     1.79813e+02
    1.18365e-01     1.78790e+02
    1.19134e-01     1.77776e+02
    1.19907e-01     1.76765e+02
    1.20686e-01     1.75755e+02
    1.21470e-01     1.74742e+02
    1.22259e-01     1.73718e+02
    1.23053e-01     1.72680e+02
    1.23853e-01     1.71624e+02
    1.24657e-01     1.70545e+02
    1.25467e-01     1.69444e+02
    1.26282e-01     1.68312e+02
    1.27102e-01     1.67148e+02
    1.27928e-01     1.65949e+02
    1.28759e-01     1.64710e+02
    1.29595e-01     1.63427e+02
    1.30437e-01     1.62103e+02
    1.31284e-01     1.60734e+02
    1.32137e-01     1.59321e+02
    1.32995e-01     1.57862e+02
    1.33859e-01     1.56359e+02
    1.34728e-01     1.54810e+02
    1.35604e-01     1.53216e+02
    1.36484e-01     1.51576e+02
    1.37371e-01     1.49895e+02
    1.38263e-01     1.48174e+02
    1.39161e-01     1.46418e+02
    1.40065e-01     1.44630e+02
    1.40975e-01     1.42812e+02
    1.41891e-01     1.40967e+02
    1.42812e-01     1.39098e+02
    1.43740e-01     1.37213e+02
    1.44674e-01     1.35315e+02
    1.45614e-01     1.33409e+02
    1.46559e-01     1.31501e+02
    1.47511e-01     1.29595e+02
    1.48469e-01     1.27698e+02
    1.49434e-01     1.25815e+02
    1.50405e-01     1.23949e+02
    1.51381e-01     1.22105e+02
    1.52365e-01     1.20290e+02
    1.53354e-01     1.18507e+02
    1.54351e-01     1.16762e+02
    1.55353e-01     1.15058e+02
    1.56362e-01     1.13400e+02
    1.57378e-01     1.11789e+02
    1.58400e-01     1.10229e+02
    1.59429e-01     1.08723e+02
    1.60465e-01     1.07272e+02
    1.61507e-01     1.05879e+02
    1.62556e-01     1.04546e+02
    1.63612e-01     1.03271e+02
    1.64675e-01     1.02055e+02
    1.65744e-01     1.00896e+02
    1.66821e-01     9.97952e+01
    1.67905e-01     9.87510e+01
    1.68995e-01     9.77615e+01
    1.70093e-01     9.68241e+01
    1.71198e-01     9.59346e+01
    1.72310e-01     9.50901e+01
    1.73429e-01     9.42866e+01
    1.74556e-01     9.35215e+01
    1.75689e-01     9.27895e+01
    1.76831e-01     9.20869e+01
    1.77979e-01     9.14069e+01
    1.79135e-01     9.07459e+01
    1.80299e-01     9.00985e+01
    1.81470e-01     8.94595e+01
    1.82649e-01     8.88240e+01
    1.83835e-01     8.81868e+01
    1.85029e-01     8.75435e+01
    1.86231e-01     8.68893e+01
    1.87441e-01     8.62193e+01
    1.88658e-01     8.55295e+01
    1.89884e-01     8.48179e+01
    1.91117e-01     8.40808e+01
    1.92359e-01     8.33169e+01
    1.93608e-01     8.25221e+01
    1.94866e-01     8.16965e+01
    1.96131e-01     8.08393e+01
    1.97405e-01     7.99519e+01
    1.98688e-01     7.90348e+01
    1.99978e-01     7.80879e+01
    2.01277e-01     7.71133e+01
    2.02585e-01     7.61149e+01
    2.03901e-01     7.50955e+01
    2.05225e-01     7.40590e+01
    2.06558e-01     7.30090e+01
    2.07900e-01     7.19495e+01
    2.09250e-01     7.08852e+01
    2.10609e-01     6.98211e+01
    2.11977e-01     6.87618e+01
    2.13354e-01     6.77123e+01
    2.14740e-01     6.66764e+01
    2.16135e-01     6.56583e+01
    2.17539e-01     6.46624e+01
    2.18952e-01     6.36925e+01
    2.20374e-01     6.27523e+01
    2.21806e-01     6.18441e+01
    2.23246e-01     6.09693e+01
    2.24696e-01     6.01305e+01
    2.26156e-01     5.93290e+01
    2.27625e-01     5.85649e+01
    2.29104e-01     5.78377e+01
    2.30592e-01     5.71466e+01
    2.32089e-01     5.64905e+01
    2.33597e-01     5.58686e+01
    2.35114e-01     5.52774e+01
    2.36642e-01     5.47141e+01
    2.38179e-01     5.41755e+01
    2.39726e-01     5.36586e+01
    2.41283e-01     5.31594e+01
    2.42850e-01     5.26739e+01
    2.44428e-01     5.21979e+01
    2.46015e-01     5.17276e+01
    2.47613e-01     5.12590e+01
    2.49222e-01     5.07891e+01
    2.50841e-01     5.03137e+01
    2.52470e-01     4.98296e+01
    2.54110e-01     4.93346e+01
    2.55760e-01     4.88267e+01
    2.57422e-01     4.83047e+01
    2.59094e-01     4.77669e+01
    2.60777e-01     4.72133e+01
    2.62471e-01     4.66444e+01
    2.64176e-01     4.60609e+01
    2.65892e-01     4.54638e+01
    2.67619e-01     4.48553e+01
    2.69357e-01     4.42381e+01
    2.71107e-01     4.36145e+01
    2.72868e-01     4.29872e+01
    2.74640e-01     4.23598e+01
    2.76424e-01     4.17355e+01
    2.78219e-01     4.11173e+01
    2.80027e-01     4.05083e+01
    2.81846e-01     3.99112e+01
    2.83676e-01     3.93287e+01
    2.85519e-01     3.87632e+01
    2.87374e-01     3.82158e+01
    2.89240e-01     3.76879e+01
    2.91119e-01     3.71809e+01
    2.93010e-01     3.66945e+01
    2.94913e-01     3.62283e+01
    2.96829e-01     3.57818e+01
    2.98757e-01     3.53539e+01
    3.00698e-01     3.49427e+01
    3.02651e-01     3.45463e+01
    3.04617e-01     3.41629e+01
    3.06595e-01     3.37895e+01
    3.08587e-01     3.34239e+01
    3.10591e-01     3.30635e+01
    3.12609e-01     3.27061e+01
    3.14639e-01     3.23492e+01
    3.16683e-01     3.19906e+01
    3.18740e-01     3.16289e+01
    3.20810e-01     3.12629e+01
    3.22894e-01     3.08911e+01
    3.24992e-01     3.05135e+01
    3.27103e-01     3.01301e+01
    3.29227e-01     2.97410e+01
    3.31366e-01     2.93469e+01
    3.33518e-01     2.89491e+01
    3.35685e-01     2.85494e+01
    3.37865e-01     2.81491e+01
    3.40060e-01     2.77500e+01
    3.42269e-01     2.73540e+01
    3.44492e-01     2.69626e+01
    3.46729e-01     2.65778e+01
    3.48982e-01     2.62010e+01
    3.51248e-01     2.58334e+01
    3.53530e-01     2.54759e+01
    3.55826e-01     2.51289e+01
    3.58138e-01     2.47931e+01
    3.60464e-01     2.44680e+01
    3.62805e-01     2.41533e+01
    3.65162e-01     2.38482e+01
    3.67534e-01     2.35518e+01
    3.69921e-01     2.32627e+01
    3.72324e-01     2.29800e+01
    3.74743e-01     2.27019e+01
    3.77177e-01     2.24273e+01
    3.79627e-01     2.21550e+01
    3.82093e-01     2.18836e+01
    3.84574e-01     2.16125e+01
    3.87072e-01     2.13405e+01
    3.89587e-01     2.10676e+01
    3.92117e-01     2.07937e+01
    3.94664e-01     2.05184e+01
    3.97228e-01     2.02425e+01
    3.99808e-01     1.99666e+01
    4.02405e-01     1.96911e+01
    4.05019e-01     1.94170e+01
    4.07650e-01     1.91454e+01
    4.10298e-01     1.88773e+01
    4.12963e-01     1.86131e+01
    4.15645e-01     1.83538e+01
    4.18345e-01     1.80999e+01
    4.21062e-01     1.78516e+01
    4.23797e-01     1.76093e+01
    4.26550e-01     1.73728e+01
    4.29321e-01     1.71420e+01
    4.32110e-01     1.69164e+01
    4.34916e-01     1.66955e+01
    4.37741e-01     1.64786e+01
    4.40585e-01     1.62650e+01
    4.43447e-01     1.60544e+01
    4.46327e-01     1.58457e+01
    4.49226e-01     1.56388e+01
    4.52144e-01     1.54328e+01
    4.55081e-01     1.52278e+01
    4.58037e-01     1.50237e+01
    4.61012e-01     1.48202e+01
    4.64007e-01     1.46179e+01
    4.67021e-01     1.44165e+01
    4.70054e-01     1.42169e+01
    4.73108e-01     1.40194e+01
    4.76181e-01     1.38239e+01
    4.79274e-01     1.36313e+01
    4.82387e-01     1.34418e+01
    4.85520e-01     1.32557e+01
    4.88674e-01     1.30730e+01
    4.91848e-01     1.28938e+01
    4.95043e-01     1.27177e+01
    4.98259e-01     1.25450e+01
    5.01495e-01     1.23753e+01
    5.04753e-01     1.22081e+01
    5.08031e-01     1.20433e+01
    5.11331e-01     1.18805e+01
    5.14653e-01     1.17197e+01
    5.17995e-01     1.15603e+01
    5.21360e-01     1.14022e+01
    5.24747e-01     1.12456e+01
    5.28155e-01     1.10904e+01
    5.31586e-01     1.09366e+01
    5.35039e-01     1.07843e+01
    5.38514e-01     1.06337e+01
    5.42012e-01     1.04849e+01
    5.45533e-01     1.03381e+01
    5.49076e-01     1.01935e+01
    5.52643e-01     1.00511e+01
    5.56233e-01     9.91085e+00
    5.59846e-01     9.77300e+00
    5.63482e-01     9.63724e+00
    5.67142e-01     9.50357e+00
    5.70826e-01     9.37181e+00
    5.74534e-01     9.24196e+00
    5.78266e-01     9.11384e+00
    5.82022e-01     8.98712e+00
    5.85803e-01     8.86213e+00
    5.89608e-01     8.73836e+00
    5.93437e-01     8.61598e+00
    5.97292e-01     8.49501e+00
    6.01172e-01     8.37542e+00
    6.05077e-01     8.25738e+00
    6.09007e-01     8.14087e+00
    6.12963e-01     8.02591e+00
    6.16945e-01     7.91248e+00
    6.20952e-01     7.80080e+00
    6.24985e-01     7.69066e+00
    6.29045e-01     7.58208e+00
    6.33131e-01     7.47497e+00
    6.37244e-01     7.36934e+00
    6.41383e-01     7.26514e+00
    6.45549e-01     7.16237e+00
    6.49742e-01     7.06102e+00
    6.53963e-01     6.96104e+00
    6.58210e-01     6.86240e+00
    6.62486e-01     6.76509e+00
    6.66789e-01     6.66910e+00
    6.71120e-01     6.57439e+00
    6.75479e-01     6.48095e+00
    6.79867e-01     6.38874e+00
    6.84283e-01     6.29775e+00
    6.88728e-01     6.20799e+00
    6.93202e-01     6.11942e+00
    6.97704e-01     6.03203e+00
    7.02236e-01     5.94583e+00
    7.06798e-01     5.86078e+00
    7.11389e-01     5.77688e+00
    7.16010e-01     5.69411e+00
    7.20661e-01     5.61247e+00
    7.25342e-01     5.53194e+00
    7.30053e-01     5.45250e+00
    7.34795e-01     5.37415e+00
    7.39568e-01     5.29688e+00
    7.44372e-01     5.22066e+00
    7.49207e-01     5.14548e+00
    7.54074e-01     5.07135e+00
    7.58972e-01     4.99823e+00
    7.63902e-01     4.92611e+00
    7.68864e-01     4.85498e+00
    7.73858e-01     4.78483e+00
    7.78884e-01     4.71565e+00
    7.83944e-01     4.64743e+00
    7.89036e-01     4.58014e+00
    7.94161e-01     4.51378e+00
    7.99320e-01     4.44834e+00
    8.04512e-01     4.38380e+00
    8.09737e-01     4.32013e+00
    8.14997e-01     4.25736e+00
    8.20291e-01     4.19546e+00
    8.25619e-01     4.13442e+00
    8.30982e-01     4.07422e+00
    8.36380e-01     4.01486e+00
    8.41812e-01     3.95632e+00
    8.47280e-01     3.89860e+00
    8.52784e-01     3.84169e+00
    8.58323e-01     3.78557e+00
    8.63899e-01     3.73024e+00
    8.69510e-01     3.67567e+00
    8.75158e-01     3.62188e+00
    8.80843e-01     3.56883e+00
    8.86564e-01     3.51653e+00
    8.92323e-01     3.46496e+00
    8.98119e-01     3.41411e+00
    9.03953e-01     3.36400e+00
    9.09825e-01     3.31456e+00
    9.15734e-01     3.26584e+00
    9.21683e-01     3.21780e+00
    9.27669e-01     3.17043e+00
    9.33695e-01     3.12374e+00
    9.39760e-01     3.07770e+00
    9.45864e-01     3.03231e+00
    9.52008e-01     2.98756e+00
    9.58192e-01     2.94346e+00
    9.64416e-01     2.89996e+00
    9.70680e-01     2.85708e+00
    9.76985e-01     2.81483e+00
    9.83332e-01     2.77316e+00
    9.89719e-01     2.73209e+00
    9.96148e-01     2.69161e+00
    1.00262e+00     2.65170e+00
    1.00913e+00     2.61235e+00
    1.01569e+00     2.57358e+00
    1.02228e+00     2.53533e+00
    1.02892e+00     2.49764e+00
    1.03561e+00     2.46051e+00
    1.04233e+00     2.42389e+00
    1.04910e+00     2.38779e+00
    1.05592e+00     2.35222e+00
    1.06278e+00     2.31714e+00
    1.06968e+00     2.28256e+00
    1.07663e+00     2.24848e+00
    1.08362e+00     2.21489e+00
    1.09066e+00     2.18177e+00
    1.09775e+00     2.14915e+00
    1.10488e+00     2.11698e+00
    1.11205e+00     2.08527e+00
    1.11928e+00     2.05403e+00
    1.12655e+00     2.02324e+00
    1.13386e+00     1.99287e+00
    1.14123e+00     1.96296e+00
    1.14864e+00     1.93348e+00
    1.15610e+00     1.90443e+00
    1.16361e+00     1.87581e+00
    1.17117e+00     1.84760e+00
    1.17878e+00     1.81981e+00
    1.18643e+00     1.79241e+00
    1.19414e+00     1.76542e+00
    1.20190e+00     1.73882e+00
    1.20970e+00     1.71260e+00
    1.21756e+00     1.68678e+00
    1.22547e+00     1.66132e+00
    1.23343e+00     1.63624e+00
    1.24144e+00     1.61153e+00
    1.24951e+00     1.58719e+00
    1.25762e+00     1.56319e+00
    1.26579e+00     1.53954e+00
    1.27401e+00     1.51624e+00
    1.28229e+00     1.49330e+00
    1.29062e+00     1.47068e+00
    1.29900e+00     1.44838e+00
    1.30744e+00     1.42642e+00
    1.31593e+00     1.40476e+00
    1.32448e+00     1.38344e+00
    1.33308e+00     1.36242e+00
    1.34174e+00     1.34170e+00
    1.35046e+00     1.32130e+00
    1.35923e+00     1.30118e+00
    1.36806e+00     1.28136e+00
    1.37695e+00     1.26183e+00
    1.38589e+00     1.24259e+00
    1.39489e+00     1.22364e+00
    1.40395e+00     1.20496e+00
    1.41307e+00     1.18655e+00
    1.42225e+00     1.16843e+00
    1.43149e+00     1.15057e+00
    1.44079e+00     1.13298e+00
    1.45015e+00     1.11564e+00
    1.45956e+00     1.09856e+00
    1.46905e+00     1.08174e+00
    1.47859e+00     1.06517e+00
    1.48819e+00     1.04884e+00
    1.49786e+00     1.03276e+00
    1.50759e+00     1.01692e+00
    1.51738e+00     1.00130e+00
    1.52724e+00     9.85935e-01
    1.53716e+00     9.70790e-01
    1.54714e+00     9.55870e-01
    1.55719e+00     9.41179e-01
    1.56731e+00     9.26708e-01
    1.57749e+00     9.12448e-01
    1.58773e+00     8.98400e-01
    1.59805e+00     8.84573e-01
    1.60843e+00     8.70938e-01
    1.61887e+00     8.57511e-01
    1.62939e+00     8.44292e-01
    1.63997e+00     8.31262e-01
    1.65063e+00     8.18431e-01
    1.66135e+00     8.05786e-01
    1.67214e+00     7.93324e-01
    1.68300e+00     7.81060e-01
    1.69393e+00     7.68969e-01
    1.70494e+00     7.57069e-01
    1.71601e+00     7.45336e-01
    1.72716e+00     7.33785e-01
    1.73838e+00     7.22410e-01
    1.74967e+00     7.11203e-01
    1.76103e+00     7.00162e-01
    1.77247e+00     6.89292e-01
    1.78398e+00     6.78586e-01
    1.79557e+00     6.68041e-01
    1.80724e+00     6.57661e-01
    1.81897e+00     6.47433e-01
    1.83079e+00     6.37358e-01
    1.84268e+00     6.27443e-01
    1.85465e+00     6.17676e-01
    1.86670e+00     6.08056e-01
    1.87882e+00     5.98579e-01
    1.89103e+00     5.89257e-01
    1.90331e+00     5.80068e-01
    1.91567e+00     5.71016e-01
    1.92812e+00     5.62110e-01
    1.94064e+00     5.53335e-01
    1.95325e+00     5.44696e-01
    1.96593e+00     5.36188e-01
    1.97870e+00     5.27814e-01
    1.99156e+00     5.19560e-01
    2.00449e+00     5.11434e-01
    2.01751e+00     5.03433e-01
    2.03062e+00     4.95557e-01
    2.04381e+00     4.87794e-01
    2.05708e+00     4.80153e-01
    2.07045e+00     4.72629e-01
    2.08389e+00     4.65209e-01
    2.09743e+00     4.57911e-01
    2.11105e+00     4.50718e-01
    2.12477e+00     4.43640e-01
    2.13857e+00     4.36671e-01
    2.15246e+00     4.29807e-01
    2.16644e+00     4.23040e-01
    2.18051e+00     4.16383e-01
    2.19468e+00     4.09831e-01
    2.20893e+00     4.03372e-01
    2.22328e+00     3.97023e-01
    2.23772e+00     3.90762e-01
    2.25226e+00     3.84603e-01
    2.26689e+00     3.78537e-01
    2.28161e+00     3.72563e-01
    2.29643e+00     3.66684e-01
    2.31135e+00     3.60897e-01
    2.32636e+00     3.55195e-01
    2.34147e+00     3.49586e-01
    2.35668e+00     3.44061e-01
    2.37199e+00     3.38621e-01
    2.38740e+00     3.33271e-01
    2.40290e+00     3.27997e-01
    2.41851e+00     3.22808e-01
    2.43422e+00     3.17701e-01
    2.45003e+00     3.12670e-01
    2.46595e+00     3.07715e-01
    2.48197e+00     3.02842e-01
    2.49809e+00     2.98041e-01
    2.51431e+00     2.93315e-01
    2.53065e+00     2.88664e-01
    2.54708e+00     2.84082e-01
    2.56363e+00     2.79572e-01
    2.58028e+00     2.75132e-01
    2.59704e+00     2.70759e-01
    2.61391e+00     2.66455e-01
    2.63089e+00     2.62216e-01
    2.64798e+00     2.58043e-01
    2.66518e+00     2.53935e-01
    2.68249e+00     2.49890e-01
    2.69991e+00     2.45908e-01
    2.71745e+00     2.41989e-01
    2.73510e+00     2.38130e-01
    2.75287e+00     2.34332e-01
    2.77075e+00     2.30592e-01
    2.78875e+00     2.26912e-01
    2.80686e+00     2.23288e-01
    2.82509e+00     2.19722e-01
    2.84344e+00     2.16212e-01
    2.86191e+00     2.12756e-01
    2.88050e+00     2.09355e-01
    2.89921e+00     2.06008e-01
    2.91805e+00     2.02714e-01
    2.93700e+00     1.99470e-01
    2.95608e+00     1.96278e-01
    2.97528e+00     1.93136e-01
    2.99461e+00     1.90044e-01
    3.01406e+00     1.87001e-01
    3.03364e+00     1.84005e-01
    3.05334e+00     1.81056e-01
    3.07317e+00     1.78154e-01
    3.09314e+00     1.75298e-01
    3.11323e+00     1.72486e-01
    3.13345e+00     1.69719e-01
    3.15380e+00     1.66994e-01
    3.17429e+00     1.64313e-01
    3.19491e+00     1.61673e-01
    3.21566e+00     1.59075e-01
    3.23655e+00     1.56517e-01
    3.25757e+00     1.53999e-01
    3.27873e+00     1.51521e-01
    3.30003e+00     1.49081e-01
    3.32146e+00     1.46680e-01
    3.34304e+00     1.44316e-01
    3.36475e+00     1.41990e-01
    3.38661e+00     1.39700e-01
    3.40861e+00     1.37447e-01
    3.43075e+00     1.35229e-01
    3.45303e+00     1.33046e-01
    3.47546e+00     1.30898e-01
    3.49804e+00     1.28784e-01
    3.52076e+00     1.26703e-01
    3.54363e+00     1.24656e-01
    3.56664e+00     1.22641e-01
    3.58981e+00     1.20658e-01
    3.61313e+00     1.18707e-01
    3.63660e+00     1.16787e-01
    3.66022e+00     1.14898e-01
    3.68400e+00     1.13039e-01
    3.70793e+00     1.11209e-01
    3.73201e+00     1.09408e-01
    3.75625e+00     1.07637e-01
    3.78065e+00     1.05893e-01
    3.80521e+00     1.04178e-01
    3.82993e+00     1.02489e-01
    3.85480e+00     1.00828e-01
    3.87984e+00     9.91931e-02
    3.90504e+00     9.75839e-02
    3.93041e+00     9.60009e-02
    3.95594e+00     9.44426e-02
    3.98163e+00     9.29091e-02
    4.00750e+00     9.14001e-02
    4.03353e+00     8.99150e-02
    4.05973e+00     8.84531e-02
    4.08610e+00     8.70142e-02
    4.11264e+00     8.55987e-02
    4.13935e+00     8.42051e-02
    4.16624e+00     8.28339e-02
    4.19330e+00     8.14847e-02
    4.22054e+00     8.01568e-02
    4.24796e+00     7.88505e-02
    4.27555e+00     7.75646e-02
    4.30332e+00     7.62996e-02
    4.33127e+00     7.50550e-02
    4.35941e+00     7.38303e-02
    4.38772e+00     7.26252e-02
    4.41622e+00     7.14395e-02
    4.44491e+00     7.02730e-02
    4.47378e+00     6.91254e-02
    4.50284e+00     6.79960e-02
    4.53209e+00     6.68851e-02
    4.56153e+00     6.57921e-02
    4.59116e+00     6.47166e-02
    4.62098e+00     6.36588e-02
    4.65100e+00     6.26177e-02
    4.68121e+00     6.15937e-02
    4.71161e+00     6.05860e-02
    4.74222e+00     5.95947e-02
    4.77302e+00     5.86195e-02
    4.80403e+00     5.76601e-02
    4.83523e+00     5.67159e-02
    4.86664e+00     5.57870e-02
    4.89825e+00     5.48731e-02
    4.93007e+00     5.39736e-02
    4.96209e+00     5.30889e-02
    4.99432e+00     5.22181e-02
    5.02676e+00     5.13614e-02
    5.05941e+00     5.05183e-02
    5.09228e+00     4.96889e-02
    5.12535e+00     4.88725e-02
    5.15865e+00     4.80696e-02
    5.19215e+00     4.72793e-02
    5.22588e+00     4.65017e-02
    5.25983e+00     4.57370e-02
    5.29399e+00     4.49843e-02
    5.32838e+00     4.42440e-02
    5.36299e+00     4.35154e-02
    5.39782e+00     4.27990e-02
    5.43289e+00     4.20939e-02
    5.46818e+00     4.14005e-02
    5.50370e+00     4.07182e-02
    5.53944e+00     4.00471e-02
    5.57543e+00     3.93871e-02
    5.61164e+00     3.87375e-02
    5.64809e+00     3.80989e-02
    5.68478e+00     3.74703e-02
    5.72171e+00     3.68521e-02
    5.75887e+00     3.62442e-02
    5.79628e+00     3.56460e-02
    5.83393e+00     3.50579e-02
    5.87182e+00     3.44791e-02
    5.90996e+00     3.39097e-02
    5.94835e+00     3.33498e-02
    5.98699e+00     3.27989e-02
    6.02588e+00     3.22570e-02
    6.06502e+00     3.17240e-02
    6.10442e+00     3.11997e-02
    6.14407e+00     3.06839e-02
    6.18398e+00     3.01763e-02
    6.22414e+00     2.96771e-02
    6.26457e+00     2.91858e-02
    6.30527e+00     2.87026e-02
    6.34622e+00     2.82273e-02
    6.38744e+00     2.77595e-02
    6.42893e+00     2.72993e-02
    6.47069e+00     2.68467e-02
    6.51272e+00     2.64014e-02
    6.55503e+00     2.59634e-02
    6.59761e+00     2.55325e-02
    6.64046e+00     2.51084e-02
    6.68359e+00     2.46915e-02
    6.72701e+00     2.42814e-02
    6.77070e+00     2.38780e-02
    6.81468e+00     2.34813e-02
    6.85895e+00     2.30911e-02
    6.90350e+00     2.27074e-02
    6.94834e+00     2.23298e-02
    6.99348e+00     2.19586e-02
    7.03890e+00     2.15935e-02
    7.08462e+00     2.12344e-02
    7.13064e+00     2.08812e-02
    7.17696e+00     2.05336e-02
    7.22358e+00     2.01922e-02
    7.27050e+00     1.98560e-02
    7.31773e+00     1.95256e-02
    7.36526e+00     1.92004e-02
    7.41310e+00     1.88809e-02
    7.46125e+00     1.85664e-02
    7.50972e+00     1.82572e-02
    7.55850e+00     1.79531e-02
    7.60759e+00     1.76539e-02
    7.65701e+00     1.73597e-02
    7.70675e+00     1.70703e-02
    7.75680e+00     1.67856e-02
    7.80719e+00     1.65056e-02
    7.85790e+00     1.62301e-02
    7.90894e+00     1.59592e-02
    7.96032e+00     1.56925e-02
    8.01202e+00     1.54303e-02
    8.06407e+00     1.51726e-02
    8.11645e+00     1.49189e-02
    8.16917e+00     1.46694e-02
    8.22223e+00     1.44240e-02
    8.27564e+00     1.41827e-02
    8.32939e+00     1.39453e-02
    8.38350e+00     1.37118e-02
    8.43795e+00     1.34823e-02
    8.49276e+00     1.32565e-02
    8.54793e+00     1.30346e-02
    8.60345e+00     1.28163e-02
    8.65933e+00     1.26013e-02
    8.71558e+00     1.23903e-02
    8.77219e+00     1.21827e-02
    8.82917e+00     1.19785e-02
    8.88652e+00     1.17777e-02
    8.94425e+00     1.15803e-02
    9.00234e+00     1.13860e-02
    9.06082e+00     1.11952e-02
    9.11967e+00     1.10075e-02
    9.17891e+00     1.08227e-02
    9.23853e+00     1.06413e-02
    9.29854e+00     1.04627e-02
    9.35894e+00     1.02872e-02
    9.41973e+00     1.01145e-02
    9.48092e+00     9.94472e-03
    9.54250e+00     9.77773e-03
    9.60449e+00     9.61353e-03
    9.66687e+00     9.45202e-03
    9.72967e+00     9.29319e-03
    9.79287e+00     9.13696e-03
    9.85648e+00     8.98330e-03
    9.92050e+00     8.83217e-03
    9.98494e+00     8.68353e-03
    1.00498e+01     8.53736e-03
    1.01151e+01     8.39360e-03
    1.01808e+01     8.25221e-03
    1.02469e+01     8.11316e-03
    1.03135e+01     7.97647e-03
    1.03805e+01     7.84202e-03
    1.04479e+01     7.70979e-03
    1.05157e+01     7.57975e-03
    1.05841e+01     7.45198e-03
    1.06528e+01     7.32624e-03
    1.07220e+01     7.20266e-03
    1.07916e+01     7.08111e-03
    1.08617e+01     6.96163e-03
    1.09323e+01     6.84418e-03
    1.10033e+01     6.72864e-03
    1.10748e+01     6.61508e-03
    1.11467e+01     6.50341e-03
    1.12191e+01     6.39361e-03
    1.12920e+01     6.28567e-03
    1.13653e+01     6.17949e-03
    1.14392e+01     6.07518e-03
    1.15135e+01     5.97257e-03
    1.15883e+01     5.87168e-03
    1.16635e+01     5.77245e-03
    1.17393e+01     5.67493e-03
    1.18155e+01     5.57899e-03
    1.18923e+01     5.48470e-03
    1.19695e+01     5.39195e-03
    1.20473e+01     5.30076e-03
    1.21255e+01     5.21107e-03
    1.22043e+01     5.12290e-03
    1.22836e+01     5.03619e-03
    1.23634e+01     4.95090e-03
    1.24437e+01     4.86702e-03
    1.25245e+01     4.78453e-03
    1.26059e+01     4.70344e-03
    1.26877e+01     4.62365e-03
    1.27701e+01     4.54523e-03
    1.28531e+01     4.46815e-03
    1.29366e+01     4.39235e-03
    1.30206e+01     4.31778e-03
    1.31052e+01     4.24450e-03
    1.31903e+01     4.17244e-03
    1.32760e+01     4.10161e-03
    1.33622e+01     4.03195e-03
    1.34490e+01     3.96347e-03
    1.35364e+01     3.89616e-03
    1.36243e+01     3.82997e-03
    1.37128e+01     3.76492e-03
    1.38019e+01     3.70096e-03
    1.38915e+01     3.63806e-03
    1.39818e+01     3.57625e-03
    1.40726e+01     3.51548e-03
    1.41640e+01     3.45573e-03
    1.42560e+01     3.39698e-03
    1.43486e+01     3.33924e-03
    1.44418e+01     3.28248e-03
    1.45356e+01     3.22666e-03
    1.46300e+01     3.17179e-03
    1.47251e+01     3.11785e-03
    1.48207e+01     3.06481e-03
    1.49170e+01     3.01267e-03
    1.50139e+01     2.96139e-03
    1.51114e+01     2.91098e-03
    1.52095e+01     2.86140e-03
    1.53083e+01     2.81266e-03
    1.54078e+01     2.76474e-03
    1.55079e+01     2.71761e-03
    1.56086e+01     2.67127e-03
    1.57100e+01     2.62571e-03
    1.58120e+01     2.58091e-03
    1.59147e+01     2.53686e-03
    1.60181e+01     2.49356e-03
    1.61221e+01     2.45099e-03
    1.62269e+01     2.40915e-03
    1.63323e+01     2.36801e-03
    1.64384e+01     2.32756e-03
    1.65451e+01     2.28780e-03
    1.66526e+01     2.24871e-03
    1.67608e+01     2.21029e-03
    1.68696e+01     2.17252e-03
    1.69792e+01     2.13539e-03
    1.70895e+01     2.09889e-03
    1.72005e+01     2.06302e-03
    1.73122e+01     2.02776e-03
    1.74247e+01     1.99310e-03
    1.75379e+01     1.95903e-03
    1.76518e+01     1.92553e-03
    1.77665e+01     1.89261e-03
    1.78819e+01     1.86024e-03
    1.79980e+01     1.82843e-03
    1.81149e+01     1.79716e-03
    1.82326e+01     1.76642e-03
    1.83510e+01     1.73620e-03
    1.84702e+01     1.70649e-03
    1.85902e+01     1.67728e-03
    1.87109e+01     1.64857e-03
    1.88325e+01     1.62034e-03
    1.89548e+01     1.59259e-03
    1.90779e+01     1.56531e-03
    1.92019e+01     1.53848e-03
    1.93266e+01     1.51211e-03
    1.94521e+01     1.48617e-03
    1.95785e+01     1.46068e-03
    1.97056e+01     1.43562e-03
    1.98336e+01     1.41098e-03
    1.99625e+01     1.38676e-03
    2.00921e+01     1.36295e-03
    2.02226e+01     1.33954e-03
    2.03540e+01     1.31653e-03
    2.04862e+01     1.29392e-03
    2.06193e+01     1.27168e-03
    2.07532e+01     1.24983e-03
    2.08880e+01     1.22835e-03
    2.10237e+01     1.20725e-03
    2.11603e+01     1.18650e-03
    2.12977e+01     1.16610e-03
    2.14360e+01     1.14606e-03
    2.15753e+01     1.12636e-03
    2.17154e+01     1.10699e-03
    2.18565e+01     1.08796e-03
    2.19985e+01     1.06926e-03
    2.21413e+01     1.05087e-03
    2.22852e+01     1.03280e-03
    2.24299e+01     1.01504e-03
    2.25756e+01     9.97581e-04
    2.27223e+01     9.80425e-04
    2.28698e+01     9.63553e-04
    2.30184e+01     9.46977e-04
    2.31679e+01     9.30677e-04
    2.33184e+01     9.14663e-04
    2.34699e+01     8.98914e-04
    2.36223e+01     8.83435e-04
    2.37758e+01     8.68222e-04
    2.39302e+01     8.53254e-04
    2.40856e+01     8.38545e-04
    2.42421e+01     8.24086e-04
    2.43996e+01     8.09881e-04
    2.45580e+01     7.95906e-04
    2.47176e+01     7.82170e-04
    2.48781e+01     7.68670e-04
    2.50397e+01     7.55402e-04
    2.52024e+01     7.42354e-04
    2.53661e+01     7.29541e-04
    2.55308e+01     7.16934e-04
    2.56967e+01     7.04555e-04
    2.58636e+01     6.92378e-04
    2.60316e+01     6.80414e-04
    2.62007e+01     6.68662e-04
    2.63709e+01     6.57110e-04
    2.65421e+01     6.45746e-04
    2.67146e+01     6.34594e-04
    2.68881e+01     6.23628e-04
    2.70627e+01     6.12847e-04
    2.72385e+01     6.02255e-04
    2.74154e+01     5.91837e-04
    2.75935e+01     5.81613e-04
    2.77728e+01     5.71555e-04
    2.79532e+01     5.61676e-04
    2.81347e+01     5.51960e-04
    2.83175e+01     5.42416e-04
    2.85014e+01     5.33041e-04
    2.86866e+01     5.23819e-04
    2.88729e+01     5.14754e-04
    2.90604e+01     5.05847e-04
    2.92492e+01     4.97099e-04
    2.94392e+01     4.88491e-04
    2.96304e+01     4.80037e-04
    2.98229e+01     4.71722e-04
    3.00166e+01     4.63544e-04
    3.02116e+01     4.55511e-04
    3.04078e+01     4.47612e-04
    3.06053e+01     4.39849e-04
    3.08041e+01     4.32220e-04
    3.10042e+01     4.24724e-04
    3.12056e+01     4.17353e-04
    3.14083e+01     4.10105e-04
    3.16123e+01     4.02988e-04
    3.18176e+01     3.95992e-04
    3.20243e+01     3.89119e-04
    3.22323e+01     3.82359e-04
    3.24417e+01     3.75719e-04
    3.26524e+01     3.69190e-04
    3.28645e+01     3.62779e-04
    3.30780e+01     3.56478e-04
    3.32929e+01     3.50285e-04
    3.35091e+01     3.44200e-04
    3.37268e+01     3.38220e-04
    3.39458e+01     3.32343e-04
    3.41663e+01     3.26568e-04
    3.43883e+01     3.20894e-04
    3.46116e+01     3.15317e-04
    3.48365e+01     3.09838e-04
    3.50627e+01     3.04453e-04
    3.52905e+01     2.99161e-04
    3.55197e+01     2.93961e-04
    3.57505e+01     2.88851e-04
    3.59827e+01     2.83829e-04
    3.62164e+01     2.78893e-04
    3.64516e+01     2.74041e-04
    3.66884e+01     2.69273e-04
    3.69267e+01     2.64587e-04
    3.71666e+01     2.59981e-04
    3.74080e+01     2.55454e-04
    3.76510e+01     2.51004e-04
    3.78956e+01     2.46631e-04
    3.81417e+01     2.42331e-04
    3.83895e+01     2.38107e-04
    3.86388e+01     2.33954e-04
    3.88898e+01     2.29874e-04
    3.91424e+01     2.25864e-04
    3.93967e+01     2.21923e-04
    3.96526e+01     2.18051e-04
    3.99101e+01     2.14245e-04
    4.01694e+01     2.10506e-04
    4.04303e+01     2.06830e-04
    4.06929e+01     2.03220e-04
    4.09572e+01     1.99672e-04
    4.12233e+01     1.96185e-04
    4.14910e+01     1.92760e-04
    4.17605e+01     1.89393e-04
    4.20318e+01     1.86086e-04
    4.23048e+01     1.82836e-04
    4.25796e+01     1.79643e-04
    4.28562e+01     1.76505e-04
    4.31346e+01     1.73422e-04
    4.34147e+01     1.70392e-04
    4.36968e+01     1.67416e-04
    4.39806e+01     1.64491e-04
    4.42663e+01     1.61617e-04
    4.45538e+01     1.58792e-04
    4.48432e+01     1.56017e-04
    4.51345e+01     1.53289e-04
    4.54277e+01     1.50609e-04
    4.57227e+01     1.47975e-04
    4.60197e+01     1.45386e-04
    4.63186e+01     1.42842e-04
    4.66195e+01     1.40341e-04
    4.69223e+01     1.37883e-04
    4.72271e+01     1.35468e-04
    4.75339e+01     1.33094e-04
    4.78426e+01     1.30761e-04
    4.81534e+01     1.28469e-04
    4.84662e+01     1.26216e-04
    4.87810e+01     1.24001e-04
    4.90979e+01     1.21826e-04
    4.94168e+01     1.19688e-04
    4.97378e+01     1.17588e-04
    5.00608e+01     1.15524e-04
    5.03860e+01     1.13496e-04
    5.07133e+01     1.11504e-04
    5.10427e+01     1.09546e-04
    5.13743e+01     1.07623e-04
    5.17080e+01     1.05733e-04
    5.20438e+01     1.03877e-04
    5.23819e+01     1.02053e-04
    5.27221e+01     1.00261e-04
    5.30646e+01     9.85003e-05
    5.34093e+01     9.67708e-05
    5.37562e+01     9.50717e-05
    5.41054e+01     9.34019e-05
    5.44568e+01     9.17617e-05
    5.48106e+01     9.01505e-05
    5.51666e+01     8.85670e-05
    5.55249e+01     8.70115e-05
    5.58856e+01     8.54831e-05
    5.62486e+01     8.39814e-05
    5.66140e+01     8.25059e-05
    5.69817e+01     8.10563e-05
    5.73518e+01     7.96317e-05
    5.77244e+01     7.82319e-05
    5.80993e+01     7.68565e-05
    5.84767e+01     7.55048e-05
    5.88565e+01     7.41765e-05
    5.92388e+01     7.28714e-05
    5.96236e+01     7.15889e-05
    6.00109e+01     7.03290e-05
    6.04007e+01     6.90910e-05
    6.07930e+01     6.78743e-05
    6.11879e+01     6.66789e-05
    6.15854e+01     6.55046e-05
    6.19854e+01     6.43503e-05
    6.23880e+01     6.32164e-05
    6.27933e+01     6.21024e-05
    6.32012e+01     6.10080e-05
    6.36117e+01     5.99324e-05
    6.40249e+01     5.88759e-05
    6.44408e+01     5.78378e-05
    6.48593e+01     5.68173e-05
    6.52806e+01     5.58150e-05
    6.57047e+01     5.48302e-05
    6.61315e+01     5.38626e-05
    6.65610e+01     5.29116e-05
    6.69934e+01     5.19773e-05
    6.74285e+01     5.10591e-05
    6.78665e+01     5.01565e-05
    6.83073e+01     4.92698e-05
    6.87510e+01     4.83986e-05
    6.91976e+01     4.75419e-05
    6.96471e+01     4.67005e-05
    7.00995e+01     4.58730e-05
    7.05548e+01     4.50599e-05
    7.10131e+01     4.42605e-05
    7.14744e+01     4.34745e-05
    7.19386e+01     4.27022e-05
    7.24059e+01     4.19427e-05
    7.28762e+01     4.11959e-05
    7.33496e+01     4.04619e-05
    7.38261e+01     3.97401e-05
    7.43056e+01     3.90307e-05
    7.47883e+01     3.83338e-05
    7.52740e+01     3.76485e-05
    7.57630e+01     3.69756e-05
    7.62551e+01     3.63141e-05
    7.67504e+01     3.56643e-05
    7.72490e+01     3.50259e-05
    7.77507e+01     3.43987e-05
    7.82558e+01     3.37831e-05
    7.87641e+01     3.31782e-05
    7.92757e+01     3.25843e-05
    7.97906e+01     3.20014e-05
    8.03089e+01     3.14290e-05
    8.08306e+01     3.08671e-05
    8.13556e+01     3.03158e-05
    8.18841e+01     2.97746e-05
    8.24160e+01     2.92432e-05
    8.29513e+01     2.87223e-05
    8.34901e+01     2.82109e-05
    8.40324e+01     2.77094e-05
    8.45783e+01     2.72172e-05
    8.51276e+01     2.67346e-05
    8.56806e+01     2.62614e-05
    8.62371e+01     2.57976e-05
    8.67973e+01     2.53425e-05
    8.73611e+01     2.48966e-05
    8.79285e+01     2.44593e-05
    8.84997e+01     2.40311e-05
    8.90745e+01     2.36110e-05
    8.96531e+01     2.31998e-05
    9.02355e+01     2.27967e-05
    9.08216e+01     2.24017e-05
    9.14115e+01     2.20149e-05
    9.20053e+01     2.16357e-05
    9.26029e+01     2.12638e-05
    9.32044e+01     2.08991e-05
    9.38099e+01     2.05414e-05
    9.44192e+01     2.01902e-05
    9.50325e+01     1.98453e-05
    9.56498e+01     1.95065e-05
    9.62711e+01     1.91735e-05
    9.68964e+01     1.88461e-05
    9.75258e+01     1.85242e-05
    9.81593e+01     1.82073e-05
    9.87969e+01     1.78952e-05
    9.94386e+01     1.75876e-05
    1.00085e+02     1.72849e-05
    1.00735e+02     1.69859e-05
    1.01389e+02     1.66911e-05
    1.02048e+02     1.64000e-05
    1.02710e+02     1.61124e-05
    1.03378e+02     1.58283e-05
    1.04049e+02     1.55471e-05
    1.04725e+02     1.52689e-05
    1.05405e+02     1.49936e-05
    1.06090e+02     1.47208e-05
    1.06779e+02     1.44504e-05
    1.07473e+02     1.41822e-05
    1.08171e+02     1.39158e-05
    1.08873e+02     1.36514e-05
    1.09580e+02     1.33887e-05
    1.10292e+02     1.31275e-05
    1.11009e+02     1.28678e-05
    1.11730e+02     1.26092e-05
