    1.05035e-05     5.44048e+00
    1.05717e-05     5.47443e+00
    1.06404e-05     5.50862e+00
    1.07095e-05     5.54299e+00
    1.07791e-05     5.57761e+00
    1.08491e-05     5.61242e+00
    1.09196e-05     5.64747e+00
    1.09905e-05     5.68270e+00
    1.10619e-05     5.71818e+00
    1.11337e-05     5.75385e+00
    1.12060e-05     5.78975e+00
    1.12788e-05     5.82590e+00
    1.13521e-05     5.86228e+00
    1.14258e-05     5.89886e+00
    1.15001e-05     5.93572e+00
    1.15748e-05     5.97277e+00
    1.16499e-05     6.01001e+00
    1.17256e-05     6.04754e+00
    1.18018e-05     6.08531e+00
    1.18784e-05     6.12326e+00
    1.19556e-05     6.16151e+00
    1.20332e-05     6.19994e+00
    1.21114e-05     6.23866e+00
    1.21901e-05     6.27762e+00
    1.22693e-05     6.31681e+00
    1.23490e-05     6.35624e+00
    1.24292e-05     6.39591e+00
    1.25099e-05     6.43582e+00
    1.25912e-05     6.47601e+00
    1.26730e-05     6.51644e+00
    1.27553e-05     6.55711e+00
    1.28381e-05     6.59801e+00
    1.29215e-05     6.63920e+00
    1.30054e-05     6.68063e+00
    1.30899e-05     6.72234e+00
    1.31749e-05     6.76429e+00
    1.32605e-05     6.80653e+00
    1.33467e-05     6.84905e+00
    1.34334e-05     6.89180e+00
    1.35206e-05     6.93479e+00
    1.36084e-05     6.97807e+00
    1.36968e-05     7.02163e+00
    1.37858e-05     7.06547e+00
    1.38753e-05     7.10955e+00
    1.39655e-05     7.15397e+00
    1.40562e-05     7.19862e+00
    1.41475e-05     7.24355e+00
    1.42394e-05     7.28877e+00
    1.43319e-05     7.33427e+00
    1.44250e-05     7.38005e+00
    1.45187e-05     7.42612e+00
    1.46130e-05     7.47247e+00
    1.47079e-05     7.51910e+00
    1.48034e-05     7.56602e+00
    1.48996e-05     7.61327e+00
    1.49964e-05     7.66080e+00
    1.50938e-05     7.70862e+00
    1.51918e-05     7.75671e+00
    1.52905e-05     7.80514e+00
    1.53898e-05     7.85385e+00
    1.54898e-05     7.90289e+00
    1.55904e-05     7.95222e+00
    1.56917e-05     8.00187e+00
    1.57936e-05     8.05181e+00
    1.58962e-05     8.10207e+00
    1.59994e-05     8.15262e+00
    1.61034e-05     8.20355e+00
    1.62080e-05     8.25475e+00
    1.63132e-05     8.30624e+00
    1.64192e-05     8.35811e+00
    1.65259e-05     8.41030e+00
    1.66332e-05     8.46278e+00
    1.67412e-05     8.51558e+00
    1.68500e-05     8.56877e+00
    1.69594e-05     8.62223e+00
    1.70696e-05     8.67607e+00
    1.71805e-05     8.73024e+00
    1.72921e-05     8.78473e+00
    1.74044e-05     8.83956e+00
    1.75174e-05     8.89471e+00
    1.76312e-05     8.95024e+00
    1.77458e-05     9.00614e+00
    1.78610e-05     9.06233e+00
    1.79770e-05     9.11889e+00
    1.80938e-05     9.17582e+00
    1.82113e-05     9.23309e+00
    1.83296e-05     9.29072e+00
    1.84487e-05     9.34874e+00
    1.85685e-05     9.40707e+00
    1.86891e-05     9.46579e+00
    1.88105e-05     9.52488e+00
    1.89327e-05     9.58434e+00
    1.90557e-05     9.64418e+00
    1.91795e-05     9.70439e+00
    1.93041e-05     9.76497e+00
    1.94294e-05     9.82588e+00
    1.95557e-05     9.88726e+00
    1.96827e-05     9.94897e+00
    1.98105e-05     1.00110e+01
    1.99392e-05     1.00735e+01
    2.00687e-05     1.01364e+01
    2.01991e-05     1.01997e+01
    2.03303e-05     1.02634e+01
    2.04623e-05     1.03274e+01
    2.05953e-05     1.03919e+01
    2.07290e-05     1.04567e+01
    2.08637e-05     1.05220e+01
    2.09992e-05     1.05877e+01
    2.11356e-05     1.06538e+01
    2.12729e-05     1.07203e+01
    2.14111e-05     1.07872e+01
    2.15501e-05     1.08545e+01
    2.16901e-05     1.09223e+01
    2.18310e-05     1.09904e+01
    2.19728e-05     1.10590e+01
    2.21155e-05     1.11280e+01
    2.22592e-05     1.11975e+01
    2.24038e-05     1.12674e+01
    2.25493e-05     1.13377e+01
    2.26958e-05     1.14085e+01
    2.28432e-05     1.14797e+01
    2.29916e-05     1.15514e+01
    2.31409e-05     1.16234e+01
    2.32912e-05     1.16960e+01
    2.34425e-05     1.17690e+01
    2.35948e-05     1.18425e+01
    2.37481e-05     1.19164e+01
    2.39023e-05     1.19907e+01
    2.40576e-05     1.20656e+01
    2.42138e-05     1.21409e+01
    2.43711e-05     1.22167e+01
    2.45294e-05     1.22929e+01
    2.46888e-05     1.23697e+01
    2.48491e-05     1.24469e+01
    2.50105e-05     1.25246e+01
    2.51730e-05     1.26028e+01
    2.53365e-05     1.26815e+01
    2.55011e-05     1.27606e+01
    2.56667e-05     1.28403e+01
    2.58334e-05     1.29204e+01
    2.60012e-05     1.30011e+01
    2.61701e-05     1.30822e+01
    2.63401e-05     1.31639e+01
    2.65112e-05     1.32461e+01
    2.66834e-05     1.33288e+01
    2.68567e-05     1.34120e+01
    2.70312e-05     1.34957e+01
    2.72068e-05     1.35800e+01
    2.73835e-05     1.36647e+01
    2.75614e-05     1.37500e+01
    2.77404e-05     1.38358e+01
    2.79206e-05     1.39222e+01
    2.81019e-05     1.40091e+01
    2.82845e-05     1.40965e+01
    2.84682e-05     1.41845e+01
    2.86531e-05     1.42730e+01
    2.88392e-05     1.43621e+01
    2.90266e-05     1.44518e+01
    2.92151e-05     1.45419e+01
    2.94049e-05     1.46327e+01
    2.95959e-05     1.47240e+01
    2.97881e-05     1.48159e+01
    2.99816e-05     1.49084e+01
    3.01764e-05     1.50015e+01
    3.03724e-05     1.50951e+01
    3.05697e-05     1.51893e+01
    3.07682e-05     1.52841e+01
    3.09681e-05     1.53795e+01
    3.11692e-05     1.54755e+01
    3.13717e-05     1.55721e+01
    3.15755e-05     1.56693e+01
    3.17806e-05     1.57671e+01
    3.19870e-05     1.58655e+01
    3.21948e-05     1.59646e+01
    3.24039e-05     1.60642e+01
    3.26144e-05     1.61645e+01
    3.28262e-05     1.62654e+01
    3.30395e-05     1.63669e+01
    3.32541e-05     1.64691e+01
    3.34701e-05     1.65719e+01
    3.36875e-05     1.66753e+01
    3.39063e-05     1.67794e+01
    3.41265e-05     1.68841e+01
    3.43482e-05     1.69895e+01
    3.45713e-05     1.70956e+01
    3.47959e-05     1.72023e+01
    3.50219e-05     1.73097e+01
    3.52494e-05     1.74177e+01
    3.54783e-05     1.75264e+01
    3.57088e-05     1.76358e+01
    3.59407e-05     1.77458e+01
    3.61742e-05     1.78566e+01
    3.64092e-05     1.79681e+01
    3.66457e-05     1.80802e+01
    3.68837e-05     1.81931e+01
    3.71233e-05     1.83066e+01
    3.73644e-05     1.84208e+01
    3.76071e-05     1.85358e+01
    3.78514e-05     1.86515e+01
    3.80973e-05     1.87680e+01
    3.83447e-05     1.88851e+01
    3.85938e-05     1.90030e+01
    3.88445e-05     1.91216e+01
    3.90968e-05     1.92410e+01
    3.93507e-05     1.93611e+01
    3.96064e-05     1.94820e+01
    3.98636e-05     1.96035e+01
    4.01226e-05     1.97259e+01
    4.03832e-05     1.98490e+01
    4.06455e-05     1.99729e+01
    4.09095e-05     2.00976e+01
    4.11752e-05     2.02230e+01
    4.14427e-05     2.03493e+01
    4.17119e-05     2.04763e+01
    4.19828e-05     2.06041e+01
    4.22555e-05     2.07327e+01
    4.25300e-05     2.08621e+01
    4.28062e-05     2.09923e+01
    4.30843e-05     2.11234e+01
    4.33642e-05     2.12552e+01
    4.36458e-05     2.13878e+01
    4.39293e-05     2.15214e+01
    4.42147e-05     2.16557e+01
    4.45019e-05     2.17908e+01
    4.47909e-05     2.19268e+01
    4.50819e-05     2.20637e+01
    4.53747e-05     2.22014e+01
    4.56694e-05     2.23399e+01
    4.59661e-05     2.24794e+01
    4.62647e-05     2.26197e+01
    4.65652e-05     2.27609e+01
    4.68677e-05     2.29030e+01
    4.71721e-05     2.30459e+01
    4.74785e-05     2.31897e+01
    4.77869e-05     2.33345e+01
    4.80973e-05     2.34801e+01
    4.84097e-05     2.36267e+01
    4.87242e-05     2.37741e+01
    4.90406e-05     2.39225e+01
    4.93592e-05     2.40718e+01
    4.96798e-05     2.42220e+01
    5.00025e-05     2.43732e+01
    5.03273e-05     2.45254e+01
    5.06542e-05     2.46784e+01
    5.09832e-05     2.48325e+01
    5.13144e-05     2.49874e+01
    5.16477e-05     2.51433e+01
    5.19832e-05     2.53003e+01
    5.23208e-05     2.54581e+01
    5.26607e-05     2.56170e+01
    5.30028e-05     2.57770e+01
    5.33470e-05     2.59378e+01
    5.36936e-05     2.60997e+01
    5.40423e-05     2.62625e+01
    5.43934e-05     2.64265e+01
    5.47467e-05     2.65913e+01
    5.51023e-05     2.67573e+01
    5.54602e-05     2.69243e+01
    5.58205e-05     2.70923e+01
    5.61830e-05     2.72614e+01
    5.65480e-05     2.74315e+01
    5.69153e-05     2.76028e+01
    5.72850e-05     2.77750e+01
    5.76571e-05     2.79484e+01
    5.80316e-05     2.81228e+01
    5.84085e-05     2.82983e+01
    5.87879e-05     2.84749e+01
    5.91698e-05     2.86527e+01
    5.95541e-05     2.88315e+01
    5.99410e-05     2.90115e+01
    6.03303e-05     2.91925e+01
    6.07222e-05     2.93748e+01
    6.11166e-05     2.95581e+01
    6.15136e-05     2.97426e+01
    6.19132e-05     2.99282e+01
    6.23153e-05     3.01150e+01
    6.27201e-05     3.03030e+01
    6.31275e-05     3.04921e+01
    6.35376e-05     3.06824e+01
    6.39503e-05     3.08739e+01
    6.43657e-05     3.10666e+01
    6.47838e-05     3.12605e+01
    6.52046e-05     3.14555e+01
    6.56281e-05     3.16519e+01
    6.60544e-05     3.18494e+01
    6.64835e-05     3.20481e+01
    6.69153e-05     3.22481e+01
    6.73499e-05     3.24494e+01
    6.77874e-05     3.26519e+01
    6.82277e-05     3.28556e+01
    6.86709e-05     3.30606e+01
    6.91170e-05     3.32670e+01
    6.95659e-05     3.34745e+01
    7.00178e-05     3.36834e+01
    7.04726e-05     3.38936e+01
    7.09304e-05     3.41051e+01
    7.13911e-05     3.43179e+01
    7.18548e-05     3.45321e+01
    7.23215e-05     3.47475e+01
    7.27913e-05     3.49644e+01
    7.32641e-05     3.51825e+01
    7.37400e-05     3.54021e+01
    7.42190e-05     3.56230e+01
    7.47011e-05     3.58453e+01
    7.51863e-05     3.60690e+01
    7.56747e-05     3.62940e+01
    7.61663e-05     3.65205e+01
    7.66610e-05     3.67484e+01
    7.71589e-05     3.69777e+01
    7.76601e-05     3.72085e+01
    7.81646e-05     3.74407e+01
    7.86723e-05     3.76743e+01
    7.91833e-05     3.79094e+01
    7.96977e-05     3.81460e+01
    8.02153e-05     3.83839e+01
    8.07364e-05     3.86235e+01
    8.12608e-05     3.88645e+01
    8.17886e-05     3.91070e+01
    8.23199e-05     3.93510e+01
    8.28546e-05     3.95966e+01
    8.33928e-05     3.98437e+01
    8.39345e-05     4.00924e+01
    8.44797e-05     4.03426e+01
    8.50284e-05     4.05943e+01
    8.55807e-05     4.08476e+01
    8.61366e-05     4.11025e+01
    8.66961e-05     4.13590e+01
    8.72593e-05     4.16171e+01
    8.78261e-05     4.18768e+01
    8.83966e-05     4.21382e+01
    8.89707e-05     4.24011e+01
    8.95487e-05     4.26657e+01
    9.01303e-05     4.29318e+01
    9.07158e-05     4.31998e+01
    9.13050e-05     4.34693e+01
    9.18981e-05     4.37406e+01
    9.24950e-05     4.40134e+01
    9.30958e-05     4.42881e+01
    9.37005e-05     4.45644e+01
    9.43092e-05     4.48425e+01
    9.49218e-05     4.51222e+01
    9.55383e-05     4.54037e+01
    9.61589e-05     4.56870e+01
    9.67835e-05     4.59720e+01
    9.74122e-05     4.62588e+01
    9.80449e-05     4.65474e+01
    9.86818e-05     4.68378e+01
    9.93228e-05     4.71300e+01
    9.99679e-05     4.74240e+01
    1.00617e-04     4.77197e+01
    1.01271e-04     4.80176e+01
    1.01929e-04     4.83173e+01
    1.02591e-04     4.86187e+01
    1.03257e-04     4.89218e+01
    1.03928e-04     4.92272e+01
    1.04603e-04     4.95343e+01
    1.05282e-04     4.98432e+01
    1.05966e-04     5.01542e+01
    1.06655e-04     5.04674e+01
    1.07347e-04     5.07819e+01
    1.08045e-04     5.10990e+01
    1.08746e-04     5.14175e+01
    1.09453e-04     5.17385e+01
    1.10164e-04     5.20613e+01
    1.10879e-04     5.23859e+01
    1.11599e-04     5.27126e+01
    1.12324e-04     5.30415e+01
    1.13054e-04     5.33725e+01
    1.13788e-04     5.37053e+01
    1.14527e-04     5.40403e+01
    1.15271e-04     5.43774e+01
    1.16020e-04     5.47167e+01
    1.16774e-04     5.50581e+01
    1.17532e-04     5.54014e+01
    1.18296e-04     5.57472e+01
    1.19064e-04     5.60947e+01
    1.19837e-04     5.64444e+01
    1.20616e-04     5.67967e+01
    1.21399e-04     5.71508e+01
    1.22188e-04     5.75074e+01
    1.22982e-04     5.78662e+01
    1.23780e-04     5.82267e+01
    1.24584e-04     5.85899e+01
    1.25394e-04     5.89556e+01
    1.26208e-04     5.93232e+01
    1.27028e-04     5.96932e+01
    1.27853e-04     6.00655e+01
    1.28684e-04     6.04403e+01
    1.29519e-04     6.08169e+01
    1.30361e-04     6.11966e+01
    1.31208e-04     6.15783e+01
    1.32060e-04     6.19622e+01
    1.32918e-04     6.23488e+01
    1.33781e-04     6.27374e+01
    1.34650e-04     6.31287e+01
    1.35525e-04     6.35226e+01
    1.36405e-04     6.39186e+01
    1.37291e-04     6.43172e+01
    1.38183e-04     6.47185e+01
    1.39080e-04     6.51219e+01
    1.39984e-04     6.55282e+01
    1.40893e-04     6.59367e+01
    1.41808e-04     6.63480e+01
    1.42729e-04     6.67617e+01
    1.43656e-04     6.71780e+01
    1.44589e-04     6.75968e+01
    1.45529e-04     6.80187e+01
    1.46474e-04     6.84428e+01
    1.47425e-04     6.88694e+01
    1.48383e-04     6.92990e+01
    1.49347e-04     6.97311e+01
    1.50317e-04     7.01659e+01
    1.51293e-04     7.06033e+01
    1.52276e-04     7.10436e+01
    1.53265e-04     7.14866e+01
    1.54261e-04     7.19324e+01
    1.55263e-04     7.23808e+01
    1.56271e-04     7.28320e+01
    1.57286e-04     7.32860e+01
    1.58308e-04     7.37430e+01
    1.59336e-04     7.42026e+01
    1.60371e-04     7.46652e+01
    1.61413e-04     7.51308e+01
    1.62461e-04     7.55989e+01
    1.63517e-04     7.60704e+01
    1.64579e-04     7.65446e+01
    1.65648e-04     7.70217e+01
    1.66724e-04     7.75019e+01
    1.67807e-04     7.79849e+01
    1.68897e-04     7.84711e+01
    1.69994e-04     7.89602e+01
    1.71098e-04     7.94522e+01
    1.72209e-04     7.99474e+01
    1.73328e-04     8.04458e+01
    1.74454e-04     8.09473e+01
    1.75587e-04     8.14517e+01
    1.76728e-04     8.19597e+01
    1.77875e-04     8.24701e+01
    1.79031e-04     8.29843e+01
    1.80194e-04     8.35015e+01
    1.81364e-04     8.40218e+01
    1.82542e-04     8.45454e+01
    1.83728e-04     8.50724e+01
    1.84921e-04     8.56024e+01
    1.86123e-04     8.61363e+01
    1.87332e-04     8.66731e+01
    1.88548e-04     8.72127e+01
    1.89773e-04     8.77563e+01
    1.91006e-04     8.83034e+01
    1.92246e-04     8.88532e+01
    1.93495e-04     8.94071e+01
    1.94752e-04     8.99641e+01
    1.96017e-04     9.05246e+01
    1.97290e-04     9.10886e+01
    1.98572e-04     9.16563e+01
    1.99862e-04     9.22274e+01
    2.01160e-04     9.28019e+01
    2.02467e-04     9.33802e+01
    2.03782e-04     9.39619e+01
    2.05105e-04     9.45468e+01
    2.06438e-04     9.51362e+01
    2.07779e-04     9.57289e+01
    2.09128e-04     9.63248e+01
    2.10487e-04     9.69250e+01
    2.11854e-04     9.75287e+01
    2.13230e-04     9.81361e+01
    2.14615e-04     9.87473e+01
    2.16009e-04     9.93623e+01
    2.17412e-04     9.99810e+01
    2.18824e-04     1.00604e+02
    2.20246e-04     1.01230e+02
    2.21676e-04     1.01860e+02
    2.23116e-04     1.02495e+02
    2.24565e-04     1.03133e+02
    2.26024e-04     1.03775e+02
    2.27492e-04     1.04421e+02
    2.28970e-04     1.05071e+02
    2.30457e-04     1.05725e+02
    2.31954e-04     1.06384e+02
    2.33461e-04     1.07046e+02
    2.34977e-04     1.07712e+02
    2.36504e-04     1.08383e+02
    2.38040e-04     1.09058e+02
    2.39586e-04     1.09736e+02
    2.41142e-04     1.10419e+02
    2.42709e-04     1.11107e+02
    2.44285e-04     1.11798e+02
    2.45872e-04     1.12494e+02
    2.47469e-04     1.13194e+02
    2.49076e-04     1.13898e+02
    2.50694e-04     1.14607e+02
    2.52323e-04     1.15321e+02
    2.53962e-04     1.16038e+02
    2.55611e-04     1.16760e+02
    2.57272e-04     1.17487e+02
    2.58943e-04     1.18218e+02
    2.60625e-04     1.18953e+02
    2.62318e-04     1.19693e+02
    2.64022e-04     1.20438e+02
    2.65737e-04     1.21187e+02
    2.67463e-04     1.21941e+02
    2.69200e-04     1.22700e+02
    2.70949e-04     1.23463e+02
    2.72709e-04     1.24231e+02
    2.74480e-04     1.25003e+02
    2.76263e-04     1.25781e+02
    2.78057e-04     1.26563e+02
    2.79863e-04     1.27350e+02
    2.81681e-04     1.28142e+02
    2.83511e-04     1.28939e+02
    2.85353e-04     1.29741e+02
    2.87206e-04     1.30548e+02
    2.89072e-04     1.31359e+02
    2.90949e-04     1.32176e+02
    2.92839e-04     1.32998e+02
    2.94741e-04     1.33825e+02
    2.96656e-04     1.34657e+02
    2.98583e-04     1.35494e+02
    3.00522e-04     1.36336e+02
    3.02474e-04     1.37183e+02
    3.04439e-04     1.38036e+02
    3.06417e-04     1.38894e+02
    3.08407e-04     1.39756e+02
    3.10410e-04     1.40625e+02
    3.12426e-04     1.41498e+02
    3.14456e-04     1.42378e+02
    3.16498e-04     1.43262e+02
    3.18554e-04     1.44152e+02
    3.20623e-04     1.45048e+02
    3.22706e-04     1.45949e+02
    3.24802e-04     1.46855e+02
    3.26912e-04     1.47767e+02
    3.29035e-04     1.48685e+02
    3.31173e-04     1.49609e+02
    3.33324e-04     1.50538e+02
    3.35489e-04     1.51472e+02
    3.37668e-04     1.52413e+02
    3.39861e-04     1.53359e+02
    3.42069e-04     1.54311e+02
    3.44291e-04     1.55269e+02
    3.46527e-04     1.56233e+02
    3.48778e-04     1.57203e+02
    3.51044e-04     1.58179e+02
    3.53324e-04     1.59160e+02
    3.55619e-04     1.60148e+02
    3.57929e-04     1.61142e+02
    3.60254e-04     1.62142e+02
    3.62594e-04     1.63148e+02
    3.64949e-04     1.64160e+02
    3.67320e-04     1.65178e+02
    3.69706e-04     1.66203e+02
    3.72107e-04     1.67233e+02
    3.74524e-04     1.68270e+02
    3.76957e-04     1.69314e+02
    3.79405e-04     1.70363e+02
    3.81870e-04     1.71420e+02
    3.84350e-04     1.72482e+02
    3.86847e-04     1.73552e+02
    3.89360e-04     1.74627e+02
    3.91889e-04     1.75710e+02
    3.94434e-04     1.76798e+02
    3.96996e-04     1.77894e+02
    3.99575e-04     1.78996e+02
    4.02171e-04     1.80105e+02
    4.04783e-04     1.81221e+02
    4.07412e-04     1.82344e+02
    4.10059e-04     1.83473e+02
    4.12722e-04     1.84610e+02
    4.15403e-04     1.85753e+02
    4.18101e-04     1.86903e+02
    4.20817e-04     1.88061e+02
    4.23550e-04     1.89225e+02
    4.26302e-04     1.90397e+02
    4.29071e-04     1.91575e+02
    4.31858e-04     1.92761e+02
    4.34663e-04     1.93954e+02
    4.37486e-04     1.95154e+02
    4.40328e-04     1.96362e+02
    4.43188e-04     1.97577e+02
    4.46067e-04     1.98799e+02
    4.48964e-04     2.00029e+02
    4.51881e-04     2.01267e+02
    4.54816e-04     2.02511e+02
    4.57770e-04     2.03764e+02
    4.60744e-04     2.05024e+02
    4.63736e-04     2.06291e+02
    4.66749e-04     2.07566e+02
    4.69780e-04     2.08849e+02
    4.72832e-04     2.10140e+02
    4.75903e-04     2.11438e+02
    4.78994e-04     2.12745e+02
    4.82106e-04     2.14059e+02
    4.85237e-04     2.15381e+02
    4.88389e-04     2.16712e+02
    4.91562e-04     2.18050e+02
    4.94754e-04     2.19396e+02
    4.97968e-04     2.20750e+02
    5.01203e-04     2.22113e+02
    5.04458e-04     2.23484e+02
    5.07735e-04     2.24863e+02
    5.11033e-04     2.26251e+02
    5.14353e-04     2.27647e+02
    5.17694e-04     2.29051e+02
    5.21056e-04     2.30463e+02
    5.24441e-04     2.31885e+02
    5.27847e-04     2.33314e+02
    5.31276e-04     2.34753e+02
    5.34727e-04     2.36200e+02
    5.38200e-04     2.37656e+02
    5.41696e-04     2.39120e+02
    5.45215e-04     2.40594e+02
    5.48756e-04     2.42076e+02
    5.52321e-04     2.43568e+02
    5.55908e-04     2.45068e+02
    5.59519e-04     2.46577e+02
    5.63154e-04     2.48096e+02
    5.66812e-04     2.49623e+02
    5.70493e-04     2.51159e+02
    5.74199e-04     2.52705e+02
    5.77929e-04     2.54260e+02
    5.81683e-04     2.55825e+02
    5.85461e-04     2.57399e+02
    5.89264e-04     2.58982e+02
    5.93092e-04     2.60575e+02
    5.96944e-04     2.62177e+02
    6.00822e-04     2.63789e+02
    6.04724e-04     2.65410e+02
    6.08652e-04     2.67041e+02
    6.12606e-04     2.68682e+02
    6.16585e-04     2.70333e+02
    6.20590e-04     2.71994e+02
    6.24621e-04     2.73663e+02
    6.28678e-04     2.75344e+02
    6.32762e-04     2.77034e+02
    6.36872e-04     2.78734e+02
    6.41009e-04     2.80445e+02
    6.45173e-04     2.82166e+02
    6.49363e-04     2.83896e+02
    6.53581e-04     2.85637e+02
    6.57827e-04     2.87389e+02
    6.62100e-04     2.89151e+02
    6.66400e-04     2.90923e+02
    6.70729e-04     2.92706e+02
    6.75086e-04     2.94500e+02
    6.79471e-04     2.96303e+02
    6.83884e-04     2.98118e+02
    6.88327e-04     2.99944e+02
    6.92798e-04     3.01780e+02
    6.97298e-04     3.03627e+02
    7.01827e-04     3.05485e+02
    7.06386e-04     3.07355e+02
    7.10974e-04     3.09234e+02
    7.15592e-04     3.11125e+02
    7.20241e-04     3.13028e+02
    7.24919e-04     3.14941e+02
    7.29628e-04     3.16866e+02
    7.34367e-04     3.18801e+02
    7.39137e-04     3.20749e+02
    7.43938e-04     3.22707e+02
    7.48770e-04     3.24677e+02
    7.53634e-04     3.26659e+02
    7.58529e-04     3.28652e+02
    7.63456e-04     3.30657e+02
    7.68416e-04     3.32673e+02
    7.73407e-04     3.34702e+02
    7.78431e-04     3.36742e+02
    7.83487e-04     3.38794e+02
    7.88576e-04     3.40858e+02
    7.93698e-04     3.42934e+02
    7.98854e-04     3.45022e+02
    8.04043e-04     3.47123e+02
    8.09265e-04     3.49235e+02
    8.14522e-04     3.51361e+02
    8.19813e-04     3.53499e+02
    8.25138e-04     3.55649e+02
    8.30498e-04     3.57811e+02
    8.35892e-04     3.59986e+02
    8.41322e-04     3.62174e+02
    8.46787e-04     3.64374e+02
    8.52287e-04     3.66587e+02
    8.57823e-04     3.68813e+02
    8.63395e-04     3.71052e+02
    8.69003e-04     3.73304e+02
    8.74648e-04     3.75569e+02
    8.80329e-04     3.77847e+02
    8.86048e-04     3.80138e+02
    8.91803e-04     3.82442e+02
    8.97596e-04     3.84759e+02
    9.03426e-04     3.87090e+02
    9.09294e-04     3.89434e+02
    9.15201e-04     3.91791e+02
    9.21145e-04     3.94162e+02
    9.27129e-04     3.96546e+02
    9.33151e-04     3.98944e+02
    9.39212e-04     4.01356e+02
    9.45313e-04     4.03782e+02
    9.51453e-04     4.06221e+02
    9.57633e-04     4.08674e+02
    9.63854e-04     4.11141e+02
    9.70115e-04     4.13622e+02
    9.76416e-04     4.16118e+02
    9.82758e-04     4.18627e+02
    9.89142e-04     4.21151e+02
    9.95567e-04     4.23689e+02
    1.00203e-03     4.26240e+02
    1.00854e-03     4.28808e+02
    1.01509e-03     4.31389e+02
    1.02169e-03     4.33988e+02
    1.02832e-03     4.36596e+02
    1.03500e-03     4.39222e+02
    1.04173e-03     4.41865e+02
    1.04849e-03     4.44518e+02
    1.05530e-03     4.47188e+02
    1.06216e-03     4.49876e+02
    1.06906e-03     4.52576e+02
    1.07600e-03     4.55290e+02
    1.08299e-03     4.58021e+02
    1.09003e-03     4.60770e+02
    1.09711e-03     4.63530e+02
    1.10423e-03     4.66304e+02
    1.11140e-03     4.69095e+02
    1.11862e-03     4.71903e+02
    1.12589e-03     4.74729e+02
    1.13320e-03     4.77566e+02
    1.14056e-03     4.80420e+02
    1.14797e-03     4.83291e+02
    1.15543e-03     4.86178e+02
    1.16293e-03     4.89078e+02
    1.17049e-03     4.91999e+02
    1.17809e-03     4.94933e+02
    1.18574e-03     4.97883e+02
    1.19345e-03     5.00853e+02
    1.20120e-03     5.03835e+02
    1.20900e-03     5.06833e+02
    1.21685e-03     5.09848e+02
    1.22476e-03     5.12883e+02
    1.23271e-03     5.15931e+02
    1.24072e-03     5.18998e+02
    1.24878e-03     5.22081e+02
    1.25689e-03     5.25180e+02
    1.26505e-03     5.28295e+02
    1.27327e-03     5.31429e+02
    1.28154e-03     5.34580e+02
    1.28987e-03     5.37750e+02
    1.29825e-03     5.40934e+02
    1.30668e-03     5.44135e+02
    1.31517e-03     5.47355e+02
    1.32371e-03     5.50590e+02
    1.33231e-03     5.53844e+02
    1.34096e-03     5.57114e+02
    1.34967e-03     5.60404e+02
    1.35844e-03     5.63711e+02
    1.36726e-03     5.67033e+02
    1.37614e-03     5.70375e+02
    1.38508e-03     5.73735e+02
    1.39408e-03     5.77113e+02
    1.40313e-03     5.80507e+02
    1.41225e-03     5.83922e+02
    1.42142e-03     5.87352e+02
    1.43065e-03     5.90800e+02
    1.43995e-03     5.94271e+02
    1.44930e-03     5.97755e+02
    1.45871e-03     6.01257e+02
    1.46819e-03     6.04781e+02
    1.47773e-03     6.08324e+02
    1.48732e-03     6.11880e+02
    1.49699e-03     6.15461e+02
    1.50671e-03     6.19057e+02
    1.51650e-03     6.22673e+02
    1.52635e-03     6.26307e+02
    1.53626e-03     6.29959e+02
    1.54624e-03     6.33630e+02
    1.55628e-03     6.37320e+02
    1.56639e-03     6.41030e+02
    1.57657e-03     6.44761e+02
    1.58681e-03     6.48510e+02
    1.59711e-03     6.52274e+02
    1.60749e-03     6.56064e+02
    1.61793e-03     6.59870e+02
    1.62844e-03     6.63696e+02
    1.63902e-03     6.67542e+02
    1.64966e-03     6.71404e+02
    1.66038e-03     6.75291e+02
    1.67116e-03     6.79194e+02
    1.68202e-03     6.83119e+02
    1.69295e-03     6.87066e+02
    1.70394e-03     6.91027e+02
    1.71501e-03     6.95011e+02
    1.72615e-03     6.99015e+02
    1.73736e-03     7.03038e+02
    1.74865e-03     7.07083e+02
    1.76001e-03     7.11148e+02
    1.77144e-03     7.15231e+02
    1.78294e-03     7.19333e+02
    1.79453e-03     7.23461e+02
    1.80618e-03     7.27603e+02
    1.81791e-03     7.31767e+02
    1.82972e-03     7.35953e+02
    1.84161e-03     7.40161e+02
    1.85357e-03     7.44386e+02
    1.86561e-03     7.48633e+02
    1.87773e-03     7.52901e+02
    1.88992e-03     7.57187e+02
    1.90220e-03     7.61497e+02
    1.91456e-03     7.65828e+02
    1.92699e-03     7.70176e+02
    1.93951e-03     7.74548e+02
    1.95211e-03     7.78941e+02
    1.96479e-03     7.83355e+02
    1.97755e-03     7.87788e+02
    1.99040e-03     7.92245e+02
    2.00332e-03     7.96717e+02
    2.01634e-03     8.01218e+02
    2.02943e-03     8.05734e+02
    2.04262e-03     8.10278e+02
    2.05588e-03     8.14836e+02
    2.06924e-03     8.19422e+02
    2.08268e-03     8.24026e+02
    2.09621e-03     8.28651e+02
    2.10982e-03     8.33297e+02
    2.12353e-03     8.37967e+02
    2.13732e-03     8.42654e+02
    2.15120e-03     8.47364e+02
    2.16518e-03     8.52101e+02
    2.17924e-03     8.56853e+02
    2.19340e-03     8.61630e+02
    2.20764e-03     8.66426e+02
    2.22198e-03     8.71245e+02
    2.23642e-03     8.76088e+02
    2.25094e-03     8.80948e+02
    2.26557e-03     8.85835e+02
    2.28028e-03     8.90739e+02
    2.29509e-03     8.95667e+02
    2.31000e-03     9.00617e+02
    2.32501e-03     9.05590e+02
    2.34011e-03     9.10582e+02
    2.35531e-03     9.15598e+02
    2.37061e-03     9.20636e+02
    2.38601e-03     9.25696e+02
    2.40150e-03     9.30773e+02
    2.41710e-03     9.35877e+02
    2.43280e-03     9.41001e+02
    2.44861e-03     9.46151e+02
    2.46451e-03     9.51319e+02
    2.48052e-03     9.56510e+02
    2.49663e-03     9.61724e+02
    2.51285e-03     9.66960e+02
    2.52917e-03     9.72217e+02
    2.54560e-03     9.77497e+02
    2.56213e-03     9.82798e+02
    2.57878e-03     9.88124e+02
    2.59553e-03     9.93469e+02
    2.61239e-03     9.98837e+02
    2.62936e-03     1.00423e+03
    2.64643e-03     1.00964e+03
    2.66362e-03     1.01507e+03
    2.68093e-03     1.02053e+03
    2.69834e-03     1.02601e+03
    2.71587e-03     1.03151e+03
    2.73351e-03     1.03703e+03
    2.75126e-03     1.04257e+03
    2.76914e-03     1.04814e+03
    2.78712e-03     1.05372e+03
    2.80523e-03     1.05934e+03
    2.82345e-03     1.06497e+03
    2.84179e-03     1.07062e+03
    2.86025e-03     1.07630e+03
    2.87883e-03     1.08199e+03
    2.89752e-03     1.08771e+03
    2.91635e-03     1.09346e+03
    2.93529e-03     1.09922e+03
    2.95436e-03     1.10500e+03
    2.97355e-03     1.11081e+03
    2.99286e-03     1.11664e+03
    3.01230e-03     1.12248e+03
    3.03187e-03     1.12836e+03
    3.05156e-03     1.13425e+03
    3.07138e-03     1.14016e+03
    3.09133e-03     1.14610e+03
    3.11141e-03     1.15206e+03
    3.13162e-03     1.15803e+03
    3.15196e-03     1.16404e+03
    3.17244e-03     1.17006e+03
    3.19304e-03     1.17610e+03
    3.21379e-03     1.18216e+03
    3.23466e-03     1.18825e+03
    3.25567e-03     1.19435e+03
    3.27682e-03     1.20048e+03
    3.29810e-03     1.20663e+03
    3.31953e-03     1.21280e+03
    3.34109e-03     1.21899e+03
    3.36279e-03     1.22520e+03
    3.38463e-03     1.23143e+03
    3.40662e-03     1.23768e+03
    3.42875e-03     1.24395e+03
    3.45102e-03     1.25025e+03
    3.47344e-03     1.25656e+03
    3.49600e-03     1.26289e+03
    3.51871e-03     1.26925e+03
    3.54156e-03     1.27562e+03
    3.56457e-03     1.28201e+03
    3.58772e-03     1.28843e+03
    3.61102e-03     1.29486e+03
    3.63448e-03     1.30132e+03
    3.65809e-03     1.30779e+03
    3.68185e-03     1.31429e+03
    3.70576e-03     1.32080e+03
    3.72984e-03     1.32733e+03
    3.75406e-03     1.33388e+03
    3.77845e-03     1.34046e+03
    3.80299e-03     1.34704e+03
    3.82769e-03     1.35365e+03
    3.85256e-03     1.36028e+03
    3.87758e-03     1.36693e+03
    3.90277e-03     1.37359e+03
    3.92812e-03     1.38028e+03
    3.95363e-03     1.38698e+03
    3.97931e-03     1.39370e+03
    4.00516e-03     1.40044e+03
    4.03118e-03     1.40719e+03
    4.05736e-03     1.41396e+03
    4.08372e-03     1.42076e+03
    4.11024e-03     1.42756e+03
    4.13694e-03     1.43439e+03
    4.16381e-03     1.44123e+03
    4.19086e-03     1.44809e+03
    4.21808e-03     1.45497e+03
    4.24548e-03     1.46186e+03
    4.27306e-03     1.46877e+03
    4.30081e-03     1.47569e+03
    4.32875e-03     1.48263e+03
    4.35687e-03     1.48959e+03
    4.38517e-03     1.49657e+03
    4.41365e-03     1.50355e+03
    4.44232e-03     1.51056e+03
    4.47118e-03     1.51758e+03
    4.50022e-03     1.52462e+03
    4.52945e-03     1.53167e+03
    4.55887e-03     1.53873e+03
    4.58848e-03     1.54581e+03
    4.61829e-03     1.55291e+03
    4.64829e-03     1.56002e+03
    4.67848e-03     1.56714e+03
    4.70887e-03     1.57427e+03
    4.73946e-03     1.58142e+03
    4.77024e-03     1.58858e+03
    4.80123e-03     1.59576e+03
    4.83241e-03     1.60294e+03
    4.86380e-03     1.61014e+03
    4.89539e-03     1.61735e+03
    4.92719e-03     1.62457e+03
    4.95920e-03     1.63181e+03
    4.99141e-03     1.63905e+03
    5.02383e-03     1.64631e+03
    5.05646e-03     1.65357e+03
    5.08931e-03     1.66085e+03
    5.12237e-03     1.66814e+03
    5.15564e-03     1.67544e+03
    5.18913e-03     1.68275e+03
    5.22283e-03     1.69007e+03
    5.25676e-03     1.69740e+03
    5.29091e-03     1.70474e+03
    5.32527e-03     1.71209e+03
    5.35986e-03     1.71945e+03
    5.39468e-03     1.72682e+03
    5.42972e-03     1.73419e+03
    5.46499e-03     1.74158e+03
    5.50049e-03     1.74897e+03
    5.53622e-03     1.75637e+03
    5.57218e-03     1.76378e+03
    5.60837e-03     1.77119e+03
    5.64480e-03     1.77861e+03
    5.68147e-03     1.78604e+03
    5.71837e-03     1.79347e+03
    5.75551e-03     1.80090e+03
    5.79290e-03     1.80835e+03
    5.83053e-03     1.81579e+03
    5.86840e-03     1.82323e+03
    5.90652e-03     1.83068e+03
    5.94489e-03     1.83813e+03
    5.98350e-03     1.84558e+03
    6.02237e-03     1.85304e+03
    6.06149e-03     1.86049e+03
    6.10086e-03     1.86795e+03
    6.14049e-03     1.87540e+03
    6.18037e-03     1.88286e+03
    6.22052e-03     1.89032e+03
    6.26092e-03     1.89777e+03
    6.30159e-03     1.90523e+03
    6.34252e-03     1.91268e+03
    6.38372e-03     1.92013e+03
    6.42519e-03     1.92759e+03
    6.46692e-03     1.93503e+03
    6.50893e-03     1.94249e+03
    6.55121e-03     1.94993e+03
    6.59376e-03     1.95737e+03
    6.63659e-03     1.96481e+03
    6.67970e-03     1.97224e+03
    6.72309e-03     1.97967e+03
    6.76676e-03     1.98710e+03
    6.81071e-03     1.99451e+03
    6.85495e-03     2.00193e+03
    6.89948e-03     2.00933e+03
    6.94429e-03     2.01673e+03
    6.98940e-03     2.02412e+03
    7.03480e-03     2.03150e+03
    7.08050e-03     2.03888e+03
    7.12649e-03     2.04623e+03
    7.17278e-03     2.05359e+03
    7.21937e-03     2.06092e+03
    7.26626e-03     2.06825e+03
    7.31346e-03     2.07557e+03
    7.36097e-03     2.08287e+03
    7.40878e-03     2.09016e+03
    7.45690e-03     2.09743e+03
    7.50534e-03     2.10470e+03
    7.55409e-03     2.11194e+03
    7.60316e-03     2.11918e+03
    7.65255e-03     2.12639e+03
    7.70225e-03     2.13359e+03
    7.75228e-03     2.14078e+03
    7.80264e-03     2.14795e+03
    7.85332e-03     2.15510e+03
    7.90433e-03     2.16223e+03
    7.95568e-03     2.16934e+03
    8.00735e-03     2.17643e+03
    8.05937e-03     2.18352e+03
    8.11172e-03     2.19057e+03
    8.16441e-03     2.19761e+03
    8.21744e-03     2.20462e+03
    8.27081e-03     2.21161e+03
    8.32454e-03     2.21858e+03
    8.37861e-03     2.22552e+03
    8.43303e-03     2.23244e+03
    8.48781e-03     2.23934e+03
    8.54294e-03     2.24621e+03
    8.59844e-03     2.25305e+03
    8.65429e-03     2.25987e+03
    8.71050e-03     2.26666e+03
    8.76708e-03     2.27342e+03
    8.82403e-03     2.28015e+03
    8.88134e-03     2.28685e+03
    8.93903e-03     2.29352e+03
    8.99710e-03     2.30016e+03
    9.05554e-03     2.30677e+03
    9.11436e-03     2.31334e+03
    9.17356e-03     2.31988e+03
    9.23315e-03     2.32639e+03
    9.29312e-03     2.33286e+03
    9.35349e-03     2.33929e+03
    9.41424e-03     2.34569e+03
    9.47539e-03     2.35205e+03
    9.53694e-03     2.35837e+03
    9.59889e-03     2.36465e+03
    9.66124e-03     2.37089e+03
    9.72400e-03     2.37710e+03
    9.78716e-03     2.38326e+03
    9.85073e-03     2.38938e+03
    9.91472e-03     2.39545e+03
    9.97912e-03     2.40148e+03
    1.00439e-02     2.40746e+03
    1.01092e-02     2.41341e+03
    1.01748e-02     2.41930e+03
    1.02409e-02     2.42515e+03
    1.03075e-02     2.43096e+03
    1.03744e-02     2.43670e+03
    1.04418e-02     2.44241e+03
    1.05096e-02     2.44806e+03
    1.05779e-02     2.45366e+03
    1.06466e-02     2.45921e+03
    1.07158e-02     2.46472e+03
    1.07854e-02     2.47016e+03
    1.08554e-02     2.47553e+03
    1.09259e-02     2.48086e+03
    1.09969e-02     2.48614e+03
    1.10683e-02     2.49135e+03
    1.11402e-02     2.49651e+03
    1.12126e-02     2.50163e+03
    1.12854e-02     2.50666e+03
    1.13587e-02     2.51164e+03
    1.14325e-02     2.51656e+03
    1.15068e-02     2.52143e+03
    1.15815e-02     2.52621e+03
    1.16567e-02     2.53093e+03
    1.17324e-02     2.53559e+03
    1.18087e-02     2.54020e+03
    1.18854e-02     2.54473e+03
    1.19626e-02     2.54919e+03
    1.20403e-02     2.55358e+03
    1.21185e-02     2.55790e+03
    1.21972e-02     2.56214e+03
    1.22764e-02     2.56631e+03
    1.23562e-02     2.57043e+03
    1.24364e-02     2.57445e+03
    1.25172e-02     2.57840e+03
    1.25985e-02     2.58228e+03
    1.26803e-02     2.58607e+03
    1.27627e-02     2.58980e+03
    1.28456e-02     2.59344e+03
    1.29290e-02     2.59700e+03
    1.30130e-02     2.60048e+03
    1.30976e-02     2.60389e+03
    1.31826e-02     2.60720e+03
    1.32683e-02     2.61044e+03
    1.33544e-02     2.61358e+03
    1.34412e-02     2.61665e+03
    1.35285e-02     2.61962e+03
    1.36164e-02     2.62251e+03
    1.37048e-02     2.62530e+03
    1.37938e-02     2.62800e+03
    1.38834e-02     2.63062e+03
    1.39736e-02     2.63315e+03
    1.40644e-02     2.63559e+03
    1.41557e-02     2.63792e+03
    1.42477e-02     2.64018e+03
    1.43402e-02     2.64232e+03
    1.44334e-02     2.64439e+03
    1.45271e-02     2.64634e+03
    1.46215e-02     2.64820e+03
    1.47165e-02     2.64998e+03
    1.48121e-02     2.65164e+03
    1.49083e-02     2.65320e+03
    1.50051e-02     2.65465e+03
    1.51026e-02     2.65602e+03
    1.52007e-02     2.65728e+03
    1.52994e-02     2.65842e+03
    1.53988e-02     2.65946e+03
    1.54988e-02     2.66040e+03
    1.55995e-02     2.66122e+03
    1.57008e-02     2.66193e+03
    1.58028e-02     2.66255e+03
    1.59055e-02     2.66305e+03
    1.60088e-02     2.66344e+03
    1.61128e-02     2.66370e+03
    1.62174e-02     2.66385e+03
    1.63228e-02     2.66391e+03
    1.64288e-02     2.66383e+03
    1.65355e-02     2.66364e+03
    1.66429e-02     2.66333e+03
    1.67510e-02     2.66291e+03
    1.68598e-02     2.66237e+03
    1.69693e-02     2.66171e+03
    1.70796e-02     2.66094e+03
    1.71905e-02     2.66004e+03
    1.73022e-02     2.65903e+03
    1.74145e-02     2.65788e+03
    1.75277e-02     2.65663e+03
    1.76415e-02     2.65524e+03
    1.77561e-02     2.65373e+03
    1.78714e-02     2.65210e+03
    1.79875e-02     2.65035e+03
    1.81044e-02     2.64848e+03
    1.82220e-02     2.64648e+03
    1.83403e-02     2.64435e+03
    1.84594e-02     2.64208e+03
    1.85794e-02     2.63971e+03
    1.87000e-02     2.63719e+03
    1.88215e-02     2.63455e+03
    1.89438e-02     2.63179e+03
    1.90668e-02     2.62889e+03
    1.91907e-02     2.62587e+03
    1.93153e-02     2.62271e+03
    1.94408e-02     2.61942e+03
    1.95671e-02     2.61599e+03
    1.96942e-02     2.61244e+03
    1.98221e-02     2.60875e+03
    1.99508e-02     2.60492e+03
    2.00804e-02     2.60097e+03
    2.02109e-02     2.59690e+03
    2.03421e-02     2.59267e+03
    2.04743e-02     2.58833e+03
    2.06073e-02     2.58386e+03
    2.07411e-02     2.57924e+03
    2.08758e-02     2.57449e+03
    2.10114e-02     2.56962e+03
    2.11479e-02     2.56461e+03
    2.12853e-02     2.55948e+03
    2.14236e-02     2.55421e+03
    2.15627e-02     2.54880e+03
    2.17028e-02     2.54327e+03
    2.18437e-02     2.53759e+03
    2.19856e-02     2.53181e+03
    2.21284e-02     2.52588e+03
    2.22722e-02     2.51983e+03
    2.24168e-02     2.51364e+03
    2.25625e-02     2.50733e+03
    2.27090e-02     2.50089e+03
    2.28565e-02     2.49432e+03
    2.30050e-02     2.48762e+03
    2.31544e-02     2.48080e+03
    2.33048e-02     2.47384e+03
    2.34562e-02     2.46677e+03
    2.36086e-02     2.45956e+03
    2.37619e-02     2.45223e+03
    2.39162e-02     2.44477e+03
    2.40716e-02     2.43720e+03
    2.42280e-02     2.42950e+03
    2.43853e-02     2.42168e+03
    2.45437e-02     2.41374e+03
    2.47032e-02     2.40569e+03
    2.48636e-02     2.39751e+03
    2.50251e-02     2.38922e+03
    2.51877e-02     2.38082e+03
    2.53513e-02     2.37230e+03
    2.55159e-02     2.36367e+03
    2.56817e-02     2.35494e+03
    2.58485e-02     2.34609e+03
    2.60164e-02     2.33713e+03
    2.61854e-02     2.32808e+03
    2.63555e-02     2.31891e+03
    2.65267e-02     2.30965e+03
    2.66990e-02     2.30027e+03
    2.68724e-02     2.29081e+03
    2.70470e-02     2.28125e+03
    2.72226e-02     2.27158e+03
    2.73995e-02     2.26184e+03
    2.75774e-02     2.25200e+03
    2.77566e-02     2.24207e+03
    2.79369e-02     2.23206e+03
    2.81183e-02     2.22195e+03
    2.83010e-02     2.21178e+03
    2.84848e-02     2.20151e+03
    2.86698e-02     2.19116e+03
    2.88561e-02     2.18075e+03
    2.90435e-02     2.17025e+03
    2.92321e-02     2.15968e+03
    2.94220e-02     2.14906e+03
    2.96131e-02     2.13836e+03
    2.98055e-02     2.12759e+03
    2.99991e-02     2.11677e+03
    3.01940e-02     2.10589e+03
    3.03901e-02     2.09496e+03
    3.05875e-02     2.08398e+03
    3.07862e-02     2.07293e+03
    3.09861e-02     2.06185e+03
    3.11874e-02     2.05072e+03
    3.13900e-02     2.03955e+03
    3.15939e-02     2.02835e+03
    3.17991e-02     2.01711e+03
    3.20057e-02     2.00583e+03
    3.22135e-02     1.99453e+03
    3.24228e-02     1.98320e+03
    3.26334e-02     1.97185e+03
    3.28454e-02     1.96048e+03
    3.30587e-02     1.94908e+03
    3.32735e-02     1.93769e+03
    3.34896e-02     1.92628e+03
    3.37071e-02     1.91486e+03
    3.39261e-02     1.90343e+03
    3.41464e-02     1.89201e+03
    3.43682e-02     1.88058e+03
    3.45915e-02     1.86918e+03
    3.48162e-02     1.85776e+03
    3.50423e-02     1.84638e+03
    3.52699e-02     1.83499e+03
    3.54990e-02     1.82363e+03
    3.57296e-02     1.81230e+03
    3.59617e-02     1.80098e+03
    3.61953e-02     1.78970e+03
    3.64304e-02     1.77845e+03
    3.66670e-02     1.76722e+03
    3.69052e-02     1.75604e+03
    3.71449e-02     1.74490e+03
    3.73862e-02     1.73380e+03
    3.76290e-02     1.72275e+03
    3.78735e-02     1.71176e+03
    3.81195e-02     1.70081e+03
    3.83671e-02     1.68992e+03
    3.86163e-02     1.67909e+03
    3.88671e-02     1.66832e+03
    3.91196e-02     1.65762e+03
    3.93737e-02     1.64698e+03
    3.96295e-02     1.63642e+03
    3.98869e-02     1.62593e+03
    4.01460e-02     1.61551e+03
    4.04067e-02     1.60517e+03
    4.06692e-02     1.59491e+03
    4.09334e-02     1.58474e+03
    4.11992e-02     1.57465e+03
    4.14669e-02     1.56465e+03
    4.17362e-02     1.55473e+03
    4.20073e-02     1.54490e+03
    4.22802e-02     1.53519e+03
    4.25548e-02     1.52556e+03
    4.28312e-02     1.51602e+03
    4.31094e-02     1.50659e+03
    4.33894e-02     1.49726e+03
    4.36713e-02     1.48804e+03
    4.39550e-02     1.47893e+03
    4.42405e-02     1.46991e+03
    4.45278e-02     1.46100e+03
    4.48171e-02     1.45220e+03
    4.51082e-02     1.44352e+03
    4.54012e-02     1.43494e+03
    4.56961e-02     1.42647e+03
    4.59929e-02     1.41810e+03
    4.62917e-02     1.40986e+03
    4.65923e-02     1.40172e+03
    4.68950e-02     1.39369e+03
    4.71996e-02     1.38578e+03
    4.75062e-02     1.37799e+03
    4.78148e-02     1.37031e+03
    4.81253e-02     1.36274e+03
    4.84379e-02     1.35529e+03
    4.87526e-02     1.34794e+03
    4.90692e-02     1.34071e+03
    4.93880e-02     1.33357e+03
    4.97088e-02     1.32655e+03
    5.00317e-02     1.31964e+03
    5.03566e-02     1.31283e+03
    5.06837e-02     1.30612e+03
    5.10130e-02     1.29951e+03
    5.13443e-02     1.29301e+03
    5.16778e-02     1.28660e+03
    5.20135e-02     1.28030e+03
    5.23514e-02     1.27409e+03
    5.26914e-02     1.26797e+03
    5.30337e-02     1.26194e+03
    5.33782e-02     1.25598e+03
    5.37249e-02     1.25011e+03
    5.40738e-02     1.24433e+03
    5.44251e-02     1.23861e+03
    5.47786e-02     1.23297e+03
    5.51344e-02     1.22740e+03
    5.54926e-02     1.22189e+03
    5.58530e-02     1.21644e+03
    5.62158e-02     1.21105e+03
    5.65810e-02     1.20571e+03
    5.69485e-02     1.20043e+03
    5.73184e-02     1.19518e+03
    5.76907e-02     1.18998e+03
    5.80654e-02     1.18480e+03
    5.84426e-02     1.17965e+03
    5.88222e-02     1.17453e+03
    5.92043e-02     1.16943e+03
    5.95889e-02     1.16434e+03
    5.99759e-02     1.15925e+03
    6.03655e-02     1.15417e+03
    6.07576e-02     1.14909e+03
    6.11523e-02     1.14400e+03
    6.15495e-02     1.13889e+03
    6.19493e-02     1.13376e+03
    6.23517e-02     1.12861e+03
    6.27567e-02     1.12344e+03
    6.31643e-02     1.11822e+03
    6.35746e-02     1.11296e+03
    6.39876e-02     1.10766e+03
    6.44032e-02     1.10229e+03
    6.48215e-02     1.09688e+03
    6.52426e-02     1.09139e+03
    6.56664e-02     1.08585e+03
    6.60929e-02     1.08022e+03
    6.65222e-02     1.07453e+03
    6.69543e-02     1.06875e+03
    6.73892e-02     1.06288e+03
    6.78270e-02     1.05692e+03
    6.82675e-02     1.05087e+03
    6.87110e-02     1.04471e+03
    6.91573e-02     1.03845e+03
    6.96065e-02     1.03208e+03
    7.00586e-02     1.02560e+03
    7.05137e-02     1.01902e+03
    7.09717e-02     1.01232e+03
    7.14327e-02     1.00551e+03
    7.18967e-02     9.98590e+02
    7.23637e-02     9.91545e+02
    7.28338e-02     9.84381e+02
    7.33069e-02     9.77096e+02
    7.37830e-02     9.69702e+02
    7.42623e-02     9.62180e+02
    7.47447e-02     9.54540e+02
    7.52302e-02     9.46793e+02
    7.57188e-02     9.38938e+02
    7.62107e-02     9.30970e+02
    7.67057e-02     9.22885e+02
    7.72039e-02     9.14707e+02
    7.77054e-02     9.06416e+02
    7.82102e-02     8.98034e+02
    7.87182e-02     8.89559e+02
    7.92295e-02     8.80994e+02
    7.97441e-02     8.72340e+02
    8.02621e-02     8.63618e+02
    8.07835e-02     8.54830e+02
    8.13082e-02     8.45975e+02
    8.18363e-02     8.37064e+02
    8.23679e-02     8.28100e+02
    8.29029e-02     8.19103e+02
    8.34414e-02     8.10063e+02
    8.39834e-02     8.01012e+02
    8.45290e-02     7.91941e+02
    8.50780e-02     7.82858e+02
    8.56306e-02     7.73777e+02
    8.61869e-02     7.64718e+02
    8.67467e-02     7.55669e+02
    8.73102e-02     7.46663e+02
    8.78773e-02     7.37689e+02
    8.84481e-02     7.28768e+02
    8.90226e-02     7.19908e+02
    8.96009e-02     7.11112e+02
    9.01829e-02     7.02407e+02
    9.07687e-02     6.93784e+02
    9.13583e-02     6.85253e+02
    9.19517e-02     6.76832e+02
    9.25490e-02     6.68531e+02
    9.31501e-02     6.60339e+02
    9.37552e-02     6.52286e+02
    9.43642e-02     6.44361e+02
    9.49771e-02     6.36582e+02
    9.55940e-02     6.28958e+02
    9.62150e-02     6.21498e+02
    9.68399e-02     6.14201e+02
    9.74690e-02     6.07076e+02
    9.81021e-02     6.00121e+02
    9.87393e-02     5.93354e+02
    9.93807e-02     5.86756e+02
    1.00026e-01     5.80353e+02
    1.00676e-01     5.74129e+02
    1.01330e-01     5.68089e+02
    1.01988e-01     5.62241e+02
    1.02651e-01     5.56589e+02
    1.03317e-01     5.51122e+02
    1.03988e-01     5.45858e+02
    1.04664e-01     5.40788e+02
    1.05344e-01     5.35897e+02
    1.06028e-01     5.31184e+02
    1.06717e-01     5.26653e+02
    1.07410e-01     5.22290e+02
    1.08108e-01     5.18100e+02
    1.08810e-01     5.14067e+02
    1.09517e-01     5.10189e+02
    1.10228e-01     5.06477e+02
    1.10944e-01     5.02900e+02
    1.11665e-01     4.99458e+02
    1.12390e-01     4.96137e+02
    1.13120e-01     4.92933e+02
    1.13855e-01     4.89836e+02
    1.14594e-01     4.86825e+02
    1.15339e-01     4.83899e+02
    1.16088e-01     4.81041e+02
    1.16842e-01     4.78254e+02
    1.17601e-01     4.75512e+02
    1.18365e-01     4.72805e+02
    1.19134e-01     4.70126e+02
    1.19907e-01     4.67451e+02
    1.20686e-01     4.64780e+02
    1.21470e-01     4.62100e+02
    1.22259e-01     4.59393e+02
    1.23053e-01     4.56650e+02
    1.23853e-01     4.53856e+02
    1.24657e-01     4.51004e+02
    1.25467e-01     4.48091e+02
    1.26282e-01     4.45099e+02
    1.27102e-01     4.42020e+02
    1.27928e-01     4.38847e+02
    1.28759e-01     4.35571e+02
    1.29595e-01     4.32180e+02
    1.30437e-01     4.28678e+02
    1.31284e-01     4.25057e+02
    1.32137e-01     4.21320e+02
    1.32995e-01     4.17463e+02
    1.33859e-01     4.13488e+02
    1.34728e-01     4.09391e+02
    1.35604e-01     4.05176e+02
    1.36484e-01     4.00838e+02
    1.37371e-01     3.96393e+02
    1.38263e-01     3.91843e+02
    1.39161e-01     3.87200e+02
    1.40065e-01     3.82470e+02
    1.40975e-01     3.77662e+02
    1.41891e-01     3.72783e+02
    1.42812e-01     3.67842e+02
    1.43740e-01     3.62856e+02
    1.44674e-01     3.57837e+02
    1.45614e-01     3.52797e+02
    1.46559e-01     3.47750e+02
    1.47511e-01     3.42713e+02
    1.48469e-01     3.37696e+02
    1.49434e-01     3.32714e+02
    1.50405e-01     3.27780e+02
    1.51381e-01     3.22903e+02
    1.52365e-01     3.18104e+02
    1.53354e-01     3.13388e+02
    1.54351e-01     3.08774e+02
    1.55353e-01     3.04268e+02
    1.56362e-01     2.99883e+02
    1.57378e-01     2.95625e+02
    1.58400e-01     2.91499e+02
    1.59429e-01     2.87515e+02
    1.60465e-01     2.83679e+02
    1.61507e-01     2.79996e+02
    1.62556e-01     2.76469e+02
    1.63612e-01     2.73099e+02
    1.64675e-01     2.69882e+02
    1.65744e-01     2.66818e+02
    1.66821e-01     2.63906e+02
    1.67905e-01     2.61145e+02
    1.68995e-01     2.58528e+02
    1.70093e-01     2.56049e+02
    1.71198e-01     2.53697e+02
    1.72310e-01     2.51464e+02
    1.73429e-01     2.49339e+02
    1.74556e-01     2.47316e+02
    1.75689e-01     2.45380e+02
    1.76831e-01     2.43522e+02
    1.77979e-01     2.41724e+02
    1.79135e-01     2.39976e+02
    1.80299e-01     2.38264e+02
    1.81470e-01     2.36574e+02
    1.82649e-01     2.34893e+02
    1.83835e-01     2.33208e+02
    1.85029e-01     2.31507e+02
    1.86231e-01     2.29777e+02
    1.87441e-01     2.28005e+02
    1.88658e-01     2.26181e+02
    1.89884e-01     2.24299e+02
    1.91117e-01     2.22350e+02
    1.92359e-01     2.20330e+02
    1.93608e-01     2.18228e+02
    1.94866e-01     2.16045e+02
    1.96131e-01     2.13778e+02
    1.97405e-01     2.11431e+02
    1.98688e-01     2.09006e+02
    1.99978e-01     2.06502e+02
    2.01277e-01     2.03925e+02
    2.02585e-01     2.01284e+02
    2.03901e-01     1.98589e+02
    2.05225e-01     1.95848e+02
    2.06558e-01     1.93071e+02
    2.07900e-01     1.90269e+02
    2.09250e-01     1.87455e+02
    2.10609e-01     1.84640e+02
    2.11977e-01     1.81839e+02
    2.13354e-01     1.79064e+02
    2.14740e-01     1.76324e+02
    2.16135e-01     1.73632e+02
    2.17539e-01     1.70998e+02
    2.18952e-01     1.68434e+02
    2.20374e-01     1.65947e+02
    2.21806e-01     1.63546e+02
    2.23246e-01     1.61232e+02
    2.24696e-01     1.59014e+02
    2.26156e-01     1.56894e+02
    2.27625e-01     1.54874e+02
    2.29104e-01     1.52951e+02
    2.30592e-01     1.51123e+02
    2.32089e-01     1.49388e+02
    2.33597e-01     1.47743e+02
    2.35114e-01     1.46180e+02
    2.36642e-01     1.44690e+02
    2.38179e-01     1.43266e+02
    2.39726e-01     1.41899e+02
    2.41283e-01     1.40579e+02
    2.42850e-01     1.39295e+02
    2.44428e-01     1.38036e+02
    2.46015e-01     1.36793e+02
    2.47613e-01     1.35553e+02
    2.49222e-01     1.34311e+02
    2.50841e-01     1.33054e+02
    2.52470e-01     1.31773e+02
    2.54110e-01     1.30464e+02
    2.55760e-01     1.29121e+02
    2.57422e-01     1.27741e+02
    2.59094e-01     1.26319e+02
    2.60777e-01     1.24855e+02
    2.62471e-01     1.23350e+02
    2.64176e-01     1.21807e+02
    2.65892e-01     1.20228e+02
    2.67619e-01     1.18619e+02
    2.69357e-01     1.16987e+02
    2.71107e-01     1.15338e+02
    2.72868e-01     1.13679e+02
    2.74640e-01     1.12020e+02
    2.76424e-01     1.10369e+02
    2.78219e-01     1.08734e+02
    2.80027e-01     1.07123e+02
    2.81846e-01     1.05544e+02
    2.83676e-01     1.04004e+02
    2.85519e-01     1.02508e+02
    2.87374e-01     1.01061e+02
    2.89240e-01     9.96650e+01
    2.91119e-01     9.83241e+01
    2.93010e-01     9.70379e+01
    2.94913e-01     9.58049e+01
    2.96829e-01     9.46242e+01
    2.98757e-01     9.34927e+01
    3.00698e-01     9.24053e+01
    3.02651e-01     9.13570e+01
    3.04617e-01     9.03431e+01
    3.06595e-01     8.93556e+01
    3.08587e-01     8.83888e+01
    3.10591e-01     8.74358e+01
    3.12609e-01     8.64905e+01
    3.14639e-01     8.55468e+01
    3.16683e-01     8.45986e+01
    3.18740e-01     8.36419e+01
    3.20810e-01     8.26740e+01
    3.22894e-01     8.16910e+01
    3.24992e-01     8.06925e+01
    3.27103e-01     7.96783e+01
    3.29227e-01     7.86495e+01
    3.31366e-01     7.76072e+01
    3.33518e-01     7.65554e+01
    3.35685e-01     7.54982e+01
    3.37865e-01     7.44397e+01
    3.40060e-01     7.33843e+01
    3.42269e-01     7.23372e+01
    3.44492e-01     7.13020e+01
    3.46729e-01     7.02844e+01
    3.48982e-01     6.92881e+01
    3.51248e-01     6.83159e+01
    3.53530e-01     6.73704e+01
    3.55826e-01     6.64528e+01
    3.58138e-01     6.55649e+01
    3.60464e-01     6.47050e+01
    3.62805e-01     6.38730e+01
    3.65162e-01     6.30661e+01
    3.67534e-01     6.22822e+01
    3.69921e-01     6.15179e+01
    3.72324e-01     6.07702e+01
    3.74743e-01     6.00348e+01
    3.77177e-01     5.93086e+01
    3.79627e-01     5.85884e+01
    3.82093e-01     5.78708e+01
    3.84574e-01     5.71537e+01
    3.87072e-01     5.64345e+01
    3.89587e-01     5.57128e+01
    3.92117e-01     5.49884e+01
    3.94664e-01     5.42605e+01
    3.97228e-01     5.35310e+01
    3.99808e-01     5.28013e+01
    4.02405e-01     5.20727e+01
    4.05019e-01     5.13479e+01
    4.07650e-01     5.06297e+01
    4.10298e-01     4.99207e+01
    4.12963e-01     4.92219e+01
    4.15645e-01     4.85364e+01
    4.18345e-01     4.78647e+01
    4.21062e-01     4.72082e+01
    4.23797e-01     4.65675e+01
    4.26550e-01     4.59419e+01
    4.29321e-01     4.53318e+01
    4.32110e-01     4.47350e+01
    4.34916e-01     4.41508e+01
    4.37741e-01     4.35774e+01
    4.40585e-01     4.30125e+01
    4.43447e-01     4.24556e+01
    4.46327e-01     4.19035e+01
    4.49226e-01     4.13564e+01
    4.52144e-01     4.08118e+01
    4.55081e-01     4.02696e+01
    4.58037e-01     3.97300e+01
    4.61012e-01     3.91918e+01
    4.64007e-01     3.86567e+01
    4.67021e-01     3.81242e+01
    4.70054e-01     3.75962e+01
    4.73108e-01     3.70739e+01
    4.76181e-01     3.65571e+01
    4.79274e-01     3.60478e+01
    4.82387e-01     3.55464e+01
    4.85520e-01     3.50544e+01
    4.88674e-01     3.45713e+01
    4.91848e-01     3.40974e+01
    4.95043e-01     3.36318e+01
    4.98259e-01     3.31749e+01
    5.01495e-01     3.27261e+01
    5.04753e-01     3.22841e+01
    5.08031e-01     3.18482e+01
    5.11331e-01     3.14177e+01
    5.14653e-01     3.09924e+01
    5.17995e-01     3.05710e+01
    5.21360e-01     3.01529e+01
    5.24747e-01     2.97388e+01
    5.28155e-01     2.93284e+01
    5.31586e-01     2.89215e+01
    5.35039e-01     2.85189e+01
    5.38514e-01     2.81206e+01
    5.42012e-01     2.77271e+01
    5.45533e-01     2.73388e+01
    5.49076e-01     2.69566e+01
    5.52643e-01     2.65800e+01
    5.56233e-01     2.62090e+01
    5.59846e-01     2.58445e+01
    5.63482e-01     2.54855e+01
    5.67142e-01     2.51320e+01
    5.70826e-01     2.47836e+01
    5.74534e-01     2.44402e+01
    5.78266e-01     2.41014e+01
    5.82022e-01     2.37662e+01
    5.85803e-01     2.34357e+01
    5.89608e-01     2.31084e+01
    5.93437e-01     2.27848e+01
    5.97292e-01     2.24649e+01
    6.01172e-01     2.21486e+01
    6.05077e-01     2.18365e+01
    6.09007e-01     2.15284e+01
    6.12963e-01     2.12244e+01
    6.16945e-01     2.09244e+01
    6.20952e-01     2.06290e+01
    6.24985e-01     2.03378e+01
    6.29045e-01     2.00506e+01
    6.33131e-01     1.97674e+01
    6.37244e-01     1.94881e+01
    6.41383e-01     1.92125e+01
    6.45549e-01     1.89408e+01
    6.49742e-01     1.86727e+01
    6.53963e-01     1.84083e+01
    6.58210e-01     1.81475e+01
    6.62486e-01     1.78902e+01
    6.66789e-01     1.76363e+01
    6.71120e-01     1.73858e+01
    6.75479e-01     1.71387e+01
    6.79867e-01     1.68949e+01
    6.84283e-01     1.66543e+01
    6.88728e-01     1.64169e+01
    6.93202e-01     1.61827e+01
    6.97704e-01     1.59516e+01
    7.02236e-01     1.57236e+01
    7.06798e-01     1.54987e+01
    7.11389e-01     1.52768e+01
    7.16010e-01     1.50580e+01
    7.20661e-01     1.48421e+01
    7.25342e-01     1.46291e+01
    7.30053e-01     1.44190e+01
    7.34795e-01     1.42118e+01
    7.39568e-01     1.40075e+01
    7.44372e-01     1.38059e+01
    7.49207e-01     1.36071e+01
    7.54074e-01     1.34111e+01
    7.58972e-01     1.32177e+01
    7.63902e-01     1.30270e+01
    7.68864e-01     1.28389e+01
    7.73858e-01     1.26534e+01
    7.78884e-01     1.24704e+01
    7.83944e-01     1.22900e+01
    7.89036e-01     1.21121e+01
    7.94161e-01     1.19366e+01
    7.99320e-01     1.17635e+01
    8.04512e-01     1.15929e+01
    8.09737e-01     1.14245e+01
    8.14997e-01     1.12585e+01
    8.20291e-01     1.10948e+01
    8.25619e-01     1.09334e+01
    8.30982e-01     1.07742e+01
    8.36380e-01     1.06172e+01
    8.41812e-01     1.04624e+01
    8.47280e-01     1.03098e+01
    8.52784e-01     1.01593e+01
    8.58323e-01     1.00109e+01
    8.63899e-01     9.86454e+00
    8.69510e-01     9.72023e+00
    8.75158e-01     9.57798e+00
    8.80843e-01     9.43769e+00
    8.86564e-01     9.29940e+00
    8.92323e-01     9.16301e+00
    8.98119e-01     9.02855e+00
    9.03953e-01     8.89602e+00
    9.09825e-01     8.76530e+00
    9.15734e-01     8.63644e+00
    9.21683e-01     8.50940e+00
    9.27669e-01     8.38414e+00
    9.33695e-01     8.26067e+00
    9.39760e-01     8.13892e+00
    9.45864e-01     8.01888e+00
    9.52008e-01     7.90055e+00
    9.58192e-01     7.78391e+00
    9.64416e-01     7.66890e+00
    9.70680e-01     7.55550e+00
    9.76985e-01     7.44376e+00
    9.83332e-01     7.33356e+00
    9.89719e-01     7.22496e+00
    9.96148e-01     7.11790e+00
    1.00262e+00     7.01238e+00
    1.00913e+00     6.90832e+00
    1.01569e+00     6.80579e+00
    1.02228e+00     6.70463e+00
    1.02892e+00     6.60497e+00
    1.03561e+00     6.50678e+00
    1.04233e+00     6.40991e+00
    1.04910e+00     6.31445e+00
    1.05592e+00     6.22039e+00
    1.06278e+00     6.12763e+00
    1.06968e+00     6.03619e+00
    1.07663e+00     5.94607e+00
    1.08362e+00     5.85723e+00
    1.09066e+00     5.76966e+00
    1.09775e+00     5.68338e+00
    1.10488e+00     5.59832e+00
    1.11205e+00     5.51445e+00
    1.11928e+00     5.43185e+00
    1.12655e+00     5.35040e+00
    1.13386e+00     5.27009e+00
    1.14123e+00     5.19102e+00
    1.14864e+00     5.11306e+00
    1.15610e+00     5.03623e+00
    1.16361e+00     4.96055e+00
    1.17117e+00     4.88595e+00
    1.17878e+00     4.81244e+00
    1.18643e+00     4.73999e+00
    1.19414e+00     4.66861e+00
    1.20190e+00     4.59828e+00
    1.20970e+00     4.52893e+00
    1.21756e+00     4.46065e+00
    1.22547e+00     4.39334e+00
    1.23343e+00     4.32701e+00
    1.24144e+00     4.26166e+00
    1.24951e+00     4.19730e+00
    1.25762e+00     4.13382e+00
    1.26579e+00     4.07129e+00
    1.27401e+00     4.00967e+00
    1.28229e+00     3.94899e+00
    1.29062e+00     3.88918e+00
    1.29900e+00     3.83021e+00
    1.30744e+00     3.77214e+00
    1.31593e+00     3.71487e+00
    1.32448e+00     3.65849e+00
    1.33308e+00     3.60289e+00
    1.34174e+00     3.54810e+00
    1.35046e+00     3.49414e+00
    1.35923e+00     3.44094e+00
    1.36806e+00     3.38853e+00
    1.37695e+00     3.33690e+00
    1.38589e+00     3.28602e+00
    1.39489e+00     3.23588e+00
    1.40395e+00     3.18649e+00
    1.41307e+00     3.13782e+00
    1.42225e+00     3.08988e+00
    1.43149e+00     3.04267e+00
    1.44079e+00     2.99613e+00
    1.45015e+00     2.95028e+00
    1.45956e+00     2.90512e+00
    1.46905e+00     2.86065e+00
    1.47859e+00     2.81682e+00
    1.48819e+00     2.77362e+00
    1.49786e+00     2.73110e+00
    1.50759e+00     2.68922e+00
    1.51738e+00     2.64793e+00
    1.52724e+00     2.60728e+00
    1.53716e+00     2.56724e+00
    1.54714e+00     2.52778e+00
    1.55719e+00     2.48893e+00
    1.56731e+00     2.45066e+00
    1.57749e+00     2.41295e+00
    1.58773e+00     2.37580e+00
    1.59805e+00     2.33924e+00
    1.60843e+00     2.30318e+00
    1.61887e+00     2.26767e+00
    1.62939e+00     2.23271e+00
    1.63997e+00     2.19826e+00
    1.65063e+00     2.16432e+00
    1.66135e+00     2.13088e+00
    1.67214e+00     2.09793e+00
    1.68300e+00     2.06550e+00
    1.69393e+00     2.03352e+00
    1.70494e+00     2.00205e+00
    1.71601e+00     1.97103e+00
    1.72716e+00     1.94048e+00
    1.73838e+00     1.91040e+00
    1.74967e+00     1.88076e+00
    1.76103e+00     1.85157e+00
    1.77247e+00     1.82282e+00
    1.78398e+00     1.79451e+00
    1.79557e+00     1.76662e+00
    1.80724e+00     1.73917e+00
    1.81897e+00     1.71212e+00
    1.83079e+00     1.68548e+00
    1.84268e+00     1.65926e+00
    1.85465e+00     1.63343e+00
    1.86670e+00     1.60799e+00
    1.87882e+00     1.58293e+00
    1.89103e+00     1.55828e+00
    1.90331e+00     1.53398e+00
    1.91567e+00     1.51004e+00
    1.92812e+00     1.48649e+00
    1.94064e+00     1.46328e+00
    1.95325e+00     1.44044e+00
    1.96593e+00     1.41794e+00
    1.97870e+00     1.39579e+00
    1.99156e+00     1.37397e+00
    2.00449e+00     1.35248e+00
    2.01751e+00     1.33132e+00
    2.03062e+00     1.31049e+00
    2.04381e+00     1.28996e+00
    2.05708e+00     1.26976e+00
    2.07045e+00     1.24986e+00
    2.08389e+00     1.23024e+00
    2.09743e+00     1.21094e+00
    2.11105e+00     1.19192e+00
    2.12477e+00     1.17320e+00
    2.13857e+00     1.15477e+00
    2.15246e+00     1.13662e+00
    2.16644e+00     1.11872e+00
    2.18051e+00     1.10112e+00
    2.19468e+00     1.08379e+00
    2.20893e+00     1.06671e+00
    2.22328e+00     1.04992e+00
    2.23772e+00     1.03336e+00
    2.25226e+00     1.01707e+00
    2.26689e+00     1.00103e+00
    2.28161e+00     9.85236e-01
    2.29643e+00     9.69688e-01
    2.31135e+00     9.54385e-01
    2.32636e+00     9.39307e-01
    2.34147e+00     9.24472e-01
    2.35668e+00     9.09862e-01
    2.37199e+00     8.95475e-01
    2.38740e+00     8.81328e-01
    2.40290e+00     8.67381e-01
    2.41851e+00     8.53658e-01
    2.43422e+00     8.40153e-01
    2.45003e+00     8.26849e-01
    2.46595e+00     8.13747e-01
    2.48197e+00     8.00860e-01
    2.49809e+00     7.88164e-01
    2.51431e+00     7.75666e-01
    2.53065e+00     7.63365e-01
    2.54708e+00     7.51249e-01
    2.56363e+00     7.39324e-01
    2.58028e+00     7.27580e-01
    2.59704e+00     7.16018e-01
    2.61391e+00     7.04635e-01
    2.63089e+00     6.93425e-01
    2.64798e+00     6.82391e-01
    2.66518e+00     6.71526e-01
    2.68249e+00     6.60830e-01
    2.69991e+00     6.50300e-01
    2.71745e+00     6.39935e-01
    2.73510e+00     6.29730e-01
    2.75287e+00     6.19686e-01
    2.77075e+00     6.09797e-01
    2.78875e+00     6.00064e-01
    2.80686e+00     5.90481e-01
    2.82509e+00     5.81051e-01
    2.84344e+00     5.71767e-01
    2.86191e+00     5.62629e-01
    2.88050e+00     5.53636e-01
    2.89921e+00     5.44783e-01
    2.91805e+00     5.36072e-01
    2.93700e+00     5.27494e-01
    2.95608e+00     5.19054e-01
    2.97528e+00     5.10745e-01
    2.99461e+00     5.02568e-01
    3.01406e+00     4.94519e-01
    3.03364e+00     4.86598e-01
    3.05334e+00     4.78799e-01
    3.07317e+00     4.71125e-01
    3.09314e+00     4.63571e-01
    3.11323e+00     4.56135e-01
    3.13345e+00     4.48817e-01
    3.15380e+00     4.41612e-01
    3.17429e+00     4.34522e-01
    3.19491e+00     4.27542e-01
    3.21566e+00     4.20670e-01
    3.23655e+00     4.13906e-01
    3.25757e+00     4.07247e-01
    3.27873e+00     4.00693e-01
    3.30003e+00     3.94242e-01
    3.32146e+00     3.87892e-01
    3.34304e+00     3.81642e-01
    3.36475e+00     3.75489e-01
    3.38661e+00     3.69434e-01
    3.40861e+00     3.63475e-01
    3.43075e+00     3.57610e-01
    3.45303e+00     3.51837e-01
    3.47546e+00     3.46157e-01
    3.49804e+00     3.40567e-01
    3.52076e+00     3.35064e-01
    3.54363e+00     3.29650e-01
    3.56664e+00     3.24322e-01
    3.58981e+00     3.19078e-01
    3.61313e+00     3.13919e-01
    3.63660e+00     3.08841e-01
    3.66022e+00     3.03844e-01
    3.68400e+00     2.98929e-01
    3.70793e+00     2.94089e-01
    3.73201e+00     2.89328e-01
    3.75625e+00     2.84643e-01
    3.78065e+00     2.80033e-01
    3.80521e+00     2.75496e-01
    3.82993e+00     2.71031e-01
    3.85480e+00     2.66637e-01
    3.87984e+00     2.62314e-01
    3.90504e+00     2.58059e-01
    3.93041e+00     2.53872e-01
    3.95594e+00     2.49752e-01
    3.98163e+00     2.45696e-01
    4.00750e+00     2.41706e-01
    4.03353e+00     2.37778e-01
    4.05973e+00     2.33912e-01
    4.08610e+00     2.30107e-01
    4.11264e+00     2.26364e-01
    4.13935e+00     2.22679e-01
    4.16624e+00     2.19052e-01
    4.19330e+00     2.15485e-01
    4.22054e+00     2.11973e-01
    4.24796e+00     2.08518e-01
    4.27555e+00     2.05118e-01
    4.30332e+00     2.01773e-01
    4.33127e+00     1.98481e-01
    4.35941e+00     1.95243e-01
    4.38772e+00     1.92056e-01
    4.41622e+00     1.88920e-01
    4.44491e+00     1.85835e-01
    4.47378e+00     1.82801e-01
    4.50284e+00     1.79814e-01
    4.53209e+00     1.76876e-01
    4.56153e+00     1.73986e-01
    4.59116e+00     1.71142e-01
    4.62098e+00     1.68345e-01
    4.65100e+00     1.65591e-01
    4.68121e+00     1.62883e-01
    4.71161e+00     1.60218e-01
    4.74222e+00     1.57597e-01
    4.77302e+00     1.55018e-01
    4.80403e+00     1.52481e-01
    4.83523e+00     1.49984e-01
    4.86664e+00     1.47528e-01
    4.89825e+00     1.45111e-01
    4.93007e+00     1.42732e-01
    4.96209e+00     1.40393e-01
    4.99432e+00     1.38090e-01
    5.02676e+00     1.35824e-01
    5.05941e+00     1.33595e-01
    5.09228e+00     1.31401e-01
    5.12535e+00     1.29242e-01
    5.15865e+00     1.27119e-01
    5.19215e+00     1.25029e-01
    5.22588e+00     1.22973e-01
    5.25983e+00     1.20950e-01
    5.29399e+00     1.18960e-01
    5.32838e+00     1.17002e-01
    5.36299e+00     1.15076e-01
    5.39782e+00     1.13181e-01
    5.43289e+00     1.11316e-01
    5.46818e+00     1.09483e-01
    5.50370e+00     1.07678e-01
    5.53944e+00     1.05904e-01
    5.57543e+00     1.04158e-01
    5.61164e+00     1.02441e-01
    5.64809e+00     1.00752e-01
    5.68478e+00     9.90894e-02
    5.72171e+00     9.74547e-02
    5.75887e+00     9.58471e-02
    5.79628e+00     9.42651e-02
    5.83393e+00     9.27100e-02
    5.87182e+00     9.11792e-02
    5.90996e+00     8.96735e-02
    5.94835e+00     8.81928e-02
    5.98699e+00     8.67359e-02
    6.02588e+00     8.53029e-02
    6.06502e+00     8.38935e-02
    6.10442e+00     8.25069e-02
    6.14407e+00     8.11429e-02
    6.18398e+00     7.98006e-02
    6.22414e+00     7.84805e-02
    6.26457e+00     7.71813e-02
    6.30527e+00     7.59034e-02
    6.34622e+00     7.46466e-02
    6.38744e+00     7.34094e-02
    6.42893e+00     7.21925e-02
    6.47069e+00     7.09956e-02
    6.51272e+00     6.98180e-02
    6.55503e+00     6.86596e-02
    6.59761e+00     6.75201e-02
    6.64046e+00     6.63987e-02
    6.68359e+00     6.52962e-02
    6.72701e+00     6.42116e-02
    6.77070e+00     6.31449e-02
    6.81468e+00     6.20959e-02
    6.85895e+00     6.10639e-02
    6.90350e+00     6.00493e-02
    6.94834e+00     5.90508e-02
    6.99348e+00     5.80689e-02
    7.03890e+00     5.71035e-02
    7.08462e+00     5.61539e-02
    7.13064e+00     5.52199e-02
    7.17696e+00     5.43007e-02
    7.22358e+00     5.33977e-02
    7.27050e+00     5.25087e-02
    7.31773e+00     5.16350e-02
    7.36526e+00     5.07750e-02
    7.41310e+00     4.99302e-02
    7.46125e+00     4.90983e-02
    7.50972e+00     4.82808e-02
    7.55850e+00     4.74767e-02
    7.60759e+00     4.66853e-02
    7.65701e+00     4.59073e-02
    7.70675e+00     4.51420e-02
    7.75680e+00     4.43891e-02
    7.80719e+00     4.36487e-02
    7.85790e+00     4.29200e-02
    7.90894e+00     4.22037e-02
    7.96032e+00     4.14984e-02
    8.01202e+00     4.08052e-02
    8.06407e+00     4.01235e-02
    8.11645e+00     3.94526e-02
    8.16917e+00     3.87930e-02
    8.22223e+00     3.81441e-02
    8.27564e+00     3.75058e-02
    8.32939e+00     3.68780e-02
    8.38350e+00     3.62606e-02
    8.43795e+00     3.56537e-02
    8.49276e+00     3.50565e-02
    8.54793e+00     3.44696e-02
    8.60345e+00     3.38923e-02
    8.65933e+00     3.33240e-02
    8.71558e+00     3.27658e-02
    8.77219e+00     3.22170e-02
    8.82917e+00     3.16770e-02
    8.88652e+00     3.11458e-02
    8.94425e+00     3.06239e-02
    9.00234e+00     3.01100e-02
    9.06082e+00     2.96054e-02
    9.11967e+00     2.91092e-02
    9.17891e+00     2.86204e-02
    9.23853e+00     2.81406e-02
    9.29854e+00     2.76685e-02
    9.35894e+00     2.72042e-02
    9.41973e+00     2.67476e-02
    9.48092e+00     2.62986e-02
    9.54250e+00     2.58570e-02
    9.60449e+00     2.54228e-02
    9.66687e+00     2.49957e-02
    9.72967e+00     2.45756e-02
    9.79287e+00     2.41625e-02
    9.85648e+00     2.37562e-02
    9.92050e+00     2.33565e-02
    9.98494e+00     2.29634e-02
    1.00498e+01     2.25769e-02
    1.01151e+01     2.21967e-02
    1.01808e+01     2.18228e-02
    1.02469e+01     2.14551e-02
    1.03135e+01     2.10936e-02
    1.03805e+01     2.07381e-02
    1.04479e+01     2.03884e-02
    1.05157e+01     2.00445e-02
    1.05841e+01     1.97066e-02
    1.06528e+01     1.93741e-02
    1.07220e+01     1.90473e-02
    1.07916e+01     1.87259e-02
    1.08617e+01     1.84099e-02
    1.09323e+01     1.80993e-02
    1.10033e+01     1.77938e-02
    1.10748e+01     1.74935e-02
    1.11467e+01     1.71981e-02
    1.12191e+01     1.69078e-02
    1.12920e+01     1.66223e-02
    1.13653e+01     1.63415e-02
    1.14392e+01     1.60657e-02
    1.15135e+01     1.57943e-02
    1.15883e+01     1.55275e-02
    1.16635e+01     1.52651e-02
    1.17393e+01     1.50072e-02
    1.18155e+01     1.47535e-02
    1.18923e+01     1.45042e-02
    1.19695e+01     1.42589e-02
    1.20473e+01     1.40178e-02
    1.21255e+01     1.37806e-02
    1.22043e+01     1.35474e-02
    1.22836e+01     1.33181e-02
    1.23634e+01     1.30926e-02
    1.24437e+01     1.28707e-02
    1.25245e+01     1.26526e-02
    1.26059e+01     1.24381e-02
    1.26877e+01     1.22272e-02
    1.27701e+01     1.20198e-02
    1.28531e+01     1.18159e-02
    1.29366e+01     1.16155e-02
    1.30206e+01     1.14183e-02
    1.31052e+01     1.12245e-02
    1.31903e+01     1.10339e-02
    1.32760e+01     1.08466e-02
    1.33622e+01     1.06624e-02
    1.34490e+01     1.04813e-02
    1.35364e+01     1.03033e-02
    1.36243e+01     1.01283e-02
    1.37128e+01     9.95625e-03
    1.38019e+01     9.78712e-03
    1.38915e+01     9.62078e-03
    1.39818e+01     9.45733e-03
    1.40726e+01     9.29661e-03
    1.41640e+01     9.13861e-03
    1.42560e+01     8.98326e-03
    1.43486e+01     8.83056e-03
    1.44418e+01     8.68045e-03
    1.45356e+01     8.53285e-03
    1.46300e+01     8.38773e-03
    1.47251e+01     8.24509e-03
    1.48207e+01     8.10482e-03
    1.49170e+01     7.96695e-03
    1.50139e+01     7.83134e-03
    1.51114e+01     7.69803e-03
    1.52095e+01     7.56691e-03
    1.53083e+01     7.43801e-03
    1.54078e+01     7.31130e-03
    1.55079e+01     7.18666e-03
    1.56086e+01     7.06412e-03
    1.57100e+01     6.94365e-03
    1.58120e+01     6.82517e-03
    1.59147e+01     6.70868e-03
    1.60181e+01     6.59417e-03
    1.61221e+01     6.48158e-03
    1.62269e+01     6.37095e-03
    1.63323e+01     6.26214e-03
    1.64384e+01     6.15519e-03
    1.65451e+01     6.05004e-03
    1.66526e+01     5.94668e-03
    1.67608e+01     5.84506e-03
    1.68696e+01     5.74517e-03
    1.69792e+01     5.64701e-03
    1.70895e+01     5.55048e-03
    1.72005e+01     5.45561e-03
    1.73122e+01     5.36236e-03
    1.74247e+01     5.27071e-03
    1.75379e+01     5.18061e-03
    1.76518e+01     5.09204e-03
    1.77665e+01     5.00496e-03
    1.78819e+01     4.91938e-03
    1.79980e+01     4.83525e-03
    1.81149e+01     4.75256e-03
    1.82326e+01     4.67126e-03
    1.83510e+01     4.59135e-03
    1.84702e+01     4.51278e-03
    1.85902e+01     4.43554e-03
    1.87109e+01     4.35960e-03
    1.88325e+01     4.28496e-03
    1.89548e+01     4.21158e-03
    1.90779e+01     4.13943e-03
    1.92019e+01     4.06849e-03
    1.93266e+01     3.99875e-03
    1.94521e+01     3.93015e-03
    1.95785e+01     3.86274e-03
    1.97056e+01     3.79647e-03
    1.98336e+01     3.73131e-03
    1.99625e+01     3.66726e-03
    2.00921e+01     3.60429e-03
    2.02226e+01     3.54238e-03
    2.03540e+01     3.48155e-03
    2.04862e+01     3.42174e-03
    2.06193e+01     3.36294e-03
    2.07532e+01     3.30515e-03
    2.08880e+01     3.24835e-03
    2.10237e+01     3.19254e-03
    2.11603e+01     3.13767e-03
    2.12977e+01     3.08373e-03
    2.14360e+01     3.03072e-03
    2.15753e+01     2.97863e-03
    2.17154e+01     2.92741e-03
    2.18565e+01     2.87710e-03
    2.19985e+01     2.82764e-03
    2.21413e+01     2.77901e-03
    2.22852e+01     2.73122e-03
    2.24299e+01     2.68426e-03
    2.25756e+01     2.63808e-03
    2.27223e+01     2.59271e-03
    2.28698e+01     2.54810e-03
    2.30184e+01     2.50426e-03
    2.31679e+01     2.46116e-03
    2.33184e+01     2.41881e-03
    2.34699e+01     2.37716e-03
    2.36223e+01     2.33623e-03
    2.37758e+01     2.29599e-03
    2.39302e+01     2.25641e-03
    2.40856e+01     2.21752e-03
    2.42421e+01     2.17928e-03
    2.43996e+01     2.14171e-03
    2.45580e+01     2.10476e-03
    2.47176e+01     2.06843e-03
    2.48781e+01     2.03273e-03
    2.50397e+01     1.99764e-03
    2.52024e+01     1.96314e-03
    2.53661e+01     1.92926e-03
    2.55308e+01     1.89592e-03
    2.56967e+01     1.86318e-03
    2.58636e+01     1.83098e-03
    2.60316e+01     1.79934e-03
    2.62007e+01     1.76826e-03
    2.63709e+01     1.73771e-03
    2.65421e+01     1.70766e-03
    2.67146e+01     1.67817e-03
    2.68881e+01     1.64917e-03
    2.70627e+01     1.62066e-03
    2.72385e+01     1.59265e-03
    2.74154e+01     1.56510e-03
    2.75935e+01     1.53806e-03
    2.77728e+01     1.51146e-03
    2.79532e+01     1.48534e-03
    2.81347e+01     1.45965e-03
    2.83175e+01     1.43441e-03
    2.85014e+01     1.40961e-03
    2.86866e+01     1.38523e-03
    2.88729e+01     1.36126e-03
    2.90604e+01     1.33770e-03
    2.92492e+01     1.31457e-03
    2.94392e+01     1.29180e-03
    2.96304e+01     1.26945e-03
    2.98229e+01     1.24746e-03
    3.00166e+01     1.22583e-03
    3.02116e+01     1.20459e-03
    3.04078e+01     1.18370e-03
    3.06053e+01     1.16317e-03
    3.08041e+01     1.14300e-03
    3.10042e+01     1.12317e-03
    3.12056e+01     1.10368e-03
    3.14083e+01     1.08451e-03
    3.16123e+01     1.06569e-03
    3.18176e+01     1.04719e-03
    3.20243e+01     1.02902e-03
    3.22323e+01     1.01114e-03
    3.24417e+01     9.93580e-04
    3.26524e+01     9.76314e-04
    3.28645e+01     9.59362e-04
    3.30780e+01     9.42699e-04
    3.32929e+01     9.26323e-04
    3.35091e+01     9.10229e-04
    3.37268e+01     8.94415e-04
    3.39458e+01     8.78874e-04
    3.41663e+01     8.63602e-04
    3.43883e+01     8.48599e-04
    3.46116e+01     8.33850e-04
    3.48365e+01     8.19360e-04
    3.50627e+01     8.05120e-04
    3.52905e+01     7.91126e-04
    3.55197e+01     7.77374e-04
    3.57505e+01     7.63860e-04
    3.59827e+01     7.50579e-04
    3.62164e+01     7.37526e-04
    3.64516e+01     7.24696e-04
    3.66884e+01     7.12087e-04
    3.69267e+01     6.99695e-04
    3.71666e+01     6.87515e-04
    3.74080e+01     6.75542e-04
    3.76510e+01     6.63775e-04
    3.78956e+01     6.52210e-04
    3.81417e+01     6.40841e-04
    3.83895e+01     6.29669e-04
    3.86388e+01     6.18688e-04
    3.88898e+01     6.07897e-04
    3.91424e+01     5.97292e-04
    3.93967e+01     5.86871e-04
    3.96526e+01     5.76630e-04
    3.99101e+01     5.66566e-04
    4.01694e+01     5.56678e-04
    4.04303e+01     5.46959e-04
    4.06929e+01     5.37410e-04
    4.09572e+01     5.28027e-04
    4.12233e+01     5.18808e-04
    4.14910e+01     5.09749e-04
    4.17605e+01     5.00846e-04
    4.20318e+01     4.92101e-04
    4.23048e+01     4.83507e-04
    4.25796e+01     4.75062e-04
    4.28562e+01     4.66765e-04
    4.31346e+01     4.58612e-04
    4.34147e+01     4.50599e-04
    4.36968e+01     4.42729e-04
    4.39806e+01     4.34993e-04
    4.42663e+01     4.27393e-04
    4.45538e+01     4.19923e-04
    4.48432e+01     4.12583e-04
    4.51345e+01     4.05370e-04
    4.54277e+01     3.98283e-04
    4.57227e+01     3.91317e-04
    4.60197e+01     3.84471e-04
    4.63186e+01     3.77742e-04
    4.66195e+01     3.71129e-04
    4.69223e+01     3.64630e-04
    4.72271e+01     3.58242e-04
    4.75339e+01     3.51964e-04
    4.78426e+01     3.45794e-04
    4.81534e+01     3.39733e-04
    4.84662e+01     3.33774e-04
    4.87810e+01     3.27919e-04
    4.90979e+01     3.22167e-04
    4.94168e+01     3.16514e-04
    4.97378e+01     3.10959e-04
    5.00608e+01     3.05500e-04
    5.03860e+01     3.00138e-04
    5.07133e+01     2.94869e-04
    5.10427e+01     2.89693e-04
    5.13743e+01     2.84607e-04
    5.17080e+01     2.79610e-04
    5.20438e+01     2.74700e-04
    5.23819e+01     2.69877e-04
    5.27221e+01     2.65138e-04
    5.30646e+01     2.60482e-04
    5.34093e+01     2.55908e-04
    5.37562e+01     2.51415e-04
    5.41054e+01     2.47000e-04
    5.44568e+01     2.42662e-04
    5.48106e+01     2.38401e-04
    5.51666e+01     2.34214e-04
    5.55249e+01     2.30100e-04
    5.58856e+01     2.26058e-04
    5.62486e+01     2.22087e-04
    5.66140e+01     2.18185e-04
    5.69817e+01     2.14352e-04
    5.73518e+01     2.10584e-04
    5.77244e+01     2.06883e-04
    5.80993e+01     2.03246e-04
    5.84767e+01     1.99671e-04
    5.88565e+01     1.96158e-04
    5.92388e+01     1.92707e-04
    5.96236e+01     1.89315e-04
    6.00109e+01     1.85984e-04
    6.04007e+01     1.82710e-04
    6.07930e+01     1.79492e-04
    6.11879e+01     1.76331e-04
    6.15854e+01     1.73226e-04
    6.19854e+01     1.70173e-04
    6.23880e+01     1.67174e-04
    6.27933e+01     1.64228e-04
    6.32012e+01     1.61335e-04
    6.36117e+01     1.58490e-04
    6.40249e+01     1.55696e-04
    6.44408e+01     1.52951e-04
    6.48593e+01     1.50252e-04
    6.52806e+01     1.47602e-04
    6.57047e+01     1.44997e-04
    6.61315e+01     1.42438e-04
    6.65610e+01     1.39924e-04
    6.69934e+01     1.37453e-04
    6.74285e+01     1.35025e-04
    6.78665e+01     1.32638e-04
    6.83073e+01     1.30293e-04
    6.87510e+01     1.27989e-04
    6.91976e+01     1.25724e-04
    6.96471e+01     1.23499e-04
    7.00995e+01     1.21310e-04
    7.05548e+01     1.19160e-04
    7.10131e+01     1.17046e-04
    7.14744e+01     1.14968e-04
    7.19386e+01     1.12925e-04
    7.24059e+01     1.10917e-04
    7.28762e+01     1.08942e-04
    7.33496e+01     1.07001e-04
    7.38261e+01     1.05092e-04
    7.43056e+01     1.03216e-04
    7.47883e+01     1.01373e-04
    7.52740e+01     9.95608e-05
    7.57630e+01     9.77811e-05
    7.62551e+01     9.60318e-05
    7.67504e+01     9.43135e-05
    7.72490e+01     9.26253e-05
    7.77507e+01     9.09667e-05
    7.82558e+01     8.93387e-05
    7.87641e+01     8.77391e-05
    7.92757e+01     8.61686e-05
    7.97906e+01     8.46271e-05
    8.03089e+01     8.31134e-05
    8.08306e+01     8.16274e-05
    8.13556e+01     8.01696e-05
    8.18841e+01     7.87383e-05
    8.24160e+01     7.73331e-05
    8.29513e+01     7.59556e-05
    8.34901e+01     7.46031e-05
    8.40324e+01     7.32769e-05
    8.45783e+01     7.19754e-05
    8.51276e+01     7.06990e-05
    8.56806e+01     6.94477e-05
    8.62371e+01     6.82212e-05
    8.67973e+01     6.70177e-05
    8.73611e+01     6.58386e-05
    8.79285e+01     6.46821e-05
    8.84997e+01     6.35497e-05
    8.90745e+01     6.24387e-05
    8.96531e+01     6.13515e-05
    9.02355e+01     6.02854e-05
    9.08216e+01     5.92409e-05
    9.14115e+01     5.82180e-05
    9.20053e+01     5.72151e-05
    9.26029e+01     5.62317e-05
    9.32044e+01     5.52672e-05
    9.38099e+01     5.43214e-05
    9.44192e+01     5.33925e-05
    9.50325e+01     5.24805e-05
    9.56498e+01     5.15846e-05
    9.62711e+01     5.07038e-05
    9.68964e+01     4.98382e-05
    9.75258e+01     4.89868e-05
    9.81593e+01     4.81488e-05
    9.87969e+01     4.73236e-05
    9.94386e+01     4.65102e-05
    1.00085e+02     4.57095e-05
    1.00735e+02     4.49190e-05
    1.01389e+02     4.41393e-05
    1.02048e+02     4.33696e-05
    1.02710e+02     4.26089e-05
    1.03378e+02     4.18577e-05
    1.04049e+02     4.11141e-05
    1.04725e+02     4.03782e-05
    1.05405e+02     3.96503e-05
    1.06090e+02     3.89288e-05
    1.06779e+02     3.82138e-05
    1.07473e+02     3.75046e-05
    1.08171e+02     3.68000e-05
    1.08873e+02     3.61009e-05
    1.09580e+02     3.54063e-05
    1.10292e+02     3.47155e-05
    1.11009e+02     3.40286e-05
    1.11730e+02     3.33449e-05
