    1.05035e-05     1.85888e+00
    1.05717e-05     1.87048e+00
    1.06404e-05     1.88216e+00
    1.07095e-05     1.89390e+00
    1.07791e-05     1.90573e+00
    1.08491e-05     1.91762e+00
    1.09196e-05     1.92960e+00
    1.09905e-05     1.94164e+00
    1.10619e-05     1.95376e+00
    1.11337e-05     1.96595e+00
    1.12060e-05     1.97822e+00
    1.12788e-05     1.99057e+00
    1.13521e-05     2.00300e+00
    1.14258e-05     2.01549e+00
    1.15001e-05     2.02809e+00
    1.15748e-05     2.04075e+00
    1.16499e-05     2.05347e+00
    1.17256e-05     2.06630e+00
    1.18018e-05     2.07920e+00
    1.18784e-05     2.09217e+00
    1.19556e-05     2.10523e+00
    1.20332e-05     2.11837e+00
    1.21114e-05     2.13160e+00
    1.21901e-05     2.14491e+00
    1.22693e-05     2.15830e+00
    1.23490e-05     2.17177e+00
    1.24292e-05     2.18532e+00
    1.25099e-05     2.19896e+00
    1.25912e-05     2.21269e+00
    1.26730e-05     2.22651e+00
    1.27553e-05     2.24040e+00
    1.28381e-05     2.25438e+00
    1.29215e-05     2.26845e+00
    1.30054e-05     2.28261e+00
    1.30899e-05     2.29686e+00
    1.31749e-05     2.31119e+00
    1.32605e-05     2.32562e+00
    1.33467e-05     2.34015e+00
    1.34334e-05     2.35476e+00
    1.35206e-05     2.36945e+00
    1.36084e-05     2.38423e+00
    1.36968e-05     2.39912e+00
    1.37858e-05     2.41410e+00
    1.38753e-05     2.42916e+00
    1.39655e-05     2.44433e+00
    1.40562e-05     2.45959e+00
    1.41475e-05     2.47494e+00
    1.42394e-05     2.49039e+00
    1.43319e-05     2.50594e+00
    1.44250e-05     2.52158e+00
    1.45187e-05     2.53732e+00
    1.46130e-05     2.55316e+00
    1.47079e-05     2.56909e+00
    1.48034e-05     2.58512e+00
    1.48996e-05     2.60127e+00
    1.49964e-05     2.61751e+00
    1.50938e-05     2.63384e+00
    1.51918e-05     2.65028e+00
    1.52905e-05     2.66682e+00
    1.53898e-05     2.68347e+00
    1.54898e-05     2.70022e+00
    1.55904e-05     2.71708e+00
    1.56917e-05     2.73404e+00
    1.57936e-05     2.75110e+00
    1.58962e-05     2.76828e+00
    1.59994e-05     2.78555e+00
    1.61034e-05     2.80295e+00
    1.62080e-05     2.82044e+00
    1.63132e-05     2.83804e+00
    1.64192e-05     2.85576e+00
    1.65259e-05     2.87359e+00
    1.66332e-05     2.89152e+00
    1.67412e-05     2.90956e+00
    1.68500e-05     2.92774e+00
    1.69594e-05     2.94600e+00
    1.70696e-05     2.96440e+00
    1.71805e-05     2.98291e+00
    1.72921e-05     3.00153e+00
    1.74044e-05     3.02026e+00
    1.75174e-05     3.03910e+00
    1.76312e-05     3.05808e+00
    1.77458e-05     3.07718e+00
    1.78610e-05     3.09637e+00
    1.79770e-05     3.11570e+00
    1.80938e-05     3.13515e+00
    1.82113e-05     3.15472e+00
    1.83296e-05     3.17441e+00
    1.84487e-05     3.19423e+00
    1.85685e-05     3.21416e+00
    1.86891e-05     3.23423e+00
    1.88105e-05     3.25441e+00
    1.89327e-05     3.27473e+00
    1.90557e-05     3.29518e+00
    1.91795e-05     3.31575e+00
    1.93041e-05     3.33645e+00
    1.94294e-05     3.35726e+00
    1.95557e-05     3.37823e+00
    1.96827e-05     3.39932e+00
    1.98105e-05     3.42053e+00
    1.99392e-05     3.44188e+00
    2.00687e-05     3.46336e+00
    2.01991e-05     3.48499e+00
    2.03303e-05     3.50674e+00
    2.04623e-05     3.52862e+00
    2.05953e-05     3.55066e+00
    2.07290e-05     3.57281e+00
    2.08637e-05     3.59512e+00
    2.09992e-05     3.61756e+00
    2.11356e-05     3.64013e+00
    2.12729e-05     3.66286e+00
    2.14111e-05     3.68573e+00
    2.15501e-05     3.70871e+00
    2.16901e-05     3.73186e+00
    2.18310e-05     3.75516e+00
    2.19728e-05     3.77859e+00
    2.21155e-05     3.80218e+00
    2.22592e-05     3.82591e+00
    2.24038e-05     3.84979e+00
    2.25493e-05     3.87382e+00
    2.26958e-05     3.89800e+00
    2.28432e-05     3.92233e+00
    2.29916e-05     3.94681e+00
    2.31409e-05     3.97144e+00
    2.32912e-05     3.99623e+00
    2.34425e-05     4.02117e+00
    2.35948e-05     4.04627e+00
    2.37481e-05     4.07154e+00
    2.39023e-05     4.09694e+00
    2.40576e-05     4.12252e+00
    2.42138e-05     4.14824e+00
    2.43711e-05     4.17414e+00
    2.45294e-05     4.20020e+00
    2.46888e-05     4.22643e+00
    2.48491e-05     4.25280e+00
    2.50105e-05     4.27935e+00
    2.51730e-05     4.30607e+00
    2.53365e-05     4.33295e+00
    2.55011e-05     4.36000e+00
    2.56667e-05     4.38720e+00
    2.58334e-05     4.41459e+00
    2.60012e-05     4.44214e+00
    2.61701e-05     4.46987e+00
    2.63401e-05     4.49778e+00
    2.65112e-05     4.52586e+00
    2.66834e-05     4.55411e+00
    2.68567e-05     4.58253e+00
    2.70312e-05     4.61115e+00
    2.72068e-05     4.63993e+00
    2.73835e-05     4.66889e+00
    2.75614e-05     4.69803e+00
    2.77404e-05     4.72735e+00
    2.79206e-05     4.75686e+00
    2.81019e-05     4.78655e+00
    2.82845e-05     4.81643e+00
    2.84682e-05     4.84648e+00
    2.86531e-05     4.87673e+00
    2.88392e-05     4.90717e+00
    2.90266e-05     4.93781e+00
    2.92151e-05     4.96862e+00
    2.94049e-05     4.99963e+00
    2.95959e-05     5.03084e+00
    2.97881e-05     5.06223e+00
    2.99816e-05     5.09382e+00
    3.01764e-05     5.12563e+00
    3.03724e-05     5.15762e+00
    3.05697e-05     5.18981e+00
    3.07682e-05     5.22219e+00
    3.09681e-05     5.25480e+00
    3.11692e-05     5.28759e+00
    3.13717e-05     5.32060e+00
    3.15755e-05     5.35382e+00
    3.17806e-05     5.38724e+00
    3.19870e-05     5.42086e+00
    3.21948e-05     5.45470e+00
    3.24039e-05     5.48874e+00
    3.26144e-05     5.52301e+00
    3.28262e-05     5.55748e+00
    3.30395e-05     5.59218e+00
    3.32541e-05     5.62708e+00
    3.34701e-05     5.66221e+00
    3.36875e-05     5.69755e+00
    3.39063e-05     5.73311e+00
    3.41265e-05     5.76889e+00
    3.43482e-05     5.80491e+00
    3.45713e-05     5.84114e+00
    3.47959e-05     5.87760e+00
    3.50219e-05     5.91428e+00
    3.52494e-05     5.95120e+00
    3.54783e-05     5.98833e+00
    3.57088e-05     6.02571e+00
    3.59407e-05     6.06331e+00
    3.61742e-05     6.10116e+00
    3.64092e-05     6.13925e+00
    3.66457e-05     6.17756e+00
    3.68837e-05     6.21612e+00
    3.71233e-05     6.25492e+00
    3.73644e-05     6.29395e+00
    3.76071e-05     6.33323e+00
    3.78514e-05     6.37277e+00
    3.80973e-05     6.41255e+00
    3.83447e-05     6.45257e+00
    3.85938e-05     6.49285e+00
    3.88445e-05     6.53339e+00
    3.90968e-05     6.57416e+00
    3.93507e-05     6.61519e+00
    3.96064e-05     6.65650e+00
    3.98636e-05     6.69804e+00
    4.01226e-05     6.73986e+00
    4.03832e-05     6.78193e+00
    4.06455e-05     6.82426e+00
    4.09095e-05     6.86685e+00
    4.11752e-05     6.90971e+00
    4.14427e-05     6.95285e+00
    4.17119e-05     6.99625e+00
    4.19828e-05     7.03992e+00
    4.22555e-05     7.08386e+00
    4.25300e-05     7.12807e+00
    4.28062e-05     7.17255e+00
    4.30843e-05     7.21733e+00
    4.33642e-05     7.26238e+00
    4.36458e-05     7.30770e+00
    4.39293e-05     7.35331e+00
    4.42147e-05     7.39921e+00
    4.45019e-05     7.44539e+00
    4.47909e-05     7.49184e+00
    4.50819e-05     7.53862e+00
    4.53747e-05     7.58567e+00
    4.56694e-05     7.63300e+00
    4.59661e-05     7.68065e+00
    4.62647e-05     7.72860e+00
    4.65652e-05     7.77682e+00
    4.68677e-05     7.82537e+00
    4.71721e-05     7.87422e+00
    4.74785e-05     7.92335e+00
    4.77869e-05     7.97281e+00
    4.80973e-05     8.02257e+00
    4.84097e-05     8.07265e+00
    4.87242e-05     8.12303e+00
    4.90406e-05     8.17372e+00
    4.93592e-05     8.22475e+00
    4.96798e-05     8.27607e+00
    5.00025e-05     8.32773e+00
    5.03273e-05     8.37972e+00
    5.06542e-05     8.43201e+00
    5.09832e-05     8.48463e+00
    5.13144e-05     8.53759e+00
    5.16477e-05     8.59086e+00
    5.19832e-05     8.64449e+00
    5.23208e-05     8.69842e+00
    5.26607e-05     8.75270e+00
    5.30028e-05     8.80735e+00
    5.33470e-05     8.86229e+00
    5.36936e-05     8.91761e+00
    5.40423e-05     8.97324e+00
    5.43934e-05     9.02926e+00
    5.47467e-05     9.08560e+00
    5.51023e-05     9.14230e+00
    5.54602e-05     9.19936e+00
    5.58205e-05     9.25678e+00
    5.61830e-05     9.31454e+00
    5.65480e-05     9.37268e+00
    5.69153e-05     9.43118e+00
    5.72850e-05     9.49003e+00
    5.76571e-05     9.54927e+00
    5.80316e-05     9.60887e+00
    5.84085e-05     9.66883e+00
    5.87879e-05     9.72918e+00
    5.91698e-05     9.78992e+00
    5.95541e-05     9.85102e+00
    5.99410e-05     9.91250e+00
    6.03303e-05     9.97437e+00
    6.07222e-05     1.00366e+01
    6.11166e-05     1.00993e+01
    6.15136e-05     1.01623e+01
    6.19132e-05     1.02257e+01
    6.23153e-05     1.02895e+01
    6.27201e-05     1.03538e+01
    6.31275e-05     1.04184e+01
    6.35376e-05     1.04834e+01
    6.39503e-05     1.05488e+01
    6.43657e-05     1.06147e+01
    6.47838e-05     1.06809e+01
    6.52046e-05     1.07476e+01
    6.56281e-05     1.08147e+01
    6.60544e-05     1.08821e+01
    6.64835e-05     1.09501e+01
    6.69153e-05     1.10184e+01
    6.73499e-05     1.10871e+01
    6.77874e-05     1.11563e+01
    6.82277e-05     1.12259e+01
    6.86709e-05     1.12960e+01
    6.91170e-05     1.13665e+01
    6.95659e-05     1.14374e+01
    7.00178e-05     1.15088e+01
    7.04726e-05     1.15806e+01
    7.09304e-05     1.16529e+01
    7.13911e-05     1.17256e+01
    7.18548e-05     1.17987e+01
    7.23215e-05     1.18724e+01
    7.27913e-05     1.19465e+01
    7.32641e-05     1.20210e+01
    7.37400e-05     1.20960e+01
    7.42190e-05     1.21715e+01
    7.47011e-05     1.22474e+01
    7.51863e-05     1.23239e+01
    7.56747e-05     1.24008e+01
    7.61663e-05     1.24782e+01
    7.66610e-05     1.25560e+01
    7.71589e-05     1.26344e+01
    7.76601e-05     1.27132e+01
    7.81646e-05     1.27925e+01
    7.86723e-05     1.28724e+01
    7.91833e-05     1.29527e+01
    7.96977e-05     1.30335e+01
    8.02153e-05     1.31148e+01
    8.07364e-05     1.31967e+01
    8.12608e-05     1.32790e+01
    8.17886e-05     1.33619e+01
    8.23199e-05     1.34453e+01
    8.28546e-05     1.35292e+01
    8.33928e-05     1.36136e+01
    8.39345e-05     1.36986e+01
    8.44797e-05     1.37841e+01
    8.50284e-05     1.38701e+01
    8.55807e-05     1.39566e+01
    8.61366e-05     1.40437e+01
    8.66961e-05     1.41313e+01
    8.72593e-05     1.42195e+01
    8.78261e-05     1.43083e+01
    8.83966e-05     1.43976e+01
    8.89707e-05     1.44874e+01
    8.95487e-05     1.45778e+01
    9.01303e-05     1.46688e+01
    9.07158e-05     1.47603e+01
    9.13050e-05     1.48524e+01
    9.18981e-05     1.49451e+01
    9.24950e-05     1.50383e+01
    9.30958e-05     1.51321e+01
    9.37005e-05     1.52266e+01
    9.43092e-05     1.53216e+01
    9.49218e-05     1.54171e+01
    9.55383e-05     1.55133e+01
    9.61589e-05     1.56101e+01
    9.67835e-05     1.57075e+01
    9.74122e-05     1.58055e+01
    9.80449e-05     1.59041e+01
    9.86818e-05     1.60033e+01
    9.93228e-05     1.61031e+01
    9.99679e-05     1.62036e+01
    1.00617e-04     1.63047e+01
    1.01271e-04     1.64064e+01
    1.01929e-04     1.65088e+01
    1.02591e-04     1.66118e+01
    1.03257e-04     1.67154e+01
    1.03928e-04     1.68197e+01
    1.04603e-04     1.69246e+01
    1.05282e-04     1.70302e+01
    1.05966e-04     1.71364e+01
    1.06655e-04     1.72435e+01
    1.07347e-04     1.73509e+01
    1.08045e-04     1.74593e+01
    1.08746e-04     1.75681e+01
    1.09453e-04     1.76778e+01
    1.10164e-04     1.77881e+01
    1.10879e-04     1.78990e+01
    1.11599e-04     1.80106e+01
    1.12324e-04     1.81230e+01
    1.13054e-04     1.82361e+01
    1.13788e-04     1.83498e+01
    1.14527e-04     1.84642e+01
    1.15271e-04     1.85794e+01
    1.16020e-04     1.86954e+01
    1.16774e-04     1.88120e+01
    1.17532e-04     1.89293e+01
    1.18296e-04     1.90474e+01
    1.19064e-04     1.91662e+01
    1.19837e-04     1.92857e+01
    1.20616e-04     1.94060e+01
    1.21399e-04     1.95270e+01
    1.22188e-04     1.96488e+01
    1.22982e-04     1.97715e+01
    1.23780e-04     1.98946e+01
    1.24584e-04     2.00187e+01
    1.25394e-04     2.01437e+01
    1.26208e-04     2.02693e+01
    1.27028e-04     2.03957e+01
    1.27853e-04     2.05229e+01
    1.28684e-04     2.06510e+01
    1.29519e-04     2.07796e+01
    1.30361e-04     2.09093e+01
    1.31208e-04     2.10398e+01
    1.32060e-04     2.11709e+01
    1.32918e-04     2.13030e+01
    1.33781e-04     2.14358e+01
    1.34650e-04     2.15695e+01
    1.35525e-04     2.17041e+01
    1.36405e-04     2.18394e+01
    1.37291e-04     2.19756e+01
    1.38183e-04     2.21127e+01
    1.39080e-04     2.22505e+01
    1.39984e-04     2.23894e+01
    1.40893e-04     2.25290e+01
    1.41808e-04     2.26695e+01
    1.42729e-04     2.28108e+01
    1.43656e-04     2.29530e+01
    1.44589e-04     2.30962e+01
    1.45529e-04     2.32403e+01
    1.46474e-04     2.33852e+01
    1.47425e-04     2.35310e+01
    1.48383e-04     2.36778e+01
    1.49347e-04     2.38254e+01
    1.50317e-04     2.39740e+01
    1.51293e-04     2.41234e+01
    1.52276e-04     2.42738e+01
    1.53265e-04     2.44252e+01
    1.54261e-04     2.45775e+01
    1.55263e-04     2.47307e+01
    1.56271e-04     2.48849e+01
    1.57286e-04     2.50400e+01
    1.58308e-04     2.51962e+01
    1.59336e-04     2.53532e+01
    1.60371e-04     2.55112e+01
    1.61413e-04     2.56703e+01
    1.62461e-04     2.58303e+01
    1.63517e-04     2.59914e+01
    1.64579e-04     2.61534e+01
    1.65648e-04     2.63164e+01
    1.66724e-04     2.64805e+01
    1.67807e-04     2.66455e+01
    1.68897e-04     2.68116e+01
    1.69994e-04     2.69788e+01
    1.71098e-04     2.71469e+01
    1.72209e-04     2.73160e+01
    1.73328e-04     2.74863e+01
    1.74454e-04     2.76577e+01
    1.75587e-04     2.78300e+01
    1.76728e-04     2.80036e+01
    1.77875e-04     2.81780e+01
    1.79031e-04     2.83537e+01
    1.80194e-04     2.85304e+01
    1.81364e-04     2.87082e+01
    1.82542e-04     2.88871e+01
    1.83728e-04     2.90671e+01
    1.84921e-04     2.92482e+01
    1.86123e-04     2.94306e+01
    1.87332e-04     2.96141e+01
    1.88548e-04     2.97984e+01
    1.89773e-04     2.99842e+01
    1.91006e-04     3.01711e+01
    1.92246e-04     3.03589e+01
    1.93495e-04     3.05482e+01
    1.94752e-04     3.07385e+01
    1.96017e-04     3.09300e+01
    1.97290e-04     3.11227e+01
    1.98572e-04     3.13167e+01
    1.99862e-04     3.15118e+01
    2.01160e-04     3.17081e+01
    2.02467e-04     3.19057e+01
    2.03782e-04     3.21045e+01
    2.05105e-04     3.23043e+01
    2.06438e-04     3.25057e+01
    2.07779e-04     3.27082e+01
    2.09128e-04     3.29118e+01
    2.10487e-04     3.31169e+01
    2.11854e-04     3.33232e+01
    2.13230e-04     3.35307e+01
    2.14615e-04     3.37395e+01
    2.16009e-04     3.39496e+01
    2.17412e-04     3.41610e+01
    2.18824e-04     3.43738e+01
    2.20246e-04     3.45879e+01
    2.21676e-04     3.48032e+01
    2.23116e-04     3.50200e+01
    2.24565e-04     3.52380e+01
    2.26024e-04     3.54574e+01
    2.27492e-04     3.56781e+01
    2.28970e-04     3.59003e+01
    2.30457e-04     3.61238e+01
    2.31954e-04     3.63487e+01
    2.33461e-04     3.65750e+01
    2.34977e-04     3.68026e+01
    2.36504e-04     3.70319e+01
    2.38040e-04     3.72623e+01
    2.39586e-04     3.74942e+01
    2.41142e-04     3.77276e+01
    2.42709e-04     3.79625e+01
    2.44285e-04     3.81987e+01
    2.45872e-04     3.84364e+01
    2.47469e-04     3.86756e+01
    2.49076e-04     3.89163e+01
    2.50694e-04     3.91584e+01
    2.52323e-04     3.94022e+01
    2.53962e-04     3.96474e+01
    2.55611e-04     3.98940e+01
    2.57272e-04     4.01423e+01
    2.58943e-04     4.03921e+01
    2.60625e-04     4.06434e+01
    2.62318e-04     4.08963e+01
    2.64022e-04     4.11507e+01
    2.65737e-04     4.14067e+01
    2.67463e-04     4.16643e+01
    2.69200e-04     4.19234e+01
    2.70949e-04     4.21842e+01
    2.72709e-04     4.24466e+01
    2.74480e-04     4.27106e+01
    2.76263e-04     4.29763e+01
    2.78057e-04     4.32435e+01
    2.79863e-04     4.35124e+01
    2.81681e-04     4.37830e+01
    2.83511e-04     4.40553e+01
    2.85353e-04     4.43293e+01
    2.87206e-04     4.46049e+01
    2.89072e-04     4.48823e+01
    2.90949e-04     4.51613e+01
    2.92839e-04     4.54420e+01
    2.94741e-04     4.57245e+01
    2.96656e-04     4.60088e+01
    2.98583e-04     4.62948e+01
    3.00522e-04     4.65825e+01
    3.02474e-04     4.68720e+01
    3.04439e-04     4.71633e+01
    3.06417e-04     4.74565e+01
    3.08407e-04     4.77513e+01
    3.10410e-04     4.80480e+01
    3.12426e-04     4.83465e+01
    3.14456e-04     4.86470e+01
    3.16498e-04     4.89491e+01
    3.18554e-04     4.92532e+01
    3.20623e-04     4.95592e+01
    3.22706e-04     4.98671e+01
    3.24802e-04     5.01768e+01
    3.26912e-04     5.04884e+01
    3.29035e-04     5.08020e+01
    3.31173e-04     5.11176e+01
    3.33324e-04     5.14350e+01
    3.35489e-04     5.17544e+01
    3.37668e-04     5.20756e+01
    3.39861e-04     5.23990e+01
    3.42069e-04     5.27243e+01
    3.44291e-04     5.30516e+01
    3.46527e-04     5.33809e+01
    3.48778e-04     5.37123e+01
    3.51044e-04     5.40457e+01
    3.53324e-04     5.43811e+01
    3.55619e-04     5.47185e+01
    3.57929e-04     5.50581e+01
    3.60254e-04     5.53998e+01
    3.62594e-04     5.57435e+01
    3.64949e-04     5.60893e+01
    3.67320e-04     5.64372e+01
    3.69706e-04     5.67873e+01
    3.72107e-04     5.71394e+01
    3.74524e-04     5.74938e+01
    3.76957e-04     5.78503e+01
    3.79405e-04     5.82090e+01
    3.81870e-04     5.85699e+01
    3.84350e-04     5.89329e+01
    3.86847e-04     5.92983e+01
    3.89360e-04     5.96659e+01
    3.91889e-04     6.00356e+01
    3.94434e-04     6.04076e+01
    3.96996e-04     6.07819e+01
    3.99575e-04     6.11585e+01
    4.02171e-04     6.15375e+01
    4.04783e-04     6.19188e+01
    4.07412e-04     6.23023e+01
    4.10059e-04     6.26883e+01
    4.12722e-04     6.30765e+01
    4.15403e-04     6.34672e+01
    4.18101e-04     6.38601e+01
    4.20817e-04     6.42557e+01
    4.23550e-04     6.46535e+01
    4.26302e-04     6.50538e+01
    4.29071e-04     6.54566e+01
    4.31858e-04     6.58617e+01
    4.34663e-04     6.62693e+01
    4.37486e-04     6.66793e+01
    4.40328e-04     6.70921e+01
    4.43188e-04     6.75072e+01
    4.46067e-04     6.79248e+01
    4.48964e-04     6.83449e+01
    4.51881e-04     6.87678e+01
    4.54816e-04     6.91931e+01
    4.57770e-04     6.96209e+01
    4.60744e-04     7.00515e+01
    4.63736e-04     7.04844e+01
    4.66749e-04     7.09203e+01
    4.69780e-04     7.13585e+01
    4.72832e-04     7.17996e+01
    4.75903e-04     7.22432e+01
    4.78994e-04     7.26896e+01
    4.82106e-04     7.31388e+01
    4.85237e-04     7.35905e+01
    4.88389e-04     7.40450e+01
    4.91562e-04     7.45023e+01
    4.94754e-04     7.49621e+01
    4.97968e-04     7.54250e+01
    5.01203e-04     7.58906e+01
    5.04458e-04     7.63589e+01
    5.07735e-04     7.68302e+01
    5.11033e-04     7.73042e+01
    5.14353e-04     7.77812e+01
    5.17694e-04     7.82611e+01
    5.21056e-04     7.87436e+01
    5.24441e-04     7.92293e+01
    5.27847e-04     7.97177e+01
    5.31276e-04     8.02093e+01
    5.34727e-04     8.07038e+01
    5.38200e-04     8.12012e+01
    5.41696e-04     8.17015e+01
    5.45215e-04     8.22051e+01
    5.48756e-04     8.27115e+01
    5.52321e-04     8.32210e+01
    5.55908e-04     8.37335e+01
    5.59519e-04     8.42493e+01
    5.63154e-04     8.47681e+01
    5.66812e-04     8.52901e+01
    5.70493e-04     8.58149e+01
    5.74199e-04     8.63432e+01
    5.77929e-04     8.68745e+01
    5.81683e-04     8.74091e+01
    5.85461e-04     8.79469e+01
    5.89264e-04     8.84879e+01
    5.93092e-04     8.90321e+01
    5.96944e-04     8.95795e+01
    6.00822e-04     9.01302e+01
    6.04724e-04     9.06841e+01
    6.08652e-04     9.12414e+01
    6.12606e-04     9.18022e+01
    6.16585e-04     9.23661e+01
    6.20590e-04     9.29335e+01
    6.24621e-04     9.35040e+01
    6.28678e-04     9.40782e+01
    6.32762e-04     9.46558e+01
    6.36872e-04     9.52366e+01
    6.41009e-04     9.58211e+01
    6.45173e-04     9.64090e+01
    6.49363e-04     9.70002e+01
    6.53581e-04     9.75951e+01
    6.57827e-04     9.81937e+01
    6.62100e-04     9.87957e+01
    6.66400e-04     9.94011e+01
    6.70729e-04     1.00010e+02
    6.75086e-04     1.00623e+02
    6.79471e-04     1.01239e+02
    6.83884e-04     1.01859e+02
    6.88327e-04     1.02483e+02
    6.92798e-04     1.03111e+02
    6.97298e-04     1.03742e+02
    7.01827e-04     1.04377e+02
    7.06386e-04     1.05015e+02
    7.10974e-04     1.05658e+02
    7.15592e-04     1.06304e+02
    7.20241e-04     1.06954e+02
    7.24919e-04     1.07608e+02
    7.29628e-04     1.08265e+02
    7.34367e-04     1.08926e+02
    7.39137e-04     1.09592e+02
    7.43938e-04     1.10261e+02
    7.48770e-04     1.10934e+02
    7.53634e-04     1.11611e+02
    7.58529e-04     1.12292e+02
    7.63456e-04     1.12977e+02
    7.68416e-04     1.13666e+02
    7.73407e-04     1.14359e+02
    7.78431e-04     1.15056e+02
    7.83487e-04     1.15758e+02
    7.88576e-04     1.16463e+02
    7.93698e-04     1.17172e+02
    7.98854e-04     1.17886e+02
    8.04043e-04     1.18603e+02
    8.09265e-04     1.19325e+02
    8.14522e-04     1.20051e+02
    8.19813e-04     1.20782e+02
    8.25138e-04     1.21516e+02
    8.30498e-04     1.22255e+02
    8.35892e-04     1.22998e+02
    8.41322e-04     1.23746e+02
    8.46787e-04     1.24498e+02
    8.52287e-04     1.25254e+02
    8.57823e-04     1.26014e+02
    8.63395e-04     1.26779e+02
    8.69003e-04     1.27549e+02
    8.74648e-04     1.28323e+02
    8.80329e-04     1.29101e+02
    8.86048e-04     1.29884e+02
    8.91803e-04     1.30671e+02
    8.97596e-04     1.31463e+02
    9.03426e-04     1.32259e+02
    9.09294e-04     1.33060e+02
    9.15201e-04     1.33865e+02
    9.21145e-04     1.34675e+02
    9.27129e-04     1.35490e+02
    9.33151e-04     1.36309e+02
    9.39212e-04     1.37133e+02
    9.45313e-04     1.37962e+02
    9.51453e-04     1.38796e+02
    9.57633e-04     1.39634e+02
    9.63854e-04     1.40477e+02
    9.70115e-04     1.41325e+02
    9.76416e-04     1.42177e+02
    9.82758e-04     1.43034e+02
    9.89142e-04     1.43897e+02
    9.95567e-04     1.44764e+02
    1.00203e-03     1.45636e+02
    1.00854e-03     1.46513e+02
    1.01509e-03     1.47395e+02
    1.02169e-03     1.48283e+02
    1.02832e-03     1.49174e+02
    1.03500e-03     1.50071e+02
    1.04173e-03     1.50974e+02
    1.04849e-03     1.51881e+02
    1.05530e-03     1.52793e+02
    1.06216e-03     1.53711e+02
    1.06906e-03     1.54634e+02
    1.07600e-03     1.55561e+02
    1.08299e-03     1.56495e+02
    1.09003e-03     1.57434e+02
    1.09711e-03     1.58377e+02
    1.10423e-03     1.59325e+02
    1.11140e-03     1.60278e+02
    1.11862e-03     1.61238e+02
    1.12589e-03     1.62203e+02
    1.13320e-03     1.63172e+02
    1.14056e-03     1.64148e+02
    1.14797e-03     1.65129e+02
    1.15543e-03     1.66115e+02
    1.16293e-03     1.67106e+02
    1.17049e-03     1.68104e+02
    1.17809e-03     1.69106e+02
    1.18574e-03     1.70114e+02
    1.19345e-03     1.71129e+02
    1.20120e-03     1.72148e+02
    1.20900e-03     1.73172e+02
    1.21685e-03     1.74202e+02
    1.22476e-03     1.75239e+02
    1.23271e-03     1.76281e+02
    1.24072e-03     1.77329e+02
    1.24878e-03     1.78382e+02
    1.25689e-03     1.79441e+02
    1.26505e-03     1.80505e+02
    1.27327e-03     1.81576e+02
    1.28154e-03     1.82653e+02
    1.28987e-03     1.83736e+02
    1.29825e-03     1.84824e+02
    1.30668e-03     1.85918e+02
    1.31517e-03     1.87018e+02
    1.32371e-03     1.88123e+02
    1.33231e-03     1.89235e+02
    1.34096e-03     1.90352e+02
    1.34967e-03     1.91476e+02
    1.35844e-03     1.92606e+02
    1.36726e-03     1.93741e+02
    1.37614e-03     1.94883e+02
    1.38508e-03     1.96031e+02
    1.39408e-03     1.97185e+02
    1.40313e-03     1.98345e+02
    1.41225e-03     1.99512e+02
    1.42142e-03     2.00684e+02
    1.43065e-03     2.01862e+02
    1.43995e-03     2.03048e+02
    1.44930e-03     2.04238e+02
    1.45871e-03     2.05435e+02
    1.46819e-03     2.06639e+02
    1.47773e-03     2.07849e+02
    1.48732e-03     2.09064e+02
    1.49699e-03     2.10288e+02
    1.50671e-03     2.11516e+02
    1.51650e-03     2.12752e+02
    1.52635e-03     2.13994e+02
    1.53626e-03     2.15241e+02
    1.54624e-03     2.16496e+02
    1.55628e-03     2.17756e+02
    1.56639e-03     2.19024e+02
    1.57657e-03     2.20299e+02
    1.58681e-03     2.21580e+02
    1.59711e-03     2.22866e+02
    1.60749e-03     2.24161e+02
    1.61793e-03     2.25461e+02
    1.62844e-03     2.26768e+02
    1.63902e-03     2.28083e+02
    1.64966e-03     2.29402e+02
    1.66038e-03     2.30730e+02
    1.67116e-03     2.32064e+02
    1.68202e-03     2.33405e+02
    1.69295e-03     2.34753e+02
    1.70394e-03     2.36107e+02
    1.71501e-03     2.37468e+02
    1.72615e-03     2.38836e+02
    1.73736e-03     2.40211e+02
    1.74865e-03     2.41593e+02
    1.76001e-03     2.42982e+02
    1.77144e-03     2.44377e+02
    1.78294e-03     2.45778e+02
    1.79453e-03     2.47189e+02
    1.80618e-03     2.48604e+02
    1.81791e-03     2.50027e+02
    1.82972e-03     2.51457e+02
    1.84161e-03     2.52895e+02
    1.85357e-03     2.54338e+02
    1.86561e-03     2.55789e+02
    1.87773e-03     2.57248e+02
    1.88992e-03     2.58712e+02
    1.90220e-03     2.60185e+02
    1.91456e-03     2.61664e+02
    1.92699e-03     2.63150e+02
    1.93951e-03     2.64644e+02
    1.95211e-03     2.66145e+02
    1.96479e-03     2.67653e+02
    1.97755e-03     2.69168e+02
    1.99040e-03     2.70691e+02
    2.00332e-03     2.72219e+02
    2.01634e-03     2.73756e+02
    2.02943e-03     2.75299e+02
    2.04262e-03     2.76852e+02
    2.05588e-03     2.78409e+02
    2.06924e-03     2.79976e+02
    2.08268e-03     2.81549e+02
    2.09621e-03     2.83130e+02
    2.10982e-03     2.84717e+02
    2.12353e-03     2.86312e+02
    2.13732e-03     2.87914e+02
    2.15120e-03     2.89523e+02
    2.16518e-03     2.91142e+02
    2.17924e-03     2.92765e+02
    2.19340e-03     2.94398e+02
    2.20764e-03     2.96036e+02
    2.22198e-03     2.97683e+02
    2.23642e-03     2.99338e+02
    2.25094e-03     3.00998e+02
    2.26557e-03     3.02668e+02
    2.28028e-03     3.04344e+02
    2.29509e-03     3.06027e+02
    2.31000e-03     3.07719e+02
    2.32501e-03     3.09418e+02
    2.34011e-03     3.11123e+02
    2.35531e-03     3.12837e+02
    2.37061e-03     3.14558e+02
    2.38601e-03     3.16287e+02
    2.40150e-03     3.18022e+02
    2.41710e-03     3.19766e+02
    2.43280e-03     3.21517e+02
    2.44861e-03     3.23276e+02
    2.46451e-03     3.25042e+02
    2.48052e-03     3.26816e+02
    2.49663e-03     3.28597e+02
    2.51285e-03     3.30386e+02
    2.52917e-03     3.32183e+02
    2.54560e-03     3.33986e+02
    2.56213e-03     3.35798e+02
    2.57878e-03     3.37617e+02
    2.59553e-03     3.39444e+02
    2.61239e-03     3.41278e+02
    2.62936e-03     3.43120e+02
    2.64643e-03     3.44968e+02
    2.66362e-03     3.46825e+02
    2.68093e-03     3.48690e+02
    2.69834e-03     3.50561e+02
    2.71587e-03     3.52441e+02
    2.73351e-03     3.54328e+02
    2.75126e-03     3.56221e+02
    2.76914e-03     3.58124e+02
    2.78712e-03     3.60032e+02
    2.80523e-03     3.61950e+02
    2.82345e-03     3.63874e+02
    2.84179e-03     3.65805e+02
    2.86025e-03     3.67745e+02
    2.87883e-03     3.69691e+02
    2.89752e-03     3.71644e+02
    2.91635e-03     3.73607e+02
    2.93529e-03     3.75575e+02
    2.95436e-03     3.77552e+02
    2.97355e-03     3.79536e+02
    2.99286e-03     3.81527e+02
    3.01230e-03     3.83525e+02
    3.03187e-03     3.85532e+02
    3.05156e-03     3.87545e+02
    3.07138e-03     3.89566e+02
    3.09133e-03     3.91594e+02
    3.11141e-03     3.93629e+02
    3.13162e-03     3.95671e+02
    3.15196e-03     3.97722e+02
    3.17244e-03     3.99780e+02
    3.19304e-03     4.01843e+02
    3.21379e-03     4.03916e+02
    3.23466e-03     4.05995e+02
    3.25567e-03     4.08081e+02
    3.27682e-03     4.10175e+02
    3.29810e-03     4.12275e+02
    3.31953e-03     4.14383e+02
    3.34109e-03     4.16498e+02
    3.36279e-03     4.18619e+02
    3.38463e-03     4.20748e+02
    3.40662e-03     4.22885e+02
    3.42875e-03     4.25028e+02
    3.45102e-03     4.27178e+02
    3.47344e-03     4.29335e+02
    3.49600e-03     4.31499e+02
    3.51871e-03     4.33670e+02
    3.54156e-03     4.35848e+02
    3.56457e-03     4.38033e+02
    3.58772e-03     4.40224e+02
    3.61102e-03     4.42422e+02
    3.63448e-03     4.44628e+02
    3.65809e-03     4.46840e+02
    3.68185e-03     4.49059e+02
    3.70576e-03     4.51283e+02
    3.72984e-03     4.53517e+02
    3.75406e-03     4.55754e+02
    3.77845e-03     4.58001e+02
    3.80299e-03     4.60251e+02
    3.82769e-03     4.62510e+02
    3.85256e-03     4.64775e+02
    3.87758e-03     4.67046e+02
    3.90277e-03     4.69323e+02
    3.92812e-03     4.71606e+02
    3.95363e-03     4.73896e+02
    3.97931e-03     4.76192e+02
    4.00516e-03     4.78494e+02
    4.03118e-03     4.80803e+02
    4.05736e-03     4.83116e+02
    4.08372e-03     4.85437e+02
    4.11024e-03     4.87762e+02
    4.13694e-03     4.90094e+02
    4.16381e-03     4.92432e+02
    4.19086e-03     4.94776e+02
    4.21808e-03     4.97126e+02
    4.24548e-03     4.99481e+02
    4.27306e-03     5.01841e+02
    4.30081e-03     5.04207e+02
    4.32875e-03     5.06579e+02
    4.35687e-03     5.08957e+02
    4.38517e-03     5.11339e+02
    4.41365e-03     5.13727e+02
    4.44232e-03     5.16122e+02
    4.47118e-03     5.18520e+02
    4.50022e-03     5.20924e+02
    4.52945e-03     5.23332e+02
    4.55887e-03     5.25747e+02
    4.58848e-03     5.28165e+02
    4.61829e-03     5.30590e+02
    4.64829e-03     5.33019e+02
    4.67848e-03     5.35451e+02
    4.70887e-03     5.37890e+02
    4.73946e-03     5.40333e+02
    4.77024e-03     5.42779e+02
    4.80123e-03     5.45231e+02
    4.83241e-03     5.47685e+02
    4.86380e-03     5.50145e+02
    4.89539e-03     5.52608e+02
    4.92719e-03     5.55076e+02
    4.95920e-03     5.57548e+02
    4.99141e-03     5.60023e+02
    5.02383e-03     5.62502e+02
    5.05646e-03     5.64986e+02
    5.08931e-03     5.67473e+02
    5.12237e-03     5.69963e+02
    5.15564e-03     5.72457e+02
    5.18913e-03     5.74955e+02
    5.22283e-03     5.77455e+02
    5.25676e-03     5.79960e+02
    5.29091e-03     5.82469e+02
    5.32527e-03     5.84979e+02
    5.35986e-03     5.87493e+02
    5.39468e-03     5.90011e+02
    5.42972e-03     5.92531e+02
    5.46499e-03     5.95055e+02
    5.50049e-03     5.97581e+02
    5.53622e-03     6.00109e+02
    5.57218e-03     6.02640e+02
    5.60837e-03     6.05173e+02
    5.64480e-03     6.07708e+02
    5.68147e-03     6.10246e+02
    5.71837e-03     6.12785e+02
    5.75551e-03     6.15324e+02
    5.79290e-03     6.17867e+02
    5.83053e-03     6.20410e+02
    5.86840e-03     6.22953e+02
    5.90652e-03     6.25498e+02
    5.94489e-03     6.28044e+02
    5.98350e-03     6.30589e+02
    6.02237e-03     6.33137e+02
    6.06149e-03     6.35685e+02
    6.10086e-03     6.38232e+02
    6.14049e-03     6.40779e+02
    6.18037e-03     6.43326e+02
    6.22052e-03     6.45874e+02
    6.26092e-03     6.48421e+02
    6.30159e-03     6.50969e+02
    6.34252e-03     6.53516e+02
    6.38372e-03     6.56062e+02
    6.42519e-03     6.58609e+02
    6.46692e-03     6.61153e+02
    6.50893e-03     6.63699e+02
    6.55121e-03     6.66242e+02
    6.59376e-03     6.68785e+02
    6.63659e-03     6.71326e+02
    6.67970e-03     6.73867e+02
    6.72309e-03     6.76405e+02
    6.76676e-03     6.78942e+02
    6.81071e-03     6.81476e+02
    6.85495e-03     6.84009e+02
    6.89948e-03     6.86539e+02
    6.94429e-03     6.89067e+02
    6.98940e-03     6.91592e+02
    7.03480e-03     6.94114e+02
    7.08050e-03     6.96633e+02
    7.12649e-03     6.99147e+02
    7.17278e-03     7.01660e+02
    7.21937e-03     7.04167e+02
    7.26626e-03     7.06670e+02
    7.31346e-03     7.09171e+02
    7.36097e-03     7.11666e+02
    7.40878e-03     7.14156e+02
    7.45690e-03     7.16641e+02
    7.50534e-03     7.19123e+02
    7.55409e-03     7.21599e+02
    7.60316e-03     7.24070e+02
    7.65255e-03     7.26536e+02
    7.70225e-03     7.28996e+02
    7.75228e-03     7.31450e+02
    7.80264e-03     7.33901e+02
    7.85332e-03     7.36344e+02
    7.90433e-03     7.38779e+02
    7.95568e-03     7.41211e+02
    8.00735e-03     7.43634e+02
    8.05937e-03     7.46054e+02
    8.11172e-03     7.48463e+02
    8.16441e-03     7.50867e+02
    8.21744e-03     7.53263e+02
    8.27081e-03     7.55651e+02
    8.32454e-03     7.58034e+02
    8.37861e-03     7.60406e+02
    8.43303e-03     7.62771e+02
    8.48781e-03     7.65127e+02
    8.54294e-03     7.67474e+02
    8.59844e-03     7.69813e+02
    8.65429e-03     7.72142e+02
    8.71050e-03     7.74461e+02
    8.76708e-03     7.76772e+02
    8.82403e-03     7.79072e+02
    8.88134e-03     7.81360e+02
    8.93903e-03     7.83640e+02
    8.99710e-03     7.85909e+02
    9.05554e-03     7.88167e+02
    9.11436e-03     7.90412e+02
    9.17356e-03     7.92646e+02
    9.23315e-03     7.94869e+02
    9.29312e-03     7.97081e+02
    9.35349e-03     7.99278e+02
    9.41424e-03     8.01464e+02
    9.47539e-03     8.03637e+02
    9.53694e-03     8.05797e+02
    9.59889e-03     8.07944e+02
    9.66124e-03     8.10076e+02
    9.72400e-03     8.12196e+02
    9.78716e-03     8.14300e+02
    9.85073e-03     8.16391e+02
    9.91472e-03     8.18466e+02
    9.97912e-03     8.20527e+02
    1.00439e-02     8.22570e+02
    1.01092e-02     8.24604e+02
    1.01748e-02     8.26613e+02
    1.02409e-02     8.28613e+02
    1.03075e-02     8.30600e+02
    1.03744e-02     8.32562e+02
    1.04418e-02     8.34510e+02
    1.05096e-02     8.36440e+02
    1.05779e-02     8.38356e+02
    1.06466e-02     8.40250e+02
    1.07158e-02     8.42133e+02
    1.07854e-02     8.43992e+02
    1.08554e-02     8.45827e+02
    1.09259e-02     8.47648e+02
    1.09969e-02     8.49454e+02
    1.10683e-02     8.51234e+02
    1.11402e-02     8.52997e+02
    1.12126e-02     8.54743e+02
    1.12854e-02     8.56464e+02
    1.13587e-02     8.58165e+02
    1.14325e-02     8.59846e+02
    1.15068e-02     8.61509e+02
    1.15815e-02     8.63144e+02
    1.16567e-02     8.64757e+02
    1.17324e-02     8.66349e+02
    1.18087e-02     8.67925e+02
    1.18854e-02     8.69472e+02
    1.19626e-02     8.70996e+02
    1.20403e-02     8.72495e+02
    1.21185e-02     8.73971e+02
    1.21972e-02     8.75421e+02
    1.22764e-02     8.76846e+02
    1.23562e-02     8.78253e+02
    1.24364e-02     8.79626e+02
    1.25172e-02     8.80977e+02
    1.25985e-02     8.82301e+02
    1.26803e-02     8.83597e+02
    1.27627e-02     8.84871e+02
    1.28456e-02     8.86115e+02
    1.29290e-02     8.87331e+02
    1.30130e-02     8.88521e+02
    1.30976e-02     8.89686e+02
    1.31826e-02     8.90815e+02
    1.32683e-02     8.91924e+02
    1.33544e-02     8.92994e+02
    1.34412e-02     8.94044e+02
    1.35285e-02     8.95059e+02
    1.36164e-02     8.96048e+02
    1.37048e-02     8.97001e+02
    1.37938e-02     8.97924e+02
    1.38834e-02     8.98819e+02
    1.39736e-02     8.99683e+02
    1.40644e-02     9.00516e+02
    1.41557e-02     9.01313e+02
    1.42477e-02     9.02083e+02
    1.43402e-02     9.02816e+02
    1.44334e-02     9.03522e+02
    1.45271e-02     9.04190e+02
    1.46215e-02     9.04826e+02
    1.47165e-02     9.05432e+02
    1.48121e-02     9.06000e+02
    1.49083e-02     9.06533e+02
    1.50051e-02     9.07029e+02
    1.51026e-02     9.07496e+02
    1.52007e-02     9.07925e+02
    1.52994e-02     9.08316e+02
    1.53988e-02     9.08672e+02
    1.54988e-02     9.08992e+02
    1.55995e-02     9.09274e+02
    1.57008e-02     9.09517e+02
    1.58028e-02     9.09728e+02
    1.59055e-02     9.09899e+02
    1.60088e-02     9.10031e+02
    1.61128e-02     9.10122e+02
    1.62174e-02     9.10172e+02
    1.63228e-02     9.10192e+02
    1.64288e-02     9.10164e+02
    1.65355e-02     9.10100e+02
    1.66429e-02     9.09995e+02
    1.67510e-02     9.09851e+02
    1.68598e-02     9.09667e+02
    1.69693e-02     9.09440e+02
    1.70796e-02     9.09179e+02
    1.71905e-02     9.08869e+02
    1.73022e-02     9.08524e+02
    1.74145e-02     9.08132e+02
    1.75277e-02     9.07706e+02
    1.76415e-02     9.07229e+02
    1.77561e-02     9.06715e+02
    1.78714e-02     9.06157e+02
    1.79875e-02     9.05560e+02
    1.81044e-02     9.04921e+02
    1.82220e-02     9.04237e+02
    1.83403e-02     9.03508e+02
    1.84594e-02     9.02734e+02
    1.85794e-02     9.01924e+02
    1.87000e-02     9.01062e+02
    1.88215e-02     9.00162e+02
    1.89438e-02     8.99219e+02
    1.90668e-02     8.98228e+02
    1.91907e-02     8.97194e+02
    1.93153e-02     8.96114e+02
    1.94408e-02     8.94990e+02
    1.95671e-02     8.93821e+02
    1.96942e-02     8.92605e+02
    1.98221e-02     8.91346e+02
    1.99508e-02     8.90037e+02
    2.00804e-02     8.88688e+02
    2.02109e-02     8.87295e+02
    2.03421e-02     8.85853e+02
    2.04743e-02     8.84370e+02
    2.06073e-02     8.82841e+02
    2.07411e-02     8.81262e+02
    2.08758e-02     8.79640e+02
    2.10114e-02     8.77975e+02
    2.11479e-02     8.76264e+02
    2.12853e-02     8.74510e+02
    2.14236e-02     8.72710e+02
    2.15627e-02     8.70863e+02
    2.17028e-02     8.68971e+02
    2.18437e-02     8.67033e+02
    2.19856e-02     8.65056e+02
    2.21284e-02     8.63032e+02
    2.22722e-02     8.60964e+02
    2.24168e-02     8.58849e+02
    2.25625e-02     8.56693e+02
    2.27090e-02     8.54492e+02
    2.28565e-02     8.52246e+02
    2.30050e-02     8.49958e+02
    2.31544e-02     8.47627e+02
    2.33048e-02     8.45250e+02
    2.34562e-02     8.42833e+02
    2.36086e-02     8.40372e+02
    2.37619e-02     8.37868e+02
    2.39162e-02     8.35319e+02
    2.40716e-02     8.32732e+02
    2.42280e-02     8.30101e+02
    2.43853e-02     8.27428e+02
    2.45437e-02     8.24716e+02
    2.47032e-02     8.21965e+02
    2.48636e-02     8.19171e+02
    2.50251e-02     8.16337e+02
    2.51877e-02     8.13467e+02
    2.53513e-02     8.10557e+02
    2.55159e-02     8.07609e+02
    2.56817e-02     8.04624e+02
    2.58485e-02     8.01601e+02
    2.60164e-02     7.98540e+02
    2.61854e-02     7.95447e+02
    2.63555e-02     7.92316e+02
    2.65267e-02     7.89149e+02
    2.66990e-02     7.85947e+02
    2.68724e-02     7.82712e+02
    2.70470e-02     7.79447e+02
    2.72226e-02     7.76144e+02
    2.73995e-02     7.72816e+02
    2.75774e-02     7.69452e+02
    2.77566e-02     7.66060e+02
    2.79369e-02     7.62639e+02
    2.81183e-02     7.59187e+02
    2.83010e-02     7.55709e+02
    2.84848e-02     7.52201e+02
    2.86698e-02     7.48666e+02
    2.88561e-02     7.45107e+02
    2.90435e-02     7.41522e+02
    2.92321e-02     7.37911e+02
    2.94220e-02     7.34281e+02
    2.96131e-02     7.30625e+02
    2.98055e-02     7.26946e+02
    2.99991e-02     7.23249e+02
    3.01940e-02     7.19532e+02
    3.03901e-02     7.15796e+02
    3.05875e-02     7.12043e+02
    3.07862e-02     7.08270e+02
    3.09861e-02     7.04481e+02
    3.11874e-02     7.00681e+02
    3.13900e-02     6.96865e+02
    3.15939e-02     6.93037e+02
    3.17991e-02     6.89196e+02
    3.20057e-02     6.85344e+02
    3.22135e-02     6.81482e+02
    3.24228e-02     6.77610e+02
    3.26334e-02     6.73732e+02
    3.28454e-02     6.69848e+02
    3.30587e-02     6.65954e+02
    3.32735e-02     6.62060e+02
    3.34896e-02     6.58162e+02
    3.37071e-02     6.54259e+02
    3.39261e-02     6.50355e+02
    3.41464e-02     6.46452e+02
    3.43682e-02     6.42548e+02
    3.45915e-02     6.38651e+02
    3.48162e-02     6.34752e+02
    3.50423e-02     6.30861e+02
    3.52699e-02     6.26970e+02
    3.54990e-02     6.23088e+02
    3.57296e-02     6.19217e+02
    3.59617e-02     6.15352e+02
    3.61953e-02     6.11497e+02
    3.64304e-02     6.07651e+02
    3.66670e-02     6.03816e+02
    3.69052e-02     5.99995e+02
    3.71449e-02     5.96191e+02
    3.73862e-02     5.92398e+02
    3.76290e-02     5.88622e+02
    3.78735e-02     5.84865e+02
    3.81195e-02     5.81125e+02
    3.83671e-02     5.77403e+02
    3.86163e-02     5.73702e+02
    3.88671e-02     5.70023e+02
    3.91196e-02     5.66367e+02
    3.93737e-02     5.62732e+02
    3.96295e-02     5.59123e+02
    3.98869e-02     5.55539e+02
    4.01460e-02     5.51981e+02
    4.04067e-02     5.48448e+02
    4.06692e-02     5.44942e+02
    4.09334e-02     5.41466e+02
    4.11992e-02     5.38017e+02
    4.14669e-02     5.34601e+02
    4.17362e-02     5.31213e+02
    4.20073e-02     5.27856e+02
    4.22802e-02     5.24536e+02
    4.25548e-02     5.21245e+02
    4.28312e-02     5.17988e+02
    4.31094e-02     5.14765e+02
    4.33894e-02     5.11576e+02
    4.36713e-02     5.08426e+02
    4.39550e-02     5.05313e+02
    4.42405e-02     5.02234e+02
    4.45278e-02     4.99188e+02
    4.48171e-02     4.96182e+02
    4.51082e-02     4.93214e+02
    4.54012e-02     4.90283e+02
    4.56961e-02     4.87388e+02
    4.59929e-02     4.84531e+02
    4.62917e-02     4.81713e+02
    4.65923e-02     4.78933e+02
    4.68950e-02     4.76190e+02
    4.71996e-02     4.73488e+02
    4.75062e-02     4.70826e+02
    4.78148e-02     4.68200e+02
    4.81253e-02     4.65616e+02
    4.84379e-02     4.63068e+02
    4.87526e-02     4.60558e+02
    4.90692e-02     4.58086e+02
    4.93880e-02     4.55648e+02
    4.97088e-02     4.53250e+02
    5.00317e-02     4.50889e+02
    5.03566e-02     4.48561e+02
    5.06837e-02     4.46268e+02
    5.10130e-02     4.44012e+02
    5.13443e-02     4.41789e+02
    5.16778e-02     4.39601e+02
    5.20135e-02     4.37447e+02
    5.23514e-02     4.35325e+02
    5.26914e-02     4.33233e+02
    5.30337e-02     4.31173e+02
    5.33782e-02     4.29137e+02
    5.37249e-02     4.27133e+02
    5.40738e-02     4.25157e+02
    5.44251e-02     4.23203e+02
    5.47786e-02     4.21275e+02
    5.51344e-02     4.19371e+02
    5.54926e-02     4.17490e+02
    5.58530e-02     4.15627e+02
    5.62158e-02     4.13787e+02
    5.65810e-02     4.11963e+02
    5.69485e-02     4.10157e+02
    5.73184e-02     4.08363e+02
    5.76907e-02     4.06586e+02
    5.80654e-02     4.04817e+02
    5.84426e-02     4.03058e+02
    5.88222e-02     4.01308e+02
    5.92043e-02     3.99564e+02
    5.95889e-02     3.97827e+02
    5.99759e-02     3.96087e+02
    6.03655e-02     3.94351e+02
    6.07576e-02     3.92614e+02
    6.11523e-02     3.90877e+02
    6.15495e-02     3.89132e+02
    6.19493e-02     3.87379e+02
    6.23517e-02     3.85619e+02
    6.27567e-02     3.83851e+02
    6.31643e-02     3.82069e+02
    6.35746e-02     3.80272e+02
    6.39876e-02     3.78458e+02
    6.44032e-02     3.76626e+02
    6.48215e-02     3.74776e+02
    6.52426e-02     3.72902e+02
    6.56664e-02     3.71007e+02
    6.60929e-02     3.69086e+02
    6.65222e-02     3.67141e+02
    6.69543e-02     3.65165e+02
    6.73892e-02     3.63160e+02
    6.78270e-02     3.61124e+02
    6.82675e-02     3.59056e+02
    6.87110e-02     3.56950e+02
    6.91573e-02     3.54813e+02
    6.96065e-02     3.52637e+02
    7.00586e-02     3.50423e+02
    7.05137e-02     3.48174e+02
    7.09717e-02     3.45884e+02
    7.14327e-02     3.43560e+02
    7.18967e-02     3.41194e+02
    7.23637e-02     3.38786e+02
    7.28338e-02     3.36339e+02
    7.33069e-02     3.33850e+02
    7.37830e-02     3.31323e+02
    7.42623e-02     3.28753e+02
    7.47447e-02     3.26143e+02
    7.52302e-02     3.23496e+02
    7.57188e-02     3.20812e+02
    7.62107e-02     3.18089e+02
    7.67057e-02     3.15327e+02
    7.72039e-02     3.12533e+02
    7.77054e-02     3.09700e+02
    7.82102e-02     3.06836e+02
    7.87182e-02     3.03940e+02
    7.92295e-02     3.01014e+02
    7.97441e-02     2.98057e+02
    8.02621e-02     2.95077e+02
    8.07835e-02     2.92074e+02
    8.13082e-02     2.89049e+02
    8.18363e-02     2.86004e+02
    8.23679e-02     2.82941e+02
    8.29029e-02     2.79867e+02
    8.34414e-02     2.76778e+02
    8.39834e-02     2.73686e+02
    8.45290e-02     2.70586e+02
    8.50780e-02     2.67483e+02
    8.56306e-02     2.64380e+02
    8.61869e-02     2.61285e+02
    8.67467e-02     2.58193e+02
    8.73102e-02     2.55116e+02
    8.78773e-02     2.52050e+02
    8.84481e-02     2.49002e+02
    8.90226e-02     2.45975e+02
    8.96009e-02     2.42969e+02
    9.01829e-02     2.39995e+02
    9.07687e-02     2.37049e+02
    9.13583e-02     2.34134e+02
    9.19517e-02     2.31257e+02
    9.25490e-02     2.28420e+02
    9.31501e-02     2.25622e+02
    9.37552e-02     2.22870e+02
    9.43642e-02     2.20162e+02
    9.49771e-02     2.17504e+02
    9.55940e-02     2.14899e+02
    9.62150e-02     2.12351e+02
    9.68399e-02     2.09857e+02
    9.74690e-02     2.07423e+02
    9.81021e-02     2.05046e+02
    9.87393e-02     2.02734e+02
    9.93807e-02     2.00480e+02
    1.00026e-01     1.98292e+02
    1.00676e-01     1.96166e+02
    1.01330e-01     1.94102e+02
    1.01988e-01     1.92104e+02
    1.02651e-01     1.90173e+02
    1.03317e-01     1.88305e+02
    1.03988e-01     1.86506e+02
    1.04664e-01     1.84774e+02
    1.05344e-01     1.83103e+02
    1.06028e-01     1.81492e+02
    1.06717e-01     1.79944e+02
    1.07410e-01     1.78454e+02
    1.08108e-01     1.77022e+02
    1.08810e-01     1.75644e+02
    1.09517e-01     1.74319e+02
    1.10228e-01     1.73051e+02
    1.10944e-01     1.71828e+02
    1.11665e-01     1.70652e+02
    1.12390e-01     1.69518e+02
    1.13120e-01     1.68423e+02
    1.13855e-01     1.67365e+02
    1.14594e-01     1.66336e+02
    1.15339e-01     1.65336e+02
    1.16088e-01     1.64360e+02
    1.16842e-01     1.63407e+02
    1.17601e-01     1.62471e+02
    1.18365e-01     1.61546e+02
    1.19134e-01     1.60630e+02
    1.19907e-01     1.59717e+02
    1.20686e-01     1.58804e+02
    1.21470e-01     1.57888e+02
    1.22259e-01     1.56963e+02
    1.23053e-01     1.56026e+02
    1.23853e-01     1.55071e+02
    1.24657e-01     1.54097e+02
    1.25467e-01     1.53102e+02
    1.26282e-01     1.52079e+02
    1.27102e-01     1.51027e+02
    1.27928e-01     1.49943e+02
    1.28759e-01     1.48824e+02
    1.29595e-01     1.47665e+02
    1.30437e-01     1.46469e+02
    1.31284e-01     1.45232e+02
    1.32137e-01     1.43955e+02
    1.32995e-01     1.42637e+02
    1.33859e-01     1.41279e+02
    1.34728e-01     1.39879e+02
    1.35604e-01     1.38439e+02
    1.36484e-01     1.36957e+02
    1.37371e-01     1.35438e+02
    1.38263e-01     1.33883e+02
    1.39161e-01     1.32297e+02
    1.40065e-01     1.30681e+02
    1.40975e-01     1.29038e+02
    1.41891e-01     1.27371e+02
    1.42812e-01     1.25682e+02
    1.43740e-01     1.23979e+02
    1.44674e-01     1.22264e+02
    1.45614e-01     1.20542e+02
    1.46559e-01     1.18818e+02
    1.47511e-01     1.17096e+02
    1.48469e-01     1.15382e+02
    1.49434e-01     1.13680e+02
    1.50405e-01     1.11994e+02
    1.51381e-01     1.10328e+02
    1.52365e-01     1.08688e+02
    1.53354e-01     1.07077e+02
    1.54351e-01     1.05500e+02
    1.55353e-01     1.03961e+02
    1.56362e-01     1.02463e+02
    1.57378e-01     1.01008e+02
    1.58400e-01     9.95981e+01
    1.59429e-01     9.82368e+01
    1.60465e-01     9.69260e+01
    1.61507e-01     9.56676e+01
    1.62556e-01     9.44626e+01
    1.63612e-01     9.33110e+01
    1.64675e-01     9.22121e+01
    1.65744e-01     9.11650e+01
    1.66821e-01     9.01703e+01
    1.67905e-01     8.92268e+01
    1.68995e-01     8.83327e+01
    1.70093e-01     8.74858e+01
    1.71198e-01     8.66820e+01
    1.72310e-01     8.59190e+01
    1.73429e-01     8.51930e+01
    1.74556e-01     8.45016e+01
    1.75689e-01     8.38403e+01
    1.76831e-01     8.32054e+01
    1.77979e-01     8.25910e+01
    1.79135e-01     8.19938e+01
    1.80299e-01     8.14088e+01
    1.81470e-01     8.08314e+01
    1.82649e-01     8.02572e+01
    1.83835e-01     7.96815e+01
    1.85029e-01     7.91002e+01
    1.86231e-01     7.85091e+01
    1.87441e-01     7.79037e+01
    1.88658e-01     7.72804e+01
    1.89884e-01     7.66375e+01
    1.91117e-01     7.59715e+01
    1.92359e-01     7.52812e+01
    1.93608e-01     7.45631e+01
    1.94866e-01     7.38171e+01
    1.96131e-01     7.30426e+01
    1.97405e-01     7.22408e+01
    1.98688e-01     7.14122e+01
    1.99978e-01     7.05566e+01
    2.01277e-01     6.96760e+01
    2.02585e-01     6.87739e+01
    2.03901e-01     6.78528e+01
    2.05225e-01     6.69163e+01
    2.06558e-01     6.59676e+01
    2.07900e-01     6.50102e+01
    2.09250e-01     6.40486e+01
    2.10609e-01     6.30871e+01
    2.11977e-01     6.21300e+01
    2.13354e-01     6.11817e+01
    2.14740e-01     6.02456e+01
    2.16135e-01     5.93258e+01
    2.17539e-01     5.84259e+01
    2.18952e-01     5.75496e+01
    2.20374e-01     5.67000e+01
    2.21806e-01     5.58795e+01
    2.23246e-01     5.50890e+01
    2.24696e-01     5.43311e+01
    2.26156e-01     5.36069e+01
    2.27625e-01     5.29165e+01
    2.29104e-01     5.22595e+01
    2.30592e-01     5.16350e+01
    2.32089e-01     5.10422e+01
    2.33597e-01     5.04803e+01
    2.35114e-01     4.99461e+01
    2.36642e-01     4.94371e+01
    2.38179e-01     4.89504e+01
    2.39726e-01     4.84834e+01
    2.41283e-01     4.80324e+01
    2.42850e-01     4.75937e+01
    2.44428e-01     4.71635e+01
    2.46015e-01     4.67386e+01
    2.47613e-01     4.63152e+01
    2.49222e-01     4.58906e+01
    2.50841e-01     4.54611e+01
    2.52470e-01     4.50237e+01
    2.54110e-01     4.45764e+01
    2.55760e-01     4.41175e+01
    2.57422e-01     4.36459e+01
    2.59094e-01     4.31599e+01
    2.60777e-01     4.26598e+01
    2.62471e-01     4.21457e+01
    2.64176e-01     4.16184e+01
    2.65892e-01     4.10790e+01
    2.67619e-01     4.05291e+01
    2.69357e-01     3.99715e+01
    2.71107e-01     3.94080e+01
    2.72868e-01     3.88413e+01
    2.74640e-01     3.82743e+01
    2.76424e-01     3.77103e+01
    2.78219e-01     3.71517e+01
    2.80027e-01     3.66014e+01
    2.81846e-01     3.60619e+01
    2.83676e-01     3.55356e+01
    2.85519e-01     3.50246e+01
    2.87374e-01     3.45300e+01
    2.89240e-01     3.40531e+01
    2.91119e-01     3.35949e+01
    2.93010e-01     3.31555e+01
    2.94913e-01     3.27342e+01
    2.96829e-01     3.23308e+01
    2.98757e-01     3.19441e+01
    3.00698e-01     3.15726e+01
    3.02651e-01     3.12144e+01
    3.04617e-01     3.08680e+01
    3.06595e-01     3.05306e+01
    3.08587e-01     3.02003e+01
    3.10591e-01     2.98747e+01
    3.12609e-01     2.95517e+01
    3.14639e-01     2.92292e+01
    3.16683e-01     2.89052e+01
    3.18740e-01     2.85784e+01
    3.20810e-01     2.82477e+01
    3.22894e-01     2.79118e+01
    3.24992e-01     2.75706e+01
    3.27103e-01     2.72241e+01
    3.29227e-01     2.68726e+01
    3.31366e-01     2.65165e+01
    3.33518e-01     2.61571e+01
    3.35685e-01     2.57959e+01
    3.37865e-01     2.54342e+01
    3.40060e-01     2.50736e+01
    3.42269e-01     2.47158e+01
    3.44492e-01     2.43621e+01
    3.46729e-01     2.40144e+01
    3.48982e-01     2.36740e+01
    3.51248e-01     2.33419e+01
    3.53530e-01     2.30188e+01
    3.55826e-01     2.27053e+01
    3.58138e-01     2.24019e+01
    3.60464e-01     2.21081e+01
    3.62805e-01     2.18238e+01
    3.65162e-01     2.15481e+01
    3.67534e-01     2.12803e+01
    3.69921e-01     2.10191e+01
    3.72324e-01     2.07637e+01
    3.74743e-01     2.05124e+01
    3.77177e-01     2.02643e+01
    3.79627e-01     2.00182e+01
    3.82093e-01     1.97730e+01
    3.84574e-01     1.95280e+01
    3.87072e-01     1.92823e+01
    3.89587e-01     1.90357e+01
    3.92117e-01     1.87882e+01
    3.94664e-01     1.85395e+01
    3.97228e-01     1.82902e+01
    3.99808e-01     1.80409e+01
    4.02405e-01     1.77919e+01
    4.05019e-01     1.75443e+01
    4.07650e-01     1.72989e+01
    4.10298e-01     1.70567e+01
    4.12963e-01     1.68179e+01
    4.15645e-01     1.65837e+01
    4.18345e-01     1.63542e+01
    4.21062e-01     1.61299e+01
    4.23797e-01     1.59110e+01
    4.26550e-01     1.56972e+01
    4.29321e-01     1.54887e+01
    4.32110e-01     1.52848e+01
    4.34916e-01     1.50852e+01
    4.37741e-01     1.48893e+01
    4.40585e-01     1.46963e+01
    4.43447e-01     1.45060e+01
    4.46327e-01     1.43174e+01
    4.49226e-01     1.41305e+01
    4.52144e-01     1.39444e+01
    4.55081e-01     1.37591e+01
    4.58037e-01     1.35747e+01
    4.61012e-01     1.33909e+01
    4.64007e-01     1.32080e+01
    4.67021e-01     1.30261e+01
    4.70054e-01     1.28457e+01
    4.73108e-01     1.26672e+01
    4.76181e-01     1.24907e+01
    4.79274e-01     1.23166e+01
    4.82387e-01     1.21453e+01
    4.85520e-01     1.19772e+01
    4.88674e-01     1.18122e+01
    4.91848e-01     1.16502e+01
    4.95043e-01     1.14912e+01
    4.98259e-01     1.13350e+01
    5.01495e-01     1.11817e+01
    5.04753e-01     1.10307e+01
    5.08031e-01     1.08818e+01
    5.11331e-01     1.07347e+01
    5.14653e-01     1.05894e+01
    5.17995e-01     1.04453e+01
    5.21360e-01     1.03025e+01
    5.24747e-01     1.01610e+01
    5.28155e-01     1.00208e+01
    5.31586e-01     9.88176e+00
    5.35039e-01     9.74421e+00
    5.38514e-01     9.60812e+00
    5.42012e-01     9.47367e+00
    5.45533e-01     9.34100e+00
    5.49076e-01     9.21040e+00
    5.52643e-01     9.08174e+00
    5.56233e-01     8.95498e+00
    5.59846e-01     8.83043e+00
    5.63482e-01     8.70776e+00
    5.67142e-01     8.58698e+00
    5.70826e-01     8.46793e+00
    5.74534e-01     8.35060e+00
    5.78266e-01     8.23484e+00
    5.82022e-01     8.12034e+00
    5.85803e-01     8.00741e+00
    5.89608e-01     7.89558e+00
    5.93437e-01     7.78500e+00
    5.97292e-01     7.67569e+00
    6.01172e-01     7.56764e+00
    6.05077e-01     7.46098e+00
    6.09007e-01     7.35571e+00
    6.12963e-01     7.25184e+00
    6.16945e-01     7.14935e+00
    6.20952e-01     7.04843e+00
    6.24985e-01     6.94892e+00
    6.29045e-01     6.85081e+00
    6.33131e-01     6.75403e+00
    6.37244e-01     6.65859e+00
    6.41383e-01     6.56444e+00
    6.45549e-01     6.47159e+00
    6.49742e-01     6.38001e+00
    6.53963e-01     6.28967e+00
    6.58210e-01     6.20054e+00
    6.62486e-01     6.11262e+00
    6.66789e-01     6.02589e+00
    6.71120e-01     5.94031e+00
    6.75479e-01     5.85588e+00
    6.79867e-01     5.77256e+00
    6.84283e-01     5.69035e+00
    6.88728e-01     5.60925e+00
    6.93202e-01     5.52922e+00
    6.97704e-01     5.45026e+00
    7.02236e-01     5.37237e+00
    7.06798e-01     5.29552e+00
    7.11389e-01     5.21972e+00
    7.16010e-01     5.14493e+00
    7.20661e-01     5.07116e+00
    7.25342e-01     4.99840e+00
    7.30053e-01     4.92662e+00
    7.34795e-01     4.85583e+00
    7.39568e-01     4.78601e+00
    7.44372e-01     4.71715e+00
    7.49207e-01     4.64921e+00
    7.54074e-01     4.58223e+00
    7.58972e-01     4.51616e+00
    7.63902e-01     4.45100e+00
    7.68864e-01     4.38673e+00
    7.73858e-01     4.32335e+00
    7.78884e-01     4.26084e+00
    7.83944e-01     4.19920e+00
    7.89036e-01     4.13840e+00
    7.94161e-01     4.07844e+00
    7.99320e-01     4.01931e+00
    8.04512e-01     3.96100e+00
    8.09737e-01     3.90347e+00
    8.14997e-01     3.84675e+00
    8.20291e-01     3.79082e+00
    8.25619e-01     3.73567e+00
    8.30982e-01     3.68127e+00
    8.36380e-01     3.62764e+00
    8.41812e-01     3.57475e+00
    8.47280e-01     3.52259e+00
    8.52784e-01     3.47118e+00
    8.58323e-01     3.42047e+00
    8.63899e-01     3.37047e+00
    8.69510e-01     3.32116e+00
    8.75158e-01     3.27256e+00
    8.80843e-01     3.22463e+00
    8.86564e-01     3.17737e+00
    8.92323e-01     3.13077e+00
    8.98119e-01     3.08483e+00
    9.03953e-01     3.03955e+00
    9.09825e-01     2.99489e+00
    9.15734e-01     2.95086e+00
    9.21683e-01     2.90745e+00
    9.27669e-01     2.86465e+00
    9.33695e-01     2.82247e+00
    9.39760e-01     2.78087e+00
    9.45864e-01     2.73985e+00
    9.52008e-01     2.69942e+00
    9.58192e-01     2.65957e+00
    9.64416e-01     2.62027e+00
    9.70680e-01     2.58153e+00
    9.76985e-01     2.54335e+00
    9.83332e-01     2.50570e+00
    9.89719e-01     2.46859e+00
    9.96148e-01     2.43201e+00
    1.00262e+00     2.39596e+00
    1.00913e+00     2.36040e+00
    1.01569e+00     2.32537e+00
    1.02228e+00     2.29081e+00
    1.02892e+00     2.25675e+00
    1.03561e+00     2.22321e+00
    1.04233e+00     2.19011e+00
    1.04910e+00     2.15749e+00
    1.05592e+00     2.12535e+00
    1.06278e+00     2.09366e+00
    1.06968e+00     2.06242e+00
    1.07663e+00     2.03162e+00
    1.08362e+00     2.00127e+00
    1.09066e+00     1.97135e+00
    1.09775e+00     1.94187e+00
    1.10488e+00     1.91281e+00
    1.11205e+00     1.88415e+00
    1.11928e+00     1.85593e+00
    1.12655e+00     1.82810e+00
    1.13386e+00     1.80066e+00
    1.14123e+00     1.77364e+00
    1.14864e+00     1.74701e+00
    1.15610e+00     1.72076e+00
    1.16361e+00     1.69490e+00
    1.17117e+00     1.66941e+00
    1.17878e+00     1.64429e+00
    1.18643e+00     1.61954e+00
    1.19414e+00     1.59515e+00
    1.20190e+00     1.57112e+00
    1.20970e+00     1.54742e+00
    1.21756e+00     1.52409e+00
    1.22547e+00     1.50109e+00
    1.23343e+00     1.47843e+00
    1.24144e+00     1.45610e+00
    1.24951e+00     1.43411e+00
    1.25762e+00     1.41243e+00
    1.26579e+00     1.39106e+00
    1.27401e+00     1.37001e+00
    1.28229e+00     1.34927e+00
    1.29062e+00     1.32884e+00
    1.29900e+00     1.30869e+00
    1.30744e+00     1.28885e+00
    1.31593e+00     1.26928e+00
    1.32448e+00     1.25002e+00
    1.33308e+00     1.23102e+00
    1.34174e+00     1.21230e+00
    1.35046e+00     1.19386e+00
    1.35923e+00     1.17569e+00
    1.36806e+00     1.15778e+00
    1.37695e+00     1.14013e+00
    1.38589e+00     1.12275e+00
    1.39489e+00     1.10562e+00
    1.40395e+00     1.08875e+00
    1.41307e+00     1.07211e+00
    1.42225e+00     1.05573e+00
    1.43149e+00     1.03960e+00
    1.44079e+00     1.02371e+00
    1.45015e+00     1.00804e+00
    1.45956e+00     9.92608e-01
    1.46905e+00     9.77412e-01
    1.47859e+00     9.62436e-01
    1.48819e+00     9.47678e-01
    1.49786e+00     9.33151e-01
    1.50759e+00     9.18838e-01
    1.51738e+00     9.04732e-01
    1.52724e+00     8.90845e-01
    1.53716e+00     8.77161e-01
    1.54714e+00     8.63680e-01
    1.55719e+00     8.50406e-01
    1.56731e+00     8.37330e-01
    1.57749e+00     8.24446e-01
    1.58773e+00     8.11752e-01
    1.59805e+00     7.99259e-01
    1.60843e+00     7.86939e-01
    1.61887e+00     7.74806e-01
    1.62939e+00     7.62863e-01
    1.63997e+00     7.51090e-01
    1.65063e+00     7.39496e-01
    1.66135e+00     7.28071e-01
    1.67214e+00     7.16811e-01
    1.68300e+00     7.05729e-01
    1.69393e+00     6.94804e-01
    1.70494e+00     6.84052e-01
    1.71601e+00     6.73451e-01
    1.72716e+00     6.63013e-01
    1.73838e+00     6.52736e-01
    1.74967e+00     6.42609e-01
    1.76103e+00     6.32634e-01
    1.77247e+00     6.22812e-01
    1.78398e+00     6.13139e-01
    1.79557e+00     6.03610e-01
    1.80724e+00     5.94232e-01
    1.81897e+00     5.84991e-01
    1.83079e+00     5.75887e-01
    1.84268e+00     5.66929e-01
    1.85465e+00     5.58103e-01
    1.86670e+00     5.49411e-01
    1.87882e+00     5.40848e-01
    1.89103e+00     5.32425e-01
    1.90331e+00     5.24123e-01
    1.91567e+00     5.15944e-01
    1.92812e+00     5.07896e-01
    1.94064e+00     4.99967e-01
    1.95325e+00     4.92162e-01
    1.96593e+00     4.84474e-01
    1.97870e+00     4.76908e-01
    1.99156e+00     4.69450e-01
    2.00449e+00     4.62108e-01
    2.01751e+00     4.54878e-01
    2.03062e+00     4.47762e-01
    2.04381e+00     4.40748e-01
    2.05708e+00     4.33844e-01
    2.07045e+00     4.27046e-01
    2.08389e+00     4.20341e-01
    2.09743e+00     4.13747e-01
    2.11105e+00     4.07248e-01
    2.12477e+00     4.00852e-01
    2.13857e+00     3.94556e-01
    2.15246e+00     3.88353e-01
    2.16644e+00     3.82239e-01
    2.18051e+00     3.76224e-01
    2.19468e+00     3.70304e-01
    2.20893e+00     3.64468e-01
    2.22328e+00     3.58731e-01
    2.23772e+00     3.53074e-01
    2.25226e+00     3.47509e-01
    2.26689e+00     3.42028e-01
    2.28161e+00     3.36631e-01
    2.29643e+00     3.31318e-01
    2.31135e+00     3.26090e-01
    2.32636e+00     3.20938e-01
    2.34147e+00     3.15869e-01
    2.35668e+00     3.10877e-01
    2.37199e+00     3.05962e-01
    2.38740e+00     3.01128e-01
    2.40290e+00     2.96363e-01
    2.41851e+00     2.91674e-01
    2.43422e+00     2.87059e-01
    2.45003e+00     2.82514e-01
    2.46595e+00     2.78037e-01
    2.48197e+00     2.73634e-01
    2.49809e+00     2.69296e-01
    2.51431e+00     2.65026e-01
    2.53065e+00     2.60823e-01
    2.54708e+00     2.56683e-01
    2.56363e+00     2.52609e-01
    2.58028e+00     2.48596e-01
    2.59704e+00     2.44645e-01
    2.61391e+00     2.40756e-01
    2.63089e+00     2.36926e-01
    2.64798e+00     2.33156e-01
    2.66518e+00     2.29444e-01
    2.68249e+00     2.25789e-01
    2.69991e+00     2.22191e-01
    2.71745e+00     2.18650e-01
    2.73510e+00     2.15163e-01
    2.75287e+00     2.11731e-01
    2.77075e+00     2.08353e-01
    2.78875e+00     2.05027e-01
    2.80686e+00     2.01753e-01
    2.82509e+00     1.98531e-01
    2.84344e+00     1.95359e-01
    2.86191e+00     1.92236e-01
    2.88050e+00     1.89164e-01
    2.89921e+00     1.86139e-01
    2.91805e+00     1.83163e-01
    2.93700e+00     1.80232e-01
    2.95608e+00     1.77348e-01
    2.97528e+00     1.74509e-01
    2.99461e+00     1.71715e-01
    3.01406e+00     1.68965e-01
    3.03364e+00     1.66258e-01
    3.05334e+00     1.63594e-01
    3.07317e+00     1.60972e-01
    3.09314e+00     1.58391e-01
    3.11323e+00     1.55850e-01
    3.13345e+00     1.53350e-01
    3.15380e+00     1.50888e-01
    3.17429e+00     1.48465e-01
    3.19491e+00     1.46080e-01
    3.21566e+00     1.43732e-01
    3.23655e+00     1.41422e-01
    3.25757e+00     1.39146e-01
    3.27873e+00     1.36907e-01
    3.30003e+00     1.34703e-01
    3.32146e+00     1.32533e-01
    3.34304e+00     1.30398e-01
    3.36475e+00     1.28295e-01
    3.38661e+00     1.26227e-01
    3.40861e+00     1.24190e-01
    3.43075e+00     1.22187e-01
    3.45303e+00     1.20214e-01
    3.47546e+00     1.18273e-01
    3.49804e+00     1.16363e-01
    3.52076e+00     1.14483e-01
    3.54363e+00     1.12633e-01
    3.56664e+00     1.10813e-01
    3.58981e+00     1.09021e-01
    3.61313e+00     1.07258e-01
    3.63660e+00     1.05523e-01
    3.66022e+00     1.03816e-01
    3.68400e+00     1.02136e-01
    3.70793e+00     1.00483e-01
    3.73201e+00     9.88562e-02
    3.75625e+00     9.72555e-02
    3.78065e+00     9.56802e-02
    3.80521e+00     9.41302e-02
    3.82993e+00     9.26046e-02
    3.85480e+00     9.11032e-02
    3.87984e+00     8.96262e-02
    3.90504e+00     8.81723e-02
    3.93041e+00     8.67419e-02
    3.95594e+00     8.53339e-02
    3.98163e+00     8.39483e-02
    4.00750e+00     8.25848e-02
    4.03353e+00     8.12430e-02
    4.05973e+00     7.99221e-02
    4.08610e+00     7.86220e-02
    4.11264e+00     7.73430e-02
    4.13935e+00     7.60838e-02
    4.16624e+00     7.48448e-02
    4.19330e+00     7.36257e-02
    4.22054e+00     7.24259e-02
    4.24796e+00     7.12456e-02
    4.27555e+00     7.00837e-02
    4.30332e+00     6.89408e-02
    4.33127e+00     6.78162e-02
    4.35941e+00     6.67096e-02
    4.38772e+00     6.56208e-02
    4.41622e+00     6.45494e-02
    4.44491e+00     6.34954e-02
    4.47378e+00     6.24584e-02
    4.50284e+00     6.14380e-02
    4.53209e+00     6.04342e-02
    4.56153e+00     5.94467e-02
    4.59116e+00     5.84749e-02
    4.62098e+00     5.75192e-02
    4.65100e+00     5.65784e-02
    4.68121e+00     5.56532e-02
    4.71161e+00     5.47427e-02
    4.74222e+00     5.38470e-02
    4.77302e+00     5.29658e-02
    4.80403e+00     5.20990e-02
    4.83523e+00     5.12459e-02
    4.86664e+00     5.04065e-02
    4.89825e+00     4.95808e-02
    4.93007e+00     4.87680e-02
    4.96209e+00     4.79687e-02
    4.99432e+00     4.71818e-02
    5.02676e+00     4.64077e-02
    5.05941e+00     4.56460e-02
    5.09228e+00     4.48965e-02
    5.12535e+00     4.41589e-02
    5.15865e+00     4.34335e-02
    5.19215e+00     4.27194e-02
    5.22588e+00     4.20168e-02
    5.25983e+00     4.13258e-02
    5.29399e+00     4.06457e-02
    5.32838e+00     3.99768e-02
    5.36299e+00     3.93185e-02
    5.39782e+00     3.86712e-02
    5.43289e+00     3.80340e-02
    5.46818e+00     3.74075e-02
    5.50370e+00     3.67910e-02
    5.53944e+00     3.61847e-02
    5.57543e+00     3.55883e-02
    5.61164e+00     3.50014e-02
    5.64809e+00     3.44243e-02
    5.68478e+00     3.38564e-02
    5.72171e+00     3.32979e-02
    5.75887e+00     3.27486e-02
    5.79628e+00     3.22080e-02
    5.83393e+00     3.16767e-02
    5.87182e+00     3.11537e-02
    5.90996e+00     3.06392e-02
    5.94835e+00     3.01333e-02
    5.98699e+00     2.96355e-02
    6.02588e+00     2.91459e-02
    6.06502e+00     2.86643e-02
    6.10442e+00     2.81906e-02
    6.14407e+00     2.77245e-02
    6.18398e+00     2.72659e-02
    6.22414e+00     2.68149e-02
    6.26457e+00     2.63709e-02
    6.30527e+00     2.59343e-02
    6.34622e+00     2.55049e-02
    6.38744e+00     2.50822e-02
    6.42893e+00     2.46664e-02
    6.47069e+00     2.42575e-02
    6.51272e+00     2.38551e-02
    6.55503e+00     2.34593e-02
    6.59761e+00     2.30699e-02
    6.64046e+00     2.26868e-02
    6.68359e+00     2.23101e-02
    6.72701e+00     2.19395e-02
    6.77070e+00     2.15750e-02
    6.81468e+00     2.12166e-02
    6.85895e+00     2.08640e-02
    6.90350e+00     2.05174e-02
    6.94834e+00     2.01762e-02
    6.99348e+00     1.98407e-02
    7.03890e+00     1.95109e-02
    7.08462e+00     1.91864e-02
    7.13064e+00     1.88673e-02
    7.17696e+00     1.85532e-02
    7.22358e+00     1.82447e-02
    7.27050e+00     1.79409e-02
    7.31773e+00     1.76424e-02
    7.36526e+00     1.73486e-02
    7.41310e+00     1.70599e-02
    7.46125e+00     1.67757e-02
    7.50972e+00     1.64963e-02
    7.55850e+00     1.62216e-02
    7.60759e+00     1.59512e-02
    7.65701e+00     1.56854e-02
    7.70675e+00     1.54239e-02
    7.75680e+00     1.51666e-02
    7.80719e+00     1.49137e-02
    7.85790e+00     1.46647e-02
    7.90894e+00     1.44200e-02
    7.96032e+00     1.41790e-02
    8.01202e+00     1.39421e-02
    8.06407e+00     1.37092e-02
    8.11645e+00     1.34800e-02
    8.16917e+00     1.32546e-02
    8.22223e+00     1.30329e-02
    8.27564e+00     1.28148e-02
    8.32939e+00     1.26003e-02
    8.38350e+00     1.23894e-02
    8.43795e+00     1.21820e-02
    8.49276e+00     1.19779e-02
    8.54793e+00     1.17774e-02
    8.60345e+00     1.15802e-02
    8.65933e+00     1.13860e-02
    8.71558e+00     1.11953e-02
    8.77219e+00     1.10077e-02
    8.82917e+00     1.08233e-02
    8.88652e+00     1.06418e-02
    8.94425e+00     1.04634e-02
    9.00234e+00     1.02878e-02
    9.06082e+00     1.01154e-02
    9.11967e+00     9.94589e-03
    9.17891e+00     9.77889e-03
    9.23853e+00     9.61496e-03
    9.29854e+00     9.45363e-03
    9.35894e+00     9.29500e-03
    9.41973e+00     9.13900e-03
    9.48092e+00     8.98558e-03
    9.54250e+00     8.83470e-03
    9.60449e+00     8.68633e-03
    9.66687e+00     8.54040e-03
    9.72967e+00     8.39689e-03
    9.79287e+00     8.25573e-03
    9.85648e+00     8.11689e-03
    9.92050e+00     7.98034e-03
    9.98494e+00     7.84603e-03
    1.00498e+01     7.71396e-03
    1.01151e+01     7.58406e-03
    1.01808e+01     7.45631e-03
    1.02469e+01     7.33068e-03
    1.03135e+01     7.20717e-03
    1.03805e+01     7.08569e-03
    1.04479e+01     6.96620e-03
    1.05157e+01     6.84871e-03
    1.05841e+01     6.73326e-03
    1.06528e+01     6.61965e-03
    1.07220e+01     6.50798e-03
    1.07916e+01     6.39816e-03
    1.08617e+01     6.29020e-03
    1.09323e+01     6.18408e-03
    1.10033e+01     6.07969e-03
    1.10748e+01     5.97708e-03
    1.11467e+01     5.87618e-03
    1.12191e+01     5.77697e-03
    1.12920e+01     5.67944e-03
    1.13653e+01     5.58350e-03
    1.14392e+01     5.48925e-03
    1.15135e+01     5.39654e-03
    1.15883e+01     5.30538e-03
    1.16635e+01     5.21571e-03
    1.17393e+01     5.12760e-03
    1.18155e+01     5.04091e-03
    1.18923e+01     4.95572e-03
    1.19695e+01     4.87191e-03
    1.20473e+01     4.78952e-03
    1.21255e+01     4.70848e-03
    1.22043e+01     4.62881e-03
    1.22836e+01     4.55047e-03
    1.23634e+01     4.47340e-03
    1.24437e+01     4.39761e-03
    1.25245e+01     4.32308e-03
    1.26059e+01     4.24980e-03
    1.26877e+01     4.17772e-03
    1.27701e+01     4.10686e-03
    1.28531e+01     4.03721e-03
    1.29366e+01     3.96872e-03
    1.30206e+01     3.90135e-03
    1.31052e+01     3.83514e-03
    1.31903e+01     3.77003e-03
    1.32760e+01     3.70602e-03
    1.33622e+01     3.64308e-03
    1.34490e+01     3.58121e-03
    1.35364e+01     3.52039e-03
    1.36243e+01     3.46058e-03
    1.37128e+01     3.40181e-03
    1.38019e+01     3.34402e-03
    1.38915e+01     3.28718e-03
    1.39818e+01     3.23134e-03
    1.40726e+01     3.17642e-03
    1.41640e+01     3.12244e-03
    1.42560e+01     3.06936e-03
    1.43486e+01     3.01718e-03
    1.44418e+01     2.96590e-03
    1.45356e+01     2.91546e-03
    1.46300e+01     2.86588e-03
    1.47251e+01     2.81714e-03
    1.48207e+01     2.76922e-03
    1.49170e+01     2.72211e-03
    1.50139e+01     2.67578e-03
    1.51114e+01     2.63022e-03
    1.52095e+01     2.58542e-03
    1.53083e+01     2.54139e-03
    1.54078e+01     2.49809e-03
    1.55079e+01     2.45550e-03
    1.56086e+01     2.41364e-03
    1.57100e+01     2.37247e-03
    1.58120e+01     2.33199e-03
    1.59147e+01     2.29219e-03
    1.60181e+01     2.25306e-03
    1.61221e+01     2.21460e-03
    1.62269e+01     2.17680e-03
    1.63323e+01     2.13962e-03
    1.64384e+01     2.10308e-03
    1.65451e+01     2.06715e-03
    1.66526e+01     2.03183e-03
    1.67608e+01     1.99711e-03
    1.68696e+01     1.96298e-03
    1.69792e+01     1.92944e-03
    1.70895e+01     1.89646e-03
    1.72005e+01     1.86405e-03
    1.73122e+01     1.83218e-03
    1.74247e+01     1.80087e-03
    1.75379e+01     1.77009e-03
    1.76518e+01     1.73982e-03
    1.77665e+01     1.71007e-03
    1.78819e+01     1.68083e-03
    1.79980e+01     1.65209e-03
    1.81149e+01     1.62383e-03
    1.82326e+01     1.59605e-03
    1.83510e+01     1.56875e-03
    1.84702e+01     1.54190e-03
    1.85902e+01     1.51551e-03
    1.87109e+01     1.48957e-03
    1.88325e+01     1.46407e-03
    1.89548e+01     1.43899e-03
    1.90779e+01     1.41434e-03
    1.92019e+01     1.39010e-03
    1.93266e+01     1.36627e-03
    1.94521e+01     1.34283e-03
    1.95785e+01     1.31980e-03
    1.97056e+01     1.29716e-03
    1.98336e+01     1.27490e-03
    1.99625e+01     1.25301e-03
    2.00921e+01     1.23150e-03
    2.02226e+01     1.21034e-03
    2.03540e+01     1.18956e-03
    2.04862e+01     1.16912e-03
    2.06193e+01     1.14903e-03
    2.07532e+01     1.12929e-03
    2.08880e+01     1.10988e-03
    2.10237e+01     1.09081e-03
    2.11603e+01     1.07206e-03
    2.12977e+01     1.05363e-03
    2.14360e+01     1.03552e-03
    2.15753e+01     1.01772e-03
    2.17154e+01     1.00022e-03
    2.18565e+01     9.83033e-04
    2.19985e+01     9.66134e-04
    2.21413e+01     9.49520e-04
    2.22852e+01     9.33192e-04
    2.24299e+01     9.17145e-04
    2.25756e+01     9.01367e-04
    2.27223e+01     8.85866e-04
    2.28698e+01     8.70622e-04
    2.30184e+01     8.55644e-04
    2.31679e+01     8.40916e-04
    2.33184e+01     8.26446e-04
    2.34699e+01     8.12217e-04
    2.36223e+01     7.98231e-04
    2.37758e+01     7.84484e-04
    2.39302e+01     7.70961e-04
    2.40856e+01     7.57670e-04
    2.42421e+01     7.44605e-04
    2.43996e+01     7.31770e-04
    2.45580e+01     7.19143e-04
    2.47176e+01     7.06732e-04
    2.48781e+01     6.94534e-04
    2.50397e+01     6.82546e-04
    2.52024e+01     6.70757e-04
    2.53661e+01     6.59179e-04
    2.55308e+01     6.47788e-04
    2.56967e+01     6.36603e-04
    2.58636e+01     6.25600e-04
    2.60316e+01     6.14790e-04
    2.62007e+01     6.04171e-04
    2.63709e+01     5.93734e-04
    2.65421e+01     5.83466e-04
    2.67146e+01     5.73390e-04
    2.68881e+01     5.63481e-04
    2.70627e+01     5.53740e-04
    2.72385e+01     5.44169e-04
    2.74154e+01     5.34756e-04
    2.75935e+01     5.25518e-04
    2.77728e+01     5.16430e-04
    2.79532e+01     5.07504e-04
    2.81347e+01     4.98725e-04
    2.83175e+01     4.90102e-04
    2.85014e+01     4.81631e-04
    2.86866e+01     4.73298e-04
    2.88729e+01     4.65108e-04
    2.90604e+01     4.57060e-04
    2.92492e+01     4.49156e-04
    2.94392e+01     4.41377e-04
    2.96304e+01     4.33739e-04
    2.98229e+01     4.26226e-04
    3.00166e+01     4.18836e-04
    3.02116e+01     4.11578e-04
    3.04078e+01     4.04441e-04
    3.06053e+01     3.97427e-04
    3.08041e+01     3.90534e-04
    3.10042e+01     3.83761e-04
    3.12056e+01     3.77100e-04
    3.14083e+01     3.70552e-04
    3.16123e+01     3.64121e-04
    3.18176e+01     3.57800e-04
    3.20243e+01     3.51590e-04
    3.22323e+01     3.45481e-04
    3.24417e+01     3.39482e-04
    3.26524e+01     3.33582e-04
    3.28645e+01     3.27790e-04
    3.30780e+01     3.22097e-04
    3.32929e+01     3.16502e-04
    3.35091e+01     3.11003e-04
    3.37268e+01     3.05600e-04
    3.39458e+01     3.00289e-04
    3.41663e+01     2.95071e-04
    3.43883e+01     2.89945e-04
    3.46116e+01     2.84906e-04
    3.48365e+01     2.79955e-04
    3.50627e+01     2.75090e-04
    3.52905e+01     2.70308e-04
    3.55197e+01     2.65609e-04
    3.57505e+01     2.60992e-04
    3.59827e+01     2.56454e-04
    3.62164e+01     2.51994e-04
    3.64516e+01     2.47611e-04
    3.66884e+01     2.43302e-04
    3.69267e+01     2.39068e-04
    3.71666e+01     2.34907e-04
    3.74080e+01     2.30816e-04
    3.76510e+01     2.26795e-04
    3.78956e+01     2.22844e-04
    3.81417e+01     2.18959e-04
    3.83895e+01     2.15142e-04
    3.86388e+01     2.11390e-04
    3.88898e+01     2.07703e-04
    3.91424e+01     2.04080e-04
    3.93967e+01     2.00519e-04
    3.96526e+01     1.97020e-04
    3.99101e+01     1.93582e-04
    4.01694e+01     1.90203e-04
    4.04303e+01     1.86882e-04
    4.06929e+01     1.83620e-04
    4.09572e+01     1.80414e-04
    4.12233e+01     1.77264e-04
    4.14910e+01     1.74169e-04
    4.17605e+01     1.71127e-04
    4.20318e+01     1.68139e-04
    4.23048e+01     1.65202e-04
    4.25796e+01     1.62317e-04
    4.28562e+01     1.59482e-04
    4.31346e+01     1.56696e-04
    4.34147e+01     1.53959e-04
    4.36968e+01     1.51270e-04
    4.39806e+01     1.48626e-04
    4.42663e+01     1.46030e-04
    4.45538e+01     1.43477e-04
    4.48432e+01     1.40969e-04
    4.51345e+01     1.38505e-04
    4.54277e+01     1.36083e-04
    4.57227e+01     1.33703e-04
    4.60197e+01     1.31364e-04
    4.63186e+01     1.29065e-04
    4.66195e+01     1.26806e-04
    4.69223e+01     1.24585e-04
    4.72271e+01     1.22402e-04
    4.75339e+01     1.20257e-04
    4.78426e+01     1.18149e-04
    4.81534e+01     1.16078e-04
    4.84662e+01     1.14042e-04
    4.87810e+01     1.12042e-04
    4.90979e+01     1.10077e-04
    4.94168e+01     1.08145e-04
    4.97378e+01     1.06247e-04
    5.00608e+01     1.04382e-04
    5.03860e+01     1.02550e-04
    5.07133e+01     1.00750e-04
    5.10427e+01     9.89810e-05
    5.13743e+01     9.72432e-05
    5.17080e+01     9.55357e-05
    5.20438e+01     9.38583e-05
    5.23819e+01     9.22103e-05
    5.27221e+01     9.05911e-05
    5.30646e+01     8.90003e-05
    5.34093e+01     8.74376e-05
    5.37562e+01     8.59023e-05
    5.41054e+01     8.43936e-05
    5.44568e+01     8.29116e-05
    5.48106e+01     8.14558e-05
    5.51666e+01     8.00250e-05
    5.55249e+01     7.86195e-05
    5.58856e+01     7.72385e-05
    5.62486e+01     7.58816e-05
    5.66140e+01     7.45485e-05
    5.69817e+01     7.32387e-05
    5.73518e+01     7.19514e-05
    5.77244e+01     7.06867e-05
    5.80993e+01     6.94440e-05
    5.84767e+01     6.82226e-05
    5.88565e+01     6.70224e-05
    5.92388e+01     6.58431e-05
    5.96236e+01     6.46844e-05
    6.00109e+01     6.35460e-05
    6.04007e+01     6.24274e-05
    6.07930e+01     6.13280e-05
    6.11879e+01     6.02479e-05
    6.15854e+01     5.91869e-05
    6.19854e+01     5.81439e-05
    6.23880e+01     5.71194e-05
    6.27933e+01     5.61128e-05
    6.32012e+01     5.51240e-05
    6.36117e+01     5.41521e-05
    6.40249e+01     5.31975e-05
    6.44408e+01     5.22595e-05
    6.48593e+01     5.13374e-05
    6.52806e+01     5.04319e-05
    6.57047e+01     4.95420e-05
    6.61315e+01     4.86677e-05
    6.65610e+01     4.78084e-05
    6.69934e+01     4.69643e-05
    6.74285e+01     4.61346e-05
    6.78665e+01     4.53191e-05
    6.83073e+01     4.45179e-05
    6.87510e+01     4.37307e-05
    6.91976e+01     4.29567e-05
    6.96471e+01     4.21964e-05
    7.00995e+01     4.14487e-05
    7.05548e+01     4.07140e-05
    7.10131e+01     3.99917e-05
    7.14744e+01     3.92816e-05
    7.19386e+01     3.85837e-05
    7.24059e+01     3.78974e-05
    7.28762e+01     3.72227e-05
    7.33496e+01     3.65595e-05
    7.38261e+01     3.59073e-05
    7.43056e+01     3.52663e-05
    7.47883e+01     3.46367e-05
    7.52740e+01     3.40175e-05
    7.57630e+01     3.34094e-05
    7.62551e+01     3.28117e-05
    7.67504e+01     3.22246e-05
    7.72490e+01     3.16478e-05
    7.77507e+01     3.10811e-05
    7.82558e+01     3.05248e-05
    7.87641e+01     2.99783e-05
    7.92757e+01     2.94417e-05
    7.97906e+01     2.89150e-05
    8.03089e+01     2.83978e-05
    8.08306e+01     2.78901e-05
    8.13556e+01     2.73920e-05
    8.18841e+01     2.69029e-05
    8.24160e+01     2.64228e-05
    8.29513e+01     2.59522e-05
    8.34901e+01     2.54900e-05
    8.40324e+01     2.50369e-05
    8.45783e+01     2.45922e-05
    8.51276e+01     2.41561e-05
    8.56806e+01     2.37286e-05
    8.62371e+01     2.33095e-05
    8.67973e+01     2.28983e-05
    8.73611e+01     2.24954e-05
    8.79285e+01     2.21003e-05
    8.84997e+01     2.17134e-05
    8.90745e+01     2.13338e-05
    8.96531e+01     2.09623e-05
    9.02355e+01     2.05980e-05
    9.08216e+01     2.02412e-05
    9.14115e+01     1.98917e-05
    9.20053e+01     1.95490e-05
    9.26029e+01     1.92130e-05
    9.32044e+01     1.88834e-05
    9.38099e+01     1.85603e-05
    9.44192e+01     1.82429e-05
    9.50325e+01     1.79313e-05
    9.56498e+01     1.76252e-05
    9.62711e+01     1.73242e-05
    9.68964e+01     1.70285e-05
    9.75258e+01     1.67376e-05
    9.81593e+01     1.64513e-05
    9.87969e+01     1.61693e-05
    9.94386e+01     1.58914e-05
    1.00085e+02     1.56178e-05
    1.00735e+02     1.53477e-05
    1.01389e+02     1.50813e-05
    1.02048e+02     1.48183e-05
    1.02710e+02     1.45584e-05
    1.03378e+02     1.43017e-05
    1.04049e+02     1.40477e-05
    1.04725e+02     1.37962e-05
    1.05405e+02     1.35475e-05
    1.06090e+02     1.33010e-05
    1.06779e+02     1.30567e-05
    1.07473e+02     1.28144e-05
    1.08171e+02     1.25737e-05
    1.08873e+02     1.23348e-05
    1.09580e+02     1.20974e-05
    1.10292e+02     1.18614e-05
    1.11009e+02     1.16267e-05
    1.11730e+02     1.13931e-05
