    1.05035e-05     5.71251e+00
    1.05717e-05     5.74815e+00
    1.06404e-05     5.78405e+00
    1.07095e-05     5.82014e+00
    1.07791e-05     5.85649e+00
    1.08491e-05     5.89304e+00
    1.09196e-05     5.92984e+00
    1.09905e-05     5.96684e+00
    1.10619e-05     6.00409e+00
    1.11337e-05     6.04154e+00
    1.12060e-05     6.07924e+00
    1.12788e-05     6.11720e+00
    1.13521e-05     6.15540e+00
    1.14258e-05     6.19380e+00
    1.15001e-05     6.23251e+00
    1.15748e-05     6.27141e+00
    1.16499e-05     6.31051e+00
    1.17256e-05     6.34992e+00
    1.18018e-05     6.38957e+00
    1.18784e-05     6.42943e+00
    1.19556e-05     6.46958e+00
    1.20332e-05     6.50994e+00
    1.21114e-05     6.55059e+00
    1.21901e-05     6.59150e+00
    1.22693e-05     6.63265e+00
    1.23490e-05     6.67405e+00
    1.24292e-05     6.71571e+00
    1.25099e-05     6.75761e+00
    1.25912e-05     6.79981e+00
    1.26730e-05     6.84227e+00
    1.27553e-05     6.88497e+00
    1.28381e-05     6.92791e+00
    1.29215e-05     6.97116e+00
    1.30054e-05     7.01466e+00
    1.30899e-05     7.05846e+00
    1.31749e-05     7.10251e+00
    1.32605e-05     7.14685e+00
    1.33467e-05     7.19150e+00
    1.34334e-05     7.23639e+00
    1.35206e-05     7.28153e+00
    1.36084e-05     7.32697e+00
    1.36968e-05     7.37271e+00
    1.37858e-05     7.41875e+00
    1.38753e-05     7.46503e+00
    1.39655e-05     7.51167e+00
    1.40562e-05     7.55855e+00
    1.41475e-05     7.60573e+00
    1.42394e-05     7.65320e+00
    1.43319e-05     7.70098e+00
    1.44250e-05     7.74905e+00
    1.45187e-05     7.79743e+00
    1.46130e-05     7.84609e+00
    1.47079e-05     7.89506e+00
    1.48034e-05     7.94432e+00
    1.48996e-05     7.99393e+00
    1.49964e-05     8.04384e+00
    1.50938e-05     8.09405e+00
    1.51918e-05     8.14455e+00
    1.52905e-05     8.19540e+00
    1.53898e-05     8.24655e+00
    1.54898e-05     8.29804e+00
    1.55904e-05     8.34983e+00
    1.56917e-05     8.40197e+00
    1.57936e-05     8.45440e+00
    1.58962e-05     8.50718e+00
    1.59994e-05     8.56025e+00
    1.61034e-05     8.61372e+00
    1.62080e-05     8.66749e+00
    1.63132e-05     8.72155e+00
    1.64192e-05     8.77601e+00
    1.65259e-05     8.83082e+00
    1.66332e-05     8.88592e+00
    1.67412e-05     8.94136e+00
    1.68500e-05     8.99721e+00
    1.69594e-05     9.05334e+00
    1.70696e-05     9.10987e+00
    1.71805e-05     9.16675e+00
    1.72921e-05     9.22397e+00
    1.74044e-05     9.28154e+00
    1.75174e-05     9.33945e+00
    1.76312e-05     9.39775e+00
    1.77458e-05     9.45645e+00
    1.78610e-05     9.51544e+00
    1.79770e-05     9.57483e+00
    1.80938e-05     9.63461e+00
    1.82113e-05     9.69474e+00
    1.83296e-05     9.75526e+00
    1.84487e-05     9.81617e+00
    1.85685e-05     9.87743e+00
    1.86891e-05     9.93908e+00
    1.88105e-05     1.00011e+01
    1.89327e-05     1.00636e+01
    1.90557e-05     1.01264e+01
    1.91795e-05     1.01896e+01
    1.93041e-05     1.02532e+01
    1.94294e-05     1.03172e+01
    1.95557e-05     1.03816e+01
    1.96827e-05     1.04464e+01
    1.98105e-05     1.05116e+01
    1.99392e-05     1.05772e+01
    2.00687e-05     1.06432e+01
    2.01991e-05     1.07097e+01
    2.03303e-05     1.07765e+01
    2.04623e-05     1.08438e+01
    2.05953e-05     1.09115e+01
    2.07290e-05     1.09796e+01
    2.08637e-05     1.10481e+01
    2.09992e-05     1.11171e+01
    2.11356e-05     1.11865e+01
    2.12729e-05     1.12563e+01
    2.14111e-05     1.13266e+01
    2.15501e-05     1.13972e+01
    2.16901e-05     1.14684e+01
    2.18310e-05     1.15400e+01
    2.19728e-05     1.16120e+01
    2.21155e-05     1.16844e+01
    2.22592e-05     1.17574e+01
    2.24038e-05     1.18308e+01
    2.25493e-05     1.19046e+01
    2.26958e-05     1.19789e+01
    2.28432e-05     1.20537e+01
    2.29916e-05     1.21289e+01
    2.31409e-05     1.22046e+01
    2.32912e-05     1.22808e+01
    2.34425e-05     1.23574e+01
    2.35948e-05     1.24346e+01
    2.37481e-05     1.25122e+01
    2.39023e-05     1.25903e+01
    2.40576e-05     1.26689e+01
    2.42138e-05     1.27479e+01
    2.43711e-05     1.28275e+01
    2.45294e-05     1.29076e+01
    2.46888e-05     1.29882e+01
    2.48491e-05     1.30693e+01
    2.50105e-05     1.31508e+01
    2.51730e-05     1.32330e+01
    2.53365e-05     1.33155e+01
    2.55011e-05     1.33987e+01
    2.56667e-05     1.34823e+01
    2.58334e-05     1.35664e+01
    2.60012e-05     1.36511e+01
    2.61701e-05     1.37363e+01
    2.63401e-05     1.38221e+01
    2.65112e-05     1.39084e+01
    2.66834e-05     1.39952e+01
    2.68567e-05     1.40826e+01
    2.70312e-05     1.41705e+01
    2.72068e-05     1.42589e+01
    2.73835e-05     1.43479e+01
    2.75614e-05     1.44375e+01
    2.77404e-05     1.45276e+01
    2.79206e-05     1.46183e+01
    2.81019e-05     1.47095e+01
    2.82845e-05     1.48014e+01
    2.84682e-05     1.48937e+01
    2.86531e-05     1.49867e+01
    2.88392e-05     1.50802e+01
    2.90266e-05     1.51743e+01
    2.92151e-05     1.52690e+01
    2.94049e-05     1.53643e+01
    2.95959e-05     1.54602e+01
    2.97881e-05     1.55567e+01
    2.99816e-05     1.56538e+01
    3.01764e-05     1.57515e+01
    3.03724e-05     1.58499e+01
    3.05697e-05     1.59488e+01
    3.07682e-05     1.60483e+01
    3.09681e-05     1.61485e+01
    3.11692e-05     1.62493e+01
    3.13717e-05     1.63507e+01
    3.15755e-05     1.64528e+01
    3.17806e-05     1.65555e+01
    3.19870e-05     1.66588e+01
    3.21948e-05     1.67628e+01
    3.24039e-05     1.68674e+01
    3.26144e-05     1.69727e+01
    3.28262e-05     1.70786e+01
    3.30395e-05     1.71853e+01
    3.32541e-05     1.72926e+01
    3.34701e-05     1.74005e+01
    3.36875e-05     1.75091e+01
    3.39063e-05     1.76184e+01
    3.41265e-05     1.77283e+01
    3.43482e-05     1.78390e+01
    3.45713e-05     1.79504e+01
    3.47959e-05     1.80624e+01
    3.50219e-05     1.81751e+01
    3.52494e-05     1.82886e+01
    3.54783e-05     1.84027e+01
    3.57088e-05     1.85176e+01
    3.59407e-05     1.86331e+01
    3.61742e-05     1.87494e+01
    3.64092e-05     1.88665e+01
    3.66457e-05     1.89842e+01
    3.68837e-05     1.91027e+01
    3.71233e-05     1.92220e+01
    3.73644e-05     1.93419e+01
    3.76071e-05     1.94626e+01
    3.78514e-05     1.95841e+01
    3.80973e-05     1.97064e+01
    3.83447e-05     1.98294e+01
    3.85938e-05     1.99531e+01
    3.88445e-05     2.00777e+01
    3.90968e-05     2.02030e+01
    3.93507e-05     2.03291e+01
    3.96064e-05     2.04560e+01
    3.98636e-05     2.05837e+01
    4.01226e-05     2.07122e+01
    4.03832e-05     2.08415e+01
    4.06455e-05     2.09716e+01
    4.09095e-05     2.11025e+01
    4.11752e-05     2.12342e+01
    4.14427e-05     2.13668e+01
    4.17119e-05     2.15001e+01
    4.19828e-05     2.16343e+01
    4.22555e-05     2.17694e+01
    4.25300e-05     2.19052e+01
    4.28062e-05     2.20419e+01
    4.30843e-05     2.21795e+01
    4.33642e-05     2.23180e+01
    4.36458e-05     2.24572e+01
    4.39293e-05     2.25974e+01
    4.42147e-05     2.27385e+01
    4.45019e-05     2.28804e+01
    4.47909e-05     2.30231e+01
    4.50819e-05     2.31669e+01
    4.53747e-05     2.33115e+01
    4.56694e-05     2.34569e+01
    4.59661e-05     2.36034e+01
    4.62647e-05     2.37507e+01
    4.65652e-05     2.38989e+01
    4.68677e-05     2.40481e+01
    4.71721e-05     2.41982e+01
    4.74785e-05     2.43492e+01
    4.77869e-05     2.45012e+01
    4.80973e-05     2.46541e+01
    4.84097e-05     2.48080e+01
    4.87242e-05     2.49628e+01
    4.90406e-05     2.51186e+01
    4.93592e-05     2.52754e+01
    4.96798e-05     2.54331e+01
    5.00025e-05     2.55919e+01
    5.03273e-05     2.57517e+01
    5.06542e-05     2.59123e+01
    5.09832e-05     2.60741e+01
    5.13144e-05     2.62368e+01
    5.16477e-05     2.64005e+01
    5.19832e-05     2.65653e+01
    5.23208e-05     2.67311e+01
    5.26607e-05     2.68979e+01
    5.30028e-05     2.70658e+01
    5.33470e-05     2.72347e+01
    5.36936e-05     2.74046e+01
    5.40423e-05     2.75756e+01
    5.43934e-05     2.77478e+01
    5.47467e-05     2.79209e+01
    5.51023e-05     2.80951e+01
    5.54602e-05     2.82705e+01
    5.58205e-05     2.84469e+01
    5.61830e-05     2.86245e+01
    5.65480e-05     2.88031e+01
    5.69153e-05     2.89829e+01
    5.72850e-05     2.91638e+01
    5.76571e-05     2.93458e+01
    5.80316e-05     2.95290e+01
    5.84085e-05     2.97132e+01
    5.87879e-05     2.98987e+01
    5.91698e-05     3.00853e+01
    5.95541e-05     3.02731e+01
    5.99410e-05     3.04620e+01
    6.03303e-05     3.06522e+01
    6.07222e-05     3.08435e+01
    6.11166e-05     3.10360e+01
    6.15136e-05     3.12297e+01
    6.19132e-05     3.14247e+01
    6.23153e-05     3.16207e+01
    6.27201e-05     3.18181e+01
    6.31275e-05     3.20167e+01
    6.35376e-05     3.22165e+01
    6.39503e-05     3.24176e+01
    6.43657e-05     3.26199e+01
    6.47838e-05     3.28235e+01
    6.52046e-05     3.30283e+01
    6.56281e-05     3.32344e+01
    6.60544e-05     3.34418e+01
    6.64835e-05     3.36505e+01
    6.69153e-05     3.38605e+01
    6.73499e-05     3.40718e+01
    6.77874e-05     3.42844e+01
    6.82277e-05     3.44984e+01
    6.86709e-05     3.47137e+01
    6.91170e-05     3.49303e+01
    6.95659e-05     3.51482e+01
    7.00178e-05     3.53676e+01
    7.04726e-05     3.55883e+01
    7.09304e-05     3.58104e+01
    7.13911e-05     3.60338e+01
    7.18548e-05     3.62587e+01
    7.23215e-05     3.64849e+01
    7.27913e-05     3.67126e+01
    7.32641e-05     3.69417e+01
    7.37400e-05     3.71722e+01
    7.42190e-05     3.74042e+01
    7.47011e-05     3.76376e+01
    7.51863e-05     3.78724e+01
    7.56747e-05     3.81087e+01
    7.61663e-05     3.83466e+01
    7.66610e-05     3.85858e+01
    7.71589e-05     3.88266e+01
    7.76601e-05     3.90689e+01
    7.81646e-05     3.93127e+01
    7.86723e-05     3.95580e+01
    7.91833e-05     3.98048e+01
    7.96977e-05     4.00532e+01
    8.02153e-05     4.03031e+01
    8.07364e-05     4.05547e+01
    8.12608e-05     4.08077e+01
    8.17886e-05     4.10623e+01
    8.23199e-05     4.13186e+01
    8.28546e-05     4.15764e+01
    8.33928e-05     4.18359e+01
    8.39345e-05     4.20970e+01
    8.44797e-05     4.23597e+01
    8.50284e-05     4.26240e+01
    8.55807e-05     4.28900e+01
    8.61366e-05     4.31576e+01
    8.66961e-05     4.34269e+01
    8.72593e-05     4.36979e+01
    8.78261e-05     4.39706e+01
    8.83966e-05     4.42451e+01
    8.89707e-05     4.45212e+01
    8.95487e-05     4.47990e+01
    9.01303e-05     4.50784e+01
    9.07158e-05     4.53598e+01
    9.13050e-05     4.56428e+01
    9.18981e-05     4.59276e+01
    9.24950e-05     4.62141e+01
    9.30958e-05     4.65025e+01
    9.37005e-05     4.67926e+01
    9.43092e-05     4.70846e+01
    9.49218e-05     4.73783e+01
    9.55383e-05     4.76739e+01
    9.61589e-05     4.79713e+01
    9.67835e-05     4.82706e+01
    9.74122e-05     4.85718e+01
    9.80449e-05     4.88748e+01
    9.86818e-05     4.91797e+01
    9.93228e-05     4.94865e+01
    9.99679e-05     4.97952e+01
    1.00617e-04     5.01057e+01
    1.01271e-04     5.04185e+01
    1.01929e-04     5.07332e+01
    1.02591e-04     5.10496e+01
    1.03257e-04     5.13679e+01
    1.03928e-04     5.16886e+01
    1.04603e-04     5.20110e+01
    1.05282e-04     5.23353e+01
    1.05966e-04     5.26619e+01
    1.06655e-04     5.29908e+01
    1.07347e-04     5.33210e+01
    1.08045e-04     5.36540e+01
    1.08746e-04     5.39884e+01
    1.09453e-04     5.43255e+01
    1.10164e-04     5.46644e+01
    1.10879e-04     5.50052e+01
    1.11599e-04     5.53482e+01
    1.12324e-04     5.56935e+01
    1.13054e-04     5.60411e+01
    1.13788e-04     5.63906e+01
    1.14527e-04     5.67423e+01
    1.15271e-04     5.70963e+01
    1.16020e-04     5.74526e+01
    1.16774e-04     5.78110e+01
    1.17532e-04     5.81714e+01
    1.18296e-04     5.85346e+01
    1.19064e-04     5.88994e+01
    1.19837e-04     5.92666e+01
    1.20616e-04     5.96365e+01
    1.21399e-04     6.00083e+01
    1.22188e-04     6.03827e+01
    1.22982e-04     6.07596e+01
    1.23780e-04     6.11381e+01
    1.24584e-04     6.15194e+01
    1.25394e-04     6.19034e+01
    1.26208e-04     6.22893e+01
    1.27028e-04     6.26779e+01
    1.27853e-04     6.30688e+01
    1.28684e-04     6.34624e+01
    1.29519e-04     6.38577e+01
    1.30361e-04     6.42564e+01
    1.31208e-04     6.46572e+01
    1.32060e-04     6.50603e+01
    1.32918e-04     6.54662e+01
    1.33781e-04     6.58743e+01
    1.34650e-04     6.62851e+01
    1.35525e-04     6.66988e+01
    1.36405e-04     6.71146e+01
    1.37291e-04     6.75331e+01
    1.38183e-04     6.79545e+01
    1.39080e-04     6.83780e+01
    1.39984e-04     6.88046e+01
    1.40893e-04     6.92336e+01
    1.41808e-04     6.96654e+01
    1.42729e-04     7.00998e+01
    1.43656e-04     7.05369e+01
    1.44589e-04     7.09767e+01
    1.45529e-04     7.14197e+01
    1.46474e-04     7.18649e+01
    1.47425e-04     7.23129e+01
    1.48383e-04     7.27640e+01
    1.49347e-04     7.32177e+01
    1.50317e-04     7.36742e+01
    1.51293e-04     7.41335e+01
    1.52276e-04     7.45958e+01
    1.53265e-04     7.50609e+01
    1.54261e-04     7.55290e+01
    1.55263e-04     7.59999e+01
    1.56271e-04     7.64736e+01
    1.57286e-04     7.69503e+01
    1.58308e-04     7.74302e+01
    1.59336e-04     7.79127e+01
    1.60371e-04     7.83984e+01
    1.61413e-04     7.88873e+01
    1.62461e-04     7.93789e+01
    1.63517e-04     7.98739e+01
    1.64579e-04     8.03718e+01
    1.65648e-04     8.08728e+01
    1.66724e-04     8.13770e+01
    1.67807e-04     8.18842e+01
    1.68897e-04     8.23946e+01
    1.69994e-04     8.29082e+01
    1.71098e-04     8.34248e+01
    1.72209e-04     8.39447e+01
    1.73328e-04     8.44681e+01
    1.74454e-04     8.49947e+01
    1.75587e-04     8.55243e+01
    1.76728e-04     8.60577e+01
    1.77875e-04     8.65936e+01
    1.79031e-04     8.71335e+01
    1.80194e-04     8.76766e+01
    1.81364e-04     8.82229e+01
    1.82542e-04     8.87727e+01
    1.83728e-04     8.93261e+01
    1.84921e-04     8.98826e+01
    1.86123e-04     9.04431e+01
    1.87332e-04     9.10068e+01
    1.88548e-04     9.15733e+01
    1.89773e-04     9.21442e+01
    1.91006e-04     9.27186e+01
    1.92246e-04     9.32959e+01
    1.93495e-04     9.38774e+01
    1.94752e-04     9.44623e+01
    1.96017e-04     9.50508e+01
    1.97290e-04     9.56431e+01
    1.98572e-04     9.62392e+01
    1.99862e-04     9.68388e+01
    2.01160e-04     9.74420e+01
    2.02467e-04     9.80492e+01
    2.03782e-04     9.86600e+01
    2.05105e-04     9.92742e+01
    2.06438e-04     9.98930e+01
    2.07779e-04     1.00515e+02
    2.09128e-04     1.01141e+02
    2.10487e-04     1.01771e+02
    2.11854e-04     1.02405e+02
    2.13230e-04     1.03043e+02
    2.14615e-04     1.03685e+02
    2.16009e-04     1.04330e+02
    2.17412e-04     1.04980e+02
    2.18824e-04     1.05634e+02
    2.20246e-04     1.06292e+02
    2.21676e-04     1.06953e+02
    2.23116e-04     1.07620e+02
    2.24565e-04     1.08290e+02
    2.26024e-04     1.08964e+02
    2.27492e-04     1.09642e+02
    2.28970e-04     1.10325e+02
    2.30457e-04     1.11012e+02
    2.31954e-04     1.11703e+02
    2.33461e-04     1.12399e+02
    2.34977e-04     1.13098e+02
    2.36504e-04     1.13802e+02
    2.38040e-04     1.14511e+02
    2.39586e-04     1.15223e+02
    2.41142e-04     1.15940e+02
    2.42709e-04     1.16662e+02
    2.44285e-04     1.17388e+02
    2.45872e-04     1.18119e+02
    2.47469e-04     1.18854e+02
    2.49076e-04     1.19593e+02
    2.50694e-04     1.20338e+02
    2.52323e-04     1.21087e+02
    2.53962e-04     1.21840e+02
    2.55611e-04     1.22598e+02
    2.57272e-04     1.23361e+02
    2.58943e-04     1.24129e+02
    2.60625e-04     1.24901e+02
    2.62318e-04     1.25678e+02
    2.64022e-04     1.26460e+02
    2.65737e-04     1.27247e+02
    2.67463e-04     1.28038e+02
    2.69200e-04     1.28835e+02
    2.70949e-04     1.29636e+02
    2.72709e-04     1.30442e+02
    2.74480e-04     1.31254e+02
    2.76263e-04     1.32070e+02
    2.78057e-04     1.32891e+02
    2.79863e-04     1.33718e+02
    2.81681e-04     1.34549e+02
    2.83511e-04     1.35386e+02
    2.85353e-04     1.36228e+02
    2.87206e-04     1.37075e+02
    2.89072e-04     1.37927e+02
    2.90949e-04     1.38785e+02
    2.92839e-04     1.39647e+02
    2.94741e-04     1.40516e+02
    2.96656e-04     1.41389e+02
    2.98583e-04     1.42268e+02
    3.00522e-04     1.43152e+02
    3.02474e-04     1.44042e+02
    3.04439e-04     1.44937e+02
    3.06417e-04     1.45838e+02
    3.08407e-04     1.46744e+02
    3.10410e-04     1.47656e+02
    3.12426e-04     1.48573e+02
    3.14456e-04     1.49497e+02
    3.16498e-04     1.50425e+02
    3.18554e-04     1.51360e+02
    3.20623e-04     1.52300e+02
    3.22706e-04     1.53246e+02
    3.24802e-04     1.54198e+02
    3.26912e-04     1.55156e+02
    3.29035e-04     1.56119e+02
    3.31173e-04     1.57089e+02
    3.33324e-04     1.58065e+02
    3.35489e-04     1.59046e+02
    3.37668e-04     1.60033e+02
    3.39861e-04     1.61027e+02
    3.42069e-04     1.62027e+02
    3.44291e-04     1.63033e+02
    3.46527e-04     1.64045e+02
    3.48778e-04     1.65063e+02
    3.51044e-04     1.66087e+02
    3.53324e-04     1.67118e+02
    3.55619e-04     1.68155e+02
    3.57929e-04     1.69199e+02
    3.60254e-04     1.70249e+02
    3.62594e-04     1.71305e+02
    3.64949e-04     1.72368e+02
    3.67320e-04     1.73437e+02
    3.69706e-04     1.74513e+02
    3.72107e-04     1.75595e+02
    3.74524e-04     1.76684e+02
    3.76957e-04     1.77779e+02
    3.79405e-04     1.78882e+02
    3.81870e-04     1.79991e+02
    3.84350e-04     1.81106e+02
    3.86847e-04     1.82229e+02
    3.89360e-04     1.83359e+02
    3.91889e-04     1.84495e+02
    3.94434e-04     1.85638e+02
    3.96996e-04     1.86788e+02
    3.99575e-04     1.87946e+02
    4.02171e-04     1.89111e+02
    4.04783e-04     1.90282e+02
    4.07412e-04     1.91461e+02
    4.10059e-04     1.92647e+02
    4.12722e-04     1.93840e+02
    4.15403e-04     1.95041e+02
    4.18101e-04     1.96248e+02
    4.20817e-04     1.97464e+02
    4.23550e-04     1.98686e+02
    4.26302e-04     1.99916e+02
    4.29071e-04     2.01154e+02
    4.31858e-04     2.02399e+02
    4.34663e-04     2.03652e+02
    4.37486e-04     2.04912e+02
    4.40328e-04     2.06180e+02
    4.43188e-04     2.07456e+02
    4.46067e-04     2.08739e+02
    4.48964e-04     2.10030e+02
    4.51881e-04     2.11330e+02
    4.54816e-04     2.12637e+02
    4.57770e-04     2.13952e+02
    4.60744e-04     2.15275e+02
    4.63736e-04     2.16605e+02
    4.66749e-04     2.17945e+02
    4.69780e-04     2.19291e+02
    4.72832e-04     2.20647e+02
    4.75903e-04     2.22010e+02
    4.78994e-04     2.23382e+02
    4.82106e-04     2.24762e+02
    4.85237e-04     2.26150e+02
    4.88389e-04     2.27547e+02
    4.91562e-04     2.28953e+02
    4.94754e-04     2.30366e+02
    4.97968e-04     2.31788e+02
    5.01203e-04     2.33219e+02
    5.04458e-04     2.34658e+02
    5.07735e-04     2.36106e+02
    5.11033e-04     2.37563e+02
    5.14353e-04     2.39029e+02
    5.17694e-04     2.40504e+02
    5.21056e-04     2.41987e+02
    5.24441e-04     2.43479e+02
    5.27847e-04     2.44980e+02
    5.31276e-04     2.46491e+02
    5.34727e-04     2.48010e+02
    5.38200e-04     2.49539e+02
    5.41696e-04     2.51076e+02
    5.45215e-04     2.52624e+02
    5.48756e-04     2.54180e+02
    5.52321e-04     2.55746e+02
    5.55908e-04     2.57321e+02
    5.59519e-04     2.58906e+02
    5.63154e-04     2.60500e+02
    5.66812e-04     2.62104e+02
    5.70493e-04     2.63717e+02
    5.74199e-04     2.65341e+02
    5.77929e-04     2.66974e+02
    5.81683e-04     2.68616e+02
    5.85461e-04     2.70269e+02
    5.89264e-04     2.71932e+02
    5.93092e-04     2.73604e+02
    5.96944e-04     2.75286e+02
    6.00822e-04     2.76979e+02
    6.04724e-04     2.78681e+02
    6.08652e-04     2.80393e+02
    6.12606e-04     2.82117e+02
    6.16585e-04     2.83850e+02
    6.20590e-04     2.85593e+02
    6.24621e-04     2.87346e+02
    6.28678e-04     2.89111e+02
    6.32762e-04     2.90886e+02
    6.36872e-04     2.92671e+02
    6.41009e-04     2.94467e+02
    6.45173e-04     2.96274e+02
    6.49363e-04     2.98091e+02
    6.53581e-04     2.99919e+02
    6.57827e-04     3.01758e+02
    6.62100e-04     3.03609e+02
    6.66400e-04     3.05469e+02
    6.70729e-04     3.07341e+02
    6.75086e-04     3.09225e+02
    6.79471e-04     3.11118e+02
    6.83884e-04     3.13024e+02
    6.88327e-04     3.14941e+02
    6.92798e-04     3.16869e+02
    6.97298e-04     3.18808e+02
    7.01827e-04     3.20760e+02
    7.06386e-04     3.22722e+02
    7.10974e-04     3.24696e+02
    7.15592e-04     3.26681e+02
    7.20241e-04     3.28679e+02
    7.24919e-04     3.30688e+02
    7.29628e-04     3.32709e+02
    7.34367e-04     3.34741e+02
    7.39137e-04     3.36786e+02
    7.43938e-04     3.38842e+02
    7.48770e-04     3.40911e+02
    7.53634e-04     3.42992e+02
    7.58529e-04     3.45084e+02
    7.63456e-04     3.47189e+02
    7.68416e-04     3.49307e+02
    7.73407e-04     3.51437e+02
    7.78431e-04     3.53579e+02
    7.83487e-04     3.55734e+02
    7.88576e-04     3.57901e+02
    7.93698e-04     3.60081e+02
    7.98854e-04     3.62274e+02
    8.04043e-04     3.64479e+02
    8.09265e-04     3.66697e+02
    8.14522e-04     3.68929e+02
    8.19813e-04     3.71174e+02
    8.25138e-04     3.73431e+02
    8.30498e-04     3.75702e+02
    8.35892e-04     3.77985e+02
    8.41322e-04     3.80282e+02
    8.46787e-04     3.82593e+02
    8.52287e-04     3.84917e+02
    8.57823e-04     3.87254e+02
    8.63395e-04     3.89605e+02
    8.69003e-04     3.91969e+02
    8.74648e-04     3.94347e+02
    8.80329e-04     3.96739e+02
    8.86048e-04     3.99145e+02
    8.91803e-04     4.01564e+02
    8.97596e-04     4.03997e+02
    9.03426e-04     4.06444e+02
    9.09294e-04     4.08905e+02
    9.15201e-04     4.11381e+02
    9.21145e-04     4.13870e+02
    9.27129e-04     4.16374e+02
    9.33151e-04     4.18892e+02
    9.39212e-04     4.21424e+02
    9.45313e-04     4.23971e+02
    9.51453e-04     4.26532e+02
    9.57633e-04     4.29107e+02
    9.63854e-04     4.31698e+02
    9.70115e-04     4.34304e+02
    9.76416e-04     4.36924e+02
    9.82758e-04     4.39558e+02
    9.89142e-04     4.42209e+02
    9.95567e-04     4.44874e+02
    1.00203e-03     4.47552e+02
    1.00854e-03     4.50248e+02
    1.01509e-03     4.52959e+02
    1.02169e-03     4.55687e+02
    1.02832e-03     4.58426e+02
    1.03500e-03     4.61183e+02
    1.04173e-03     4.63958e+02
    1.04849e-03     4.66744e+02
    1.05530e-03     4.69547e+02
    1.06216e-03     4.72370e+02
    1.06906e-03     4.75205e+02
    1.07600e-03     4.78055e+02
    1.08299e-03     4.80922e+02
    1.09003e-03     4.83808e+02
    1.09711e-03     4.86707e+02
    1.10423e-03     4.89619e+02
    1.11140e-03     4.92550e+02
    1.11862e-03     4.95498e+02
    1.12589e-03     4.98465e+02
    1.13320e-03     5.01444e+02
    1.14056e-03     5.04441e+02
    1.14797e-03     5.07456e+02
    1.15543e-03     5.10487e+02
    1.16293e-03     5.13532e+02
    1.17049e-03     5.16599e+02
    1.17809e-03     5.19679e+02
    1.18574e-03     5.22777e+02
    1.19345e-03     5.25895e+02
    1.20120e-03     5.29027e+02
    1.20900e-03     5.32175e+02
    1.21685e-03     5.35340e+02
    1.22476e-03     5.38527e+02
    1.23271e-03     5.41727e+02
    1.24072e-03     5.44947e+02
    1.24878e-03     5.48185e+02
    1.25689e-03     5.51439e+02
    1.26505e-03     5.54710e+02
    1.27327e-03     5.58000e+02
    1.28154e-03     5.61309e+02
    1.28987e-03     5.64637e+02
    1.29825e-03     5.67981e+02
    1.30668e-03     5.71342e+02
    1.31517e-03     5.74723e+02
    1.32371e-03     5.78120e+02
    1.33231e-03     5.81537e+02
    1.34096e-03     5.84970e+02
    1.34967e-03     5.88424e+02
    1.35844e-03     5.91896e+02
    1.36726e-03     5.95385e+02
    1.37614e-03     5.98893e+02
    1.38508e-03     6.02422e+02
    1.39408e-03     6.05969e+02
    1.40313e-03     6.09532e+02
    1.41225e-03     6.13118e+02
    1.42142e-03     6.16719e+02
    1.43065e-03     6.20340e+02
    1.43995e-03     6.23984e+02
    1.44930e-03     6.27643e+02
    1.45871e-03     6.31320e+02
    1.46819e-03     6.35021e+02
    1.47773e-03     6.38740e+02
    1.48732e-03     6.42474e+02
    1.49699e-03     6.46234e+02
    1.50671e-03     6.50009e+02
    1.51650e-03     6.53807e+02
    1.52635e-03     6.57622e+02
    1.53626e-03     6.61457e+02
    1.54624e-03     6.65312e+02
    1.55628e-03     6.69186e+02
    1.56639e-03     6.73082e+02
    1.57657e-03     6.76999e+02
    1.58681e-03     6.80936e+02
    1.59711e-03     6.84888e+02
    1.60749e-03     6.88867e+02
    1.61793e-03     6.92863e+02
    1.62844e-03     6.96881e+02
    1.63902e-03     7.00919e+02
    1.64966e-03     7.04975e+02
    1.66038e-03     7.09055e+02
    1.67116e-03     7.13154e+02
    1.68202e-03     7.17275e+02
    1.69295e-03     7.21419e+02
    1.70394e-03     7.25578e+02
    1.71501e-03     7.29761e+02
    1.72615e-03     7.33966e+02
    1.73736e-03     7.38190e+02
    1.74865e-03     7.42437e+02
    1.76001e-03     7.46705e+02
    1.77144e-03     7.50992e+02
    1.78294e-03     7.55300e+02
    1.79453e-03     7.59634e+02
    1.80618e-03     7.63983e+02
    1.81791e-03     7.68355e+02
    1.82972e-03     7.72751e+02
    1.84161e-03     7.77169e+02
    1.85357e-03     7.81605e+02
    1.86561e-03     7.86064e+02
    1.87773e-03     7.90546e+02
    1.88992e-03     7.95046e+02
    1.90220e-03     7.99572e+02
    1.91456e-03     8.04119e+02
    1.92699e-03     8.08685e+02
    1.93951e-03     8.13276e+02
    1.95211e-03     8.17888e+02
    1.96479e-03     8.22523e+02
    1.97755e-03     8.27177e+02
    1.99040e-03     8.31857e+02
    2.00332e-03     8.36553e+02
    2.01634e-03     8.41278e+02
    2.02943e-03     8.46021e+02
    2.04262e-03     8.50792e+02
    2.05588e-03     8.55577e+02
    2.06924e-03     8.60393e+02
    2.08268e-03     8.65227e+02
    2.09621e-03     8.70084e+02
    2.10982e-03     8.74961e+02
    2.12353e-03     8.79865e+02
    2.13732e-03     8.84787e+02
    2.15120e-03     8.89733e+02
    2.16518e-03     8.94706e+02
    2.17924e-03     8.99695e+02
    2.19340e-03     9.04712e+02
    2.20764e-03     9.09748e+02
    2.22198e-03     9.14807e+02
    2.23642e-03     9.19893e+02
    2.25094e-03     9.24995e+02
    2.26557e-03     9.30127e+02
    2.28028e-03     9.35276e+02
    2.29509e-03     9.40450e+02
    2.31000e-03     9.45648e+02
    2.32501e-03     9.50869e+02
    2.34011e-03     9.56111e+02
    2.35531e-03     9.61377e+02
    2.37061e-03     9.66667e+02
    2.38601e-03     9.71980e+02
    2.40150e-03     9.77312e+02
    2.41710e-03     9.82671e+02
    2.43280e-03     9.88051e+02
    2.44861e-03     9.93458e+02
    2.46451e-03     9.98885e+02
    2.48052e-03     1.00434e+03
    2.49663e-03     1.00981e+03
    2.51285e-03     1.01531e+03
    2.52917e-03     1.02083e+03
    2.54560e-03     1.02637e+03
    2.56213e-03     1.03194e+03
    2.57878e-03     1.03753e+03
    2.59553e-03     1.04314e+03
    2.61239e-03     1.04878e+03
    2.62936e-03     1.05444e+03
    2.64643e-03     1.06012e+03
    2.66362e-03     1.06583e+03
    2.68093e-03     1.07156e+03
    2.69834e-03     1.07731e+03
    2.71587e-03     1.08308e+03
    2.73351e-03     1.08888e+03
    2.75126e-03     1.09470e+03
    2.76914e-03     1.10055e+03
    2.78712e-03     1.10641e+03
    2.80523e-03     1.11231e+03
    2.82345e-03     1.11822e+03
    2.84179e-03     1.12415e+03
    2.86025e-03     1.13011e+03
    2.87883e-03     1.13609e+03
    2.89752e-03     1.14210e+03
    2.91635e-03     1.14813e+03
    2.93529e-03     1.15418e+03
    2.95436e-03     1.16025e+03
    2.97355e-03     1.16635e+03
    2.99286e-03     1.17247e+03
    3.01230e-03     1.17861e+03
    3.03187e-03     1.18477e+03
    3.05156e-03     1.19096e+03
    3.07138e-03     1.19717e+03
    3.09133e-03     1.20340e+03
    3.11141e-03     1.20966e+03
    3.13162e-03     1.21594e+03
    3.15196e-03     1.22224e+03
    3.17244e-03     1.22856e+03
    3.19304e-03     1.23490e+03
    3.21379e-03     1.24127e+03
    3.23466e-03     1.24766e+03
    3.25567e-03     1.25407e+03
    3.27682e-03     1.26050e+03
    3.29810e-03     1.26696e+03
    3.31953e-03     1.27344e+03
    3.34109e-03     1.27994e+03
    3.36279e-03     1.28646e+03
    3.38463e-03     1.29300e+03
    3.40662e-03     1.29956e+03
    3.42875e-03     1.30615e+03
    3.45102e-03     1.31276e+03
    3.47344e-03     1.31939e+03
    3.49600e-03     1.32604e+03
    3.51871e-03     1.33271e+03
    3.54156e-03     1.33940e+03
    3.56457e-03     1.34612e+03
    3.58772e-03     1.35285e+03
    3.61102e-03     1.35960e+03
    3.63448e-03     1.36638e+03
    3.65809e-03     1.37318e+03
    3.68185e-03     1.38000e+03
    3.70576e-03     1.38684e+03
    3.72984e-03     1.39370e+03
    3.75406e-03     1.40058e+03
    3.77845e-03     1.40748e+03
    3.80299e-03     1.41440e+03
    3.82769e-03     1.42134e+03
    3.85256e-03     1.42830e+03
    3.87758e-03     1.43528e+03
    3.90277e-03     1.44227e+03
    3.92812e-03     1.44929e+03
    3.95363e-03     1.45633e+03
    3.97931e-03     1.46338e+03
    4.00516e-03     1.47046e+03
    4.03118e-03     1.47755e+03
    4.05736e-03     1.48466e+03
    4.08372e-03     1.49179e+03
    4.11024e-03     1.49894e+03
    4.13694e-03     1.50610e+03
    4.16381e-03     1.51329e+03
    4.19086e-03     1.52049e+03
    4.21808e-03     1.52771e+03
    4.24548e-03     1.53495e+03
    4.27306e-03     1.54220e+03
    4.30081e-03     1.54947e+03
    4.32875e-03     1.55677e+03
    4.35687e-03     1.56407e+03
    4.38517e-03     1.57139e+03
    4.41365e-03     1.57873e+03
    4.44232e-03     1.58609e+03
    4.47118e-03     1.59346e+03
    4.50022e-03     1.60085e+03
    4.52945e-03     1.60825e+03
    4.55887e-03     1.61567e+03
    4.58848e-03     1.62310e+03
    4.61829e-03     1.63055e+03
    4.64829e-03     1.63802e+03
    4.67848e-03     1.64549e+03
    4.70887e-03     1.65299e+03
    4.73946e-03     1.66049e+03
    4.77024e-03     1.66801e+03
    4.80123e-03     1.67554e+03
    4.83241e-03     1.68309e+03
    4.86380e-03     1.69065e+03
    4.89539e-03     1.69822e+03
    4.92719e-03     1.70580e+03
    4.95920e-03     1.71340e+03
    4.99141e-03     1.72100e+03
    5.02383e-03     1.72862e+03
    5.05646e-03     1.73625e+03
    5.08931e-03     1.74390e+03
    5.12237e-03     1.75155e+03
    5.15564e-03     1.75921e+03
    5.18913e-03     1.76689e+03
    5.22283e-03     1.77457e+03
    5.25676e-03     1.78227e+03
    5.29091e-03     1.78998e+03
    5.32527e-03     1.79769e+03
    5.35986e-03     1.80542e+03
    5.39468e-03     1.81316e+03
    5.42972e-03     1.82090e+03
    5.46499e-03     1.82866e+03
    5.50049e-03     1.83642e+03
    5.53622e-03     1.84419e+03
    5.57218e-03     1.85197e+03
    5.60837e-03     1.85975e+03
    5.64480e-03     1.86755e+03
    5.68147e-03     1.87534e+03
    5.71837e-03     1.88314e+03
    5.75551e-03     1.89095e+03
    5.79290e-03     1.89876e+03
    5.83053e-03     1.90658e+03
    5.86840e-03     1.91439e+03
    5.90652e-03     1.92221e+03
    5.94489e-03     1.93004e+03
    5.98350e-03     1.93786e+03
    6.02237e-03     1.94569e+03
    6.06149e-03     1.95352e+03
    6.10086e-03     1.96135e+03
    6.14049e-03     1.96917e+03
    6.18037e-03     1.97700e+03
    6.22052e-03     1.98483e+03
    6.26092e-03     1.99266e+03
    6.30159e-03     2.00049e+03
    6.34252e-03     2.00832e+03
    6.38372e-03     2.01614e+03
    6.42519e-03     2.02397e+03
    6.46692e-03     2.03178e+03
    6.50893e-03     2.03961e+03
    6.55121e-03     2.04742e+03
    6.59376e-03     2.05524e+03
    6.63659e-03     2.06305e+03
    6.67970e-03     2.07086e+03
    6.72309e-03     2.07866e+03
    6.76676e-03     2.08645e+03
    6.81071e-03     2.09424e+03
    6.85495e-03     2.10202e+03
    6.89948e-03     2.10980e+03
    6.94429e-03     2.11757e+03
    6.98940e-03     2.12533e+03
    7.03480e-03     2.13308e+03
    7.08050e-03     2.14082e+03
    7.12649e-03     2.14854e+03
    7.17278e-03     2.15627e+03
    7.21937e-03     2.16397e+03
    7.26626e-03     2.17166e+03
    7.31346e-03     2.17935e+03
    7.36097e-03     2.18701e+03
    7.40878e-03     2.19467e+03
    7.45690e-03     2.20231e+03
    7.50534e-03     2.20993e+03
    7.55409e-03     2.21754e+03
    7.60316e-03     2.22513e+03
    7.65255e-03     2.23271e+03
    7.70225e-03     2.24027e+03
    7.75228e-03     2.24781e+03
    7.80264e-03     2.25535e+03
    7.85332e-03     2.26285e+03
    7.90433e-03     2.27034e+03
    7.95568e-03     2.27781e+03
    8.00735e-03     2.28526e+03
    8.05937e-03     2.29269e+03
    8.11172e-03     2.30010e+03
    8.16441e-03     2.30749e+03
    8.21744e-03     2.31485e+03
    8.27081e-03     2.32219e+03
    8.32454e-03     2.32951e+03
    8.37861e-03     2.33680e+03
    8.43303e-03     2.34407e+03
    8.48781e-03     2.35131e+03
    8.54294e-03     2.35852e+03
    8.59844e-03     2.36571e+03
    8.65429e-03     2.37287e+03
    8.71050e-03     2.37999e+03
    8.76708e-03     2.38709e+03
    8.82403e-03     2.39416e+03
    8.88134e-03     2.40119e+03
    8.93903e-03     2.40820e+03
    8.99710e-03     2.41517e+03
    9.05554e-03     2.42211e+03
    9.11436e-03     2.42901e+03
    9.17356e-03     2.43588e+03
    9.23315e-03     2.44271e+03
    9.29312e-03     2.44950e+03
    9.35349e-03     2.45626e+03
    9.41424e-03     2.46297e+03
    9.47539e-03     2.46965e+03
    9.53694e-03     2.47629e+03
    9.59889e-03     2.48289e+03
    9.66124e-03     2.48944e+03
    9.72400e-03     2.49596e+03
    9.78716e-03     2.50242e+03
    9.85073e-03     2.50885e+03
    9.91472e-03     2.51522e+03
    9.97912e-03     2.52156e+03
    1.00439e-02     2.52784e+03
    1.01092e-02     2.53408e+03
    1.01748e-02     2.54026e+03
    1.02409e-02     2.54641e+03
    1.03075e-02     2.55251e+03
    1.03744e-02     2.55854e+03
    1.04418e-02     2.56453e+03
    1.05096e-02     2.57046e+03
    1.05779e-02     2.57635e+03
    1.06466e-02     2.58217e+03
    1.07158e-02     2.58795e+03
    1.07854e-02     2.59367e+03
    1.08554e-02     2.59930e+03
    1.09259e-02     2.60490e+03
    1.09969e-02     2.61045e+03
    1.10683e-02     2.61592e+03
    1.11402e-02     2.62134e+03
    1.12126e-02     2.62671e+03
    1.12854e-02     2.63199e+03
    1.13587e-02     2.63722e+03
    1.14325e-02     2.64239e+03
    1.15068e-02     2.64750e+03
    1.15815e-02     2.65252e+03
    1.16567e-02     2.65748e+03
    1.17324e-02     2.66237e+03
    1.18087e-02     2.66721e+03
    1.18854e-02     2.67197e+03
    1.19626e-02     2.67665e+03
    1.20403e-02     2.68126e+03
    1.21185e-02     2.68579e+03
    1.21972e-02     2.69025e+03
    1.22764e-02     2.69463e+03
    1.23562e-02     2.69895e+03
    1.24364e-02     2.70317e+03
    1.25172e-02     2.70732e+03
    1.25985e-02     2.71139e+03
    1.26803e-02     2.71537e+03
    1.27627e-02     2.71929e+03
    1.28456e-02     2.72311e+03
    1.29290e-02     2.72685e+03
    1.30130e-02     2.73051e+03
    1.30976e-02     2.73409e+03
    1.31826e-02     2.73756e+03
    1.32683e-02     2.74096e+03
    1.33544e-02     2.74426e+03
    1.34412e-02     2.74748e+03
    1.35285e-02     2.75060e+03
    1.36164e-02     2.75364e+03
    1.37048e-02     2.75657e+03
    1.37938e-02     2.75940e+03
    1.38834e-02     2.76216e+03
    1.39736e-02     2.76481e+03
    1.40644e-02     2.76737e+03
    1.41557e-02     2.76982e+03
    1.42477e-02     2.77218e+03
    1.43402e-02     2.77444e+03
    1.44334e-02     2.77661e+03
    1.45271e-02     2.77866e+03
    1.46215e-02     2.78062e+03
    1.47165e-02     2.78248e+03
    1.48121e-02     2.78422e+03
    1.49083e-02     2.78586e+03
    1.50051e-02     2.78739e+03
    1.51026e-02     2.78882e+03
    1.52007e-02     2.79014e+03
    1.52994e-02     2.79134e+03
    1.53988e-02     2.79243e+03
    1.54988e-02     2.79342e+03
    1.55995e-02     2.79428e+03
    1.57008e-02     2.79503e+03
    1.58028e-02     2.79568e+03
    1.59055e-02     2.79621e+03
    1.60088e-02     2.79661e+03
    1.61128e-02     2.79689e+03
    1.62174e-02     2.79704e+03
    1.63228e-02     2.79711e+03
    1.64288e-02     2.79702e+03
    1.65355e-02     2.79682e+03
    1.66429e-02     2.79650e+03
    1.67510e-02     2.79606e+03
    1.68598e-02     2.79549e+03
    1.69693e-02     2.79479e+03
    1.70796e-02     2.79399e+03
    1.71905e-02     2.79304e+03
    1.73022e-02     2.79198e+03
    1.74145e-02     2.79078e+03
    1.75277e-02     2.78946e+03
    1.76415e-02     2.78800e+03
    1.77561e-02     2.78642e+03
    1.78714e-02     2.78471e+03
    1.79875e-02     2.78287e+03
    1.81044e-02     2.78091e+03
    1.82220e-02     2.77880e+03
    1.83403e-02     2.77656e+03
    1.84594e-02     2.77419e+03
    1.85794e-02     2.77170e+03
    1.87000e-02     2.76905e+03
    1.88215e-02     2.76628e+03
    1.89438e-02     2.76338e+03
    1.90668e-02     2.76034e+03
    1.91907e-02     2.75716e+03
    1.93153e-02     2.75384e+03
    1.94408e-02     2.75039e+03
    1.95671e-02     2.74679e+03
    1.96942e-02     2.74306e+03
    1.98221e-02     2.73919e+03
    1.99508e-02     2.73517e+03
    2.00804e-02     2.73102e+03
    2.02109e-02     2.72674e+03
    2.03421e-02     2.72231e+03
    2.04743e-02     2.71775e+03
    2.06073e-02     2.71305e+03
    2.07411e-02     2.70820e+03
    2.08758e-02     2.70322e+03
    2.10114e-02     2.69810e+03
    2.11479e-02     2.69284e+03
    2.12853e-02     2.68745e+03
    2.14236e-02     2.68192e+03
    2.15627e-02     2.67624e+03
    2.17028e-02     2.67043e+03
    2.18437e-02     2.66447e+03
    2.19856e-02     2.65840e+03
    2.21284e-02     2.65218e+03
    2.22722e-02     2.64582e+03
    2.24168e-02     2.63932e+03
    2.25625e-02     2.63270e+03
    2.27090e-02     2.62593e+03
    2.28565e-02     2.61903e+03
    2.30050e-02     2.61200e+03
    2.31544e-02     2.60484e+03
    2.33048e-02     2.59753e+03
    2.34562e-02     2.59010e+03
    2.36086e-02     2.58254e+03
    2.37619e-02     2.57485e+03
    2.39162e-02     2.56701e+03
    2.40716e-02     2.55906e+03
    2.42280e-02     2.55098e+03
    2.43853e-02     2.54276e+03
    2.45437e-02     2.53443e+03
    2.47032e-02     2.52597e+03
    2.48636e-02     2.51739e+03
    2.50251e-02     2.50868e+03
    2.51877e-02     2.49986e+03
    2.53513e-02     2.49092e+03
    2.55159e-02     2.48186e+03
    2.56817e-02     2.47268e+03
    2.58485e-02     2.46339e+03
    2.60164e-02     2.45399e+03
    2.61854e-02     2.44448e+03
    2.63555e-02     2.43486e+03
    2.65267e-02     2.42513e+03
    2.66990e-02     2.41529e+03
    2.68724e-02     2.40535e+03
    2.70470e-02     2.39531e+03
    2.72226e-02     2.38516e+03
    2.73995e-02     2.37494e+03
    2.75774e-02     2.36460e+03
    2.77566e-02     2.35418e+03
    2.79369e-02     2.34366e+03
    2.81183e-02     2.33305e+03
    2.83010e-02     2.32237e+03
    2.84848e-02     2.31159e+03
    2.86698e-02     2.30072e+03
    2.88561e-02     2.28978e+03
    2.90435e-02     2.27877e+03
    2.92321e-02     2.26767e+03
    2.94220e-02     2.25651e+03
    2.96131e-02     2.24528e+03
    2.98055e-02     2.23397e+03
    2.99991e-02     2.22261e+03
    3.01940e-02     2.21119e+03
    3.03901e-02     2.19971e+03
    3.05875e-02     2.18817e+03
    3.07862e-02     2.17658e+03
    3.09861e-02     2.16494e+03
    3.11874e-02     2.15326e+03
    3.13900e-02     2.14153e+03
    3.15939e-02     2.12977e+03
    3.17991e-02     2.11796e+03
    3.20057e-02     2.10613e+03
    3.22135e-02     2.09426e+03
    3.24228e-02     2.08236e+03
    3.26334e-02     2.07044e+03
    3.28454e-02     2.05851e+03
    3.30587e-02     2.04654e+03
    3.32735e-02     2.03457e+03
    3.34896e-02     2.02259e+03
    3.37071e-02     2.01060e+03
    3.39261e-02     1.99860e+03
    3.41464e-02     1.98661e+03
    3.43682e-02     1.97461e+03
    3.45915e-02     1.96263e+03
    3.48162e-02     1.95065e+03
    3.50423e-02     1.93869e+03
    3.52699e-02     1.92674e+03
    3.54990e-02     1.91481e+03
    3.57296e-02     1.90291e+03
    3.59617e-02     1.89103e+03
    3.61953e-02     1.87919e+03
    3.64304e-02     1.86737e+03
    3.66670e-02     1.85558e+03
    3.69052e-02     1.84384e+03
    3.71449e-02     1.83215e+03
    3.73862e-02     1.82049e+03
    3.76290e-02     1.80889e+03
    3.78735e-02     1.79735e+03
    3.81195e-02     1.78585e+03
    3.83671e-02     1.77441e+03
    3.86163e-02     1.76304e+03
    3.88671e-02     1.75173e+03
    3.91196e-02     1.74050e+03
    3.93737e-02     1.72933e+03
    3.96295e-02     1.71824e+03
    3.98869e-02     1.70722e+03
    4.01460e-02     1.69629e+03
    4.04067e-02     1.68543e+03
    4.06692e-02     1.67466e+03
    4.09334e-02     1.66397e+03
    4.11992e-02     1.65338e+03
    4.14669e-02     1.64288e+03
    4.17362e-02     1.63247e+03
    4.20073e-02     1.62215e+03
    4.22802e-02     1.61195e+03
    4.25548e-02     1.60183e+03
    4.28312e-02     1.59183e+03
    4.31094e-02     1.58192e+03
    4.33894e-02     1.57212e+03
    4.36713e-02     1.56244e+03
    4.39550e-02     1.55287e+03
    4.42405e-02     1.54341e+03
    4.45278e-02     1.53405e+03
    4.48171e-02     1.52481e+03
    4.51082e-02     1.51569e+03
    4.54012e-02     1.50669e+03
    4.56961e-02     1.49779e+03
    4.59929e-02     1.48901e+03
    4.62917e-02     1.48035e+03
    4.65923e-02     1.47181e+03
    4.68950e-02     1.46338e+03
    4.71996e-02     1.45507e+03
    4.75062e-02     1.44689e+03
    4.78148e-02     1.43882e+03
    4.81253e-02     1.43088e+03
    4.84379e-02     1.42305e+03
    4.87526e-02     1.41534e+03
    4.90692e-02     1.40774e+03
    4.93880e-02     1.40025e+03
    4.97088e-02     1.39288e+03
    5.00317e-02     1.38563e+03
    5.03566e-02     1.37847e+03
    5.06837e-02     1.37142e+03
    5.10130e-02     1.36449e+03
    5.13443e-02     1.35766e+03
    5.16778e-02     1.35093e+03
    5.20135e-02     1.34432e+03
    5.23514e-02     1.33779e+03
    5.26914e-02     1.33136e+03
    5.30337e-02     1.32503e+03
    5.33782e-02     1.31878e+03
    5.37249e-02     1.31262e+03
    5.40738e-02     1.30655e+03
    5.44251e-02     1.30054e+03
    5.47786e-02     1.29462e+03
    5.51344e-02     1.28877e+03
    5.54926e-02     1.28299e+03
    5.58530e-02     1.27726e+03
    5.62158e-02     1.27161e+03
    5.65810e-02     1.26600e+03
    5.69485e-02     1.26045e+03
    5.73184e-02     1.25494e+03
    5.76907e-02     1.24948e+03
    5.80654e-02     1.24404e+03
    5.84426e-02     1.23864e+03
    5.88222e-02     1.23326e+03
    5.92043e-02     1.22790e+03
    5.95889e-02     1.22256e+03
    5.99759e-02     1.21721e+03
    6.03655e-02     1.21188e+03
    6.07576e-02     1.20654e+03
    6.11523e-02     1.20120e+03
    6.15495e-02     1.19584e+03
    6.19493e-02     1.19045e+03
    6.23517e-02     1.18504e+03
    6.27567e-02     1.17961e+03
    6.31643e-02     1.17413e+03
    6.35746e-02     1.16861e+03
    6.39876e-02     1.16304e+03
    6.44032e-02     1.15741e+03
    6.48215e-02     1.15172e+03
    6.52426e-02     1.14596e+03
    6.56664e-02     1.14014e+03
    6.60929e-02     1.13424e+03
    6.65222e-02     1.12826e+03
    6.69543e-02     1.12218e+03
    6.73892e-02     1.11602e+03
    6.78270e-02     1.10977e+03
    6.82675e-02     1.10341e+03
    6.87110e-02     1.09694e+03
    6.91573e-02     1.09037e+03
    6.96065e-02     1.08369e+03
    7.00586e-02     1.07688e+03
    7.05137e-02     1.06997e+03
    7.09717e-02     1.06293e+03
    7.14327e-02     1.05579e+03
    7.18967e-02     1.04852e+03
    7.23637e-02     1.04112e+03
    7.28338e-02     1.03360e+03
    7.33069e-02     1.02595e+03
    7.37830e-02     1.01819e+03
    7.42623e-02     1.01029e+03
    7.47447e-02     1.00227e+03
    7.52302e-02     9.94132e+02
    7.57188e-02     9.85885e+02
    7.62107e-02     9.77518e+02
    7.67057e-02     9.69030e+02
    7.72039e-02     9.60442e+02
    7.77054e-02     9.51737e+02
    7.82102e-02     9.42935e+02
    7.87182e-02     9.34037e+02
    7.92295e-02     9.25044e+02
    7.97441e-02     9.15957e+02
    8.02621e-02     9.06799e+02
    8.07835e-02     8.97572e+02
    8.13082e-02     8.88274e+02
    8.18363e-02     8.78917e+02
    8.23679e-02     8.69505e+02
    8.29029e-02     8.60058e+02
    8.34414e-02     8.50566e+02
    8.39834e-02     8.41062e+02
    8.45290e-02     8.31538e+02
    8.50780e-02     8.22001e+02
    8.56306e-02     8.12466e+02
    8.61869e-02     8.02953e+02
    8.67467e-02     7.93453e+02
    8.73102e-02     7.83996e+02
    8.78773e-02     7.74574e+02
    8.84481e-02     7.65206e+02
    8.90226e-02     7.55904e+02
    8.96009e-02     7.46668e+02
    9.01829e-02     7.37527e+02
    9.07687e-02     7.28473e+02
    9.13583e-02     7.19515e+02
    9.19517e-02     7.10673e+02
    9.25490e-02     7.01957e+02
    9.31501e-02     6.93356e+02
    9.37552e-02     6.84900e+02
    9.43642e-02     6.76579e+02
    9.49771e-02     6.68411e+02
    9.55940e-02     6.60406e+02
    9.62150e-02     6.52573e+02
    9.68399e-02     6.44911e+02
    9.74690e-02     6.37429e+02
    9.81021e-02     6.30127e+02
    9.87393e-02     6.23021e+02
    9.93807e-02     6.16094e+02
    1.00026e-01     6.09371e+02
    1.00676e-01     6.02836e+02
    1.01330e-01     5.96493e+02
    1.01988e-01     5.90353e+02
    1.02651e-01     5.84418e+02
    1.03317e-01     5.78678e+02
    1.03988e-01     5.73151e+02
    1.04664e-01     5.67828e+02
    1.05344e-01     5.62692e+02
    1.06028e-01     5.57743e+02
    1.06717e-01     5.52985e+02
    1.07410e-01     5.48405e+02
    1.08108e-01     5.44005e+02
    1.08810e-01     5.39771e+02
    1.09517e-01     5.35698e+02
    1.10228e-01     5.31800e+02
    1.10944e-01     5.28045e+02
    1.11665e-01     5.24430e+02
    1.12390e-01     5.20944e+02
    1.13120e-01     5.17579e+02
    1.13855e-01     5.14328e+02
    1.14594e-01     5.11167e+02
    1.15339e-01     5.08094e+02
    1.16088e-01     5.05093e+02
    1.16842e-01     5.02166e+02
    1.17601e-01     4.99287e+02
    1.18365e-01     4.96446e+02
    1.19134e-01     4.93632e+02
    1.19907e-01     4.90824e+02
    1.20686e-01     4.88019e+02
    1.21470e-01     4.85205e+02
    1.22259e-01     4.82363e+02
    1.23053e-01     4.79482e+02
    1.23853e-01     4.76549e+02
    1.24657e-01     4.73554e+02
    1.25467e-01     4.70496e+02
    1.26282e-01     4.67354e+02
    1.27102e-01     4.64121e+02
    1.27928e-01     4.60790e+02
    1.28759e-01     4.57350e+02
    1.29595e-01     4.53789e+02
    1.30437e-01     4.50111e+02
    1.31284e-01     4.46310e+02
    1.32137e-01     4.42386e+02
    1.32995e-01     4.38337e+02
    1.33859e-01     4.34163e+02
    1.34728e-01     4.29861e+02
    1.35604e-01     4.25435e+02
    1.36484e-01     4.20880e+02
    1.37371e-01     4.16213e+02
    1.38263e-01     4.11435e+02
    1.39161e-01     4.06560e+02
    1.40065e-01     4.01594e+02
    1.40975e-01     3.96545e+02
    1.41891e-01     3.91423e+02
    1.42812e-01     3.86234e+02
    1.43740e-01     3.80999e+02
    1.44674e-01     3.75728e+02
    1.45614e-01     3.70437e+02
    1.46559e-01     3.65138e+02
    1.47511e-01     3.59848e+02
    1.48469e-01     3.54580e+02
    1.49434e-01     3.49350e+02
    1.50405e-01     3.44169e+02
    1.51381e-01     3.39048e+02
    1.52365e-01     3.34009e+02
    1.53354e-01     3.29058e+02
    1.54351e-01     3.24213e+02
    1.55353e-01     3.19482e+02
    1.56362e-01     3.14877e+02
    1.57378e-01     3.10406e+02
    1.58400e-01     3.06074e+02
    1.59429e-01     3.01891e+02
    1.60465e-01     2.97863e+02
    1.61507e-01     2.93995e+02
    1.62556e-01     2.90292e+02
    1.63612e-01     2.86754e+02
    1.64675e-01     2.83376e+02
    1.65744e-01     2.80159e+02
    1.66821e-01     2.77102e+02
    1.67905e-01     2.74202e+02
    1.68995e-01     2.71455e+02
    1.70093e-01     2.68852e+02
    1.71198e-01     2.66382e+02
    1.72310e-01     2.64037e+02
    1.73429e-01     2.61806e+02
    1.74556e-01     2.59681e+02
    1.75689e-01     2.57649e+02
    1.76831e-01     2.55698e+02
    1.77979e-01     2.53810e+02
    1.79135e-01     2.51975e+02
    1.80299e-01     2.50177e+02
    1.81470e-01     2.48402e+02
    1.82649e-01     2.46638e+02
    1.83835e-01     2.44869e+02
    1.85029e-01     2.43082e+02
    1.86231e-01     2.41266e+02
    1.87441e-01     2.39405e+02
    1.88658e-01     2.37490e+02
    1.89884e-01     2.35514e+02
    1.91117e-01     2.33467e+02
    1.92359e-01     2.31346e+02
    1.93608e-01     2.29140e+02
    1.94866e-01     2.26847e+02
    1.96131e-01     2.24467e+02
    1.97405e-01     2.22003e+02
    1.98688e-01     2.19456e+02
    1.99978e-01     2.16827e+02
    2.01277e-01     2.14121e+02
    2.02585e-01     2.11349e+02
    2.03901e-01     2.08518e+02
    2.05225e-01     2.05640e+02
    2.06558e-01     2.02724e+02
    2.07900e-01     1.99782e+02
    2.09250e-01     1.96827e+02
    2.10609e-01     1.93872e+02
    2.11977e-01     1.90931e+02
    2.13354e-01     1.88017e+02
    2.14740e-01     1.85140e+02
    2.16135e-01     1.82314e+02
    2.17539e-01     1.79548e+02
    2.18952e-01     1.76855e+02
    2.20374e-01     1.74245e+02
    2.21806e-01     1.71723e+02
    2.23246e-01     1.69294e+02
    2.24696e-01     1.66965e+02
    2.26156e-01     1.64739e+02
    2.27625e-01     1.62617e+02
    2.29104e-01     1.60598e+02
    2.30592e-01     1.58679e+02
    2.32089e-01     1.56857e+02
    2.33597e-01     1.55131e+02
    2.35114e-01     1.53489e+02
    2.36642e-01     1.51925e+02
    2.38179e-01     1.50429e+02
    2.39726e-01     1.48994e+02
    2.41283e-01     1.47608e+02
    2.42850e-01     1.46260e+02
    2.44428e-01     1.44938e+02
    2.46015e-01     1.43632e+02
    2.47613e-01     1.42331e+02
    2.49222e-01     1.41026e+02
    2.50841e-01     1.39706e+02
    2.52470e-01     1.38362e+02
    2.54110e-01     1.36988e+02
    2.55760e-01     1.35577e+02
    2.57422e-01     1.34128e+02
    2.59094e-01     1.32635e+02
    2.60777e-01     1.31097e+02
    2.62471e-01     1.29518e+02
    2.64176e-01     1.27897e+02
    2.65892e-01     1.26240e+02
    2.67619e-01     1.24550e+02
    2.69357e-01     1.22836e+02
    2.71107e-01     1.21104e+02
    2.72868e-01     1.19363e+02
    2.74640e-01     1.17621e+02
    2.76424e-01     1.15887e+02
    2.78219e-01     1.14171e+02
    2.80027e-01     1.12480e+02
    2.81846e-01     1.10822e+02
    2.83676e-01     1.09204e+02
    2.85519e-01     1.07634e+02
    2.87374e-01     1.06114e+02
    2.89240e-01     1.04648e+02
    2.91119e-01     1.03240e+02
    2.93010e-01     1.01890e+02
    2.94913e-01     1.00595e+02
    2.96829e-01     9.93554e+01
    2.98757e-01     9.81673e+01
    3.00698e-01     9.70255e+01
    3.02651e-01     9.59249e+01
    3.04617e-01     9.48603e+01
    3.06595e-01     9.38234e+01
    3.08587e-01     9.28082e+01
    3.10591e-01     9.18076e+01
    3.12609e-01     9.08150e+01
    3.14639e-01     8.98241e+01
    3.16683e-01     8.88285e+01
    3.18740e-01     8.78240e+01
    3.20810e-01     8.68077e+01
    3.22894e-01     8.57756e+01
    3.24992e-01     8.47271e+01
    3.27103e-01     8.36622e+01
    3.29227e-01     8.25820e+01
    3.31366e-01     8.14875e+01
    3.33518e-01     8.03831e+01
    3.35685e-01     7.92732e+01
    3.37865e-01     7.81616e+01
    3.40060e-01     7.70535e+01
    3.42269e-01     7.59541e+01
    3.44492e-01     7.48671e+01
    3.46729e-01     7.37986e+01
    3.48982e-01     7.27525e+01
    3.51248e-01     7.17317e+01
    3.53530e-01     7.07390e+01
    3.55826e-01     6.97755e+01
    3.58138e-01     6.88432e+01
    3.60464e-01     6.79403e+01
    3.62805e-01     6.70667e+01
    3.65162e-01     6.62194e+01
    3.67534e-01     6.53963e+01
    3.69921e-01     6.45937e+01
    3.72324e-01     6.38087e+01
    3.74743e-01     6.30365e+01
    3.77177e-01     6.22740e+01
    3.79627e-01     6.15178e+01
    3.82093e-01     6.07644e+01
    3.84574e-01     6.00114e+01
    3.87072e-01     5.92562e+01
    3.89587e-01     5.84984e+01
    3.92117e-01     5.77378e+01
    3.94664e-01     5.69736e+01
    3.97228e-01     5.62075e+01
    3.99808e-01     5.54413e+01
    4.02405e-01     5.46763e+01
    4.05019e-01     5.39153e+01
    4.07650e-01     5.31612e+01
    4.10298e-01     5.24167e+01
    4.12963e-01     5.16830e+01
    4.15645e-01     5.09632e+01
    4.18345e-01     5.02579e+01
    4.21062e-01     4.95687e+01
    4.23797e-01     4.88959e+01
    4.26550e-01     4.82390e+01
    4.29321e-01     4.75984e+01
    4.32110e-01     4.69717e+01
    4.34916e-01     4.63584e+01
    4.37741e-01     4.57562e+01
    4.40585e-01     4.51631e+01
    4.43447e-01     4.45783e+01
    4.46327e-01     4.39987e+01
    4.49226e-01     4.34243e+01
    4.52144e-01     4.28524e+01
    4.55081e-01     4.22831e+01
    4.58037e-01     4.17165e+01
    4.61012e-01     4.11514e+01
    4.64007e-01     4.05896e+01
    4.67021e-01     4.00304e+01
    4.70054e-01     3.94760e+01
    4.73108e-01     3.89276e+01
    4.76181e-01     3.83850e+01
    4.79274e-01     3.78502e+01
    4.82387e-01     3.73238e+01
    4.85520e-01     3.68072e+01
    4.88674e-01     3.62999e+01
    4.91848e-01     3.58023e+01
    4.95043e-01     3.53134e+01
    4.98259e-01     3.48336e+01
    5.01495e-01     3.43624e+01
    5.04753e-01     3.38983e+01
    5.08031e-01     3.34407e+01
    5.11331e-01     3.29886e+01
    5.14653e-01     3.25421e+01
    5.17995e-01     3.20995e+01
    5.21360e-01     3.16606e+01
    5.24747e-01     3.12257e+01
    5.28155e-01     3.07948e+01
    5.31586e-01     3.03676e+01
    5.35039e-01     2.99449e+01
    5.38514e-01     2.95267e+01
    5.42012e-01     2.91135e+01
    5.45533e-01     2.87058e+01
    5.49076e-01     2.83044e+01
    5.52643e-01     2.79090e+01
    5.56233e-01     2.75195e+01
    5.59846e-01     2.71367e+01
    5.63482e-01     2.67597e+01
    5.67142e-01     2.63886e+01
    5.70826e-01     2.60227e+01
    5.74534e-01     2.56622e+01
    5.78266e-01     2.53064e+01
    5.82022e-01     2.49546e+01
    5.85803e-01     2.46075e+01
    5.89608e-01     2.42638e+01
    5.93437e-01     2.39240e+01
    5.97292e-01     2.35881e+01
    6.01172e-01     2.32561e+01
    6.05077e-01     2.29283e+01
    6.09007e-01     2.26048e+01
    6.12963e-01     2.22856e+01
    6.16945e-01     2.19706e+01
    6.20952e-01     2.16605e+01
    6.24985e-01     2.13547e+01
    6.29045e-01     2.10532e+01
    6.33131e-01     2.07558e+01
    6.37244e-01     2.04625e+01
    6.41383e-01     2.01731e+01
    6.45549e-01     1.98878e+01
    6.49742e-01     1.96064e+01
    6.53963e-01     1.93287e+01
    6.58210e-01     1.90548e+01
    6.62486e-01     1.87847e+01
    6.66789e-01     1.85181e+01
    6.71120e-01     1.82551e+01
    6.75479e-01     1.79957e+01
    6.79867e-01     1.77396e+01
    6.84283e-01     1.74870e+01
    6.88728e-01     1.72378e+01
    6.93202e-01     1.69918e+01
    6.97704e-01     1.67492e+01
    7.02236e-01     1.65098e+01
    7.06798e-01     1.62736e+01
    7.11389e-01     1.60407e+01
    7.16010e-01     1.58109e+01
    7.20661e-01     1.55842e+01
    7.25342e-01     1.53606e+01
    7.30053e-01     1.51400e+01
    7.34795e-01     1.49224e+01
    7.39568e-01     1.47079e+01
    7.44372e-01     1.44962e+01
    7.49207e-01     1.42875e+01
    7.54074e-01     1.40816e+01
    7.58972e-01     1.38786e+01
    7.63902e-01     1.36783e+01
    7.68864e-01     1.34808e+01
    7.73858e-01     1.32861e+01
    7.78884e-01     1.30940e+01
    7.83944e-01     1.29045e+01
    7.89036e-01     1.27177e+01
    7.94161e-01     1.25334e+01
    7.99320e-01     1.23517e+01
    8.04512e-01     1.21725e+01
    8.09737e-01     1.19957e+01
    8.14997e-01     1.18214e+01
    8.20291e-01     1.16496e+01
    8.25619e-01     1.14801e+01
    8.30982e-01     1.13129e+01
    8.36380e-01     1.11481e+01
    8.41812e-01     1.09855e+01
    8.47280e-01     1.08253e+01
    8.52784e-01     1.06672e+01
    8.58323e-01     1.05114e+01
    8.63899e-01     1.03578e+01
    8.69510e-01     1.02062e+01
    8.75158e-01     1.00569e+01
    8.80843e-01     9.90958e+00
    8.86564e-01     9.76437e+00
    8.92323e-01     9.62116e+00
    8.98119e-01     9.47998e+00
    9.03953e-01     9.34082e+00
    9.09825e-01     9.20356e+00
    9.15734e-01     9.06826e+00
    9.21683e-01     8.93487e+00
    9.27669e-01     8.80334e+00
    9.33695e-01     8.67371e+00
    9.39760e-01     8.54587e+00
    9.45864e-01     8.41983e+00
    9.52008e-01     8.29557e+00
    9.58192e-01     8.17310e+00
    9.64416e-01     8.05234e+00
    9.70680e-01     7.93328e+00
    9.76985e-01     7.81594e+00
    9.83332e-01     7.70024e+00
    9.89719e-01     7.58621e+00
    9.96148e-01     7.47380e+00
    1.00262e+00     7.36300e+00
    1.00913e+00     7.25373e+00
    1.01569e+00     7.14608e+00
    1.02228e+00     7.03987e+00
    1.02892e+00     6.93522e+00
    1.03561e+00     6.83212e+00
    1.04233e+00     6.73041e+00
    1.04910e+00     6.63018e+00
    1.05592e+00     6.53141e+00
    1.06278e+00     6.43401e+00
    1.06968e+00     6.33800e+00
    1.07663e+00     6.24337e+00
    1.08362e+00     6.15009e+00
    1.09066e+00     6.05814e+00
    1.09775e+00     5.96755e+00
    1.10488e+00     5.87823e+00
    1.11205e+00     5.79017e+00
    1.11928e+00     5.70344e+00
    1.12655e+00     5.61792e+00
    1.13386e+00     5.53360e+00
    1.14123e+00     5.45057e+00
    1.14864e+00     5.36871e+00
    1.15610e+00     5.28804e+00
    1.16361e+00     5.20858e+00
    1.17117e+00     5.13025e+00
    1.17878e+00     5.05306e+00
    1.18643e+00     4.97698e+00
    1.19414e+00     4.90204e+00
    1.20190e+00     4.82819e+00
    1.20970e+00     4.75538e+00
    1.21756e+00     4.68369e+00
    1.22547e+00     4.61300e+00
    1.23343e+00     4.54336e+00
    1.24144e+00     4.47475e+00
    1.24951e+00     4.40717e+00
    1.25762e+00     4.34052e+00
    1.26579e+00     4.27486e+00
    1.27401e+00     4.21016e+00
    1.28229e+00     4.14644e+00
    1.29062e+00     4.08364e+00
    1.29900e+00     4.02172e+00
    1.30744e+00     3.96074e+00
    1.31593e+00     3.90061e+00
    1.32448e+00     3.84141e+00
    1.33308e+00     3.78303e+00
    1.34174e+00     3.72551e+00
    1.35046e+00     3.66885e+00
    1.35923e+00     3.61299e+00
    1.36806e+00     3.55796e+00
    1.37695e+00     3.50374e+00
    1.38589e+00     3.45032e+00
    1.39489e+00     3.39768e+00
    1.40395e+00     3.34582e+00
    1.41307e+00     3.29471e+00
    1.42225e+00     3.24437e+00
    1.43149e+00     3.19480e+00
    1.44079e+00     3.14594e+00
    1.45015e+00     3.09779e+00
    1.45956e+00     3.05038e+00
    1.46905e+00     3.00368e+00
    1.47859e+00     2.95766e+00
    1.48819e+00     2.91230e+00
    1.49786e+00     2.86766e+00
    1.50759e+00     2.82368e+00
    1.51738e+00     2.78033e+00
    1.52724e+00     2.73765e+00
    1.53716e+00     2.69560e+00
    1.54714e+00     2.65417e+00
    1.55719e+00     2.61338e+00
    1.56731e+00     2.57319e+00
    1.57749e+00     2.53360e+00
    1.58773e+00     2.49459e+00
    1.59805e+00     2.45620e+00
    1.60843e+00     2.41834e+00
    1.61887e+00     2.38105e+00
    1.62939e+00     2.34435e+00
    1.63997e+00     2.30817e+00
    1.65063e+00     2.27254e+00
    1.66135e+00     2.23743e+00
    1.67214e+00     2.20283e+00
    1.68300e+00     2.16877e+00
    1.69393e+00     2.13520e+00
    1.70494e+00     2.10216e+00
    1.71601e+00     2.06958e+00
    1.72716e+00     2.03750e+00
    1.73838e+00     2.00592e+00
    1.74967e+00     1.97480e+00
    1.76103e+00     1.94414e+00
    1.77247e+00     1.91396e+00
    1.78398e+00     1.88423e+00
    1.79557e+00     1.85495e+00
    1.80724e+00     1.82613e+00
    1.81897e+00     1.79773e+00
    1.83079e+00     1.76975e+00
    1.84268e+00     1.74222e+00
    1.85465e+00     1.71510e+00
    1.86670e+00     1.68839e+00
    1.87882e+00     1.66208e+00
    1.89103e+00     1.63619e+00
    1.90331e+00     1.61068e+00
    1.91567e+00     1.58554e+00
    1.92812e+00     1.56081e+00
    1.94064e+00     1.53645e+00
    1.95325e+00     1.51246e+00
    1.96593e+00     1.48883e+00
    1.97870e+00     1.46558e+00
    1.99156e+00     1.44266e+00
    2.00449e+00     1.42010e+00
    2.01751e+00     1.39788e+00
    2.03062e+00     1.37601e+00
    2.04381e+00     1.35446e+00
    2.05708e+00     1.33324e+00
    2.07045e+00     1.31235e+00
    2.08389e+00     1.29175e+00
    2.09743e+00     1.27148e+00
    2.11105e+00     1.25151e+00
    2.12477e+00     1.23186e+00
    2.13857e+00     1.21251e+00
    2.15246e+00     1.19345e+00
    2.16644e+00     1.17466e+00
    2.18051e+00     1.15617e+00
    2.19468e+00     1.13798e+00
    2.20893e+00     1.12004e+00
    2.22328e+00     1.10242e+00
    2.23772e+00     1.08503e+00
    2.25226e+00     1.06793e+00
    2.26689e+00     1.05108e+00
    2.28161e+00     1.03450e+00
    2.29643e+00     1.01817e+00
    2.31135e+00     1.00210e+00
    2.32636e+00     9.86272e-01
    2.34147e+00     9.70695e-01
    2.35668e+00     9.55355e-01
    2.37199e+00     9.40249e-01
    2.38740e+00     9.25394e-01
    2.40290e+00     9.10750e-01
    2.41851e+00     8.96341e-01
    2.43422e+00     8.82160e-01
    2.45003e+00     8.68191e-01
    2.46595e+00     8.54435e-01
    2.48197e+00     8.40903e-01
    2.49809e+00     8.27573e-01
    2.51431e+00     8.14449e-01
    2.53065e+00     8.01534e-01
    2.54708e+00     7.88812e-01
    2.56363e+00     7.76290e-01
    2.58028e+00     7.63959e-01
    2.59704e+00     7.51818e-01
    2.61391e+00     7.39866e-01
    2.63089e+00     7.28097e-01
    2.64798e+00     7.16510e-01
    2.66518e+00     7.05103e-01
    2.68249e+00     6.93871e-01
    2.69991e+00     6.82815e-01
    2.71745e+00     6.71932e-01
    2.73510e+00     6.61217e-01
    2.75287e+00     6.50670e-01
    2.77075e+00     6.40287e-01
    2.78875e+00     6.30068e-01
    2.80686e+00     6.20005e-01
    2.82509e+00     6.10103e-01
    2.84344e+00     6.00356e-01
    2.86191e+00     5.90761e-01
    2.88050e+00     5.81317e-01
    2.89921e+00     5.72022e-01
    2.91805e+00     5.62876e-01
    2.93700e+00     5.53869e-01
    2.95608e+00     5.45007e-01
    2.97528e+00     5.36283e-01
    2.99461e+00     5.27696e-01
    3.01406e+00     5.19245e-01
    3.03364e+00     5.10928e-01
    3.05334e+00     5.02739e-01
    3.07317e+00     4.94681e-01
    3.09314e+00     4.86749e-01
    3.11323e+00     4.78942e-01
    3.13345e+00     4.71258e-01
    3.15380e+00     4.63693e-01
    3.17429e+00     4.56248e-01
    3.19491e+00     4.48919e-01
    3.21566e+00     4.41703e-01
    3.23655e+00     4.34602e-01
    3.25757e+00     4.27610e-01
    3.27873e+00     4.20728e-01
    3.30003e+00     4.13954e-01
    3.32146e+00     4.07287e-01
    3.34304e+00     4.00724e-01
    3.36475e+00     3.94264e-01
    3.38661e+00     3.87906e-01
    3.40861e+00     3.81649e-01
    3.43075e+00     3.75491e-01
    3.45303e+00     3.69429e-01
    3.47546e+00     3.63465e-01
    3.49804e+00     3.57595e-01
    3.52076e+00     3.51817e-01
    3.54363e+00     3.46133e-01
    3.56664e+00     3.40538e-01
    3.58981e+00     3.35032e-01
    3.61313e+00     3.29615e-01
    3.63660e+00     3.24283e-01
    3.66022e+00     3.19036e-01
    3.68400e+00     3.13875e-01
    3.70793e+00     3.08794e-01
    3.73201e+00     3.03794e-01
    3.75625e+00     2.98875e-01
    3.78065e+00     2.94034e-01
    3.80521e+00     2.89271e-01
    3.82993e+00     2.84582e-01
    3.85480e+00     2.79969e-01
    3.87984e+00     2.75430e-01
    3.90504e+00     2.70962e-01
    3.93041e+00     2.66566e-01
    3.95594e+00     2.62239e-01
    3.98163e+00     2.57981e-01
    4.00750e+00     2.53791e-01
    4.03353e+00     2.49667e-01
    4.05973e+00     2.45608e-01
    4.08610e+00     2.41613e-01
    4.11264e+00     2.37682e-01
    4.13935e+00     2.33813e-01
    4.16624e+00     2.30005e-01
    4.19330e+00     2.26259e-01
    4.22054e+00     2.22572e-01
    4.24796e+00     2.18944e-01
    4.27555e+00     2.15374e-01
    4.30332e+00     2.11861e-01
    4.33127e+00     2.08405e-01
    4.35941e+00     2.05005e-01
    4.38772e+00     2.01659e-01
    4.41622e+00     1.98366e-01
    4.44491e+00     1.95127e-01
    4.47378e+00     1.91941e-01
    4.50284e+00     1.88805e-01
    4.53209e+00     1.85720e-01
    4.56153e+00     1.82685e-01
    4.59116e+00     1.79699e-01
    4.62098e+00     1.76762e-01
    4.65100e+00     1.73871e-01
    4.68121e+00     1.71027e-01
    4.71161e+00     1.68229e-01
    4.74222e+00     1.65477e-01
    4.77302e+00     1.62769e-01
    4.80403e+00     1.60105e-01
    4.83523e+00     1.57483e-01
    4.86664e+00     1.54904e-01
    4.89825e+00     1.52366e-01
    4.93007e+00     1.49869e-01
    4.96209e+00     1.47412e-01
    4.99432e+00     1.44994e-01
    5.02676e+00     1.42615e-01
    5.05941e+00     1.40274e-01
    5.09228e+00     1.37971e-01
    5.12535e+00     1.35704e-01
    5.15865e+00     1.33475e-01
    5.19215e+00     1.31281e-01
    5.22588e+00     1.29121e-01
    5.25983e+00     1.26998e-01
    5.29399e+00     1.24908e-01
    5.32838e+00     1.22852e-01
    5.36299e+00     1.20829e-01
    5.39782e+00     1.18840e-01
    5.43289e+00     1.16882e-01
    5.46818e+00     1.14957e-01
    5.50370e+00     1.13062e-01
    5.53944e+00     1.11199e-01
    5.57543e+00     1.09366e-01
    5.61164e+00     1.07563e-01
    5.64809e+00     1.05789e-01
    5.68478e+00     1.04044e-01
    5.72171e+00     1.02327e-01
    5.75887e+00     1.00639e-01
    5.79628e+00     9.89783e-02
    5.83393e+00     9.73455e-02
    5.87182e+00     9.57382e-02
    5.90996e+00     9.41572e-02
    5.94835e+00     9.26024e-02
    5.98699e+00     9.10727e-02
    6.02588e+00     8.95681e-02
    6.06502e+00     8.80882e-02
    6.10442e+00     8.66323e-02
    6.14407e+00     8.52001e-02
    6.18398e+00     8.37906e-02
    6.22414e+00     8.24046e-02
    6.26457e+00     8.10403e-02
    6.30527e+00     7.96986e-02
    6.34622e+00     7.83790e-02
    6.38744e+00     7.70799e-02
    6.42893e+00     7.58021e-02
    6.47069e+00     7.45454e-02
    6.51272e+00     7.33089e-02
    6.55503e+00     7.20926e-02
    6.59761e+00     7.08961e-02
    6.64046e+00     6.97187e-02
    6.68359e+00     6.85610e-02
    6.72701e+00     6.74222e-02
    6.77070e+00     6.63021e-02
    6.81468e+00     6.52007e-02
    6.85895e+00     6.41171e-02
    6.90350e+00     6.30518e-02
    6.94834e+00     6.20033e-02
    6.99348e+00     6.09724e-02
    7.03890e+00     5.99587e-02
    7.08462e+00     5.89616e-02
    7.13064e+00     5.79809e-02
    7.17696e+00     5.70158e-02
    7.22358e+00     5.60676e-02
    7.27050e+00     5.51342e-02
    7.31773e+00     5.42167e-02
    7.36526e+00     5.33138e-02
    7.41310e+00     5.24267e-02
    7.46125e+00     5.15533e-02
    7.50972e+00     5.06948e-02
    7.55850e+00     4.98505e-02
    7.60759e+00     4.90196e-02
    7.65701e+00     4.82027e-02
    7.70675e+00     4.73991e-02
    7.75680e+00     4.66085e-02
    7.80719e+00     4.58311e-02
    7.85790e+00     4.50660e-02
    7.90894e+00     4.43139e-02
    7.96032e+00     4.35733e-02
    8.01202e+00     4.28455e-02
    8.06407e+00     4.21297e-02
    8.11645e+00     4.14252e-02
    8.16917e+00     4.07327e-02
    8.22223e+00     4.00513e-02
    8.27564e+00     3.93811e-02
    8.32939e+00     3.87219e-02
    8.38350e+00     3.80737e-02
    8.43795e+00     3.74364e-02
    8.49276e+00     3.68093e-02
    8.54793e+00     3.61931e-02
    8.60345e+00     3.55869e-02
    8.65933e+00     3.49902e-02
    8.71558e+00     3.44041e-02
    8.77219e+00     3.38278e-02
    8.82917e+00     3.32609e-02
    8.88652e+00     3.27031e-02
    8.94425e+00     3.21551e-02
    9.00234e+00     3.16155e-02
    9.06082e+00     3.10856e-02
    9.11967e+00     3.05647e-02
    9.17891e+00     3.00514e-02
    9.23853e+00     2.95477e-02
    9.29854e+00     2.90519e-02
    9.35894e+00     2.85644e-02
    9.41973e+00     2.80850e-02
    9.48092e+00     2.76135e-02
    9.54250e+00     2.71499e-02
    9.60449e+00     2.66939e-02
    9.66687e+00     2.62455e-02
    9.72967e+00     2.58044e-02
    9.79287e+00     2.53706e-02
    9.85648e+00     2.49440e-02
    9.92050e+00     2.45243e-02
    9.98494e+00     2.41116e-02
    1.00498e+01     2.37057e-02
    1.01151e+01     2.33065e-02
    1.01808e+01     2.29140e-02
    1.02469e+01     2.25279e-02
    1.03135e+01     2.21483e-02
    1.03805e+01     2.17750e-02
    1.04479e+01     2.14078e-02
    1.05157e+01     2.10467e-02
    1.05841e+01     2.06919e-02
    1.06528e+01     2.03428e-02
    1.07220e+01     1.99996e-02
    1.07916e+01     1.96622e-02
    1.08617e+01     1.93304e-02
    1.09323e+01     1.90043e-02
    1.10033e+01     1.86835e-02
    1.10748e+01     1.83681e-02
    1.11467e+01     1.80580e-02
    1.12191e+01     1.77532e-02
    1.12920e+01     1.74535e-02
    1.13653e+01     1.71586e-02
    1.14392e+01     1.68690e-02
    1.15135e+01     1.65841e-02
    1.15883e+01     1.63039e-02
    1.16635e+01     1.60284e-02
    1.17393e+01     1.57576e-02
    1.18155e+01     1.54912e-02
    1.18923e+01     1.52294e-02
    1.19695e+01     1.49718e-02
    1.20473e+01     1.47186e-02
    1.21255e+01     1.44696e-02
    1.22043e+01     1.42248e-02
    1.22836e+01     1.39840e-02
    1.23634e+01     1.37472e-02
    1.24437e+01     1.35143e-02
    1.25245e+01     1.32852e-02
    1.26059e+01     1.30600e-02
    1.26877e+01     1.28385e-02
    1.27701e+01     1.26208e-02
    1.28531e+01     1.24067e-02
    1.29366e+01     1.21962e-02
    1.30206e+01     1.19892e-02
    1.31052e+01     1.17857e-02
    1.31903e+01     1.15856e-02
    1.32760e+01     1.13889e-02
    1.33622e+01     1.11955e-02
    1.34490e+01     1.10054e-02
    1.35364e+01     1.08185e-02
    1.36243e+01     1.06347e-02
    1.37128e+01     1.04541e-02
    1.38019e+01     1.02765e-02
    1.38915e+01     1.01018e-02
    1.39818e+01     9.93020e-03
    1.40726e+01     9.76144e-03
    1.41640e+01     9.59555e-03
    1.42560e+01     9.43242e-03
    1.43486e+01     9.27208e-03
    1.44418e+01     9.11447e-03
    1.45356e+01     8.95949e-03
    1.46300e+01     8.80712e-03
    1.47251e+01     8.65735e-03
    1.48207e+01     8.51006e-03
    1.49170e+01     8.36529e-03
    1.50139e+01     8.22291e-03
    1.51114e+01     8.08293e-03
    1.52095e+01     7.94525e-03
    1.53083e+01     7.80992e-03
    1.54078e+01     7.67686e-03
    1.55079e+01     7.54599e-03
    1.56086e+01     7.41733e-03
    1.57100e+01     7.29083e-03
    1.58120e+01     7.16642e-03
    1.59147e+01     7.04411e-03
    1.60181e+01     6.92388e-03
    1.61221e+01     6.80566e-03
    1.62269e+01     6.68950e-03
    1.63323e+01     6.57525e-03
    1.64384e+01     6.46295e-03
    1.65451e+01     6.35254e-03
    1.66526e+01     6.24401e-03
    1.67608e+01     6.13731e-03
    1.68696e+01     6.03243e-03
    1.69792e+01     5.92936e-03
    1.70895e+01     5.82800e-03
    1.72005e+01     5.72839e-03
    1.73122e+01     5.63047e-03
    1.74247e+01     5.53424e-03
    1.75379e+01     5.43964e-03
    1.76518e+01     5.34664e-03
    1.77665e+01     5.25521e-03
    1.78819e+01     5.16535e-03
    1.79980e+01     5.07701e-03
    1.81149e+01     4.99018e-03
    1.82326e+01     4.90482e-03
    1.83510e+01     4.82091e-03
    1.84702e+01     4.73841e-03
    1.85902e+01     4.65731e-03
    1.87109e+01     4.57758e-03
    1.88325e+01     4.49921e-03
    1.89548e+01     4.42216e-03
    1.90779e+01     4.34640e-03
    1.92019e+01     4.27191e-03
    1.93266e+01     4.19868e-03
    1.94521e+01     4.12666e-03
    1.95785e+01     4.05588e-03
    1.97056e+01     3.98629e-03
    1.98336e+01     3.91788e-03
    1.99625e+01     3.85062e-03
    2.00921e+01     3.78450e-03
    2.02226e+01     3.71950e-03
    2.03540e+01     3.65563e-03
    2.04862e+01     3.59283e-03
    2.06193e+01     3.53109e-03
    2.07532e+01     3.47041e-03
    2.08880e+01     3.41077e-03
    2.10237e+01     3.35216e-03
    2.11603e+01     3.29455e-03
    2.12977e+01     3.23791e-03
    2.14360e+01     3.18226e-03
    2.15753e+01     3.12756e-03
    2.17154e+01     3.07378e-03
    2.18565e+01     3.02095e-03
    2.19985e+01     2.96902e-03
    2.21413e+01     2.91796e-03
    2.22852e+01     2.86779e-03
    2.24299e+01     2.81847e-03
    2.25756e+01     2.76999e-03
    2.27223e+01     2.72235e-03
    2.28698e+01     2.67550e-03
    2.30184e+01     2.62948e-03
    2.31679e+01     2.58421e-03
    2.33184e+01     2.53975e-03
    2.34699e+01     2.49602e-03
    2.36223e+01     2.45304e-03
    2.37758e+01     2.41079e-03
    2.39302e+01     2.36923e-03
    2.40856e+01     2.32839e-03
    2.42421e+01     2.28824e-03
    2.43996e+01     2.24880e-03
    2.45580e+01     2.20999e-03
    2.47176e+01     2.17185e-03
    2.48781e+01     2.13437e-03
    2.50397e+01     2.09753e-03
    2.52024e+01     2.06130e-03
    2.53661e+01     2.02572e-03
    2.55308e+01     1.99071e-03
    2.56967e+01     1.95634e-03
    2.58636e+01     1.92253e-03
    2.60316e+01     1.88931e-03
    2.62007e+01     1.85667e-03
    2.63709e+01     1.82460e-03
    2.65421e+01     1.79305e-03
    2.67146e+01     1.76208e-03
    2.68881e+01     1.73163e-03
    2.70627e+01     1.70170e-03
    2.72385e+01     1.67228e-03
    2.74154e+01     1.64336e-03
    2.75935e+01     1.61497e-03
    2.77728e+01     1.58704e-03
    2.79532e+01     1.55961e-03
    2.81347e+01     1.53263e-03
    2.83175e+01     1.50613e-03
    2.85014e+01     1.48010e-03
    2.86866e+01     1.45449e-03
    2.88729e+01     1.42932e-03
    2.90604e+01     1.40459e-03
    2.92492e+01     1.38030e-03
    2.94392e+01     1.35639e-03
    2.96304e+01     1.33292e-03
    2.98229e+01     1.30983e-03
    3.00166e+01     1.28712e-03
    3.02116e+01     1.26482e-03
    3.04078e+01     1.24289e-03
    3.06053e+01     1.22133e-03
    3.08041e+01     1.20015e-03
    3.10042e+01     1.17933e-03
    3.12056e+01     1.15886e-03
    3.14083e+01     1.13874e-03
    3.16123e+01     1.11898e-03
    3.18176e+01     1.09955e-03
    3.20243e+01     1.08047e-03
    3.22323e+01     1.06170e-03
    3.24417e+01     1.04326e-03
    3.26524e+01     1.02513e-03
    3.28645e+01     1.00733e-03
    3.30780e+01     9.89833e-04
    3.32929e+01     9.72639e-04
    3.35091e+01     9.55740e-04
    3.37268e+01     9.39136e-04
    3.39458e+01     9.22818e-04
    3.41663e+01     9.06782e-04
    3.43883e+01     8.91028e-04
    3.46116e+01     8.75543e-04
    3.48365e+01     8.60328e-04
    3.50627e+01     8.45376e-04
    3.52905e+01     8.30683e-04
    3.55197e+01     8.16243e-04
    3.57505e+01     8.02053e-04
    3.59827e+01     7.88108e-04
    3.62164e+01     7.74402e-04
    3.64516e+01     7.60931e-04
    3.66884e+01     7.47691e-04
    3.69267e+01     7.34680e-04
    3.71666e+01     7.21891e-04
    3.74080e+01     7.09319e-04
    3.76510e+01     6.96963e-04
    3.78956e+01     6.84820e-04
    3.81417e+01     6.72883e-04
    3.83895e+01     6.61153e-04
    3.86388e+01     6.49622e-04
    3.88898e+01     6.38292e-04
    3.91424e+01     6.27157e-04
    3.93967e+01     6.16214e-04
    3.96526e+01     6.05462e-04
    3.99101e+01     5.94894e-04
    4.01694e+01     5.84512e-04
    4.04303e+01     5.74307e-04
    4.06929e+01     5.64281e-04
    4.09572e+01     5.54429e-04
    4.12233e+01     5.44748e-04
    4.14910e+01     5.35237e-04
    4.17605e+01     5.25889e-04
    4.20318e+01     5.16706e-04
    4.23048e+01     5.07682e-04
    4.25796e+01     4.98815e-04
    4.28562e+01     4.90103e-04
    4.31346e+01     4.81542e-04
    4.34147e+01     4.73129e-04
    4.36968e+01     4.64866e-04
    4.39806e+01     4.56743e-04
    4.42663e+01     4.48763e-04
    4.45538e+01     4.40919e-04
    4.48432e+01     4.33212e-04
    4.51345e+01     4.25639e-04
    4.54277e+01     4.18197e-04
    4.57227e+01     4.10883e-04
    4.60197e+01     4.03695e-04
    4.63186e+01     3.96629e-04
    4.66195e+01     3.89686e-04
    4.69223e+01     3.82862e-04
    4.72271e+01     3.76154e-04
    4.75339e+01     3.69563e-04
    4.78426e+01     3.63084e-04
    4.81534e+01     3.56719e-04
    4.84662e+01     3.50463e-04
    4.87810e+01     3.44315e-04
    4.90979e+01     3.38276e-04
    4.94168e+01     3.32339e-04
    4.97378e+01     3.26507e-04
    5.00608e+01     3.20775e-04
    5.03860e+01     3.15145e-04
    5.07133e+01     3.09613e-04
    5.10427e+01     3.04178e-04
    5.13743e+01     2.98837e-04
    5.17080e+01     2.93590e-04
    5.20438e+01     2.88435e-04
    5.23819e+01     2.83371e-04
    5.27221e+01     2.78395e-04
    5.30646e+01     2.73506e-04
    5.34093e+01     2.68704e-04
    5.37562e+01     2.63986e-04
    5.41054e+01     2.59350e-04
    5.44568e+01     2.54795e-04
    5.48106e+01     2.50321e-04
    5.51666e+01     2.45924e-04
    5.55249e+01     2.41605e-04
    5.58856e+01     2.37361e-04
    5.62486e+01     2.33191e-04
    5.66140e+01     2.29094e-04
    5.69817e+01     2.25069e-04
    5.73518e+01     2.21114e-04
    5.77244e+01     2.17227e-04
    5.80993e+01     2.13408e-04
    5.84767e+01     2.09655e-04
    5.88565e+01     2.05966e-04
    5.92388e+01     2.02342e-04
    5.96236e+01     1.98781e-04
    6.00109e+01     1.95283e-04
    6.04007e+01     1.91845e-04
    6.07930e+01     1.88467e-04
    6.11879e+01     1.85147e-04
    6.15854e+01     1.81887e-04
    6.19854e+01     1.78682e-04
    6.23880e+01     1.75533e-04
    6.27933e+01     1.72440e-04
    6.32012e+01     1.69401e-04
    6.36117e+01     1.66415e-04
    6.40249e+01     1.63481e-04
    6.44408e+01     1.60598e-04
    6.48593e+01     1.57765e-04
    6.52806e+01     1.54982e-04
    6.57047e+01     1.52247e-04
    6.61315e+01     1.49560e-04
    6.65610e+01     1.46920e-04
    6.69934e+01     1.44326e-04
    6.74285e+01     1.41776e-04
    6.78665e+01     1.39270e-04
    6.83073e+01     1.36808e-04
    6.87510e+01     1.34389e-04
    6.91976e+01     1.32010e-04
    6.96471e+01     1.29673e-04
    7.00995e+01     1.27376e-04
    7.05548e+01     1.25118e-04
    7.10131e+01     1.22898e-04
    7.14744e+01     1.20716e-04
    7.19386e+01     1.18571e-04
    7.24059e+01     1.16462e-04
    7.28762e+01     1.14389e-04
    7.33496e+01     1.12351e-04
    7.38261e+01     1.10346e-04
    7.43056e+01     1.08377e-04
    7.47883e+01     1.06442e-04
    7.52740e+01     1.04539e-04
    7.57630e+01     1.02670e-04
    7.62551e+01     1.00833e-04
    7.67504e+01     9.90292e-05
    7.72490e+01     9.72566e-05
    7.77507e+01     9.55151e-05
    7.82558e+01     9.38057e-05
    7.87641e+01     9.21261e-05
    7.92757e+01     9.04771e-05
    7.97906e+01     8.88584e-05
    8.03089e+01     8.72691e-05
    8.08306e+01     8.57088e-05
    8.13556e+01     8.41781e-05
    8.18841e+01     8.26752e-05
    8.24160e+01     8.11998e-05
    8.29513e+01     7.97534e-05
    8.34901e+01     7.83332e-05
    8.40324e+01     7.69408e-05
    8.45783e+01     7.55742e-05
    8.51276e+01     7.42340e-05
    8.56806e+01     7.29201e-05
    8.62371e+01     7.16322e-05
    8.67973e+01     7.03686e-05
    8.73611e+01     6.91305e-05
    8.79285e+01     6.79162e-05
    8.84997e+01     6.67272e-05
    8.90745e+01     6.55607e-05
    8.96531e+01     6.44190e-05
    9.02355e+01     6.32996e-05
    9.08216e+01     6.22030e-05
    9.14115e+01     6.11289e-05
    9.20053e+01     6.00758e-05
    9.26029e+01     5.90433e-05
    9.32044e+01     5.80306e-05
    9.38099e+01     5.70375e-05
    9.44192e+01     5.60621e-05
    9.50325e+01     5.51045e-05
    9.56498e+01     5.41638e-05
    9.62711e+01     5.32390e-05
    9.68964e+01     5.23301e-05
    9.75258e+01     5.14361e-05
    9.81593e+01     5.05563e-05
    9.87969e+01     4.96897e-05
    9.94386e+01     4.88357e-05
    1.00085e+02     4.79950e-05
    1.00735e+02     4.71649e-05
    1.01389e+02     4.63463e-05
    1.02048e+02     4.55381e-05
    1.02710e+02     4.47393e-05
    1.03378e+02     4.39506e-05
    1.04049e+02     4.31698e-05
    1.04725e+02     4.23971e-05
    1.05405e+02     4.16329e-05
    1.06090e+02     4.08752e-05
    1.06779e+02     4.01245e-05
    1.07473e+02     3.93798e-05
    1.08171e+02     3.86400e-05
    1.08873e+02     3.79060e-05
    1.09580e+02     3.71766e-05
    1.10292e+02     3.64512e-05
    1.11009e+02     3.57301e-05
    1.11730e+02     3.50121e-05
