    1.05035e-05     7.04287e+00
    1.05717e-05     7.08682e+00
    1.06404e-05     7.13108e+00
    1.07095e-05     7.17558e+00
    1.07791e-05     7.22039e+00
    1.08491e-05     7.26545e+00
    1.09196e-05     7.31082e+00
    1.09905e-05     7.35644e+00
    1.10619e-05     7.40237e+00
    1.11337e-05     7.44854e+00
    1.12060e-05     7.49502e+00
    1.12788e-05     7.54181e+00
    1.13521e-05     7.58891e+00
    1.14258e-05     7.63626e+00
    1.15001e-05     7.68398e+00
    1.15748e-05     7.73194e+00
    1.16499e-05     7.78015e+00
    1.17256e-05     7.82873e+00
    1.18018e-05     7.87762e+00
    1.18784e-05     7.92676e+00
    1.19556e-05     7.97627e+00
    1.20332e-05     8.02602e+00
    1.21114e-05     8.07614e+00
    1.21901e-05     8.12657e+00
    1.22693e-05     8.17731e+00
    1.23490e-05     8.22836e+00
    1.24292e-05     8.27971e+00
    1.25099e-05     8.33137e+00
    1.25912e-05     8.38340e+00
    1.26730e-05     8.43574e+00
    1.27553e-05     8.48839e+00
    1.28381e-05     8.54134e+00
    1.29215e-05     8.59466e+00
    1.30054e-05     8.64829e+00
    1.30899e-05     8.70229e+00
    1.31749e-05     8.75659e+00
    1.32605e-05     8.81126e+00
    1.33467e-05     8.86631e+00
    1.34334e-05     8.92165e+00
    1.35206e-05     8.97731e+00
    1.36084e-05     9.03333e+00
    1.36968e-05     9.08972e+00
    1.37858e-05     9.14648e+00
    1.38753e-05     9.20354e+00
    1.39655e-05     9.26104e+00
    1.40562e-05     9.31884e+00
    1.41475e-05     9.37700e+00
    1.42394e-05     9.43554e+00
    1.43319e-05     9.49444e+00
    1.44250e-05     9.55371e+00
    1.45187e-05     9.61335e+00
    1.46130e-05     9.67335e+00
    1.47079e-05     9.73372e+00
    1.48034e-05     9.79445e+00
    1.48996e-05     9.85562e+00
    1.49964e-05     9.91715e+00
    1.50938e-05     9.97905e+00
    1.51918e-05     1.00413e+01
    1.52905e-05     1.01040e+01
    1.53898e-05     1.01671e+01
    1.54898e-05     1.02305e+01
    1.55904e-05     1.02944e+01
    1.56917e-05     1.03587e+01
    1.57936e-05     1.04233e+01
    1.58962e-05     1.04884e+01
    1.59994e-05     1.05538e+01
    1.61034e-05     1.06198e+01
    1.62080e-05     1.06860e+01
    1.63132e-05     1.07527e+01
    1.64192e-05     1.08198e+01
    1.65259e-05     1.08874e+01
    1.66332e-05     1.09553e+01
    1.67412e-05     1.10237e+01
    1.68500e-05     1.10925e+01
    1.69594e-05     1.11617e+01
    1.70696e-05     1.12314e+01
    1.71805e-05     1.13016e+01
    1.72921e-05     1.13721e+01
    1.74044e-05     1.14431e+01
    1.75174e-05     1.15145e+01
    1.76312e-05     1.15864e+01
    1.77458e-05     1.16587e+01
    1.78610e-05     1.17315e+01
    1.79770e-05     1.18047e+01
    1.80938e-05     1.18784e+01
    1.82113e-05     1.19525e+01
    1.83296e-05     1.20271e+01
    1.84487e-05     1.21022e+01
    1.85685e-05     1.21778e+01
    1.86891e-05     1.22538e+01
    1.88105e-05     1.23303e+01
    1.89327e-05     1.24072e+01
    1.90557e-05     1.24847e+01
    1.91795e-05     1.25626e+01
    1.93041e-05     1.26411e+01
    1.94294e-05     1.27199e+01
    1.95557e-05     1.27994e+01
    1.96827e-05     1.28793e+01
    1.98105e-05     1.29596e+01
    1.99392e-05     1.30405e+01
    2.00687e-05     1.31219e+01
    2.01991e-05     1.32038e+01
    2.03303e-05     1.32863e+01
    2.04623e-05     1.33692e+01
    2.05953e-05     1.34527e+01
    2.07290e-05     1.35366e+01
    2.08637e-05     1.36211e+01
    2.09992e-05     1.37061e+01
    2.11356e-05     1.37917e+01
    2.12729e-05     1.38778e+01
    2.14111e-05     1.39644e+01
    2.15501e-05     1.40515e+01
    2.16901e-05     1.41392e+01
    2.18310e-05     1.42275e+01
    2.19728e-05     1.43163e+01
    2.21155e-05     1.44056e+01
    2.22592e-05     1.44955e+01
    2.24038e-05     1.45860e+01
    2.25493e-05     1.46770e+01
    2.26958e-05     1.47686e+01
    2.28432e-05     1.48608e+01
    2.29916e-05     1.49536e+01
    2.31409e-05     1.50469e+01
    2.32912e-05     1.51408e+01
    2.34425e-05     1.52353e+01
    2.35948e-05     1.53304e+01
    2.37481e-05     1.54261e+01
    2.39023e-05     1.55224e+01
    2.40576e-05     1.56193e+01
    2.42138e-05     1.57168e+01
    2.43711e-05     1.58149e+01
    2.45294e-05     1.59136e+01
    2.46888e-05     1.60130e+01
    2.48491e-05     1.61129e+01
    2.50105e-05     1.62135e+01
    2.51730e-05     1.63147e+01
    2.53365e-05     1.64166e+01
    2.55011e-05     1.65191e+01
    2.56667e-05     1.66221e+01
    2.58334e-05     1.67259e+01
    2.60012e-05     1.68303e+01
    2.61701e-05     1.69354e+01
    2.63401e-05     1.70411e+01
    2.65112e-05     1.71475e+01
    2.66834e-05     1.72545e+01
    2.68567e-05     1.73622e+01
    2.70312e-05     1.74706e+01
    2.72068e-05     1.75797e+01
    2.73835e-05     1.76894e+01
    2.75614e-05     1.77998e+01
    2.77404e-05     1.79109e+01
    2.79206e-05     1.80227e+01
    2.81019e-05     1.81352e+01
    2.82845e-05     1.82484e+01
    2.84682e-05     1.83623e+01
    2.86531e-05     1.84769e+01
    2.88392e-05     1.85922e+01
    2.90266e-05     1.87082e+01
    2.92151e-05     1.88250e+01
    2.94049e-05     1.89425e+01
    2.95959e-05     1.90607e+01
    2.97881e-05     1.91797e+01
    2.99816e-05     1.92994e+01
    3.01764e-05     1.94199e+01
    3.03724e-05     1.95411e+01
    3.05697e-05     1.96630e+01
    3.07682e-05     1.97857e+01
    3.09681e-05     1.99093e+01
    3.11692e-05     2.00335e+01
    3.13717e-05     2.01586e+01
    3.15755e-05     2.02844e+01
    3.17806e-05     2.04110e+01
    3.19870e-05     2.05384e+01
    3.21948e-05     2.06666e+01
    3.24039e-05     2.07956e+01
    3.26144e-05     2.09255e+01
    3.28262e-05     2.10560e+01
    3.30395e-05     2.11875e+01
    3.32541e-05     2.13198e+01
    3.34701e-05     2.14529e+01
    3.36875e-05     2.15868e+01
    3.39063e-05     2.17215e+01
    3.41265e-05     2.18571e+01
    3.43482e-05     2.19935e+01
    3.45713e-05     2.21308e+01
    3.47959e-05     2.22689e+01
    3.50219e-05     2.24079e+01
    3.52494e-05     2.25478e+01
    3.54783e-05     2.26884e+01
    3.57088e-05     2.28301e+01
    3.59407e-05     2.29725e+01
    3.61742e-05     2.31160e+01
    3.64092e-05     2.32603e+01
    3.66457e-05     2.34054e+01
    3.68837e-05     2.35515e+01
    3.71233e-05     2.36985e+01
    3.73644e-05     2.38464e+01
    3.76071e-05     2.39952e+01
    3.78514e-05     2.41450e+01
    3.80973e-05     2.42957e+01
    3.83447e-05     2.44474e+01
    3.85938e-05     2.46000e+01
    3.88445e-05     2.47535e+01
    3.90968e-05     2.49080e+01
    3.93507e-05     2.50635e+01
    3.96064e-05     2.52200e+01
    3.98636e-05     2.53774e+01
    4.01226e-05     2.55358e+01
    4.03832e-05     2.56952e+01
    4.06455e-05     2.58556e+01
    4.09095e-05     2.60170e+01
    4.11752e-05     2.61794e+01
    4.14427e-05     2.63428e+01
    4.17119e-05     2.65072e+01
    4.19828e-05     2.66727e+01
    4.22555e-05     2.68392e+01
    4.25300e-05     2.70067e+01
    4.28062e-05     2.71752e+01
    4.30843e-05     2.73449e+01
    4.33642e-05     2.75155e+01
    4.36458e-05     2.76872e+01
    4.39293e-05     2.78601e+01
    4.42147e-05     2.80340e+01
    4.45019e-05     2.82089e+01
    4.47909e-05     2.83849e+01
    4.50819e-05     2.85621e+01
    4.53747e-05     2.87404e+01
    4.56694e-05     2.89197e+01
    4.59661e-05     2.91003e+01
    4.62647e-05     2.92820e+01
    4.65652e-05     2.94647e+01
    4.68677e-05     2.96486e+01
    4.71721e-05     2.98337e+01
    4.74785e-05     3.00198e+01
    4.77869e-05     3.02072e+01
    4.80973e-05     3.03958e+01
    4.84097e-05     3.05855e+01
    4.87242e-05     3.07764e+01
    4.90406e-05     3.09684e+01
    4.93592e-05     3.11618e+01
    4.96798e-05     3.13562e+01
    5.00025e-05     3.15519e+01
    5.03273e-05     3.17489e+01
    5.06542e-05     3.19470e+01
    5.09832e-05     3.21464e+01
    5.13144e-05     3.23470e+01
    5.16477e-05     3.25489e+01
    5.19832e-05     3.27520e+01
    5.23208e-05     3.29564e+01
    5.26607e-05     3.31621e+01
    5.30028e-05     3.33691e+01
    5.33470e-05     3.35773e+01
    5.36936e-05     3.37868e+01
    5.40423e-05     3.39976e+01
    5.43934e-05     3.42099e+01
    5.47467e-05     3.44233e+01
    5.51023e-05     3.46381e+01
    5.54602e-05     3.48543e+01
    5.58205e-05     3.50719e+01
    5.61830e-05     3.52907e+01
    5.65480e-05     3.55110e+01
    5.69153e-05     3.57326e+01
    5.72850e-05     3.59556e+01
    5.76571e-05     3.61801e+01
    5.80316e-05     3.64059e+01
    5.84085e-05     3.66330e+01
    5.87879e-05     3.68617e+01
    5.91698e-05     3.70918e+01
    5.95541e-05     3.73233e+01
    5.99410e-05     3.75563e+01
    6.03303e-05     3.77907e+01
    6.07222e-05     3.80266e+01
    6.11166e-05     3.82639e+01
    6.15136e-05     3.85027e+01
    6.19132e-05     3.87431e+01
    6.23153e-05     3.89848e+01
    6.27201e-05     3.92282e+01
    6.31275e-05     3.94729e+01
    6.35376e-05     3.97194e+01
    6.39503e-05     3.99672e+01
    6.43657e-05     4.02167e+01
    6.47838e-05     4.04677e+01
    6.52046e-05     4.07202e+01
    6.56281e-05     4.09743e+01
    6.60544e-05     4.12300e+01
    6.64835e-05     4.14873e+01
    6.69153e-05     4.17462e+01
    6.73499e-05     4.20067e+01
    6.77874e-05     4.22689e+01
    6.82277e-05     4.25326e+01
    6.86709e-05     4.27980e+01
    6.91170e-05     4.30651e+01
    6.95659e-05     4.33338e+01
    7.00178e-05     4.36042e+01
    7.04726e-05     4.38763e+01
    7.09304e-05     4.41502e+01
    7.13911e-05     4.44256e+01
    7.18548e-05     4.47028e+01
    7.23215e-05     4.49818e+01
    7.27913e-05     4.52625e+01
    7.32641e-05     4.55449e+01
    7.37400e-05     4.58291e+01
    7.42190e-05     4.61151e+01
    7.47011e-05     4.64029e+01
    7.51863e-05     4.66924e+01
    7.56747e-05     4.69838e+01
    7.61663e-05     4.72770e+01
    7.66610e-05     4.75720e+01
    7.71589e-05     4.78688e+01
    7.76601e-05     4.81675e+01
    7.81646e-05     4.84681e+01
    7.86723e-05     4.87706e+01
    7.91833e-05     4.90749e+01
    7.96977e-05     4.93811e+01
    8.02153e-05     4.96892e+01
    8.07364e-05     4.99993e+01
    8.12608e-05     5.03113e+01
    8.17886e-05     5.06252e+01
    8.23199e-05     5.09412e+01
    8.28546e-05     5.12590e+01
    8.33928e-05     5.15789e+01
    8.39345e-05     5.19009e+01
    8.44797e-05     5.22247e+01
    8.50284e-05     5.25506e+01
    8.55807e-05     5.28785e+01
    8.61366e-05     5.32085e+01
    8.66961e-05     5.35405e+01
    8.72593e-05     5.38746e+01
    8.78261e-05     5.42108e+01
    8.83966e-05     5.45492e+01
    8.89707e-05     5.48896e+01
    8.95487e-05     5.52321e+01
    9.01303e-05     5.55766e+01
    9.07158e-05     5.59235e+01
    9.13050e-05     5.62724e+01
    9.18981e-05     5.66236e+01
    9.24950e-05     5.69768e+01
    9.30958e-05     5.73323e+01
    9.37005e-05     5.76901e+01
    9.43092e-05     5.80500e+01
    9.49218e-05     5.84121e+01
    9.55383e-05     5.87766e+01
    9.61589e-05     5.91432e+01
    9.67835e-05     5.95122e+01
    9.74122e-05     5.98835e+01
    9.80449e-05     6.02571e+01
    9.86818e-05     6.06330e+01
    9.93228e-05     6.10112e+01
    9.99679e-05     6.13919e+01
    1.00617e-04     6.17747e+01
    1.01271e-04     6.21603e+01
    1.01929e-04     6.25483e+01
    1.02591e-04     6.29385e+01
    1.03257e-04     6.33308e+01
    1.03928e-04     6.37262e+01
    1.04603e-04     6.41237e+01
    1.05282e-04     6.45236e+01
    1.05966e-04     6.49261e+01
    1.06655e-04     6.53317e+01
    1.07347e-04     6.57388e+01
    1.08045e-04     6.61493e+01
    1.08746e-04     6.65616e+01
    1.09453e-04     6.69772e+01
    1.10164e-04     6.73950e+01
    1.10879e-04     6.78152e+01
    1.11599e-04     6.82381e+01
    1.12324e-04     6.86639e+01
    1.13054e-04     6.90924e+01
    1.13788e-04     6.95232e+01
    1.14527e-04     6.99568e+01
    1.15271e-04     7.03933e+01
    1.16020e-04     7.08325e+01
    1.16774e-04     7.12745e+01
    1.17532e-04     7.17188e+01
    1.18296e-04     7.21665e+01
    1.19064e-04     7.26163e+01
    1.19837e-04     7.30691e+01
    1.20616e-04     7.35251e+01
    1.21399e-04     7.39835e+01
    1.22188e-04     7.44451e+01
    1.22982e-04     7.49097e+01
    1.23780e-04     7.53763e+01
    1.24584e-04     7.58465e+01
    1.25394e-04     7.63199e+01
    1.26208e-04     7.67957e+01
    1.27028e-04     7.72748e+01
    1.27853e-04     7.77567e+01
    1.28684e-04     7.82419e+01
    1.29519e-04     7.87294e+01
    1.30361e-04     7.92209e+01
    1.31208e-04     7.97150e+01
    1.32060e-04     8.02120e+01
    1.32918e-04     8.07125e+01
    1.33781e-04     8.12156e+01
    1.34650e-04     8.17221e+01
    1.35525e-04     8.22321e+01
    1.36405e-04     8.27447e+01
    1.37291e-04     8.32607e+01
    1.38183e-04     8.37802e+01
    1.39080e-04     8.43023e+01
    1.39984e-04     8.48284e+01
    1.40893e-04     8.53572e+01
    1.41808e-04     8.58896e+01
    1.42729e-04     8.64251e+01
    1.43656e-04     8.69640e+01
    1.44589e-04     8.75062e+01
    1.45529e-04     8.80524e+01
    1.46474e-04     8.86013e+01
    1.47425e-04     8.91536e+01
    1.48383e-04     8.97098e+01
    1.49347e-04     9.02692e+01
    1.50317e-04     9.08320e+01
    1.51293e-04     9.13982e+01
    1.52276e-04     9.19682e+01
    1.53265e-04     9.25416e+01
    1.54261e-04     9.31188e+01
    1.55263e-04     9.36993e+01
    1.56271e-04     9.42833e+01
    1.57286e-04     9.48710e+01
    1.58308e-04     9.54627e+01
    1.59336e-04     9.60576e+01
    1.60371e-04     9.66564e+01
    1.61413e-04     9.72592e+01
    1.62461e-04     9.78652e+01
    1.63517e-04     9.84755e+01
    1.64579e-04     9.90894e+01
    1.65648e-04     9.97071e+01
    1.66724e-04     1.00329e+02
    1.67807e-04     1.00954e+02
    1.68897e-04     1.01583e+02
    1.69994e-04     1.02217e+02
    1.71098e-04     1.02853e+02
    1.72209e-04     1.03494e+02
    1.73328e-04     1.04140e+02
    1.74454e-04     1.04789e+02
    1.75587e-04     1.05442e+02
    1.76728e-04     1.06099e+02
    1.77875e-04     1.06760e+02
    1.79031e-04     1.07426e+02
    1.80194e-04     1.08095e+02
    1.81364e-04     1.08769e+02
    1.82542e-04     1.09447e+02
    1.83728e-04     1.10129e+02
    1.84921e-04     1.10815e+02
    1.86123e-04     1.11506e+02
    1.87332e-04     1.12201e+02
    1.88548e-04     1.12900e+02
    1.89773e-04     1.13603e+02
    1.91006e-04     1.14312e+02
    1.92246e-04     1.15023e+02
    1.93495e-04     1.15740e+02
    1.94752e-04     1.16461e+02
    1.96017e-04     1.17187e+02
    1.97290e-04     1.17917e+02
    1.98572e-04     1.18652e+02
    1.99862e-04     1.19391e+02
    2.01160e-04     1.20135e+02
    2.02467e-04     1.20884e+02
    2.03782e-04     1.21637e+02
    2.05105e-04     1.22394e+02
    2.06438e-04     1.23157e+02
    2.07779e-04     1.23924e+02
    2.09128e-04     1.24696e+02
    2.10487e-04     1.25472e+02
    2.11854e-04     1.26254e+02
    2.13230e-04     1.27040e+02
    2.14615e-04     1.27831e+02
    2.16009e-04     1.28628e+02
    2.17412e-04     1.29429e+02
    2.18824e-04     1.30235e+02
    2.20246e-04     1.31046e+02
    2.21676e-04     1.31862e+02
    2.23116e-04     1.32683e+02
    2.24565e-04     1.33509e+02
    2.26024e-04     1.34340e+02
    2.27492e-04     1.35176e+02
    2.28970e-04     1.36018e+02
    2.30457e-04     1.36865e+02
    2.31954e-04     1.37717e+02
    2.33461e-04     1.38575e+02
    2.34977e-04     1.39437e+02
    2.36504e-04     1.40305e+02
    2.38040e-04     1.41179e+02
    2.39586e-04     1.42057e+02
    2.41142e-04     1.42941e+02
    2.42709e-04     1.43832e+02
    2.44285e-04     1.44726e+02
    2.45872e-04     1.45627e+02
    2.47469e-04     1.46533e+02
    2.49076e-04     1.47445e+02
    2.50694e-04     1.48363e+02
    2.52323e-04     1.49286e+02
    2.53962e-04     1.50215e+02
    2.55611e-04     1.51149e+02
    2.57272e-04     1.52090e+02
    2.58943e-04     1.53037e+02
    2.60625e-04     1.53989e+02
    2.62318e-04     1.54947e+02
    2.64022e-04     1.55911e+02
    2.65737e-04     1.56881e+02
    2.67463e-04     1.57857e+02
    2.69200e-04     1.58839e+02
    2.70949e-04     1.59827e+02
    2.72709e-04     1.60821e+02
    2.74480e-04     1.61821e+02
    2.76263e-04     1.62827e+02
    2.78057e-04     1.63840e+02
    2.79863e-04     1.64859e+02
    2.81681e-04     1.65884e+02
    2.83511e-04     1.66916e+02
    2.85353e-04     1.67954e+02
    2.87206e-04     1.68998e+02
    2.89072e-04     1.70049e+02
    2.90949e-04     1.71106e+02
    2.92839e-04     1.72170e+02
    2.94741e-04     1.73240e+02
    2.96656e-04     1.74317e+02
    2.98583e-04     1.75401e+02
    3.00522e-04     1.76491e+02
    3.02474e-04     1.77587e+02
    3.04439e-04     1.78691e+02
    3.06417e-04     1.79802e+02
    3.08407e-04     1.80919e+02
    3.10410e-04     1.82043e+02
    3.12426e-04     1.83174e+02
    3.14456e-04     1.84313e+02
    3.16498e-04     1.85457e+02
    3.18554e-04     1.86610e+02
    3.20623e-04     1.87769e+02
    3.22706e-04     1.88935e+02
    3.24802e-04     1.90109e+02
    3.26912e-04     1.91289e+02
    3.29035e-04     1.92477e+02
    3.31173e-04     1.93673e+02
    3.33324e-04     1.94876e+02
    3.35489e-04     1.96086e+02
    3.37668e-04     1.97303e+02
    3.39861e-04     1.98528e+02
    3.42069e-04     1.99761e+02
    3.44291e-04     2.01001e+02
    3.46527e-04     2.02248e+02
    3.48778e-04     2.03504e+02
    3.51044e-04     2.04767e+02
    3.53324e-04     2.06038e+02
    3.55619e-04     2.07316e+02
    3.57929e-04     2.08603e+02
    3.60254e-04     2.09898e+02
    3.62594e-04     2.11200e+02
    3.64949e-04     2.12510e+02
    3.67320e-04     2.13828e+02
    3.69706e-04     2.15155e+02
    3.72107e-04     2.16489e+02
    3.74524e-04     2.17831e+02
    3.76957e-04     2.19182e+02
    3.79405e-04     2.20541e+02
    3.81870e-04     2.21909e+02
    3.84350e-04     2.23284e+02
    3.86847e-04     2.24668e+02
    3.89360e-04     2.26061e+02
    3.91889e-04     2.27462e+02
    3.94434e-04     2.28871e+02
    3.96996e-04     2.30289e+02
    3.99575e-04     2.31716e+02
    4.02171e-04     2.33152e+02
    4.04783e-04     2.34596e+02
    4.07412e-04     2.36050e+02
    4.10059e-04     2.37512e+02
    4.12722e-04     2.38983e+02
    4.15403e-04     2.40463e+02
    4.18101e-04     2.41952e+02
    4.20817e-04     2.43451e+02
    4.23550e-04     2.44958e+02
    4.26302e-04     2.46474e+02
    4.29071e-04     2.48000e+02
    4.31858e-04     2.49535e+02
    4.34663e-04     2.51080e+02
    4.37486e-04     2.52633e+02
    4.40328e-04     2.54197e+02
    4.43188e-04     2.55770e+02
    4.46067e-04     2.57352e+02
    4.48964e-04     2.58944e+02
    4.51881e-04     2.60546e+02
    4.54816e-04     2.62157e+02
    4.57770e-04     2.63778e+02
    4.60744e-04     2.65410e+02
    4.63736e-04     2.67050e+02
    4.66749e-04     2.68701e+02
    4.69780e-04     2.70362e+02
    4.72832e-04     2.72033e+02
    4.75903e-04     2.73714e+02
    4.78994e-04     2.75405e+02
    4.82106e-04     2.77107e+02
    4.85237e-04     2.78818e+02
    4.88389e-04     2.80540e+02
    4.91562e-04     2.82273e+02
    4.94754e-04     2.84015e+02
    4.97968e-04     2.85768e+02
    5.01203e-04     2.87533e+02
    5.04458e-04     2.89307e+02
    5.07735e-04     2.91093e+02
    5.11033e-04     2.92888e+02
    5.14353e-04     2.94696e+02
    5.17694e-04     2.96514e+02
    5.21056e-04     2.98342e+02
    5.24441e-04     3.00182e+02
    5.27847e-04     3.02033e+02
    5.31276e-04     3.03895e+02
    5.34727e-04     3.05769e+02
    5.38200e-04     3.07653e+02
    5.41696e-04     3.09549e+02
    5.45215e-04     3.11457e+02
    5.48756e-04     3.13376e+02
    5.52321e-04     3.15306e+02
    5.55908e-04     3.17248e+02
    5.59519e-04     3.19202e+02
    5.63154e-04     3.21168e+02
    5.66812e-04     3.23145e+02
    5.70493e-04     3.25134e+02
    5.74199e-04     3.27135e+02
    5.77929e-04     3.29148e+02
    5.81683e-04     3.31174e+02
    5.85461e-04     3.33211e+02
    5.89264e-04     3.35261e+02
    5.93092e-04     3.37323e+02
    5.96944e-04     3.39397e+02
    6.00822e-04     3.41483e+02
    6.04724e-04     3.43582e+02
    6.08652e-04     3.45693e+02
    6.12606e-04     3.47818e+02
    6.16585e-04     3.49955e+02
    6.20590e-04     3.52104e+02
    6.24621e-04     3.54266e+02
    6.28678e-04     3.56441e+02
    6.32762e-04     3.58630e+02
    6.36872e-04     3.60830e+02
    6.41009e-04     3.63045e+02
    6.45173e-04     3.65272e+02
    6.49363e-04     3.67512e+02
    6.53581e-04     3.69766e+02
    6.57827e-04     3.72034e+02
    6.62100e-04     3.74315e+02
    6.66400e-04     3.76609e+02
    6.70729e-04     3.78917e+02
    6.75086e-04     3.81239e+02
    6.79471e-04     3.83574e+02
    6.83884e-04     3.85923e+02
    6.88327e-04     3.88287e+02
    6.92798e-04     3.90664e+02
    6.97298e-04     3.93055e+02
    7.01827e-04     3.95460e+02
    7.06386e-04     3.97880e+02
    7.10974e-04     4.00314e+02
    7.15592e-04     4.02761e+02
    7.20241e-04     4.05225e+02
    7.24919e-04     4.07701e+02
    7.29628e-04     4.10193e+02
    7.34367e-04     4.12698e+02
    7.39137e-04     4.15219e+02
    7.43938e-04     4.17755e+02
    7.48770e-04     4.20305e+02
    7.53634e-04     4.22870e+02
    7.58529e-04     4.25450e+02
    7.63456e-04     4.28045e+02
    7.68416e-04     4.30656e+02
    7.73407e-04     4.33282e+02
    7.78431e-04     4.35923e+02
    7.83487e-04     4.38579e+02
    7.88576e-04     4.41251e+02
    7.93698e-04     4.43939e+02
    7.98854e-04     4.46642e+02
    8.04043e-04     4.49362e+02
    8.09265e-04     4.52096e+02
    8.14522e-04     4.54848e+02
    8.19813e-04     4.57615e+02
    8.25138e-04     4.60398e+02
    8.30498e-04     4.63198e+02
    8.35892e-04     4.66013e+02
    8.41322e-04     4.68845e+02
    8.46787e-04     4.71694e+02
    8.52287e-04     4.74559e+02
    8.57823e-04     4.77440e+02
    8.63395e-04     4.80339e+02
    8.69003e-04     4.83254e+02
    8.74648e-04     4.86186e+02
    8.80329e-04     4.89135e+02
    8.86048e-04     4.92101e+02
    8.91803e-04     4.95083e+02
    8.97596e-04     4.98083e+02
    9.03426e-04     5.01100e+02
    9.09294e-04     5.04134e+02
    9.15201e-04     5.07186e+02
    9.21145e-04     5.10255e+02
    9.27129e-04     5.13342e+02
    9.33151e-04     5.16446e+02
    9.39212e-04     5.19568e+02
    9.45313e-04     5.22708e+02
    9.51453e-04     5.25865e+02
    9.57633e-04     5.29041e+02
    9.63854e-04     5.32235e+02
    9.70115e-04     5.35447e+02
    9.76416e-04     5.38677e+02
    9.82758e-04     5.41926e+02
    9.89142e-04     5.45193e+02
    9.95567e-04     5.48479e+02
    1.00203e-03     5.51781e+02
    1.00854e-03     5.55105e+02
    1.01509e-03     5.58447e+02
    1.02169e-03     5.61811e+02
    1.02832e-03     5.65188e+02
    1.03500e-03     5.68586e+02
    1.04173e-03     5.72009e+02
    1.04849e-03     5.75443e+02
    1.05530e-03     5.78899e+02
    1.06216e-03     5.82379e+02
    1.06906e-03     5.85874e+02
    1.07600e-03     5.89387e+02
    1.08299e-03     5.92923e+02
    1.09003e-03     5.96481e+02
    1.09711e-03     6.00055e+02
    1.10423e-03     6.03645e+02
    1.11140e-03     6.07259e+02
    1.11862e-03     6.10894e+02
    1.12589e-03     6.14551e+02
    1.13320e-03     6.18224e+02
    1.14056e-03     6.21919e+02
    1.14797e-03     6.25636e+02
    1.15543e-03     6.29373e+02
    1.16293e-03     6.33127e+02
    1.17049e-03     6.36908e+02
    1.17809e-03     6.40706e+02
    1.18574e-03     6.44525e+02
    1.19345e-03     6.48370e+02
    1.20120e-03     6.52231e+02
    1.20900e-03     6.56112e+02
    1.21685e-03     6.60014e+02
    1.22476e-03     6.63943e+02
    1.23271e-03     6.67889e+02
    1.24072e-03     6.71859e+02
    1.24878e-03     6.75850e+02
    1.25689e-03     6.79862e+02
    1.26505e-03     6.83894e+02
    1.27327e-03     6.87951e+02
    1.28154e-03     6.92030e+02
    1.28987e-03     6.96134e+02
    1.29825e-03     7.00257e+02
    1.30668e-03     7.04400e+02
    1.31517e-03     7.08568e+02
    1.32371e-03     7.12757e+02
    1.33231e-03     7.16969e+02
    1.34096e-03     7.21202e+02
    1.34967e-03     7.25460e+02
    1.35844e-03     7.29741e+02
    1.36726e-03     7.34042e+02
    1.37614e-03     7.38368e+02
    1.38508e-03     7.42718e+02
    1.39408e-03     7.47091e+02
    1.40313e-03     7.51484e+02
    1.41225e-03     7.55906e+02
    1.42142e-03     7.60345e+02
    1.43065e-03     7.64810e+02
    1.43995e-03     7.69302e+02
    1.44930e-03     7.73813e+02
    1.45871e-03     7.78346e+02
    1.46819e-03     7.82909e+02
    1.47773e-03     7.87494e+02
    1.48732e-03     7.92098e+02
    1.49699e-03     7.96734e+02
    1.50671e-03     8.01388e+02
    1.51650e-03     8.06070e+02
    1.52635e-03     8.10774e+02
    1.53626e-03     8.15501e+02
    1.54624e-03     8.20254e+02
    1.55628e-03     8.25031e+02
    1.56639e-03     8.29834e+02
    1.57657e-03     8.34664e+02
    1.58681e-03     8.39517e+02
    1.59711e-03     8.44389e+02
    1.60749e-03     8.49295e+02
    1.61793e-03     8.54222e+02
    1.62844e-03     8.59175e+02
    1.63902e-03     8.64154e+02
    1.64966e-03     8.69154e+02
    1.66038e-03     8.74185e+02
    1.67116e-03     8.79238e+02
    1.68202e-03     8.84320e+02
    1.69295e-03     8.89429e+02
    1.70394e-03     8.94556e+02
    1.71501e-03     8.99713e+02
    1.72615e-03     9.04897e+02
    1.73736e-03     9.10105e+02
    1.74865e-03     9.15342e+02
    1.76001e-03     9.20603e+02
    1.77144e-03     9.25889e+02
    1.78294e-03     9.31199e+02
    1.79453e-03     9.36544e+02
    1.80618e-03     9.41905e+02
    1.81791e-03     9.47295e+02
    1.82972e-03     9.52714e+02
    1.84161e-03     9.58162e+02
    1.85357e-03     9.63631e+02
    1.86561e-03     9.69129e+02
    1.87773e-03     9.74654e+02
    1.88992e-03     9.80202e+02
    1.90220e-03     9.85782e+02
    1.91456e-03     9.91388e+02
    1.92699e-03     9.97018e+02
    1.93951e-03     1.00268e+03
    1.95211e-03     1.00836e+03
    1.96479e-03     1.01408e+03
    1.97755e-03     1.01982e+03
    1.99040e-03     1.02559e+03
    2.00332e-03     1.03138e+03
    2.01634e-03     1.03720e+03
    2.02943e-03     1.04305e+03
    2.04262e-03     1.04893e+03
    2.05588e-03     1.05483e+03
    2.06924e-03     1.06077e+03
    2.08268e-03     1.06673e+03
    2.09621e-03     1.07272e+03
    2.10982e-03     1.07873e+03
    2.12353e-03     1.08477e+03
    2.13732e-03     1.09084e+03
    2.15120e-03     1.09694e+03
    2.16518e-03     1.10307e+03
    2.17924e-03     1.10922e+03
    2.19340e-03     1.11541e+03
    2.20764e-03     1.12162e+03
    2.22198e-03     1.12785e+03
    2.23642e-03     1.13412e+03
    2.25094e-03     1.14041e+03
    2.26557e-03     1.14674e+03
    2.28028e-03     1.15309e+03
    2.29509e-03     1.15947e+03
    2.31000e-03     1.16588e+03
    2.32501e-03     1.17231e+03
    2.34011e-03     1.17878e+03
    2.35531e-03     1.18527e+03
    2.37061e-03     1.19179e+03
    2.38601e-03     1.19834e+03
    2.40150e-03     1.20492e+03
    2.41710e-03     1.21152e+03
    2.43280e-03     1.21816e+03
    2.44861e-03     1.22482e+03
    2.46451e-03     1.23151e+03
    2.48052e-03     1.23823e+03
    2.49663e-03     1.24498e+03
    2.51285e-03     1.25176e+03
    2.52917e-03     1.25857e+03
    2.54560e-03     1.26540e+03
    2.56213e-03     1.27226e+03
    2.57878e-03     1.27916e+03
    2.59553e-03     1.28608e+03
    2.61239e-03     1.29303e+03
    2.62936e-03     1.30000e+03
    2.64643e-03     1.30701e+03
    2.66362e-03     1.31404e+03
    2.68093e-03     1.32111e+03
    2.69834e-03     1.32820e+03
    2.71587e-03     1.33532e+03
    2.73351e-03     1.34247e+03
    2.75126e-03     1.34964e+03
    2.76914e-03     1.35685e+03
    2.78712e-03     1.36408e+03
    2.80523e-03     1.37135e+03
    2.82345e-03     1.37864e+03
    2.84179e-03     1.38595e+03
    2.86025e-03     1.39330e+03
    2.87883e-03     1.40068e+03
    2.89752e-03     1.40808e+03
    2.91635e-03     1.41551e+03
    2.93529e-03     1.42297e+03
    2.95436e-03     1.43046e+03
    2.97355e-03     1.43798e+03
    2.99286e-03     1.44552e+03
    3.01230e-03     1.45309e+03
    3.03187e-03     1.46069e+03
    3.05156e-03     1.46832e+03
    3.07138e-03     1.47598e+03
    3.09133e-03     1.48366e+03
    3.11141e-03     1.49137e+03
    3.13162e-03     1.49911e+03
    3.15196e-03     1.50688e+03
    3.17244e-03     1.51468e+03
    3.19304e-03     1.52250e+03
    3.21379e-03     1.53035e+03
    3.23466e-03     1.53823e+03
    3.25567e-03     1.54613e+03
    3.27682e-03     1.55406e+03
    3.29810e-03     1.56202e+03
    3.31953e-03     1.57000e+03
    3.34109e-03     1.57802e+03
    3.36279e-03     1.58605e+03
    3.38463e-03     1.59412e+03
    3.40662e-03     1.60222e+03
    3.42875e-03     1.61034e+03
    3.45102e-03     1.61848e+03
    3.47344e-03     1.62666e+03
    3.49600e-03     1.63485e+03
    3.51871e-03     1.64308e+03
    3.54156e-03     1.65133e+03
    3.56457e-03     1.65961e+03
    3.58772e-03     1.66791e+03
    3.61102e-03     1.67624e+03
    3.63448e-03     1.68460e+03
    3.65809e-03     1.69298e+03
    3.68185e-03     1.70138e+03
    3.70576e-03     1.70981e+03
    3.72984e-03     1.71827e+03
    3.75406e-03     1.72675e+03
    3.77845e-03     1.73526e+03
    3.80299e-03     1.74379e+03
    3.82769e-03     1.75235e+03
    3.85256e-03     1.76093e+03
    3.87758e-03     1.76953e+03
    3.90277e-03     1.77816e+03
    3.92812e-03     1.78681e+03
    3.95363e-03     1.79549e+03
    3.97931e-03     1.80419e+03
    4.00516e-03     1.81291e+03
    4.03118e-03     1.82166e+03
    4.05736e-03     1.83042e+03
    4.08372e-03     1.83921e+03
    4.11024e-03     1.84802e+03
    4.13694e-03     1.85686e+03
    4.16381e-03     1.86572e+03
    4.19086e-03     1.87460e+03
    4.21808e-03     1.88350e+03
    4.24548e-03     1.89242e+03
    4.27306e-03     1.90136e+03
    4.30081e-03     1.91033e+03
    4.32875e-03     1.91932e+03
    4.35687e-03     1.92833e+03
    4.38517e-03     1.93735e+03
    4.41365e-03     1.94640e+03
    4.44232e-03     1.95547e+03
    4.47118e-03     1.96456e+03
    4.50022e-03     1.97366e+03
    4.52945e-03     1.98279e+03
    4.55887e-03     1.99194e+03
    4.58848e-03     2.00110e+03
    4.61829e-03     2.01029e+03
    4.64829e-03     2.01949e+03
    4.67848e-03     2.02871e+03
    4.70887e-03     2.03794e+03
    4.73946e-03     2.04720e+03
    4.77024e-03     2.05647e+03
    4.80123e-03     2.06576e+03
    4.83241e-03     2.07506e+03
    4.86380e-03     2.08438e+03
    4.89539e-03     2.09371e+03
    4.92719e-03     2.10306e+03
    4.95920e-03     2.11242e+03
    4.99141e-03     2.12180e+03
    5.02383e-03     2.13119e+03
    5.05646e-03     2.14061e+03
    5.08931e-03     2.15003e+03
    5.12237e-03     2.15946e+03
    5.15564e-03     2.16891e+03
    5.18913e-03     2.17838e+03
    5.22283e-03     2.18785e+03
    5.25676e-03     2.19734e+03
    5.29091e-03     2.20685e+03
    5.32527e-03     2.21635e+03
    5.35986e-03     2.22588e+03
    5.39468e-03     2.23542e+03
    5.42972e-03     2.24497e+03
    5.46499e-03     2.25453e+03
    5.50049e-03     2.26410e+03
    5.53622e-03     2.27368e+03
    5.57218e-03     2.28327e+03
    5.60837e-03     2.29286e+03
    5.64480e-03     2.30247e+03
    5.68147e-03     2.31209e+03
    5.71837e-03     2.32170e+03
    5.75551e-03     2.33133e+03
    5.79290e-03     2.34096e+03
    5.83053e-03     2.35060e+03
    5.86840e-03     2.36023e+03
    5.90652e-03     2.36987e+03
    5.94489e-03     2.37952e+03
    5.98350e-03     2.38916e+03
    6.02237e-03     2.39882e+03
    6.06149e-03     2.40847e+03
    6.10086e-03     2.41812e+03
    6.14049e-03     2.42777e+03
    6.18037e-03     2.43742e+03
    6.22052e-03     2.44707e+03
    6.26092e-03     2.45672e+03
    6.30159e-03     2.46638e+03
    6.34252e-03     2.47603e+03
    6.38372e-03     2.48567e+03
    6.42519e-03     2.49533e+03
    6.46692e-03     2.50496e+03
    6.50893e-03     2.51461e+03
    6.55121e-03     2.52424e+03
    6.59376e-03     2.53388e+03
    6.63659e-03     2.54350e+03
    6.67970e-03     2.55313e+03
    6.72309e-03     2.56275e+03
    6.76676e-03     2.57236e+03
    6.81071e-03     2.58196e+03
    6.85495e-03     2.59156e+03
    6.89948e-03     2.60115e+03
    6.94429e-03     2.61072e+03
    6.98940e-03     2.62029e+03
    7.03480e-03     2.62984e+03
    7.08050e-03     2.63939e+03
    7.12649e-03     2.64891e+03
    7.17278e-03     2.65843e+03
    7.21937e-03     2.66793e+03
    7.26626e-03     2.67742e+03
    7.31346e-03     2.68689e+03
    7.36097e-03     2.69634e+03
    7.40878e-03     2.70578e+03
    7.45690e-03     2.71519e+03
    7.50534e-03     2.72460e+03
    7.55409e-03     2.73398e+03
    7.60316e-03     2.74334e+03
    7.65255e-03     2.75268e+03
    7.70225e-03     2.76200e+03
    7.75228e-03     2.77130e+03
    7.80264e-03     2.78059e+03
    7.85332e-03     2.78984e+03
    7.90433e-03     2.79907e+03
    7.95568e-03     2.80828e+03
    8.00735e-03     2.81746e+03
    8.05937e-03     2.82663e+03
    8.11172e-03     2.83576e+03
    8.16441e-03     2.84487e+03
    8.21744e-03     2.85395e+03
    8.27081e-03     2.86300e+03
    8.32454e-03     2.87202e+03
    8.37861e-03     2.88101e+03
    8.43303e-03     2.88997e+03
    8.48781e-03     2.89890e+03
    8.54294e-03     2.90779e+03
    8.59844e-03     2.91665e+03
    8.65429e-03     2.92548e+03
    8.71050e-03     2.93426e+03
    8.76708e-03     2.94302e+03
    8.82403e-03     2.95173e+03
    8.88134e-03     2.96040e+03
    8.93903e-03     2.96904e+03
    8.99710e-03     2.97763e+03
    9.05554e-03     2.98619e+03
    9.11436e-03     2.99470e+03
    9.17356e-03     3.00316e+03
    9.23315e-03     3.01158e+03
    9.29312e-03     3.01996e+03
    9.35349e-03     3.02829e+03
    9.41424e-03     3.03657e+03
    9.47539e-03     3.04480e+03
    9.53694e-03     3.05299e+03
    9.59889e-03     3.06112e+03
    9.66124e-03     3.06920e+03
    9.72400e-03     3.07723e+03
    9.78716e-03     3.08520e+03
    9.85073e-03     3.09312e+03
    9.91472e-03     3.10099e+03
    9.97912e-03     3.10880e+03
    1.00439e-02     3.11654e+03
    1.01092e-02     3.12424e+03
    1.01748e-02     3.13185e+03
    1.02409e-02     3.13943e+03
    1.03075e-02     3.14696e+03
    1.03744e-02     3.15439e+03
    1.04418e-02     3.16177e+03
    1.05096e-02     3.16909e+03
    1.05779e-02     3.17634e+03
    1.06466e-02     3.18352e+03
    1.07158e-02     3.19066e+03
    1.07854e-02     3.19770e+03
    1.08554e-02     3.20465e+03
    1.09259e-02     3.21155e+03
    1.09969e-02     3.21839e+03
    1.10683e-02     3.22514e+03
    1.11402e-02     3.23182e+03
    1.12126e-02     3.23843e+03
    1.12854e-02     3.24495e+03
    1.13587e-02     3.25140e+03
    1.14325e-02     3.25777e+03
    1.15068e-02     3.26407e+03
    1.15815e-02     3.27026e+03
    1.16567e-02     3.27637e+03
    1.17324e-02     3.28241e+03
    1.18087e-02     3.28837e+03
    1.18854e-02     3.29423e+03
    1.19626e-02     3.30001e+03
    1.20403e-02     3.30569e+03
    1.21185e-02     3.31128e+03
    1.21972e-02     3.31677e+03
    1.22764e-02     3.32217e+03
    1.23562e-02     3.32751e+03
    1.24364e-02     3.33271e+03
    1.25172e-02     3.33782e+03
    1.25985e-02     3.34284e+03
    1.26803e-02     3.34775e+03
    1.27627e-02     3.35258e+03
    1.28456e-02     3.35729e+03
    1.29290e-02     3.36190e+03
    1.30130e-02     3.36641e+03
    1.30976e-02     3.37082e+03
    1.31826e-02     3.37510e+03
    1.32683e-02     3.37930e+03
    1.33544e-02     3.38336e+03
    1.34412e-02     3.38733e+03
    1.35285e-02     3.39118e+03
    1.36164e-02     3.39493e+03
    1.37048e-02     3.39854e+03
    1.37938e-02     3.40203e+03
    1.38834e-02     3.40543e+03
    1.39736e-02     3.40870e+03
    1.40644e-02     3.41185e+03
    1.41557e-02     3.41487e+03
    1.42477e-02     3.41779e+03
    1.43402e-02     3.42057e+03
    1.44334e-02     3.42324e+03
    1.45271e-02     3.42577e+03
    1.46215e-02     3.42819e+03
    1.47165e-02     3.43048e+03
    1.48121e-02     3.43263e+03
    1.49083e-02     3.43465e+03
    1.50051e-02     3.43653e+03
    1.51026e-02     3.43830e+03
    1.52007e-02     3.43993e+03
    1.52994e-02     3.44141e+03
    1.53988e-02     3.44276e+03
    1.54988e-02     3.44397e+03
    1.55995e-02     3.44504e+03
    1.57008e-02     3.44596e+03
    1.58028e-02     3.44676e+03
    1.59055e-02     3.44741e+03
    1.60088e-02     3.44790e+03
    1.61128e-02     3.44825e+03
    1.62174e-02     3.44844e+03
    1.63228e-02     3.44852e+03
    1.64288e-02     3.44841e+03
    1.65355e-02     3.44817e+03
    1.66429e-02     3.44777e+03
    1.67510e-02     3.44722e+03
    1.68598e-02     3.44653e+03
    1.69693e-02     3.44567e+03
    1.70796e-02     3.44468e+03
    1.71905e-02     3.44350e+03
    1.73022e-02     3.44219e+03
    1.74145e-02     3.44071e+03
    1.75277e-02     3.43910e+03
    1.76415e-02     3.43729e+03
    1.77561e-02     3.43534e+03
    1.78714e-02     3.43323e+03
    1.79875e-02     3.43097e+03
    1.81044e-02     3.42855e+03
    1.82220e-02     3.42595e+03
    1.83403e-02     3.42319e+03
    1.84594e-02     3.42026e+03
    1.85794e-02     3.41719e+03
    1.87000e-02     3.41392e+03
    1.88215e-02     3.41051e+03
    1.89438e-02     3.40694e+03
    1.90668e-02     3.40318e+03
    1.91907e-02     3.39927e+03
    1.93153e-02     3.39518e+03
    1.94408e-02     3.39092e+03
    1.95671e-02     3.38649e+03
    1.96942e-02     3.38188e+03
    1.98221e-02     3.37711e+03
    1.99508e-02     3.37215e+03
    2.00804e-02     3.36704e+03
    2.02109e-02     3.36176e+03
    2.03421e-02     3.35630e+03
    2.04743e-02     3.35068e+03
    2.06073e-02     3.34489e+03
    2.07411e-02     3.33891e+03
    2.08758e-02     3.33276e+03
    2.10114e-02     3.32645e+03
    2.11479e-02     3.31997e+03
    2.12853e-02     3.31333e+03
    2.14236e-02     3.30650e+03
    2.15627e-02     3.29951e+03
    2.17028e-02     3.29234e+03
    2.18437e-02     3.28500e+03
    2.19856e-02     3.27750e+03
    2.21284e-02     3.26984e+03
    2.22722e-02     3.26200e+03
    2.24168e-02     3.25399e+03
    2.25625e-02     3.24582e+03
    2.27090e-02     3.23748e+03
    2.28565e-02     3.22897e+03
    2.30050e-02     3.22030e+03
    2.31544e-02     3.21147e+03
    2.33048e-02     3.20246e+03
    2.34562e-02     3.19331e+03
    2.36086e-02     3.18398e+03
    2.37619e-02     3.17449e+03
    2.39162e-02     3.16484e+03
    2.40716e-02     3.15504e+03
    2.42280e-02     3.14507e+03
    2.43853e-02     3.13494e+03
    2.45437e-02     3.12467e+03
    2.47032e-02     3.11424e+03
    2.48636e-02     3.10366e+03
    2.50251e-02     3.09292e+03
    2.51877e-02     3.08205e+03
    2.53513e-02     3.07102e+03
    2.55159e-02     3.05985e+03
    2.56817e-02     3.04854e+03
    2.58485e-02     3.03709e+03
    2.60164e-02     3.02549e+03
    2.61854e-02     3.01377e+03
    2.63555e-02     3.00191e+03
    2.65267e-02     2.98991e+03
    2.66990e-02     2.97778e+03
    2.68724e-02     2.96552e+03
    2.70470e-02     2.95315e+03
    2.72226e-02     2.94064e+03
    2.73995e-02     2.92803e+03
    2.75774e-02     2.91528e+03
    2.77566e-02     2.90243e+03
    2.79369e-02     2.88947e+03
    2.81183e-02     2.87639e+03
    2.83010e-02     2.86321e+03
    2.84848e-02     2.84992e+03
    2.86698e-02     2.83653e+03
    2.88561e-02     2.82305e+03
    2.90435e-02     2.80946e+03
    2.92321e-02     2.79578e+03
    2.94220e-02     2.78203e+03
    2.96131e-02     2.76818e+03
    2.98055e-02     2.75424e+03
    2.99991e-02     2.74023e+03
    3.01940e-02     2.72615e+03
    3.03901e-02     2.71199e+03
    3.05875e-02     2.69777e+03
    3.07862e-02     2.68348e+03
    3.09861e-02     2.66912e+03
    3.11874e-02     2.65473e+03
    3.13900e-02     2.64026e+03
    3.15939e-02     2.62576e+03
    3.17991e-02     2.61121e+03
    3.20057e-02     2.59662e+03
    3.22135e-02     2.58198e+03
    3.24228e-02     2.56732e+03
    3.26334e-02     2.55262e+03
    3.28454e-02     2.53791e+03
    3.30587e-02     2.52315e+03
    3.32735e-02     2.50840e+03
    3.34896e-02     2.49363e+03
    3.37071e-02     2.47884e+03
    3.39261e-02     2.46405e+03
    3.41464e-02     2.44926e+03
    3.43682e-02     2.43447e+03
    3.45915e-02     2.41971e+03
    3.48162e-02     2.40493e+03
    3.50423e-02     2.39019e+03
    3.52699e-02     2.37545e+03
    3.54990e-02     2.36074e+03
    3.57296e-02     2.34607e+03
    3.59617e-02     2.33143e+03
    3.61953e-02     2.31682e+03
    3.64304e-02     2.30226e+03
    3.66670e-02     2.28772e+03
    3.69052e-02     2.27325e+03
    3.71449e-02     2.25883e+03
    3.73862e-02     2.24446e+03
    3.76290e-02     2.23016e+03
    3.78735e-02     2.21592e+03
    3.81195e-02     2.20175e+03
    3.83671e-02     2.18765e+03
    3.86163e-02     2.17363e+03
    3.88671e-02     2.15969e+03
    3.91196e-02     2.14584e+03
    3.93737e-02     2.13207e+03
    3.96295e-02     2.11839e+03
    3.98869e-02     2.10481e+03
    4.01460e-02     2.09133e+03
    4.04067e-02     2.07795e+03
    4.06692e-02     2.06466e+03
    4.09334e-02     2.05149e+03
    4.11992e-02     2.03843e+03
    4.14669e-02     2.02549e+03
    4.17362e-02     2.01265e+03
    4.20073e-02     1.99993e+03
    4.22802e-02     1.98735e+03
    4.25548e-02     1.97488e+03
    4.28312e-02     1.96254e+03
    4.31094e-02     1.95033e+03
    4.33894e-02     1.93825e+03
    4.36713e-02     1.92631e+03
    4.39550e-02     1.91452e+03
    4.42405e-02     1.90285e+03
    4.45278e-02     1.89131e+03
    4.48171e-02     1.87992e+03
    4.51082e-02     1.86868e+03
    4.54012e-02     1.85757e+03
    4.56961e-02     1.84661e+03
    4.59929e-02     1.83578e+03
    4.62917e-02     1.82511e+03
    4.65923e-02     1.81457e+03
    4.68950e-02     1.80418e+03
    4.71996e-02     1.79394e+03
    4.75062e-02     1.78386e+03
    4.78148e-02     1.77391e+03
    4.81253e-02     1.76411e+03
    4.84379e-02     1.75446e+03
    4.87526e-02     1.74495e+03
    4.90692e-02     1.73559e+03
    4.93880e-02     1.72635e+03
    4.97088e-02     1.71727e+03
    5.00317e-02     1.70832e+03
    5.03566e-02     1.69950e+03
    5.06837e-02     1.69081e+03
    5.10130e-02     1.68226e+03
    5.13443e-02     1.67384e+03
    5.16778e-02     1.66555e+03
    5.20135e-02     1.65739e+03
    5.23514e-02     1.64935e+03
    5.26914e-02     1.64142e+03
    5.30337e-02     1.63362e+03
    5.33782e-02     1.62591e+03
    5.37249e-02     1.61831e+03
    5.40738e-02     1.61083e+03
    5.44251e-02     1.60342e+03
    5.47786e-02     1.59612e+03
    5.51344e-02     1.58890e+03
    5.54926e-02     1.58178e+03
    5.58530e-02     1.57472e+03
    5.62158e-02     1.56775e+03
    5.65810e-02     1.56083e+03
    5.69485e-02     1.55399e+03
    5.73184e-02     1.54720e+03
    5.76907e-02     1.54046e+03
    5.80654e-02     1.53376e+03
    5.84426e-02     1.52710e+03
    5.88222e-02     1.52047e+03
    5.92043e-02     1.51386e+03
    5.95889e-02     1.50728e+03
    5.99759e-02     1.50069e+03
    6.03655e-02     1.49411e+03
    6.07576e-02     1.48753e+03
    6.11523e-02     1.48095e+03
    6.15495e-02     1.47433e+03
    6.19493e-02     1.46769e+03
    6.23517e-02     1.46102e+03
    6.27567e-02     1.45433e+03
    6.31643e-02     1.44757e+03
    6.35746e-02     1.44077e+03
    6.39876e-02     1.43389e+03
    6.44032e-02     1.42695e+03
    6.48215e-02     1.41994e+03
    6.52426e-02     1.41284e+03
    6.56664e-02     1.40566e+03
    6.60929e-02     1.39838e+03
    6.65222e-02     1.39102e+03
    6.69543e-02     1.38353e+03
    6.73892e-02     1.37593e+03
    6.78270e-02     1.36822e+03
    6.82675e-02     1.36038e+03
    6.87110e-02     1.35241e+03
    6.91573e-02     1.34431e+03
    6.96065e-02     1.33606e+03
    7.00586e-02     1.32767e+03
    7.05137e-02     1.31916e+03
    7.09717e-02     1.31048e+03
    7.14327e-02     1.30167e+03
    7.18967e-02     1.29271e+03
    7.23637e-02     1.28359e+03
    7.28338e-02     1.27431e+03
    7.33069e-02     1.26488e+03
    7.37830e-02     1.25531e+03
    7.42623e-02     1.24557e+03
    7.47447e-02     1.23568e+03
    7.52302e-02     1.22565e+03
    7.57188e-02     1.21549e+03
    7.62107e-02     1.20517e+03
    7.67057e-02     1.19470e+03
    7.72039e-02     1.18412e+03
    7.77054e-02     1.17338e+03
    7.82102e-02     1.16253e+03
    7.87182e-02     1.15156e+03
    7.92295e-02     1.14047e+03
    7.97441e-02     1.12927e+03
    8.02621e-02     1.11798e+03
    8.07835e-02     1.10660e+03
    8.13082e-02     1.09514e+03
    8.18363e-02     1.08361e+03
    8.23679e-02     1.07200e+03
    8.29029e-02     1.06035e+03
    8.34414e-02     1.04865e+03
    8.39834e-02     1.03693e+03
    8.45290e-02     1.02519e+03
    8.50780e-02     1.01343e+03
    8.56306e-02     1.00168e+03
    8.61869e-02     9.89951e+02
    8.67467e-02     9.78238e+02
    8.73102e-02     9.66579e+02
    8.78773e-02     9.54962e+02
    8.84481e-02     9.43413e+02
    8.90226e-02     9.31944e+02
    8.96009e-02     9.20557e+02
    9.01829e-02     9.09288e+02
    9.07687e-02     8.98125e+02
    9.13583e-02     8.87081e+02
    9.19517e-02     8.76180e+02
    9.25490e-02     8.65434e+02
    9.31501e-02     8.54830e+02
    9.37552e-02     8.44405e+02
    9.43642e-02     8.34146e+02
    9.49771e-02     8.24075e+02
    9.55940e-02     8.14206e+02
    9.62150e-02     8.04549e+02
    9.68399e-02     7.95102e+02
    9.74690e-02     7.85879e+02
    9.81021e-02     7.76875e+02
    9.87393e-02     7.68115e+02
    9.93807e-02     7.59574e+02
    1.00026e-01     7.51285e+02
    1.00676e-01     7.43228e+02
    1.01330e-01     7.35409e+02
    1.01988e-01     7.27839e+02
    1.02651e-01     7.20522e+02
    1.03317e-01     7.13445e+02
    1.03988e-01     7.06631e+02
    1.04664e-01     7.00067e+02
    1.05344e-01     6.93735e+02
    1.06028e-01     6.87634e+02
    1.06717e-01     6.81769e+02
    1.07410e-01     6.76121e+02
    1.08108e-01     6.70696e+02
    1.08810e-01     6.65476e+02
    1.09517e-01     6.60455e+02
    1.10228e-01     6.55650e+02
    1.10944e-01     6.51020e+02
    1.11665e-01     6.46564e+02
    1.12390e-01     6.42265e+02
    1.13120e-01     6.38117e+02
    1.13855e-01     6.34109e+02
    1.14594e-01     6.30211e+02
    1.15339e-01     6.26423e+02
    1.16088e-01     6.22722e+02
    1.16842e-01     6.19115e+02
    1.17601e-01     6.15565e+02
    1.18365e-01     6.12061e+02
    1.19134e-01     6.08593e+02
    1.19907e-01     6.05131e+02
    1.20686e-01     6.01673e+02
    1.21470e-01     5.98204e+02
    1.22259e-01     5.94699e+02
    1.23053e-01     5.91148e+02
    1.23853e-01     5.87531e+02
    1.24657e-01     5.83839e+02
    1.25467e-01     5.80069e+02
    1.26282e-01     5.76194e+02
    1.27102e-01     5.72208e+02
    1.27928e-01     5.68102e+02
    1.28759e-01     5.63861e+02
    1.29595e-01     5.59471e+02
    1.30437e-01     5.54937e+02
    1.31284e-01     5.50250e+02
    1.32137e-01     5.45413e+02
    1.32995e-01     5.40420e+02
    1.33859e-01     5.35274e+02
    1.34728e-01     5.29970e+02
    1.35604e-01     5.24513e+02
    1.36484e-01     5.18898e+02
    1.37371e-01     5.13144e+02
    1.38263e-01     5.07253e+02
    1.39161e-01     5.01242e+02
    1.40065e-01     4.95120e+02
    1.40975e-01     4.88896e+02
    1.41891e-01     4.82580e+02
    1.42812e-01     4.76183e+02
    1.43740e-01     4.69728e+02
    1.44674e-01     4.63231e+02
    1.45614e-01     4.56707e+02
    1.46559e-01     4.50174e+02
    1.47511e-01     4.43652e+02
    1.48469e-01     4.37158e+02
    1.49434e-01     4.30709e+02
    1.50405e-01     4.24321e+02
    1.51381e-01     4.18008e+02
    1.52365e-01     4.11796e+02
    1.53354e-01     4.05691e+02
    1.54351e-01     3.99718e+02
    1.55353e-01     3.93885e+02
    1.56362e-01     3.88208e+02
    1.57378e-01     3.82696e+02
    1.58400e-01     3.77355e+02
    1.59429e-01     3.72197e+02
    1.60465e-01     3.67231e+02
    1.61507e-01     3.62463e+02
    1.62556e-01     3.57898e+02
    1.63612e-01     3.53535e+02
    1.64675e-01     3.49371e+02
    1.65744e-01     3.45404e+02
    1.66821e-01     3.41635e+02
    1.67905e-01     3.38061e+02
    1.68995e-01     3.34673e+02
    1.70093e-01     3.31464e+02
    1.71198e-01     3.28419e+02
    1.72310e-01     3.25528e+02
    1.73429e-01     3.22777e+02
    1.74556e-01     3.20158e+02
    1.75689e-01     3.17652e+02
    1.76831e-01     3.15247e+02
    1.77979e-01     3.12919e+02
    1.79135e-01     3.10656e+02
    1.80299e-01     3.08440e+02
    1.81470e-01     3.06252e+02
    1.82649e-01     3.04077e+02
    1.83835e-01     3.01895e+02
    1.85029e-01     2.99693e+02
    1.86231e-01     2.97454e+02
    1.87441e-01     2.95160e+02
    1.88658e-01     2.92798e+02
    1.89884e-01     2.90362e+02
    1.91117e-01     2.87839e+02
    1.92359e-01     2.85224e+02
    1.93608e-01     2.82503e+02
    1.94866e-01     2.79677e+02
    1.96131e-01     2.76742e+02
    1.97405e-01     2.73704e+02
    1.98688e-01     2.70565e+02
    1.99978e-01     2.67323e+02
    2.01277e-01     2.63987e+02
    2.02585e-01     2.60569e+02
    2.03901e-01     2.57079e+02
    2.05225e-01     2.53531e+02
    2.06558e-01     2.49936e+02
    2.07900e-01     2.46309e+02
    2.09250e-01     2.42666e+02
    2.10609e-01     2.39023e+02
    2.11977e-01     2.35397e+02
    2.13354e-01     2.31804e+02
    2.14740e-01     2.28257e+02
    2.16135e-01     2.24772e+02
    2.17539e-01     2.21363e+02
    2.18952e-01     2.18043e+02
    2.20374e-01     2.14824e+02
    2.21806e-01     2.11715e+02
    2.23246e-01     2.08720e+02
    2.24696e-01     2.05849e+02
    2.26156e-01     2.03105e+02
    2.27625e-01     2.00489e+02
    2.29104e-01     1.98000e+02
    2.30592e-01     1.95634e+02
    2.32089e-01     1.93388e+02
    2.33597e-01     1.91259e+02
    2.35114e-01     1.89235e+02
    2.36642e-01     1.87306e+02
    2.38179e-01     1.85462e+02
    2.39726e-01     1.83693e+02
    2.41283e-01     1.81984e+02
    2.42850e-01     1.80322e+02
    2.44428e-01     1.78692e+02
    2.46015e-01     1.77082e+02
    2.47613e-01     1.75478e+02
    2.49222e-01     1.73869e+02
    2.50841e-01     1.72242e+02
    2.52470e-01     1.70585e+02
    2.54110e-01     1.68890e+02
    2.55760e-01     1.67151e+02
    2.57422e-01     1.65365e+02
    2.59094e-01     1.63523e+02
    2.60777e-01     1.61628e+02
    2.62471e-01     1.59681e+02
    2.64176e-01     1.57683e+02
    2.65892e-01     1.55639e+02
    2.67619e-01     1.53556e+02
    2.69357e-01     1.51443e+02
    2.71107e-01     1.49308e+02
    2.72868e-01     1.47161e+02
    2.74640e-01     1.45013e+02
    2.76424e-01     1.42876e+02
    2.78219e-01     1.40759e+02
    2.80027e-01     1.38675e+02
    2.81846e-01     1.36631e+02
    2.83676e-01     1.34636e+02
    2.85519e-01     1.32700e+02
    2.87374e-01     1.30827e+02
    2.89240e-01     1.29019e+02
    2.91119e-01     1.27284e+02
    2.93010e-01     1.25619e+02
    2.94913e-01     1.24022e+02
    2.96829e-01     1.22494e+02
    2.98757e-01     1.21029e+02
    3.00698e-01     1.19622e+02
    3.02651e-01     1.18265e+02
    3.04617e-01     1.16952e+02
    3.06595e-01     1.15674e+02
    3.08587e-01     1.14422e+02
    3.10591e-01     1.13188e+02
    3.12609e-01     1.11965e+02
    3.14639e-01     1.10743e+02
    3.16683e-01     1.09516e+02
    3.18740e-01     1.08277e+02
    3.20810e-01     1.07024e+02
    3.22894e-01     1.05752e+02
    3.24992e-01     1.04459e+02
    3.27103e-01     1.03146e+02
    3.29227e-01     1.01814e+02
    3.31366e-01     1.00465e+02
    3.33518e-01     9.91033e+01
    3.35685e-01     9.77349e+01
    3.37865e-01     9.63645e+01
    3.40060e-01     9.49983e+01
    3.42269e-01     9.36428e+01
    3.44492e-01     9.23027e+01
    3.46729e-01     9.09854e+01
    3.48982e-01     8.96956e+01
    3.51248e-01     8.84371e+01
    3.53530e-01     8.72132e+01
    3.55826e-01     8.60253e+01
    3.58138e-01     8.48759e+01
    3.60464e-01     8.37627e+01
    3.62805e-01     8.26857e+01
    3.65162e-01     8.16411e+01
    3.67534e-01     8.06263e+01
    3.69921e-01     7.96368e+01
    3.72324e-01     7.86690e+01
    3.74743e-01     7.77169e+01
    3.77177e-01     7.67768e+01
    3.79627e-01     7.58445e+01
    3.82093e-01     7.49156e+01
    3.84574e-01     7.39873e+01
    3.87072e-01     7.30562e+01
    3.89587e-01     7.21220e+01
    3.92117e-01     7.11842e+01
    3.94664e-01     7.02420e+01
    3.97228e-01     6.92975e+01
    3.99808e-01     6.83529e+01
    4.02405e-01     6.74097e+01
    4.05019e-01     6.64715e+01
    4.07650e-01     6.55418e+01
    4.10298e-01     6.46239e+01
    4.12963e-01     6.37193e+01
    4.15645e-01     6.28318e+01
    4.18345e-01     6.19624e+01
    4.21062e-01     6.11126e+01
    4.23797e-01     6.02831e+01
    4.26550e-01     5.94732e+01
    4.29321e-01     5.86834e+01
    4.32110e-01     5.79109e+01
    4.34916e-01     5.71546e+01
    4.37741e-01     5.64123e+01
    4.40585e-01     5.56810e+01
    4.43447e-01     5.49601e+01
    4.46327e-01     5.42454e+01
    4.49226e-01     5.35372e+01
    4.52144e-01     5.28322e+01
    4.55081e-01     5.21303e+01
    4.58037e-01     5.14317e+01
    4.61012e-01     5.07350e+01
    4.64007e-01     5.00423e+01
    4.67021e-01     4.93530e+01
    4.70054e-01     4.86695e+01
    4.73108e-01     4.79934e+01
    4.76181e-01     4.73243e+01
    4.79274e-01     4.66650e+01
    4.82387e-01     4.60160e+01
    4.85520e-01     4.53791e+01
    4.88674e-01     4.47536e+01
    4.91848e-01     4.41402e+01
    4.95043e-01     4.35374e+01
    4.98259e-01     4.29459e+01
    5.01495e-01     4.23650e+01
    5.04753e-01     4.17928e+01
    5.08031e-01     4.12286e+01
    5.11331e-01     4.06712e+01
    5.14653e-01     4.01207e+01
    5.17995e-01     3.95751e+01
    5.21360e-01     3.90339e+01
    5.24747e-01     3.84978e+01
    5.28155e-01     3.79665e+01
    5.31586e-01     3.74398e+01
    5.35039e-01     3.69186e+01
    5.38514e-01     3.64030e+01
    5.42012e-01     3.58936e+01
    5.45533e-01     3.53910e+01
    5.49076e-01     3.48962e+01
    5.52643e-01     3.44087e+01
    5.56233e-01     3.39284e+01
    5.59846e-01     3.34565e+01
    5.63482e-01     3.29918e+01
    5.67142e-01     3.25341e+01
    5.70826e-01     3.20831e+01
    5.74534e-01     3.16386e+01
    5.78266e-01     3.12000e+01
    5.82022e-01     3.07662e+01
    5.85803e-01     3.03383e+01
    5.89608e-01     2.99146e+01
    5.93437e-01     2.94956e+01
    5.97292e-01     2.90815e+01
    6.01172e-01     2.86721e+01
    6.05077e-01     2.82680e+01
    6.09007e-01     2.78692e+01
    6.12963e-01     2.74756e+01
    6.16945e-01     2.70873e+01
    6.20952e-01     2.67049e+01
    6.24985e-01     2.63279e+01
    6.29045e-01     2.59562e+01
    6.33131e-01     2.55895e+01
    6.37244e-01     2.52279e+01
    6.41383e-01     2.48712e+01
    6.45549e-01     2.45194e+01
    6.49742e-01     2.41724e+01
    6.53963e-01     2.38302e+01
    6.58210e-01     2.34925e+01
    6.62486e-01     2.31594e+01
    6.66789e-01     2.28307e+01
    6.71120e-01     2.25065e+01
    6.75479e-01     2.21866e+01
    6.79867e-01     2.18710e+01
    6.84283e-01     2.15595e+01
    6.88728e-01     2.12522e+01
    6.93202e-01     2.09490e+01
    6.97704e-01     2.06498e+01
    7.02236e-01     2.03547e+01
    7.06798e-01     2.00636e+01
    7.11389e-01     1.97764e+01
    7.16010e-01     1.94930e+01
    7.20661e-01     1.92135e+01
    7.25342e-01     1.89378e+01
    7.30053e-01     1.86659e+01
    7.34795e-01     1.83977e+01
    7.39568e-01     1.81331e+01
    7.44372e-01     1.78722e+01
    7.49207e-01     1.76148e+01
    7.54074e-01     1.73611e+01
    7.58972e-01     1.71107e+01
    7.63902e-01     1.68639e+01
    7.68864e-01     1.66204e+01
    7.73858e-01     1.63802e+01
    7.78884e-01     1.61434e+01
    7.83944e-01     1.59098e+01
    7.89036e-01     1.56795e+01
    7.94161e-01     1.54523e+01
    7.99320e-01     1.52283e+01
    8.04512e-01     1.50073e+01
    8.09737e-01     1.47894e+01
    8.14997e-01     1.45745e+01
    8.20291e-01     1.43626e+01
    8.25619e-01     1.41536e+01
    8.30982e-01     1.39475e+01
    8.36380e-01     1.37443e+01
    8.41812e-01     1.35439e+01
    8.47280e-01     1.33463e+01
    8.52784e-01     1.31515e+01
    8.58323e-01     1.29594e+01
    8.63899e-01     1.27700e+01
    8.69510e-01     1.25831e+01
    8.75158e-01     1.23990e+01
    8.80843e-01     1.22174e+01
    8.86564e-01     1.20384e+01
    8.92323e-01     1.18618e+01
    8.98119e-01     1.16877e+01
    9.03953e-01     1.15162e+01
    9.09825e-01     1.13470e+01
    9.15734e-01     1.11801e+01
    9.21683e-01     1.10157e+01
    9.27669e-01     1.08535e+01
    9.33695e-01     1.06937e+01
    9.39760e-01     1.05361e+01
    9.45864e-01     1.03807e+01
    9.52008e-01     1.02275e+01
    9.58192e-01     1.00765e+01
    9.64416e-01     9.92763e+00
    9.70680e-01     9.78084e+00
    9.76985e-01     9.63618e+00
    9.83332e-01     9.49353e+00
    9.89719e-01     9.35294e+00
    9.96148e-01     9.21435e+00
    1.00262e+00     9.07774e+00
    1.00913e+00     8.94303e+00
    1.01569e+00     8.81031e+00
    1.02228e+00     8.67936e+00
    1.02892e+00     8.55034e+00
    1.03561e+00     8.42323e+00
    1.04233e+00     8.29784e+00
    1.04910e+00     8.17426e+00
    1.05592e+00     8.05249e+00
    1.06278e+00     7.93240e+00
    1.06968e+00     7.81404e+00
    1.07663e+00     7.69737e+00
    1.08362e+00     7.58236e+00
    1.09066e+00     7.46901e+00
    1.09775e+00     7.35732e+00
    1.10488e+00     7.24720e+00
    1.11205e+00     7.13863e+00
    1.11928e+00     7.03170e+00
    1.12655e+00     6.92627e+00
    1.13386e+00     6.82230e+00
    1.14123e+00     6.71994e+00
    1.14864e+00     6.61902e+00
    1.15610e+00     6.51956e+00
    1.16361e+00     6.42159e+00
    1.17117e+00     6.32502e+00
    1.17878e+00     6.22985e+00
    1.18643e+00     6.13606e+00
    1.19414e+00     6.04367e+00
    1.20190e+00     5.95261e+00
    1.20970e+00     5.86285e+00
    1.21756e+00     5.77446e+00
    1.22547e+00     5.68731e+00
    1.23343e+00     5.60145e+00
    1.24144e+00     5.51686e+00
    1.24951e+00     5.43354e+00
    1.25762e+00     5.35137e+00
    1.26579e+00     5.27042e+00
    1.27401e+00     5.19065e+00
    1.28229e+00     5.11209e+00
    1.29062e+00     5.03466e+00
    1.29900e+00     4.95833e+00
    1.30744e+00     4.88315e+00
    1.31593e+00     4.80902e+00
    1.32448e+00     4.73603e+00
    1.33308e+00     4.66405e+00
    1.34174e+00     4.59313e+00
    1.35046e+00     4.52328e+00
    1.35923e+00     4.45441e+00
    1.36806e+00     4.38656e+00
    1.37695e+00     4.31972e+00
    1.38589e+00     4.25385e+00
    1.39489e+00     4.18895e+00
    1.40395e+00     4.12502e+00
    1.41307e+00     4.06200e+00
    1.42225e+00     3.99994e+00
    1.43149e+00     3.93883e+00
    1.44079e+00     3.87859e+00
    1.45015e+00     3.81923e+00
    1.45956e+00     3.76077e+00
    1.46905e+00     3.70320e+00
    1.47859e+00     3.64646e+00
    1.48819e+00     3.59054e+00
    1.49786e+00     3.53550e+00
    1.50759e+00     3.48127e+00
    1.51738e+00     3.42783e+00
    1.52724e+00     3.37521e+00
    1.53716e+00     3.32337e+00
    1.54714e+00     3.27229e+00
    1.55719e+00     3.22200e+00
    1.56731e+00     3.17246e+00
    1.57749e+00     3.12364e+00
    1.58773e+00     3.07555e+00
    1.59805e+00     3.02821e+00
    1.60843e+00     2.98154e+00
    1.61887e+00     2.93557e+00
    1.62939e+00     2.89032e+00
    1.63997e+00     2.84571e+00
    1.65063e+00     2.80178e+00
    1.66135e+00     2.75850e+00
    1.67214e+00     2.71584e+00
    1.68300e+00     2.67385e+00
    1.69393e+00     2.63246e+00
    1.70494e+00     2.59172e+00
    1.71601e+00     2.55156e+00
    1.72716e+00     2.51201e+00
    1.73838e+00     2.47307e+00
    1.74967e+00     2.43470e+00
    1.76103e+00     2.39691e+00
    1.77247e+00     2.35970e+00
    1.78398e+00     2.32305e+00
    1.79557e+00     2.28695e+00
    1.80724e+00     2.25141e+00
    1.81897e+00     2.21640e+00
    1.83079e+00     2.18191e+00
    1.84268e+00     2.14797e+00
    1.85465e+00     2.11453e+00
    1.86670e+00     2.08160e+00
    1.87882e+00     2.04915e+00
    1.89103e+00     2.01724e+00
    1.90331e+00     1.98578e+00
    1.91567e+00     1.95480e+00
    1.92812e+00     1.92431e+00
    1.94064e+00     1.89427e+00
    1.95325e+00     1.86469e+00
    1.96593e+00     1.83556e+00
    1.97870e+00     1.80690e+00
    1.99156e+00     1.77864e+00
    2.00449e+00     1.75082e+00
    2.01751e+00     1.72343e+00
    2.03062e+00     1.69647e+00
    2.04381e+00     1.66990e+00
    2.05708e+00     1.64374e+00
    2.07045e+00     1.61798e+00
    2.08389e+00     1.59258e+00
    2.09743e+00     1.56760e+00
    2.11105e+00     1.54297e+00
    2.12477e+00     1.51874e+00
    2.13857e+00     1.49488e+00
    2.15246e+00     1.47138e+00
    2.16644e+00     1.44822e+00
    2.18051e+00     1.42543e+00
    2.19468e+00     1.40300e+00
    2.20893e+00     1.38089e+00
    2.22328e+00     1.35915e+00
    2.23772e+00     1.33772e+00
    2.25226e+00     1.31663e+00
    2.26689e+00     1.29587e+00
    2.28161e+00     1.27542e+00
    2.29643e+00     1.25529e+00
    2.31135e+00     1.23548e+00
    2.32636e+00     1.21596e+00
    2.34147e+00     1.19676e+00
    2.35668e+00     1.17784e+00
    2.37199e+00     1.15922e+00
    2.38740e+00     1.14091e+00
    2.40290e+00     1.12285e+00
    2.41851e+00     1.10509e+00
    2.43422e+00     1.08760e+00
    2.45003e+00     1.07038e+00
    2.46595e+00     1.05342e+00
    2.48197e+00     1.03674e+00
    2.49809e+00     1.02030e+00
    2.51431e+00     1.00412e+00
    2.53065e+00     9.88201e-01
    2.54708e+00     9.72516e-01
    2.56363e+00     9.57078e-01
    2.58028e+00     9.41876e-01
    2.59704e+00     9.26907e-01
    2.61391e+00     9.12172e-01
    2.63089e+00     8.97661e-01
    2.64798e+00     8.83376e-01
    2.66518e+00     8.69312e-01
    2.68249e+00     8.55465e-01
    2.69991e+00     8.41834e-01
    2.71745e+00     8.28416e-01
    2.73510e+00     8.15206e-01
    2.75287e+00     8.02203e-01
    2.77075e+00     7.89401e-01
    2.78875e+00     7.76802e-01
    2.80686e+00     7.64396e-01
    2.82509e+00     7.52189e-01
    2.84344e+00     7.40171e-01
    2.86191e+00     7.28341e-01
    2.88050e+00     7.16699e-01
    2.89921e+00     7.05239e-01
    2.91805e+00     6.93962e-01
    2.93700e+00     6.82858e-01
    2.95608e+00     6.71932e-01
    2.97528e+00     6.61176e-01
    2.99461e+00     6.50590e-01
    3.01406e+00     6.40171e-01
    3.03364e+00     6.29916e-01
    3.05334e+00     6.19821e-01
    3.07317e+00     6.09886e-01
    3.09314e+00     6.00107e-01
    3.11323e+00     5.90481e-01
    3.13345e+00     5.81008e-01
    3.15380e+00     5.71681e-01
    3.17429e+00     5.62502e-01
    3.19491e+00     5.53466e-01
    3.21566e+00     5.44570e-01
    3.23655e+00     5.35815e-01
    3.25757e+00     5.27195e-01
    3.27873e+00     5.18710e-01
    3.30003e+00     5.10359e-01
    3.32146e+00     5.02138e-01
    3.34304e+00     4.94048e-01
    3.36475e+00     4.86083e-01
    3.38661e+00     4.78244e-01
    3.40861e+00     4.70530e-01
    3.43075e+00     4.62938e-01
    3.45303e+00     4.55464e-01
    3.47546e+00     4.48111e-01
    3.49804e+00     4.40874e-01
    3.52076e+00     4.33751e-01
    3.54363e+00     4.26743e-01
    3.56664e+00     4.19845e-01
    3.58981e+00     4.13057e-01
    3.61313e+00     4.06378e-01
    3.63660e+00     3.99805e-01
    3.66022e+00     3.93336e-01
    3.68400e+00     3.86972e-01
    3.70793e+00     3.80708e-01
    3.73201e+00     3.74544e-01
    3.75625e+00     3.68479e-01
    3.78065e+00     3.62511e-01
    3.80521e+00     3.56638e-01
    3.82993e+00     3.50858e-01
    3.85480e+00     3.45170e-01
    3.87984e+00     3.39574e-01
    3.90504e+00     3.34065e-01
    3.93041e+00     3.28646e-01
    3.95594e+00     3.23311e-01
    3.98163e+00     3.18061e-01
    4.00750e+00     3.12896e-01
    4.03353e+00     3.07812e-01
    4.05973e+00     3.02807e-01
    4.08610e+00     2.97881e-01
    4.11264e+00     2.93035e-01
    4.13935e+00     2.88265e-01
    4.16624e+00     2.83570e-01
    4.19330e+00     2.78952e-01
    4.22054e+00     2.74406e-01
    4.24796e+00     2.69934e-01
    4.27555e+00     2.65532e-01
    4.30332e+00     2.61201e-01
    4.33127e+00     2.56940e-01
    4.35941e+00     2.52748e-01
    4.38772e+00     2.48623e-01
    4.41622e+00     2.44563e-01
    4.44491e+00     2.40570e-01
    4.47378e+00     2.36641e-01
    4.50284e+00     2.32775e-01
    4.53209e+00     2.28972e-01
    4.56153e+00     2.25230e-01
    4.59116e+00     2.21548e-01
    4.62098e+00     2.17927e-01
    4.65100e+00     2.14363e-01
    4.68121e+00     2.10858e-01
    4.71161e+00     2.07408e-01
    4.74222e+00     2.04014e-01
    4.77302e+00     2.00676e-01
    4.80403e+00     1.97392e-01
    4.83523e+00     1.94159e-01
    4.86664e+00     1.90979e-01
    4.89825e+00     1.87850e-01
    4.93007e+00     1.84771e-01
    4.96209e+00     1.81743e-01
    4.99432e+00     1.78762e-01
    5.02676e+00     1.75829e-01
    5.05941e+00     1.72942e-01
    5.09228e+00     1.70103e-01
    5.12535e+00     1.67308e-01
    5.15865e+00     1.64560e-01
    5.19215e+00     1.61854e-01
    5.22588e+00     1.59192e-01
    5.25983e+00     1.56574e-01
    5.29399e+00     1.53997e-01
    5.32838e+00     1.51463e-01
    5.36299e+00     1.48969e-01
    5.39782e+00     1.46516e-01
    5.43289e+00     1.44103e-01
    5.46818e+00     1.41729e-01
    5.50370e+00     1.39393e-01
    5.53944e+00     1.37096e-01
    5.57543e+00     1.34836e-01
    5.61164e+00     1.32613e-01
    5.64809e+00     1.30426e-01
    5.68478e+00     1.28274e-01
    5.72171e+00     1.26158e-01
    5.75887e+00     1.24077e-01
    5.79628e+00     1.22029e-01
    5.83393e+00     1.20016e-01
    5.87182e+00     1.18034e-01
    5.90996e+00     1.16085e-01
    5.94835e+00     1.14168e-01
    5.98699e+00     1.12282e-01
    6.02588e+00     1.10427e-01
    6.06502e+00     1.08603e-01
    6.10442e+00     1.06808e-01
    6.14407e+00     1.05042e-01
    6.18398e+00     1.03304e-01
    6.22414e+00     1.01596e-01
    6.26457e+00     9.99136e-02
    6.30527e+00     9.82594e-02
    6.34622e+00     9.66324e-02
    6.38744e+00     9.50308e-02
    6.42893e+00     9.34555e-02
    6.47069e+00     9.19061e-02
    6.51272e+00     9.03816e-02
    6.55503e+00     8.88820e-02
    6.59761e+00     8.74069e-02
    6.64046e+00     8.59553e-02
    6.68359e+00     8.45280e-02
    6.72701e+00     8.31240e-02
    6.77070e+00     8.17430e-02
    6.81468e+00     8.03851e-02
    6.85895e+00     7.90491e-02
    6.90350e+00     7.77357e-02
    6.94834e+00     7.64431e-02
    6.99348e+00     7.51721e-02
    7.03890e+00     7.39223e-02
    7.08462e+00     7.26930e-02
    7.13064e+00     7.14839e-02
    7.17696e+00     7.02940e-02
    7.22358e+00     6.91251e-02
    7.27050e+00     6.79742e-02
    7.31773e+00     6.68431e-02
    7.36526e+00     6.57299e-02
    7.41310e+00     6.46362e-02
    7.46125e+00     6.35594e-02
    7.50972e+00     6.25010e-02
    7.55850e+00     6.14601e-02
    7.60759e+00     6.04356e-02
    7.65701e+00     5.94285e-02
    7.70675e+00     5.84377e-02
    7.75680e+00     5.74630e-02
    7.80719e+00     5.65046e-02
    7.85790e+00     5.55614e-02
    7.90894e+00     5.46340e-02
    7.96032e+00     5.37210e-02
    8.01202e+00     5.28236e-02
    8.06407e+00     5.19412e-02
    8.11645e+00     5.10727e-02
    8.16917e+00     5.02188e-02
    8.22223e+00     4.93787e-02
    8.27564e+00     4.85524e-02
    8.32939e+00     4.77397e-02
    8.38350e+00     4.69406e-02
    8.43795e+00     4.61548e-02
    8.49276e+00     4.53818e-02
    8.54793e+00     4.46220e-02
    8.60345e+00     4.38747e-02
    8.65933e+00     4.31389e-02
    8.71558e+00     4.24163e-02
    8.77219e+00     4.17059e-02
    8.82917e+00     4.10069e-02
    8.88652e+00     4.03192e-02
    8.94425e+00     3.96436e-02
    9.00234e+00     3.89784e-02
    9.06082e+00     3.83251e-02
    9.11967e+00     3.76828e-02
    9.17891e+00     3.70500e-02
    9.23853e+00     3.64289e-02
    9.29854e+00     3.58177e-02
    9.35894e+00     3.52167e-02
    9.41973e+00     3.46256e-02
    9.48092e+00     3.40444e-02
    9.54250e+00     3.34727e-02
    9.60449e+00     3.29106e-02
    9.66687e+00     3.23577e-02
    9.72967e+00     3.18139e-02
    9.79287e+00     3.12791e-02
    9.85648e+00     3.07531e-02
    9.92050e+00     3.02357e-02
    9.98494e+00     2.97269e-02
    1.00498e+01     2.92265e-02
    1.01151e+01     2.87343e-02
    1.01808e+01     2.82503e-02
    1.02469e+01     2.77743e-02
    1.03135e+01     2.73064e-02
    1.03805e+01     2.68461e-02
    1.04479e+01     2.63934e-02
    1.05157e+01     2.59482e-02
    1.05841e+01     2.55108e-02
    1.06528e+01     2.50804e-02
    1.07220e+01     2.46573e-02
    1.07916e+01     2.42412e-02
    1.08617e+01     2.38322e-02
    1.09323e+01     2.34301e-02
    1.10033e+01     2.30346e-02
    1.10748e+01     2.26458e-02
    1.11467e+01     2.22635e-02
    1.12191e+01     2.18877e-02
    1.12920e+01     2.15181e-02
    1.13653e+01     2.11546e-02
    1.14392e+01     2.07976e-02
    1.15135e+01     2.04463e-02
    1.15883e+01     2.01009e-02
    1.16635e+01     1.97612e-02
    1.17393e+01     1.94273e-02
    1.18155e+01     1.90989e-02
    1.18923e+01     1.87761e-02
    1.19695e+01     1.84586e-02
    1.20473e+01     1.81464e-02
    1.21255e+01     1.78394e-02
    1.22043e+01     1.75375e-02
    1.22836e+01     1.72407e-02
    1.23634e+01     1.69487e-02
    1.24437e+01     1.66616e-02
    1.25245e+01     1.63792e-02
    1.26059e+01     1.61016e-02
    1.26877e+01     1.58284e-02
    1.27701e+01     1.55600e-02
    1.28531e+01     1.52961e-02
    1.29366e+01     1.50366e-02
    1.30206e+01     1.47813e-02
    1.31052e+01     1.45305e-02
    1.31903e+01     1.42838e-02
    1.32760e+01     1.40413e-02
    1.33622e+01     1.38028e-02
    1.34490e+01     1.35684e-02
    1.35364e+01     1.33380e-02
    1.36243e+01     1.31114e-02
    1.37128e+01     1.28887e-02
    1.38019e+01     1.26697e-02
    1.38915e+01     1.24544e-02
    1.39818e+01     1.22428e-02
    1.40726e+01     1.20348e-02
    1.41640e+01     1.18302e-02
    1.42560e+01     1.16291e-02
    1.43486e+01     1.14314e-02
    1.44418e+01     1.12371e-02
    1.45356e+01     1.10460e-02
    1.46300e+01     1.08582e-02
    1.47251e+01     1.06735e-02
    1.48207e+01     1.04919e-02
    1.49170e+01     1.03135e-02
    1.50139e+01     1.01379e-02
    1.51114e+01     9.96534e-03
    1.52095e+01     9.79560e-03
    1.53083e+01     9.62875e-03
    1.54078e+01     9.46471e-03
    1.55079e+01     9.30336e-03
    1.56086e+01     9.14473e-03
    1.57100e+01     8.98877e-03
    1.58120e+01     8.83539e-03
    1.59147e+01     8.68460e-03
    1.60181e+01     8.53636e-03
    1.61221e+01     8.39061e-03
    1.62269e+01     8.24740e-03
    1.63323e+01     8.10654e-03
    1.64384e+01     7.96809e-03
    1.65451e+01     7.83196e-03
    1.66526e+01     7.69816e-03
    1.67608e+01     7.56661e-03
    1.68696e+01     7.43731e-03
    1.69792e+01     7.31023e-03
    1.70895e+01     7.18527e-03
    1.72005e+01     7.06246e-03
    1.73122e+01     6.94174e-03
    1.74247e+01     6.82309e-03
    1.75379e+01     6.70647e-03
    1.76518e+01     6.59180e-03
    1.77665e+01     6.47908e-03
    1.78819e+01     6.36829e-03
    1.79980e+01     6.25938e-03
    1.81149e+01     6.15234e-03
    1.82326e+01     6.04709e-03
    1.83510e+01     5.94364e-03
    1.84702e+01     5.84193e-03
    1.85902e+01     5.74194e-03
    1.87109e+01     5.64364e-03
    1.88325e+01     5.54702e-03
    1.89548e+01     5.45202e-03
    1.90779e+01     5.35862e-03
    1.92019e+01     5.26679e-03
    1.93266e+01     5.17650e-03
    1.94521e+01     5.08770e-03
    1.95785e+01     5.00044e-03
    1.97056e+01     4.91465e-03
    1.98336e+01     4.83030e-03
    1.99625e+01     4.74738e-03
    2.00921e+01     4.66587e-03
    2.02226e+01     4.58572e-03
    2.03540e+01     4.50697e-03
    2.04862e+01     4.42955e-03
    2.06193e+01     4.35343e-03
    2.07532e+01     4.27862e-03
    2.08880e+01     4.20509e-03
    2.10237e+01     4.13284e-03
    2.11603e+01     4.06181e-03
    2.12977e+01     3.99198e-03
    2.14360e+01     3.92336e-03
    2.15753e+01     3.85593e-03
    2.17154e+01     3.78963e-03
    2.18565e+01     3.72450e-03
    2.19985e+01     3.66047e-03
    2.21413e+01     3.59752e-03
    2.22852e+01     3.53566e-03
    2.24299e+01     3.47486e-03
    2.25756e+01     3.41508e-03
    2.27223e+01     3.35635e-03
    2.28698e+01     3.29859e-03
    2.30184e+01     3.24185e-03
    2.31679e+01     3.18604e-03
    2.33184e+01     3.13122e-03
    2.34699e+01     3.07731e-03
    2.36223e+01     3.02432e-03
    2.37758e+01     2.97224e-03
    2.39302e+01     2.92100e-03
    2.40856e+01     2.87064e-03
    2.42421e+01     2.82114e-03
    2.43996e+01     2.77252e-03
    2.45580e+01     2.72467e-03
    2.47176e+01     2.67765e-03
    2.48781e+01     2.63144e-03
    2.50397e+01     2.58601e-03
    2.52024e+01     2.54135e-03
    2.53661e+01     2.49748e-03
    2.55308e+01     2.45433e-03
    2.56967e+01     2.41195e-03
    2.58636e+01     2.37026e-03
    2.60316e+01     2.32930e-03
    2.62007e+01     2.28907e-03
    2.63709e+01     2.24952e-03
    2.65421e+01     2.21062e-03
    2.67146e+01     2.17245e-03
    2.68881e+01     2.13490e-03
    2.70627e+01     2.09800e-03
    2.72385e+01     2.06174e-03
    2.74154e+01     2.02607e-03
    2.75935e+01     1.99107e-03
    2.77728e+01     1.95664e-03
    2.79532e+01     1.92282e-03
    2.81347e+01     1.88956e-03
    2.83175e+01     1.85689e-03
    2.85014e+01     1.82479e-03
    2.86866e+01     1.79322e-03
    2.88729e+01     1.76219e-03
    2.90604e+01     1.73170e-03
    2.92492e+01     1.70175e-03
    2.94392e+01     1.67228e-03
    2.96304e+01     1.64334e-03
    2.98229e+01     1.61488e-03
    3.00166e+01     1.58688e-03
    3.02116e+01     1.55938e-03
    3.04078e+01     1.53234e-03
    3.06053e+01     1.50576e-03
    3.08041e+01     1.47965e-03
    3.10042e+01     1.45398e-03
    3.12056e+01     1.42875e-03
    3.14083e+01     1.40394e-03
    3.16123e+01     1.37957e-03
    3.18176e+01     1.35563e-03
    3.20243e+01     1.33210e-03
    3.22323e+01     1.30895e-03
    3.24417e+01     1.28622e-03
    3.26524e+01     1.26387e-03
    3.28645e+01     1.24192e-03
    3.30780e+01     1.22035e-03
    3.32929e+01     1.19915e-03
    3.35091e+01     1.17832e-03
    3.37268e+01     1.15785e-03
    3.39458e+01     1.13773e-03
    3.41663e+01     1.11796e-03
    3.43883e+01     1.09854e-03
    3.46116e+01     1.07945e-03
    3.48365e+01     1.06069e-03
    3.50627e+01     1.04225e-03
    3.52905e+01     1.02414e-03
    3.55197e+01     1.00634e-03
    3.57505e+01     9.88840e-04
    3.59827e+01     9.71648e-04
    3.62164e+01     9.54750e-04
    3.64516e+01     9.38142e-04
    3.66884e+01     9.21819e-04
    3.69267e+01     9.05777e-04
    3.71666e+01     8.90010e-04
    3.74080e+01     8.74511e-04
    3.76510e+01     8.59277e-04
    3.78956e+01     8.44306e-04
    3.81417e+01     8.29589e-04
    3.83895e+01     8.15127e-04
    3.86388e+01     8.00911e-04
    3.88898e+01     7.86942e-04
    3.91424e+01     7.73214e-04
    3.93967e+01     7.59723e-04
    3.96526e+01     7.46466e-04
    3.99101e+01     7.33438e-04
    4.01694e+01     7.20637e-04
    4.04303e+01     7.08055e-04
    4.06929e+01     6.95694e-04
    4.09572e+01     6.83548e-04
    4.12233e+01     6.71613e-04
    4.14910e+01     6.59886e-04
    4.17605e+01     6.48361e-04
    4.20318e+01     6.37040e-04
    4.23048e+01     6.25915e-04
    4.25796e+01     6.14982e-04
    4.28562e+01     6.04242e-04
    4.31346e+01     5.93688e-04
    4.34147e+01     5.83315e-04
    4.36968e+01     5.73127e-04
    4.39806e+01     5.63112e-04
    4.42663e+01     5.53274e-04
    4.45538e+01     5.43604e-04
    4.48432e+01     5.34102e-04
    4.51345e+01     5.24765e-04
    4.54277e+01     5.15590e-04
    4.57227e+01     5.06572e-04
    4.60197e+01     4.97710e-04
    4.63186e+01     4.88999e-04
    4.66195e+01     4.80439e-04
    4.69223e+01     4.72025e-04
    4.72271e+01     4.63755e-04
    4.75339e+01     4.55629e-04
    4.78426e+01     4.47641e-04
    4.81534e+01     4.39795e-04
    4.84662e+01     4.32082e-04
    4.87810e+01     4.24501e-04
    4.90979e+01     4.17056e-04
    4.94168e+01     4.09737e-04
    4.97378e+01     4.02546e-04
    5.00608e+01     3.95480e-04
    5.03860e+01     3.88538e-04
    5.07133e+01     3.81718e-04
    5.10427e+01     3.75017e-04
    5.13743e+01     3.68433e-04
    5.17080e+01     3.61964e-04
    5.20438e+01     3.55608e-04
    5.23819e+01     3.49364e-04
    5.27221e+01     3.43229e-04
    5.30646e+01     3.37202e-04
    5.34093e+01     3.31282e-04
    5.37562e+01     3.25465e-04
    5.41054e+01     3.19749e-04
    5.44568e+01     3.14133e-04
    5.48106e+01     3.08618e-04
    5.51666e+01     3.03197e-04
    5.55249e+01     2.97872e-04
    5.58856e+01     2.92640e-04
    5.62486e+01     2.87499e-04
    5.66140e+01     2.82448e-04
    5.69817e+01     2.77485e-04
    5.73518e+01     2.72608e-04
    5.77244e+01     2.67816e-04
    5.80993e+01     2.63108e-04
    5.84767e+01     2.58480e-04
    5.88565e+01     2.53933e-04
    5.92388e+01     2.49465e-04
    5.96236e+01     2.45075e-04
    6.00109e+01     2.40762e-04
    6.04007e+01     2.36524e-04
    6.07930e+01     2.32358e-04
    6.11879e+01     2.28266e-04
    6.15854e+01     2.24246e-04
    6.19854e+01     2.20294e-04
    6.23880e+01     2.16413e-04
    6.27933e+01     2.12599e-04
    6.32012e+01     2.08853e-04
    6.36117e+01     2.05170e-04
    6.40249e+01     2.01553e-04
    6.44408e+01     1.98000e-04
    6.48593e+01     1.94506e-04
    6.52806e+01     1.91075e-04
    6.57047e+01     1.87704e-04
    6.61315e+01     1.84391e-04
    6.65610e+01     1.81136e-04
    6.69934e+01     1.77937e-04
    6.74285e+01     1.74794e-04
    6.78665e+01     1.71704e-04
    6.83073e+01     1.68669e-04
    6.87510e+01     1.65686e-04
    6.91976e+01     1.62753e-04
    6.96471e+01     1.59873e-04
    7.00995e+01     1.57040e-04
    7.05548e+01     1.54256e-04
    7.10131e+01     1.51520e-04
    7.14744e+01     1.48829e-04
    7.19386e+01     1.46185e-04
    7.24059e+01     1.43585e-04
    7.28762e+01     1.41029e-04
    7.33496e+01     1.38516e-04
    7.38261e+01     1.36045e-04
    7.43056e+01     1.33616e-04
    7.47883e+01     1.31231e-04
    7.52740e+01     1.28885e-04
    7.57630e+01     1.26581e-04
    7.62551e+01     1.24316e-04
    7.67504e+01     1.22092e-04
    7.72490e+01     1.19906e-04
    7.77507e+01     1.17759e-04
    7.82558e+01     1.15652e-04
    7.87641e+01     1.13581e-04
    7.92757e+01     1.11548e-04
    7.97906e+01     1.09552e-04
    8.03089e+01     1.07593e-04
    8.08306e+01     1.05669e-04
    8.13556e+01     1.03782e-04
    8.18841e+01     1.01929e-04
    8.24160e+01     1.00110e-04
    8.29513e+01     9.83270e-05
    8.34901e+01     9.65760e-05
    8.40324e+01     9.48593e-05
    8.45783e+01     9.31745e-05
    8.51276e+01     9.15221e-05
    8.56806e+01     8.99023e-05
    8.62371e+01     8.83145e-05
    8.67973e+01     8.67565e-05
    8.73611e+01     8.52302e-05
    8.79285e+01     8.37330e-05
    8.84997e+01     8.22671e-05
    8.90745e+01     8.08289e-05
    8.96531e+01     7.94214e-05
    9.02355e+01     7.80413e-05
    9.08216e+01     7.66893e-05
    9.14115e+01     7.53651e-05
    9.20053e+01     7.40667e-05
    9.26029e+01     7.27938e-05
    9.32044e+01     7.15452e-05
    9.38099e+01     7.03208e-05
    9.44192e+01     6.91183e-05
    9.50325e+01     6.79377e-05
    9.56498e+01     6.67779e-05
    9.62711e+01     6.56377e-05
    9.68964e+01     6.45171e-05
    9.75258e+01     6.34149e-05
    9.81593e+01     6.23302e-05
    9.87969e+01     6.12619e-05
    9.94386e+01     6.02089e-05
    1.00085e+02     5.91724e-05
    1.00735e+02     5.81490e-05
    1.01389e+02     5.71398e-05
    1.02048e+02     5.61433e-05
    1.02710e+02     5.51586e-05
    1.03378e+02     5.41861e-05
    1.04049e+02     5.32235e-05
    1.04725e+02     5.22709e-05
    1.05405e+02     5.13286e-05
    1.06090e+02     5.03945e-05
    1.06779e+02     4.94690e-05
    1.07473e+02     4.85509e-05
    1.08171e+02     4.76388e-05
    1.08873e+02     4.67338e-05
    1.09580e+02     4.58345e-05
    1.10292e+02     4.49403e-05
    1.11009e+02     4.40511e-05
    1.11730e+02     4.31660e-05
