    1.05035e-05     2.74811e+00
    1.05717e-05     2.76526e+00
    1.06404e-05     2.78253e+00
    1.07095e-05     2.79990e+00
    1.07791e-05     2.81738e+00
    1.08491e-05     2.83496e+00
    1.09196e-05     2.85267e+00
    1.09905e-05     2.87047e+00
    1.10619e-05     2.88839e+00
    1.11337e-05     2.90640e+00
    1.12060e-05     2.92454e+00
    1.12788e-05     2.94280e+00
    1.13521e-05     2.96118e+00
    1.14258e-05     2.97965e+00
    1.15001e-05     2.99827e+00
    1.15748e-05     3.01699e+00
    1.16499e-05     3.03580e+00
    1.17256e-05     3.05475e+00
    1.18018e-05     3.07383e+00
    1.18784e-05     3.09300e+00
    1.19556e-05     3.11232e+00
    1.20332e-05     3.13173e+00
    1.21114e-05     3.15129e+00
    1.21901e-05     3.17097e+00
    1.22693e-05     3.19077e+00
    1.23490e-05     3.21069e+00
    1.24292e-05     3.23072e+00
    1.25099e-05     3.25088e+00
    1.25912e-05     3.27119e+00
    1.26730e-05     3.29161e+00
    1.27553e-05     3.31215e+00
    1.28381e-05     3.33281e+00
    1.29215e-05     3.35362e+00
    1.30054e-05     3.37454e+00
    1.30899e-05     3.39561e+00
    1.31749e-05     3.41680e+00
    1.32605e-05     3.43814e+00
    1.33467e-05     3.45961e+00
    1.34334e-05     3.48121e+00
    1.35206e-05     3.50293e+00
    1.36084e-05     3.52478e+00
    1.36968e-05     3.54679e+00
    1.37858e-05     3.56894e+00
    1.38753e-05     3.59120e+00
    1.39655e-05     3.61364e+00
    1.40562e-05     3.63619e+00
    1.41475e-05     3.65889e+00
    1.42394e-05     3.68173e+00
    1.43319e-05     3.70471e+00
    1.44250e-05     3.72784e+00
    1.45187e-05     3.75111e+00
    1.46130e-05     3.77452e+00
    1.47079e-05     3.79808e+00
    1.48034e-05     3.82177e+00
    1.48996e-05     3.84564e+00
    1.49964e-05     3.86965e+00
    1.50938e-05     3.89380e+00
    1.51918e-05     3.91810e+00
    1.52905e-05     3.94256e+00
    1.53898e-05     3.96716e+00
    1.54898e-05     3.99194e+00
    1.55904e-05     4.01685e+00
    1.56917e-05     4.04193e+00
    1.57936e-05     4.06716e+00
    1.58962e-05     4.09255e+00
    1.59994e-05     4.11808e+00
    1.61034e-05     4.14380e+00
    1.62080e-05     4.16967e+00
    1.63132e-05     4.19568e+00
    1.64192e-05     4.22188e+00
    1.65259e-05     4.24824e+00
    1.66332e-05     4.27475e+00
    1.67412e-05     4.30142e+00
    1.68500e-05     4.32828e+00
    1.69594e-05     4.35529e+00
    1.70696e-05     4.38249e+00
    1.71805e-05     4.40985e+00
    1.72921e-05     4.43737e+00
    1.74044e-05     4.46507e+00
    1.75174e-05     4.49293e+00
    1.76312e-05     4.52098e+00
    1.77458e-05     4.54921e+00
    1.78610e-05     4.57759e+00
    1.79770e-05     4.60616e+00
    1.80938e-05     4.63492e+00
    1.82113e-05     4.66385e+00
    1.83296e-05     4.69296e+00
    1.84487e-05     4.72226e+00
    1.85685e-05     4.75173e+00
    1.86891e-05     4.78139e+00
    1.88105e-05     4.81124e+00
    1.89327e-05     4.84127e+00
    1.90557e-05     4.87150e+00
    1.91795e-05     4.90191e+00
    1.93041e-05     4.93252e+00
    1.94294e-05     4.96328e+00
    1.95557e-05     4.99429e+00
    1.96827e-05     5.02546e+00
    1.98105e-05     5.05681e+00
    1.99392e-05     5.08838e+00
    2.00687e-05     5.12014e+00
    2.01991e-05     5.15211e+00
    2.03303e-05     5.18427e+00
    2.04623e-05     5.21662e+00
    2.05953e-05     5.24920e+00
    2.07290e-05     5.28195e+00
    2.08637e-05     5.31493e+00
    2.09992e-05     5.34810e+00
    2.11356e-05     5.38147e+00
    2.12729e-05     5.41507e+00
    2.14111e-05     5.44888e+00
    2.15501e-05     5.48286e+00
    2.16901e-05     5.51709e+00
    2.18310e-05     5.55153e+00
    2.19728e-05     5.58617e+00
    2.21155e-05     5.62103e+00
    2.22592e-05     5.65612e+00
    2.24038e-05     5.69143e+00
    2.25493e-05     5.72695e+00
    2.26958e-05     5.76269e+00
    2.28432e-05     5.79866e+00
    2.29916e-05     5.83486e+00
    2.31409e-05     5.87127e+00
    2.32912e-05     5.90792e+00
    2.34425e-05     5.94479e+00
    2.35948e-05     5.98190e+00
    2.37481e-05     6.01925e+00
    2.39023e-05     6.05681e+00
    2.40576e-05     6.09463e+00
    2.42138e-05     6.13265e+00
    2.43711e-05     6.17094e+00
    2.45294e-05     6.20946e+00
    2.46888e-05     6.24824e+00
    2.48491e-05     6.28723e+00
    2.50105e-05     6.32647e+00
    2.51730e-05     6.36597e+00
    2.53365e-05     6.40571e+00
    2.55011e-05     6.44570e+00
    2.56667e-05     6.48592e+00
    2.58334e-05     6.52640e+00
    2.60012e-05     6.56714e+00
    2.61701e-05     6.60814e+00
    2.63401e-05     6.64940e+00
    2.65112e-05     6.69091e+00
    2.66834e-05     6.73267e+00
    2.68567e-05     6.77469e+00
    2.70312e-05     6.81699e+00
    2.72068e-05     6.85955e+00
    2.73835e-05     6.90236e+00
    2.75614e-05     6.94544e+00
    2.77404e-05     6.98879e+00
    2.79206e-05     7.03242e+00
    2.81019e-05     7.07630e+00
    2.82845e-05     7.12048e+00
    2.84682e-05     7.16491e+00
    2.86531e-05     7.20963e+00
    2.88392e-05     7.25463e+00
    2.90266e-05     7.29992e+00
    2.92151e-05     7.34547e+00
    2.94049e-05     7.39132e+00
    2.95959e-05     7.43745e+00
    2.97881e-05     7.48387e+00
    2.99816e-05     7.53057e+00
    3.01764e-05     7.57759e+00
    3.03724e-05     7.62489e+00
    3.05697e-05     7.67247e+00
    3.07682e-05     7.72035e+00
    3.09681e-05     7.76855e+00
    3.11692e-05     7.81703e+00
    3.13717e-05     7.86583e+00
    3.15755e-05     7.91494e+00
    3.17806e-05     7.96434e+00
    3.19870e-05     8.01405e+00
    3.21948e-05     8.06408e+00
    3.24039e-05     8.11441e+00
    3.26144e-05     8.16507e+00
    3.28262e-05     8.21602e+00
    3.30395e-05     8.26733e+00
    3.32541e-05     8.31893e+00
    3.34701e-05     8.37085e+00
    3.36875e-05     8.42310e+00
    3.39063e-05     8.47568e+00
    3.41265e-05     8.52857e+00
    3.43482e-05     8.58182e+00
    3.45713e-05     8.63538e+00
    3.47959e-05     8.68928e+00
    3.50219e-05     8.74351e+00
    3.52494e-05     8.79809e+00
    3.54783e-05     8.85298e+00
    3.57088e-05     8.90825e+00
    3.59407e-05     8.96383e+00
    3.61742e-05     9.01979e+00
    3.64092e-05     9.07610e+00
    3.66457e-05     9.13274e+00
    3.68837e-05     9.18974e+00
    3.71233e-05     9.24711e+00
    3.73644e-05     9.30480e+00
    3.76071e-05     9.36288e+00
    3.78514e-05     9.42133e+00
    3.80973e-05     9.48015e+00
    3.83447e-05     9.53931e+00
    3.85938e-05     9.59886e+00
    3.88445e-05     9.65878e+00
    3.90968e-05     9.71907e+00
    3.93507e-05     9.77972e+00
    3.96064e-05     9.84079e+00
    3.98636e-05     9.90220e+00
    4.01226e-05     9.96403e+00
    4.03832e-05     1.00262e+01
    4.06455e-05     1.00888e+01
    4.09095e-05     1.01518e+01
    4.11752e-05     1.02151e+01
    4.14427e-05     1.02789e+01
    4.17119e-05     1.03431e+01
    4.19828e-05     1.04076e+01
    4.22555e-05     1.04726e+01
    4.25300e-05     1.05379e+01
    4.28062e-05     1.06037e+01
    4.30843e-05     1.06699e+01
    4.33642e-05     1.07365e+01
    4.36458e-05     1.08035e+01
    4.39293e-05     1.08709e+01
    4.42147e-05     1.09388e+01
    4.45019e-05     1.10071e+01
    4.47909e-05     1.10757e+01
    4.50819e-05     1.11449e+01
    4.53747e-05     1.12144e+01
    4.56694e-05     1.12844e+01
    4.59661e-05     1.13549e+01
    4.62647e-05     1.14258e+01
    4.65652e-05     1.14970e+01
    4.68677e-05     1.15688e+01
    4.71721e-05     1.16410e+01
    4.74785e-05     1.17137e+01
    4.77869e-05     1.17868e+01
    4.80973e-05     1.18604e+01
    4.84097e-05     1.19344e+01
    4.87242e-05     1.20089e+01
    4.90406e-05     1.20838e+01
    4.93592e-05     1.21592e+01
    4.96798e-05     1.22351e+01
    5.00025e-05     1.23115e+01
    5.03273e-05     1.23883e+01
    5.06542e-05     1.24656e+01
    5.09832e-05     1.25435e+01
    5.13144e-05     1.26217e+01
    5.16477e-05     1.27005e+01
    5.19832e-05     1.27798e+01
    5.23208e-05     1.28595e+01
    5.26607e-05     1.29398e+01
    5.30028e-05     1.30205e+01
    5.33470e-05     1.31018e+01
    5.36936e-05     1.31835e+01
    5.40423e-05     1.32658e+01
    5.43934e-05     1.33486e+01
    5.47467e-05     1.34319e+01
    5.51023e-05     1.35157e+01
    5.54602e-05     1.36001e+01
    5.58205e-05     1.36850e+01
    5.61830e-05     1.37704e+01
    5.65480e-05     1.38563e+01
    5.69153e-05     1.39428e+01
    5.72850e-05     1.40298e+01
    5.76571e-05     1.41174e+01
    5.80316e-05     1.42055e+01
    5.84085e-05     1.42941e+01
    5.87879e-05     1.43834e+01
    5.91698e-05     1.44731e+01
    5.95541e-05     1.45635e+01
    5.99410e-05     1.46544e+01
    6.03303e-05     1.47458e+01
    6.07222e-05     1.48379e+01
    6.11166e-05     1.49305e+01
    6.15136e-05     1.50237e+01
    6.19132e-05     1.51175e+01
    6.23153e-05     1.52118e+01
    6.27201e-05     1.53067e+01
    6.31275e-05     1.54023e+01
    6.35376e-05     1.54984e+01
    6.39503e-05     1.55951e+01
    6.43657e-05     1.56925e+01
    6.47838e-05     1.57904e+01
    6.52046e-05     1.58889e+01
    6.56281e-05     1.59881e+01
    6.60544e-05     1.60879e+01
    6.64835e-05     1.61883e+01
    6.69153e-05     1.62893e+01
    6.73499e-05     1.63909e+01
    6.77874e-05     1.64932e+01
    6.82277e-05     1.65961e+01
    6.86709e-05     1.66997e+01
    6.91170e-05     1.68039e+01
    6.95659e-05     1.69088e+01
    7.00178e-05     1.70143e+01
    7.04726e-05     1.71204e+01
    7.09304e-05     1.72273e+01
    7.13911e-05     1.73348e+01
    7.18548e-05     1.74429e+01
    7.23215e-05     1.75518e+01
    7.27913e-05     1.76613e+01
    7.32641e-05     1.77715e+01
    7.37400e-05     1.78824e+01
    7.42190e-05     1.79940e+01
    7.47011e-05     1.81063e+01
    7.51863e-05     1.82193e+01
    7.56747e-05     1.83330e+01
    7.61663e-05     1.84474e+01
    7.66610e-05     1.85625e+01
    7.71589e-05     1.86783e+01
    7.76601e-05     1.87949e+01
    7.81646e-05     1.89122e+01
    7.86723e-05     1.90302e+01
    7.91833e-05     1.91489e+01
    7.96977e-05     1.92684e+01
    8.02153e-05     1.93886e+01
    8.07364e-05     1.95096e+01
    8.12608e-05     1.96314e+01
    8.17886e-05     1.97539e+01
    8.23199e-05     1.98771e+01
    8.28546e-05     2.00012e+01
    8.33928e-05     2.01260e+01
    8.39345e-05     2.02516e+01
    8.44797e-05     2.03780e+01
    8.50284e-05     2.05051e+01
    8.55807e-05     2.06331e+01
    8.61366e-05     2.07618e+01
    8.66961e-05     2.08914e+01
    8.72593e-05     2.10218e+01
    8.78261e-05     2.11529e+01
    8.83966e-05     2.12850e+01
    8.89707e-05     2.14178e+01
    8.95487e-05     2.15515e+01
    9.01303e-05     2.16859e+01
    9.07158e-05     2.18212e+01
    9.13050e-05     2.19574e+01
    9.18981e-05     2.20944e+01
    9.24950e-05     2.22322e+01
    9.30958e-05     2.23709e+01
    9.37005e-05     2.25105e+01
    9.43092e-05     2.26510e+01
    9.49218e-05     2.27923e+01
    9.55383e-05     2.29345e+01
    9.61589e-05     2.30776e+01
    9.67835e-05     2.32215e+01
    9.74122e-05     2.33664e+01
    9.80449e-05     2.35122e+01
    9.86818e-05     2.36589e+01
    9.93228e-05     2.38064e+01
    9.99679e-05     2.39550e+01
    1.00617e-04     2.41044e+01
    1.01271e-04     2.42548e+01
    1.01929e-04     2.44062e+01
    1.02591e-04     2.45584e+01
    1.03257e-04     2.47116e+01
    1.03928e-04     2.48658e+01
    1.04603e-04     2.50209e+01
    1.05282e-04     2.51770e+01
    1.05966e-04     2.53340e+01
    1.06655e-04     2.54923e+01
    1.07347e-04     2.56511e+01
    1.08045e-04     2.58113e+01
    1.08746e-04     2.59722e+01
    1.09453e-04     2.61343e+01
    1.10164e-04     2.62974e+01
    1.10879e-04     2.64613e+01
    1.11599e-04     2.66264e+01
    1.12324e-04     2.67925e+01
    1.13054e-04     2.69597e+01
    1.13788e-04     2.71278e+01
    1.14527e-04     2.72970e+01
    1.15271e-04     2.74673e+01
    1.16020e-04     2.76387e+01
    1.16774e-04     2.78111e+01
    1.17532e-04     2.79845e+01
    1.18296e-04     2.81592e+01
    1.19064e-04     2.83347e+01
    1.19837e-04     2.85114e+01
    1.20616e-04     2.86893e+01
    1.21399e-04     2.88682e+01
    1.22188e-04     2.90483e+01
    1.22982e-04     2.92296e+01
    1.23780e-04     2.94117e+01
    1.24584e-04     2.95951e+01
    1.25394e-04     2.97799e+01
    1.26208e-04     2.99655e+01
    1.27028e-04     3.01524e+01
    1.27853e-04     3.03405e+01
    1.28684e-04     3.05298e+01
    1.29519e-04     3.07200e+01
    1.30361e-04     3.09118e+01
    1.31208e-04     3.11046e+01
    1.32060e-04     3.12985e+01
    1.32918e-04     3.14938e+01
    1.33781e-04     3.16901e+01
    1.34650e-04     3.18878e+01
    1.35525e-04     3.20868e+01
    1.36405e-04     3.22868e+01
    1.37291e-04     3.24881e+01
    1.38183e-04     3.26908e+01
    1.39080e-04     3.28946e+01
    1.39984e-04     3.30998e+01
    1.40893e-04     3.33062e+01
    1.41808e-04     3.35139e+01
    1.42729e-04     3.37229e+01
    1.43656e-04     3.39332e+01
    1.44589e-04     3.41447e+01
    1.45529e-04     3.43579e+01
    1.46474e-04     3.45720e+01
    1.47425e-04     3.47875e+01
    1.48383e-04     3.50046e+01
    1.49347e-04     3.52228e+01
    1.50317e-04     3.54425e+01
    1.51293e-04     3.56634e+01
    1.52276e-04     3.58858e+01
    1.53265e-04     3.61095e+01
    1.54261e-04     3.63347e+01
    1.55263e-04     3.65613e+01
    1.56271e-04     3.67891e+01
    1.57286e-04     3.70185e+01
    1.58308e-04     3.72493e+01
    1.59336e-04     3.74815e+01
    1.60371e-04     3.77151e+01
    1.61413e-04     3.79503e+01
    1.62461e-04     3.81868e+01
    1.63517e-04     3.84249e+01
    1.64579e-04     3.86645e+01
    1.65648e-04     3.89055e+01
    1.66724e-04     3.91480e+01
    1.67807e-04     3.93920e+01
    1.68897e-04     3.96376e+01
    1.69994e-04     3.98847e+01
    1.71098e-04     4.01332e+01
    1.72209e-04     4.03833e+01
    1.73328e-04     4.06350e+01
    1.74454e-04     4.08884e+01
    1.75587e-04     4.11432e+01
    1.76728e-04     4.13998e+01
    1.77875e-04     4.16576e+01
    1.79031e-04     4.19173e+01
    1.80194e-04     4.21786e+01
    1.81364e-04     4.24414e+01
    1.82542e-04     4.27059e+01
    1.83728e-04     4.29721e+01
    1.84921e-04     4.32398e+01
    1.86123e-04     4.35095e+01
    1.87332e-04     4.37806e+01
    1.88548e-04     4.40532e+01
    1.89773e-04     4.43278e+01
    1.91006e-04     4.46041e+01
    1.92246e-04     4.48818e+01
    1.93495e-04     4.51616e+01
    1.94752e-04     4.54430e+01
    1.96017e-04     4.57261e+01
    1.97290e-04     4.60110e+01
    1.98572e-04     4.62978e+01
    1.99862e-04     4.65862e+01
    2.01160e-04     4.68764e+01
    2.02467e-04     4.71685e+01
    2.03782e-04     4.74624e+01
    2.05105e-04     4.77578e+01
    2.06438e-04     4.80555e+01
    2.07779e-04     4.83549e+01
    2.09128e-04     4.86559e+01
    2.10487e-04     4.89591e+01
    2.11854e-04     4.92640e+01
    2.13230e-04     4.95708e+01
    2.14615e-04     4.98796e+01
    2.16009e-04     5.01902e+01
    2.17412e-04     5.05028e+01
    2.18824e-04     5.08172e+01
    2.20246e-04     5.11338e+01
    2.21676e-04     5.14521e+01
    2.23116e-04     5.17726e+01
    2.24565e-04     5.20948e+01
    2.26024e-04     5.24192e+01
    2.27492e-04     5.27456e+01
    2.28970e-04     5.30740e+01
    2.30457e-04     5.34044e+01
    2.31954e-04     5.37369e+01
    2.33461e-04     5.40716e+01
    2.34977e-04     5.44080e+01
    2.36504e-04     5.47469e+01
    2.38040e-04     5.50876e+01
    2.39586e-04     5.54304e+01
    2.41142e-04     5.57755e+01
    2.42709e-04     5.61227e+01
    2.44285e-04     5.64719e+01
    2.45872e-04     5.68233e+01
    2.47469e-04     5.71770e+01
    2.49076e-04     5.75328e+01
    2.50694e-04     5.78908e+01
    2.52323e-04     5.82512e+01
    2.53962e-04     5.86136e+01
    2.55611e-04     5.89782e+01
    2.57272e-04     5.93453e+01
    2.58943e-04     5.97145e+01
    2.60625e-04     6.00861e+01
    2.62318e-04     6.04599e+01
    2.64022e-04     6.08361e+01
    2.65737e-04     6.12145e+01
    2.67463e-04     6.15954e+01
    2.69200e-04     6.19784e+01
    2.70949e-04     6.23640e+01
    2.72709e-04     6.27519e+01
    2.74480e-04     6.31422e+01
    2.76263e-04     6.35349e+01
    2.78057e-04     6.39300e+01
    2.79863e-04     6.43275e+01
    2.81681e-04     6.47276e+01
    2.83511e-04     6.51302e+01
    2.85353e-04     6.55352e+01
    2.87206e-04     6.59426e+01
    2.89072e-04     6.63527e+01
    2.90949e-04     6.67652e+01
    2.92839e-04     6.71802e+01
    2.94741e-04     6.75979e+01
    2.96656e-04     6.80182e+01
    2.98583e-04     6.84410e+01
    3.00522e-04     6.88663e+01
    3.02474e-04     6.92942e+01
    3.04439e-04     6.97250e+01
    3.06417e-04     7.01584e+01
    3.08407e-04     7.05943e+01
    3.10410e-04     7.10329e+01
    3.12426e-04     7.14742e+01
    3.14456e-04     7.19185e+01
    3.16498e-04     7.23651e+01
    3.18554e-04     7.28146e+01
    3.20623e-04     7.32669e+01
    3.22706e-04     7.37221e+01
    3.24802e-04     7.41800e+01
    3.26912e-04     7.46407e+01
    3.29035e-04     7.51043e+01
    3.31173e-04     7.55708e+01
    3.33324e-04     7.60401e+01
    3.35489e-04     7.65123e+01
    3.37668e-04     7.69872e+01
    3.39861e-04     7.74652e+01
    3.42069e-04     7.79462e+01
    3.44291e-04     7.84301e+01
    3.46527e-04     7.89169e+01
    3.48778e-04     7.94068e+01
    3.51044e-04     7.98997e+01
    3.53324e-04     8.03955e+01
    3.55619e-04     8.08944e+01
    3.57929e-04     8.13964e+01
    3.60254e-04     8.19016e+01
    3.62594e-04     8.24097e+01
    3.64949e-04     8.29209e+01
    3.67320e-04     8.34352e+01
    3.69706e-04     8.39528e+01
    3.72107e-04     8.44734e+01
    3.74524e-04     8.49973e+01
    3.76957e-04     8.55243e+01
    3.79405e-04     8.60546e+01
    3.81870e-04     8.65882e+01
    3.84350e-04     8.71248e+01
    3.86847e-04     8.76650e+01
    3.89360e-04     8.82084e+01
    3.91889e-04     8.87551e+01
    3.94434e-04     8.93050e+01
    3.96996e-04     8.98583e+01
    3.99575e-04     9.04151e+01
    4.02171e-04     9.09754e+01
    4.04783e-04     9.15390e+01
    4.07412e-04     9.21061e+01
    4.10059e-04     9.26767e+01
    4.12722e-04     9.32506e+01
    4.15403e-04     9.38282e+01
    4.18101e-04     9.44091e+01
    4.20817e-04     9.49939e+01
    4.23550e-04     9.55819e+01
    4.26302e-04     9.61737e+01
    4.29071e-04     9.67692e+01
    4.31858e-04     9.73682e+01
    4.34663e-04     9.79708e+01
    4.37486e-04     9.85769e+01
    4.40328e-04     9.91871e+01
    4.43188e-04     9.98008e+01
    4.46067e-04     1.00418e+02
    4.48964e-04     1.01039e+02
    4.51881e-04     1.01664e+02
    4.54816e-04     1.02293e+02
    4.57770e-04     1.02926e+02
    4.60744e-04     1.03562e+02
    4.63736e-04     1.04202e+02
    4.66749e-04     1.04847e+02
    4.69780e-04     1.05495e+02
    4.72832e-04     1.06147e+02
    4.75903e-04     1.06802e+02
    4.78994e-04     1.07462e+02
    4.82106e-04     1.08126e+02
    4.85237e-04     1.08794e+02
    4.88389e-04     1.09466e+02
    4.91562e-04     1.10142e+02
    4.94754e-04     1.10822e+02
    4.97968e-04     1.11506e+02
    5.01203e-04     1.12195e+02
    5.04458e-04     1.12887e+02
    5.07735e-04     1.13584e+02
    5.11033e-04     1.14284e+02
    5.14353e-04     1.14990e+02
    5.17694e-04     1.15699e+02
    5.21056e-04     1.16412e+02
    5.24441e-04     1.17130e+02
    5.27847e-04     1.17853e+02
    5.31276e-04     1.18579e+02
    5.34727e-04     1.19310e+02
    5.38200e-04     1.20046e+02
    5.41696e-04     1.20785e+02
    5.45215e-04     1.21530e+02
    5.48756e-04     1.22278e+02
    5.52321e-04     1.23032e+02
    5.55908e-04     1.23789e+02
    5.59519e-04     1.24552e+02
    5.63154e-04     1.25319e+02
    5.66812e-04     1.26091e+02
    5.70493e-04     1.26866e+02
    5.74199e-04     1.27647e+02
    5.77929e-04     1.28433e+02
    5.81683e-04     1.29223e+02
    5.85461e-04     1.30018e+02
    5.89264e-04     1.30818e+02
    5.93092e-04     1.31623e+02
    5.96944e-04     1.32432e+02
    6.00822e-04     1.33246e+02
    6.04724e-04     1.34065e+02
    6.08652e-04     1.34889e+02
    6.12606e-04     1.35718e+02
    6.16585e-04     1.36551e+02
    6.20590e-04     1.37390e+02
    6.24621e-04     1.38234e+02
    6.28678e-04     1.39083e+02
    6.32762e-04     1.39936e+02
    6.36872e-04     1.40795e+02
    6.41009e-04     1.41659e+02
    6.45173e-04     1.42528e+02
    6.49363e-04     1.43402e+02
    6.53581e-04     1.44282e+02
    6.57827e-04     1.45167e+02
    6.62100e-04     1.46057e+02
    6.66400e-04     1.46952e+02
    6.70729e-04     1.47853e+02
    6.75086e-04     1.48759e+02
    6.79471e-04     1.49670e+02
    6.83884e-04     1.50586e+02
    6.88327e-04     1.51509e+02
    6.92798e-04     1.52436e+02
    6.97298e-04     1.53369e+02
    7.01827e-04     1.54308e+02
    7.06386e-04     1.55252e+02
    7.10974e-04     1.56202e+02
    7.15592e-04     1.57157e+02
    7.20241e-04     1.58118e+02
    7.24919e-04     1.59084e+02
    7.29628e-04     1.60056e+02
    7.34367e-04     1.61034e+02
    7.39137e-04     1.62018e+02
    7.43938e-04     1.63007e+02
    7.48770e-04     1.64002e+02
    7.53634e-04     1.65003e+02
    7.58529e-04     1.66010e+02
    7.63456e-04     1.67022e+02
    7.68416e-04     1.68041e+02
    7.73407e-04     1.69066e+02
    7.78431e-04     1.70096e+02
    7.83487e-04     1.71133e+02
    7.88576e-04     1.72175e+02
    7.93698e-04     1.73224e+02
    7.98854e-04     1.74279e+02
    8.04043e-04     1.75340e+02
    8.09265e-04     1.76407e+02
    8.14522e-04     1.77481e+02
    8.19813e-04     1.78560e+02
    8.25138e-04     1.79646e+02
    8.30498e-04     1.80739e+02
    8.35892e-04     1.81837e+02
    8.41322e-04     1.82942e+02
    8.46787e-04     1.84054e+02
    8.52287e-04     1.85172e+02
    8.57823e-04     1.86296e+02
    8.63395e-04     1.87427e+02
    8.69003e-04     1.88564e+02
    8.74648e-04     1.89709e+02
    8.80329e-04     1.90859e+02
    8.86048e-04     1.92017e+02
    8.91803e-04     1.93180e+02
    8.97596e-04     1.94351e+02
    9.03426e-04     1.95528e+02
    9.09294e-04     1.96712e+02
    9.15201e-04     1.97903e+02
    9.21145e-04     1.99100e+02
    9.27129e-04     2.00305e+02
    9.33151e-04     2.01516e+02
    9.39212e-04     2.02734e+02
    9.45313e-04     2.03959e+02
    9.51453e-04     2.05192e+02
    9.57633e-04     2.06431e+02
    9.63854e-04     2.07677e+02
    9.70115e-04     2.08930e+02
    9.76416e-04     2.10191e+02
    9.82758e-04     2.11458e+02
    9.89142e-04     2.12733e+02
    9.95567e-04     2.14015e+02
    1.00203e-03     2.15304e+02
    1.00854e-03     2.16601e+02
    1.01509e-03     2.17905e+02
    1.02169e-03     2.19217e+02
    1.02832e-03     2.20535e+02
    1.03500e-03     2.21861e+02
    1.04173e-03     2.23196e+02
    1.04849e-03     2.24537e+02
    1.05530e-03     2.25885e+02
    1.06216e-03     2.27243e+02
    1.06906e-03     2.28607e+02
    1.07600e-03     2.29978e+02
    1.08299e-03     2.31357e+02
    1.09003e-03     2.32746e+02
    1.09711e-03     2.34140e+02
    1.10423e-03     2.35541e+02
    1.11140e-03     2.36951e+02
    1.11862e-03     2.38369e+02
    1.12589e-03     2.39796e+02
    1.13320e-03     2.41230e+02
    1.14056e-03     2.42671e+02
    1.14797e-03     2.44122e+02
    1.15543e-03     2.45580e+02
    1.16293e-03     2.47045e+02
    1.17049e-03     2.48520e+02
    1.17809e-03     2.50002e+02
    1.18574e-03     2.51492e+02
    1.19345e-03     2.52992e+02
    1.20120e-03     2.54499e+02
    1.20900e-03     2.56013e+02
    1.21685e-03     2.57536e+02
    1.22476e-03     2.59069e+02
    1.23271e-03     2.60609e+02
    1.24072e-03     2.62158e+02
    1.24878e-03     2.63715e+02
    1.25689e-03     2.65281e+02
    1.26505e-03     2.66854e+02
    1.27327e-03     2.68437e+02
    1.28154e-03     2.70029e+02
    1.28987e-03     2.71630e+02
    1.29825e-03     2.73239e+02
    1.30668e-03     2.74855e+02
    1.31517e-03     2.76482e+02
    1.32371e-03     2.78116e+02
    1.33231e-03     2.79760e+02
    1.34096e-03     2.81411e+02
    1.34967e-03     2.83073e+02
    1.35844e-03     2.84743e+02
    1.36726e-03     2.86422e+02
    1.37614e-03     2.88110e+02
    1.38508e-03     2.89807e+02
    1.39408e-03     2.91513e+02
    1.40313e-03     2.93227e+02
    1.41225e-03     2.94953e+02
    1.42142e-03     2.96685e+02
    1.43065e-03     2.98427e+02
    1.43995e-03     3.00180e+02
    1.44930e-03     3.01940e+02
    1.45871e-03     3.03709e+02
    1.46819e-03     3.05489e+02
    1.47773e-03     3.07278e+02
    1.48732e-03     3.09075e+02
    1.49699e-03     3.10884e+02
    1.50671e-03     3.12700e+02
    1.51650e-03     3.14527e+02
    1.52635e-03     3.16362e+02
    1.53626e-03     3.18207e+02
    1.54624e-03     3.20061e+02
    1.55628e-03     3.21925e+02
    1.56639e-03     3.23799e+02
    1.57657e-03     3.25684e+02
    1.58681e-03     3.27578e+02
    1.59711e-03     3.29479e+02
    1.60749e-03     3.31393e+02
    1.61793e-03     3.33316e+02
    1.62844e-03     3.35248e+02
    1.63902e-03     3.37191e+02
    1.64966e-03     3.39142e+02
    1.66038e-03     3.41105e+02
    1.67116e-03     3.43077e+02
    1.68202e-03     3.45060e+02
    1.69295e-03     3.47053e+02
    1.70394e-03     3.49054e+02
    1.71501e-03     3.51066e+02
    1.72615e-03     3.53089e+02
    1.73736e-03     3.55121e+02
    1.74865e-03     3.57164e+02
    1.76001e-03     3.59217e+02
    1.77144e-03     3.61280e+02
    1.78294e-03     3.63352e+02
    1.79453e-03     3.65437e+02
    1.80618e-03     3.67529e+02
    1.81791e-03     3.69633e+02
    1.82972e-03     3.71747e+02
    1.84161e-03     3.73873e+02
    1.85357e-03     3.76007e+02
    1.86561e-03     3.78152e+02
    1.87773e-03     3.80308e+02
    1.88992e-03     3.82473e+02
    1.90220e-03     3.84650e+02
    1.91456e-03     3.86838e+02
    1.92699e-03     3.89034e+02
    1.93951e-03     3.91242e+02
    1.95211e-03     3.93461e+02
    1.96479e-03     3.95691e+02
    1.97755e-03     3.97930e+02
    1.99040e-03     4.00182e+02
    2.00332e-03     4.02441e+02
    2.01634e-03     4.04714e+02
    2.02943e-03     4.06995e+02
    2.04262e-03     4.09291e+02
    2.05588e-03     4.11592e+02
    2.06924e-03     4.13909e+02
    2.08268e-03     4.16235e+02
    2.09621e-03     4.18571e+02
    2.10982e-03     4.20918e+02
    2.12353e-03     4.23277e+02
    2.13732e-03     4.25644e+02
    2.15120e-03     4.28024e+02
    2.16518e-03     4.30416e+02
    2.17924e-03     4.32816e+02
    2.19340e-03     4.35230e+02
    2.20764e-03     4.37652e+02
    2.22198e-03     4.40086e+02
    2.23642e-03     4.42533e+02
    2.25094e-03     4.44987e+02
    2.26557e-03     4.47456e+02
    2.28028e-03     4.49933e+02
    2.29509e-03     4.52422e+02
    2.31000e-03     4.54923e+02
    2.32501e-03     4.57435e+02
    2.34011e-03     4.59956e+02
    2.35531e-03     4.62490e+02
    2.37061e-03     4.65035e+02
    2.38601e-03     4.67590e+02
    2.40150e-03     4.70155e+02
    2.41710e-03     4.72733e+02
    2.43280e-03     4.75322e+02
    2.44861e-03     4.77923e+02
    2.46451e-03     4.80534e+02
    2.48052e-03     4.83156e+02
    2.49663e-03     4.85789e+02
    2.51285e-03     4.88434e+02
    2.52917e-03     4.91090e+02
    2.54560e-03     4.93756e+02
    2.56213e-03     4.96434e+02
    2.57878e-03     4.99125e+02
    2.59553e-03     5.01825e+02
    2.61239e-03     5.04536e+02
    2.62936e-03     5.07259e+02
    2.64643e-03     5.09991e+02
    2.66362e-03     5.12737e+02
    2.68093e-03     5.15494e+02
    2.69834e-03     5.18260e+02
    2.71587e-03     5.21039e+02
    2.73351e-03     5.23828e+02
    2.75126e-03     5.26627e+02
    2.76914e-03     5.29440e+02
    2.78712e-03     5.32261e+02
    2.80523e-03     5.35096e+02
    2.82345e-03     5.37941e+02
    2.84179e-03     5.40796e+02
    2.86025e-03     5.43664e+02
    2.87883e-03     5.46541e+02
    2.89752e-03     5.49429e+02
    2.91635e-03     5.52330e+02
    2.93529e-03     5.55240e+02
    2.95436e-03     5.58163e+02
    2.97355e-03     5.61096e+02
    2.99286e-03     5.64039e+02
    3.01230e-03     5.66993e+02
    3.03187e-03     5.69959e+02
    3.05156e-03     5.72936e+02
    3.07138e-03     5.75923e+02
    3.09133e-03     5.78921e+02
    3.11141e-03     5.81930e+02
    3.13162e-03     5.84950e+02
    3.15196e-03     5.87981e+02
    3.17244e-03     5.91023e+02
    3.19304e-03     5.94074e+02
    3.21379e-03     5.97139e+02
    3.23466e-03     6.00212e+02
    3.25567e-03     6.03296e+02
    3.27682e-03     6.06391e+02
    3.29810e-03     6.09495e+02
    3.31953e-03     6.12612e+02
    3.34109e-03     6.15739e+02
    3.36279e-03     6.18875e+02
    3.38463e-03     6.22022e+02
    3.40662e-03     6.25181e+02
    3.42875e-03     6.28350e+02
    3.45102e-03     6.31528e+02
    3.47344e-03     6.34718e+02
    3.49600e-03     6.37916e+02
    3.51871e-03     6.41126e+02
    3.54156e-03     6.44345e+02
    3.56457e-03     6.47576e+02
    3.58772e-03     6.50814e+02
    3.61102e-03     6.54065e+02
    3.63448e-03     6.57325e+02
    3.65809e-03     6.60595e+02
    3.68185e-03     6.63876e+02
    3.70576e-03     6.67165e+02
    3.72984e-03     6.70467e+02
    3.75406e-03     6.73775e+02
    3.77845e-03     6.77096e+02
    3.80299e-03     6.80423e+02
    3.82769e-03     6.83762e+02
    3.85256e-03     6.87111e+02
    3.87758e-03     6.90468e+02
    3.90277e-03     6.93834e+02
    3.92812e-03     6.97210e+02
    3.95363e-03     7.00594e+02
    3.97931e-03     7.03989e+02
    4.00516e-03     7.07393e+02
    4.03118e-03     7.10806e+02
    4.05736e-03     7.14226e+02
    4.08372e-03     7.17657e+02
    4.11024e-03     7.21094e+02
    4.13694e-03     7.24542e+02
    4.16381e-03     7.27998e+02
    4.19086e-03     7.31463e+02
    4.21808e-03     7.34937e+02
    4.24548e-03     7.38419e+02
    4.27306e-03     7.41908e+02
    4.30081e-03     7.45405e+02
    4.32875e-03     7.48913e+02
    4.35687e-03     7.52428e+02
    4.38517e-03     7.55950e+02
    4.41365e-03     7.59480e+02
    4.44232e-03     7.63020e+02
    4.47118e-03     7.66566e+02
    4.50022e-03     7.70119e+02
    4.52945e-03     7.73680e+02
    4.55887e-03     7.77249e+02
    4.58848e-03     7.80825e+02
    4.61829e-03     7.84409e+02
    4.64829e-03     7.88001e+02
    4.67848e-03     7.91597e+02
    4.70887e-03     7.95201e+02
    4.73946e-03     7.98813e+02
    4.77024e-03     8.02430e+02
    4.80123e-03     8.06054e+02
    4.83241e-03     8.09683e+02
    4.86380e-03     8.13319e+02
    4.89539e-03     8.16961e+02
    4.92719e-03     8.20609e+02
    4.95920e-03     8.24263e+02
    4.99141e-03     8.27922e+02
    5.02383e-03     8.31587e+02
    5.05646e-03     8.35259e+02
    5.08931e-03     8.38936e+02
    5.12237e-03     8.42618e+02
    5.15564e-03     8.46304e+02
    5.18913e-03     8.49998e+02
    5.22283e-03     8.53694e+02
    5.25676e-03     8.57397e+02
    5.29091e-03     8.61106e+02
    5.32527e-03     8.64816e+02
    5.35986e-03     8.68534e+02
    5.39468e-03     8.72256e+02
    5.42972e-03     8.75982e+02
    5.46499e-03     8.79714e+02
    5.50049e-03     8.83447e+02
    5.53622e-03     8.87185e+02
    5.57218e-03     8.90926e+02
    5.60837e-03     8.94671e+02
    5.64480e-03     8.98420e+02
    5.68147e-03     9.02171e+02
    5.71837e-03     9.05924e+02
    5.75551e-03     9.09678e+02
    5.79290e-03     9.13437e+02
    5.83053e-03     9.17197e+02
    5.86840e-03     9.20957e+02
    5.90652e-03     9.24720e+02
    5.94489e-03     9.28484e+02
    5.98350e-03     9.32246e+02
    6.02237e-03     9.36013e+02
    6.06149e-03     9.39779e+02
    6.10086e-03     9.43544e+02
    6.14049e-03     9.47310e+02
    6.18037e-03     9.51076e+02
    6.22052e-03     9.54843e+02
    6.26092e-03     9.58608e+02
    6.30159e-03     9.62375e+02
    6.34252e-03     9.66140e+02
    6.38372e-03     9.69905e+02
    6.42519e-03     9.73670e+02
    6.46692e-03     9.77431e+02
    6.50893e-03     9.81195e+02
    6.55121e-03     9.84954e+02
    6.59376e-03     9.88713e+02
    6.63659e-03     9.92470e+02
    6.67970e-03     9.96227e+02
    6.72309e-03     9.99978e+02
    6.76676e-03     1.00373e+03
    6.81071e-03     1.00748e+03
    6.85495e-03     1.01122e+03
    6.89948e-03     1.01496e+03
    6.94429e-03     1.01870e+03
    6.98940e-03     1.02243e+03
    7.03480e-03     1.02616e+03
    7.08050e-03     1.02988e+03
    7.12649e-03     1.03360e+03
    7.17278e-03     1.03731e+03
    7.21937e-03     1.04102e+03
    7.26626e-03     1.04472e+03
    7.31346e-03     1.04842e+03
    7.36097e-03     1.05211e+03
    7.40878e-03     1.05579e+03
    7.45690e-03     1.05946e+03
    7.50534e-03     1.06313e+03
    7.55409e-03     1.06679e+03
    7.60316e-03     1.07044e+03
    7.65255e-03     1.07409e+03
    7.70225e-03     1.07773e+03
    7.75228e-03     1.08136e+03
    7.80264e-03     1.08498e+03
    7.85332e-03     1.08859e+03
    7.90433e-03     1.09219e+03
    7.95568e-03     1.09579e+03
    8.00735e-03     1.09937e+03
    8.05937e-03     1.10295e+03
    8.11172e-03     1.10651e+03
    8.16441e-03     1.11006e+03
    8.21744e-03     1.11360e+03
    8.27081e-03     1.11713e+03
    8.32454e-03     1.12066e+03
    8.37861e-03     1.12416e+03
    8.43303e-03     1.12766e+03
    8.48781e-03     1.13114e+03
    8.54294e-03     1.13461e+03
    8.59844e-03     1.13807e+03
    8.65429e-03     1.14151e+03
    8.71050e-03     1.14494e+03
    8.76708e-03     1.14836e+03
    8.82403e-03     1.15176e+03
    8.88134e-03     1.15514e+03
    8.93903e-03     1.15851e+03
    8.99710e-03     1.16187e+03
    9.05554e-03     1.16520e+03
    9.11436e-03     1.16852e+03
    9.17356e-03     1.17183e+03
    9.23315e-03     1.17511e+03
    9.29312e-03     1.17838e+03
    9.35349e-03     1.18163e+03
    9.41424e-03     1.18486e+03
    9.47539e-03     1.18808e+03
    9.53694e-03     1.19127e+03
    9.59889e-03     1.19444e+03
    9.66124e-03     1.19759e+03
    9.72400e-03     1.20073e+03
    9.78716e-03     1.20384e+03
    9.85073e-03     1.20693e+03
    9.91472e-03     1.21000e+03
    9.97912e-03     1.21305e+03
    1.00439e-02     1.21607e+03
    1.01092e-02     1.21907e+03
    1.01748e-02     1.22204e+03
    1.02409e-02     1.22500e+03
    1.03075e-02     1.22794e+03
    1.03744e-02     1.23084e+03
    1.04418e-02     1.23372e+03
    1.05096e-02     1.23657e+03
    1.05779e-02     1.23940e+03
    1.06466e-02     1.24220e+03
    1.07158e-02     1.24499e+03
    1.07854e-02     1.24773e+03
    1.08554e-02     1.25045e+03
    1.09259e-02     1.25314e+03
    1.09969e-02     1.25581e+03
    1.10683e-02     1.25844e+03
    1.11402e-02     1.26105e+03
    1.12126e-02     1.26363e+03
    1.12854e-02     1.26617e+03
    1.13587e-02     1.26869e+03
    1.14325e-02     1.27117e+03
    1.15068e-02     1.27363e+03
    1.15815e-02     1.27605e+03
    1.16567e-02     1.27843e+03
    1.17324e-02     1.28079e+03
    1.18087e-02     1.28312e+03
    1.18854e-02     1.28540e+03
    1.19626e-02     1.28766e+03
    1.20403e-02     1.28987e+03
    1.21185e-02     1.29205e+03
    1.21972e-02     1.29420e+03
    1.22764e-02     1.29630e+03
    1.23562e-02     1.29839e+03
    1.24364e-02     1.30041e+03
    1.25172e-02     1.30241e+03
    1.25985e-02     1.30437e+03
    1.26803e-02     1.30629e+03
    1.27627e-02     1.30817e+03
    1.28456e-02     1.31001e+03
    1.29290e-02     1.31181e+03
    1.30130e-02     1.31357e+03
    1.30976e-02     1.31529e+03
    1.31826e-02     1.31696e+03
    1.32683e-02     1.31860e+03
    1.33544e-02     1.32018e+03
    1.34412e-02     1.32173e+03
    1.35285e-02     1.32323e+03
    1.36164e-02     1.32469e+03
    1.37048e-02     1.32610e+03
    1.37938e-02     1.32747e+03
    1.38834e-02     1.32879e+03
    1.39736e-02     1.33007e+03
    1.40644e-02     1.33130e+03
    1.41557e-02     1.33248e+03
    1.42477e-02     1.33361e+03
    1.43402e-02     1.33470e+03
    1.44334e-02     1.33574e+03
    1.45271e-02     1.33673e+03
    1.46215e-02     1.33767e+03
    1.47165e-02     1.33857e+03
    1.48121e-02     1.33941e+03
    1.49083e-02     1.34019e+03
    1.50051e-02     1.34093e+03
    1.51026e-02     1.34162e+03
    1.52007e-02     1.34225e+03
    1.52994e-02     1.34283e+03
    1.53988e-02     1.34336e+03
    1.54988e-02     1.34383e+03
    1.55995e-02     1.34425e+03
    1.57008e-02     1.34461e+03
    1.58028e-02     1.34492e+03
    1.59055e-02     1.34517e+03
    1.60088e-02     1.34536e+03
    1.61128e-02     1.34550e+03
    1.62174e-02     1.34557e+03
    1.63228e-02     1.34560e+03
    1.64288e-02     1.34556e+03
    1.65355e-02     1.34547e+03
    1.66429e-02     1.34531e+03
    1.67510e-02     1.34510e+03
    1.68598e-02     1.34483e+03
    1.69693e-02     1.34449e+03
    1.70796e-02     1.34410e+03
    1.71905e-02     1.34365e+03
    1.73022e-02     1.34314e+03
    1.74145e-02     1.34256e+03
    1.75277e-02     1.34193e+03
    1.76415e-02     1.34122e+03
    1.77561e-02     1.34046e+03
    1.78714e-02     1.33964e+03
    1.79875e-02     1.33876e+03
    1.81044e-02     1.33781e+03
    1.82220e-02     1.33680e+03
    1.83403e-02     1.33572e+03
    1.84594e-02     1.33458e+03
    1.85794e-02     1.33338e+03
    1.87000e-02     1.33211e+03
    1.88215e-02     1.33077e+03
    1.89438e-02     1.32938e+03
    1.90668e-02     1.32792e+03
    1.91907e-02     1.32639e+03
    1.93153e-02     1.32479e+03
    1.94408e-02     1.32313e+03
    1.95671e-02     1.32140e+03
    1.96942e-02     1.31960e+03
    1.98221e-02     1.31774e+03
    1.99508e-02     1.31581e+03
    2.00804e-02     1.31381e+03
    2.02109e-02     1.31175e+03
    2.03421e-02     1.30962e+03
    2.04743e-02     1.30743e+03
    2.06073e-02     1.30517e+03
    2.07411e-02     1.30283e+03
    2.08758e-02     1.30044e+03
    2.10114e-02     1.29798e+03
    2.11479e-02     1.29544e+03
    2.12853e-02     1.29285e+03
    2.14236e-02     1.29019e+03
    2.15627e-02     1.28746e+03
    2.17028e-02     1.28466e+03
    2.18437e-02     1.28180e+03
    2.19856e-02     1.27888e+03
    2.21284e-02     1.27588e+03
    2.22722e-02     1.27283e+03
    2.24168e-02     1.26970e+03
    2.25625e-02     1.26651e+03
    2.27090e-02     1.26326e+03
    2.28565e-02     1.25994e+03
    2.30050e-02     1.25655e+03
    2.31544e-02     1.25311e+03
    2.33048e-02     1.24959e+03
    2.34562e-02     1.24602e+03
    2.36086e-02     1.24238e+03
    2.37619e-02     1.23868e+03
    2.39162e-02     1.23491e+03
    2.40716e-02     1.23109e+03
    2.42280e-02     1.22720e+03
    2.43853e-02     1.22325e+03
    2.45437e-02     1.21924e+03
    2.47032e-02     1.21517e+03
    2.48636e-02     1.21104e+03
    2.50251e-02     1.20685e+03
    2.51877e-02     1.20261e+03
    2.53513e-02     1.19830e+03
    2.55159e-02     1.19395e+03
    2.56817e-02     1.18953e+03
    2.58485e-02     1.18506e+03
    2.60164e-02     1.18054e+03
    2.61854e-02     1.17597e+03
    2.63555e-02     1.17134e+03
    2.65267e-02     1.16666e+03
    2.66990e-02     1.16192e+03
    2.68724e-02     1.15714e+03
    2.70470e-02     1.15231e+03
    2.72226e-02     1.14743e+03
    2.73995e-02     1.14251e+03
    2.75774e-02     1.13754e+03
    2.77566e-02     1.13252e+03
    2.79369e-02     1.12746e+03
    2.81183e-02     1.12236e+03
    2.83010e-02     1.11722e+03
    2.84848e-02     1.11203e+03
    2.86698e-02     1.10681e+03
    2.88561e-02     1.10155e+03
    2.90435e-02     1.09625e+03
    2.92321e-02     1.09091e+03
    2.94220e-02     1.08554e+03
    2.96131e-02     1.08014e+03
    2.98055e-02     1.07470e+03
    2.99991e-02     1.06923e+03
    3.01940e-02     1.06374e+03
    3.03901e-02     1.05821e+03
    3.05875e-02     1.05266e+03
    3.07862e-02     1.04709e+03
    3.09861e-02     1.04149e+03
    3.11874e-02     1.03587e+03
    3.13900e-02     1.03023e+03
    3.15939e-02     1.02457e+03
    3.17991e-02     1.01889e+03
    3.20057e-02     1.01319e+03
    3.22135e-02     1.00748e+03
    3.24228e-02     1.00176e+03
    3.26334e-02     9.96027e+02
    3.28454e-02     9.90285e+02
    3.30587e-02     9.84528e+02
    3.32735e-02     9.78771e+02
    3.34896e-02     9.73009e+02
    3.37071e-02     9.67238e+02
    3.39261e-02     9.61468e+02
    3.41464e-02     9.55697e+02
    3.43682e-02     9.49926e+02
    3.45915e-02     9.44164e+02
    3.48162e-02     9.38400e+02
    3.50423e-02     9.32647e+02
    3.52699e-02     9.26895e+02
    3.54990e-02     9.21157e+02
    3.57296e-02     9.15433e+02
    3.59617e-02     9.09719e+02
    3.61953e-02     9.04020e+02
    3.64304e-02     8.98335e+02
    3.66670e-02     8.92665e+02
    3.69052e-02     8.87016e+02
    3.71449e-02     8.81392e+02
    3.73862e-02     8.75785e+02
    3.76290e-02     8.70202e+02
    3.78735e-02     8.64649e+02
    3.81195e-02     8.59119e+02
    3.83671e-02     8.53617e+02
    3.86163e-02     8.48146e+02
    3.88671e-02     8.42707e+02
    3.91196e-02     8.37301e+02
    3.93737e-02     8.31927e+02
    3.96295e-02     8.26592e+02
    3.98869e-02     8.21294e+02
    4.01460e-02     8.16034e+02
    4.04067e-02     8.10810e+02
    4.06692e-02     8.05627e+02
    4.09334e-02     8.00488e+02
    4.11992e-02     7.95390e+02
    4.14669e-02     7.90340e+02
    4.17362e-02     7.85331e+02
    4.20073e-02     7.80368e+02
    4.22802e-02     7.75459e+02
    4.25548e-02     7.70594e+02
    4.28312e-02     7.65780e+02
    4.31094e-02     7.61015e+02
    4.33894e-02     7.56301e+02
    4.36713e-02     7.51643e+02
    4.39550e-02     7.47041e+02
    4.42405e-02     7.42488e+02
    4.45278e-02     7.37986e+02
    4.48171e-02     7.33542e+02
    4.51082e-02     7.29154e+02
    4.54012e-02     7.24822e+02
    4.56961e-02     7.20541e+02
    4.59929e-02     7.16318e+02
    4.62917e-02     7.12152e+02
    4.65923e-02     7.08042e+02
    4.68950e-02     7.03986e+02
    4.71996e-02     6.99992e+02
    4.75062e-02     6.96057e+02
    4.78148e-02     6.92174e+02
    4.81253e-02     6.88354e+02
    4.84379e-02     6.84587e+02
    4.87526e-02     6.80876e+02
    4.90692e-02     6.77222e+02
    4.93880e-02     6.73618e+02
    4.97088e-02     6.70073e+02
    5.00317e-02     6.66583e+02
    5.03566e-02     6.63141e+02
    5.06837e-02     6.59750e+02
    5.10130e-02     6.56415e+02
    5.13443e-02     6.53129e+02
    5.16778e-02     6.49894e+02
    5.20135e-02     6.46710e+02
    5.23514e-02     6.43572e+02
    5.26914e-02     6.40479e+02
    5.30337e-02     6.37434e+02
    5.33782e-02     6.34425e+02
    5.37249e-02     6.31462e+02
    5.40738e-02     6.28540e+02
    5.44251e-02     6.25652e+02
    5.47786e-02     6.22801e+02
    5.51344e-02     6.19987e+02
    5.54926e-02     6.17206e+02
    5.58530e-02     6.14452e+02
    5.62158e-02     6.11731e+02
    5.65810e-02     6.09034e+02
    5.69485e-02     6.06365e+02
    5.73184e-02     6.03713e+02
    5.76907e-02     6.01086e+02
    5.80654e-02     5.98471e+02
    5.84426e-02     5.95871e+02
    5.88222e-02     5.93283e+02
    5.92043e-02     5.90705e+02
    5.95889e-02     5.88136e+02
    5.99759e-02     5.85565e+02
    6.03655e-02     5.82998e+02
    6.07576e-02     5.80430e+02
    6.11523e-02     5.77862e+02
    6.15495e-02     5.75282e+02
    6.19493e-02     5.72690e+02
    6.23517e-02     5.70088e+02
    6.27567e-02     5.67475e+02
    6.31643e-02     5.64840e+02
    6.35746e-02     5.62184e+02
    6.39876e-02     5.59502e+02
    6.44032e-02     5.56794e+02
    6.48215e-02     5.54059e+02
    6.52426e-02     5.51288e+02
    6.56664e-02     5.48486e+02
    6.60929e-02     5.45647e+02
    6.65222e-02     5.42771e+02
    6.69543e-02     5.39849e+02
    6.73892e-02     5.36886e+02
    6.78270e-02     5.33876e+02
    6.82675e-02     5.30819e+02
    6.87110e-02     5.27706e+02
    6.91573e-02     5.24546e+02
    6.96065e-02     5.21329e+02
    7.00586e-02     5.18056e+02
    7.05137e-02     5.14732e+02
    7.09717e-02     5.11346e+02
    7.14327e-02     5.07909e+02
    7.18967e-02     5.04411e+02
    7.23637e-02     5.00853e+02
    7.28338e-02     4.97234e+02
    7.33069e-02     4.93554e+02
    7.37830e-02     4.89819e+02
    7.42623e-02     4.86019e+02
    7.47447e-02     4.82160e+02
    7.52302e-02     4.78247e+02
    7.57188e-02     4.74280e+02
    7.62107e-02     4.70255e+02
    7.67057e-02     4.66171e+02
    7.72039e-02     4.62040e+02
    7.77054e-02     4.57852e+02
    7.82102e-02     4.53618e+02
    7.87182e-02     4.49337e+02
    7.92295e-02     4.45011e+02
    7.97441e-02     4.40639e+02
    8.02621e-02     4.36234e+02
    8.07835e-02     4.31795e+02
    8.13082e-02     4.27322e+02
    8.18363e-02     4.22821e+02
    8.23679e-02     4.18293e+02
    8.29029e-02     4.13748e+02
    8.34414e-02     4.09182e+02
    8.39834e-02     4.04610e+02
    8.45290e-02     4.00028e+02
    8.50780e-02     3.95440e+02
    8.56306e-02     3.90853e+02
    8.61869e-02     3.86277e+02
    8.67467e-02     3.81706e+02
    8.73102e-02     3.77157e+02
    8.78773e-02     3.72624e+02
    8.84481e-02     3.68118e+02
    8.90226e-02     3.63642e+02
    8.96009e-02     3.59199e+02
    9.01829e-02     3.54802e+02
    9.07687e-02     3.50447e+02
    9.13583e-02     3.46137e+02
    9.19517e-02     3.41883e+02
    9.25490e-02     3.37690e+02
    9.31501e-02     3.33553e+02
    9.37552e-02     3.29485e+02
    9.43642e-02     3.25482e+02
    9.49771e-02     3.21552e+02
    9.55940e-02     3.17701e+02
    9.62150e-02     3.13933e+02
    9.68399e-02     3.10247e+02
    9.74690e-02     3.06648e+02
    9.81021e-02     3.03135e+02
    9.87393e-02     2.99717e+02
    9.93807e-02     2.96384e+02
    1.00026e-01     2.93150e+02
    1.00676e-01     2.90006e+02
    1.01330e-01     2.86955e+02
    1.01988e-01     2.84001e+02
    1.02651e-01     2.81146e+02
    1.03317e-01     2.78384e+02
    1.03988e-01     2.75726e+02
    1.04664e-01     2.73165e+02
    1.05344e-01     2.70694e+02
    1.06028e-01     2.68313e+02
    1.06717e-01     2.66025e+02
    1.07410e-01     2.63821e+02
    1.08108e-01     2.61704e+02
    1.08810e-01     2.59667e+02
    1.09517e-01     2.57708e+02
    1.10228e-01     2.55833e+02
    1.10944e-01     2.54026e+02
    1.11665e-01     2.52288e+02
    1.12390e-01     2.50610e+02
    1.13120e-01     2.48992e+02
    1.13855e-01     2.47428e+02
    1.14594e-01     2.45907e+02
    1.15339e-01     2.44429e+02
    1.16088e-01     2.42985e+02
    1.16842e-01     2.41577e+02
    1.17601e-01     2.40192e+02
    1.18365e-01     2.38825e+02
    1.19134e-01     2.37472e+02
    1.19907e-01     2.36121e+02
    1.20686e-01     2.34771e+02
    1.21470e-01     2.33418e+02
    1.22259e-01     2.32050e+02
    1.23053e-01     2.30664e+02
    1.23853e-01     2.29253e+02
    1.24657e-01     2.27813e+02
    1.25467e-01     2.26341e+02
    1.26282e-01     2.24830e+02
    1.27102e-01     2.23274e+02
    1.27928e-01     2.21672e+02
    1.28759e-01     2.20017e+02
    1.29595e-01     2.18304e+02
    1.30437e-01     2.16535e+02
    1.31284e-01     2.14706e+02
    1.32137e-01     2.12819e+02
    1.32995e-01     2.10871e+02
    1.33859e-01     2.08863e+02
    1.34728e-01     2.06793e+02
    1.35604e-01     2.04664e+02
    1.36484e-01     2.02473e+02
    1.37371e-01     2.00227e+02
    1.38263e-01     1.97929e+02
    1.39161e-01     1.95584e+02
    1.40065e-01     1.93195e+02
    1.40975e-01     1.90766e+02
    1.41891e-01     1.88302e+02
    1.42812e-01     1.85805e+02
    1.43740e-01     1.83287e+02
    1.44674e-01     1.80752e+02
    1.45614e-01     1.78206e+02
    1.46559e-01     1.75657e+02
    1.47511e-01     1.73112e+02
    1.48469e-01     1.70578e+02
    1.49434e-01     1.68062e+02
    1.50405e-01     1.65569e+02
    1.51381e-01     1.63106e+02
    1.52365e-01     1.60682e+02
    1.53354e-01     1.58300e+02
    1.54351e-01     1.55969e+02
    1.55353e-01     1.53693e+02
    1.56362e-01     1.51478e+02
    1.57378e-01     1.49327e+02
    1.58400e-01     1.47243e+02
    1.59429e-01     1.45231e+02
    1.60465e-01     1.43293e+02
    1.61507e-01     1.41432e+02
    1.62556e-01     1.39651e+02
    1.63612e-01     1.37948e+02
    1.64675e-01     1.36324e+02
    1.65744e-01     1.34776e+02
    1.66821e-01     1.33305e+02
    1.67905e-01     1.31910e+02
    1.68995e-01     1.30589e+02
    1.70093e-01     1.29337e+02
    1.71198e-01     1.28148e+02
    1.72310e-01     1.27020e+02
    1.73429e-01     1.25947e+02
    1.74556e-01     1.24925e+02
    1.75689e-01     1.23947e+02
    1.76831e-01     1.23009e+02
    1.77979e-01     1.22100e+02
    1.79135e-01     1.21217e+02
    1.80299e-01     1.20353e+02
    1.81470e-01     1.19499e+02
    1.82649e-01     1.18650e+02
    1.83835e-01     1.17799e+02
    1.85029e-01     1.16940e+02
    1.86231e-01     1.16066e+02
    1.87441e-01     1.15171e+02
    1.88658e-01     1.14249e+02
    1.89884e-01     1.13299e+02
    1.91117e-01     1.12314e+02
    1.92359e-01     1.11294e+02
    1.93608e-01     1.10232e+02
    1.94866e-01     1.09129e+02
    1.96131e-01     1.07984e+02
    1.97405e-01     1.06799e+02
    1.98688e-01     1.05574e+02
    1.99978e-01     1.04309e+02
    2.01277e-01     1.03007e+02
    2.02585e-01     1.01673e+02
    2.03901e-01     1.00312e+02
    2.05225e-01     9.89272e+01
    2.06558e-01     9.75246e+01
    2.07900e-01     9.61093e+01
    2.09250e-01     9.46877e+01
    2.10609e-01     9.32662e+01
    2.11977e-01     9.18513e+01
    2.13354e-01     9.04493e+01
    2.14740e-01     8.90655e+01
    2.16135e-01     8.77056e+01
    2.17539e-01     8.63753e+01
    2.18952e-01     8.50797e+01
    2.20374e-01     8.38238e+01
    2.21806e-01     8.26107e+01
    2.23246e-01     8.14421e+01
    2.24696e-01     8.03217e+01
    2.26156e-01     7.92510e+01
    2.27625e-01     7.82303e+01
    2.29104e-01     7.72590e+01
    2.30592e-01     7.63358e+01
    2.32089e-01     7.54594e+01
    2.33597e-01     7.46287e+01
    2.35114e-01     7.38389e+01
    2.36642e-01     7.30865e+01
    2.38179e-01     7.23670e+01
    2.39726e-01     7.16765e+01
    2.41283e-01     7.10098e+01
    2.42850e-01     7.03612e+01
    2.44428e-01     6.97253e+01
    2.46015e-01     6.90971e+01
    2.47613e-01     6.84712e+01
    2.49222e-01     6.78435e+01
    2.50841e-01     6.72084e+01
    2.52470e-01     6.65617e+01
    2.54110e-01     6.59006e+01
    2.55760e-01     6.52221e+01
    2.57422e-01     6.45249e+01
    2.59094e-01     6.38065e+01
    2.60777e-01     6.30670e+01
    2.62471e-01     6.23071e+01
    2.64176e-01     6.15276e+01
    2.65892e-01     6.07301e+01
    2.67619e-01     5.99172e+01
    2.69357e-01     5.90928e+01
    2.71107e-01     5.82597e+01
    2.72868e-01     5.74219e+01
    2.74640e-01     5.65837e+01
    2.76424e-01     5.57498e+01
    2.78219e-01     5.49240e+01
    2.80027e-01     5.41106e+01
    2.81846e-01     5.33129e+01
    2.83676e-01     5.25348e+01
    2.85519e-01     5.17794e+01
    2.87374e-01     5.10482e+01
    2.89240e-01     5.03431e+01
    2.91119e-01     4.96658e+01
    2.93010e-01     4.90161e+01
    2.94913e-01     4.83933e+01
    2.96829e-01     4.77969e+01
    2.98757e-01     4.72253e+01
    3.00698e-01     4.66761e+01
    3.02651e-01     4.61466e+01
    3.04617e-01     4.56344e+01
    3.06595e-01     4.51356e+01
    3.08587e-01     4.46472e+01
    3.10591e-01     4.41659e+01
    3.12609e-01     4.36884e+01
    3.14639e-01     4.32117e+01
    3.16683e-01     4.27327e+01
    3.18740e-01     4.22495e+01
    3.20810e-01     4.17606e+01
    3.22894e-01     4.12640e+01
    3.24992e-01     4.07596e+01
    3.27103e-01     4.02474e+01
    3.29227e-01     3.97277e+01
    3.31366e-01     3.92012e+01
    3.33518e-01     3.86699e+01
    3.35685e-01     3.81359e+01
    3.37865e-01     3.76012e+01
    3.40060e-01     3.70681e+01
    3.42269e-01     3.65392e+01
    3.44492e-01     3.60163e+01
    3.46729e-01     3.55023e+01
    3.48982e-01     3.49990e+01
    3.51248e-01     3.45080e+01
    3.53530e-01     3.40304e+01
    3.55826e-01     3.35669e+01
    3.58138e-01     3.31184e+01
    3.60464e-01     3.26840e+01
    3.62805e-01     3.22638e+01
    3.65162e-01     3.18562e+01
    3.67534e-01     3.14602e+01
    3.69921e-01     3.10741e+01
    3.72324e-01     3.06965e+01
    3.74743e-01     3.03250e+01
    3.77177e-01     2.99582e+01
    3.79627e-01     2.95944e+01
    3.82093e-01     2.92319e+01
    3.84574e-01     2.88697e+01
    3.87072e-01     2.85064e+01
    3.89587e-01     2.81418e+01
    3.92117e-01     2.77759e+01
    3.94664e-01     2.74083e+01
    3.97228e-01     2.70397e+01
    3.99808e-01     2.66712e+01
    4.02405e-01     2.63031e+01
    4.05019e-01     2.59370e+01
    4.07650e-01     2.55743e+01
    4.10298e-01     2.52161e+01
    4.12963e-01     2.48631e+01
    4.15645e-01     2.45168e+01
    4.18345e-01     2.41776e+01
    4.21062e-01     2.38460e+01
    4.23797e-01     2.35223e+01
    4.26550e-01     2.32063e+01
    4.29321e-01     2.28981e+01
    4.32110e-01     2.25967e+01
    4.34916e-01     2.23016e+01
    4.37741e-01     2.20119e+01
    4.40585e-01     2.17266e+01
    4.43447e-01     2.14453e+01
    4.46327e-01     2.11664e+01
    4.49226e-01     2.08901e+01
    4.52144e-01     2.06150e+01
    4.55081e-01     2.03411e+01
    4.58037e-01     2.00685e+01
    4.61012e-01     1.97967e+01
    4.64007e-01     1.95264e+01
    4.67021e-01     1.92574e+01
    4.70054e-01     1.89907e+01
    4.73108e-01     1.87269e+01
    4.76181e-01     1.84659e+01
    4.79274e-01     1.82086e+01
    4.82387e-01     1.79553e+01
    4.85520e-01     1.77068e+01
    4.88674e-01     1.74628e+01
    4.91848e-01     1.72234e+01
    4.95043e-01     1.69882e+01
    4.98259e-01     1.67574e+01
    5.01495e-01     1.65307e+01
    5.04753e-01     1.63075e+01
    5.08031e-01     1.60873e+01
    5.11331e-01     1.58698e+01
    5.14653e-01     1.56550e+01
    5.17995e-01     1.54421e+01
    5.21360e-01     1.52309e+01
    5.24747e-01     1.50217e+01
    5.28155e-01     1.48145e+01
    5.31586e-01     1.46089e+01
    5.35039e-01     1.44056e+01
    5.38514e-01     1.42044e+01
    5.42012e-01     1.40056e+01
    5.45533e-01     1.38095e+01
    5.49076e-01     1.36164e+01
    5.52643e-01     1.34262e+01
    5.56233e-01     1.32388e+01
    5.59846e-01     1.30547e+01
    5.63482e-01     1.28733e+01
    5.67142e-01     1.26948e+01
    5.70826e-01     1.25188e+01
    5.74534e-01     1.23453e+01
    5.78266e-01     1.21742e+01
    5.82022e-01     1.20049e+01
    5.85803e-01     1.18379e+01
    5.89608e-01     1.16726e+01
    5.93437e-01     1.15091e+01
    5.97292e-01     1.13475e+01
    6.01172e-01     1.11878e+01
    6.05077e-01     1.10301e+01
    6.09007e-01     1.08745e+01
    6.12963e-01     1.07209e+01
    6.16945e-01     1.05694e+01
    6.20952e-01     1.04202e+01
    6.24985e-01     1.02731e+01
    6.29045e-01     1.01280e+01
    6.33131e-01     9.98498e+00
    6.37244e-01     9.84388e+00
    6.41383e-01     9.70469e+00
    6.45549e-01     9.56742e+00
    6.49742e-01     9.43203e+00
    6.53963e-01     9.29847e+00
    6.58210e-01     9.16671e+00
    6.62486e-01     9.03673e+00
    6.66789e-01     8.90851e+00
    6.71120e-01     8.78200e+00
    6.75479e-01     8.65717e+00
    6.79867e-01     8.53400e+00
    6.84283e-01     8.41246e+00
    6.88728e-01     8.29256e+00
    6.93202e-01     8.17425e+00
    6.97704e-01     8.05752e+00
    7.02236e-01     7.94237e+00
    7.06798e-01     7.82876e+00
    7.11389e-01     7.71669e+00
    7.16010e-01     7.60613e+00
    7.20661e-01     7.49707e+00
    7.25342e-01     7.38950e+00
    7.30053e-01     7.28338e+00
    7.34795e-01     7.17873e+00
    7.39568e-01     7.07551e+00
    7.44372e-01     6.97370e+00
    7.49207e-01     6.87327e+00
    7.54074e-01     6.77425e+00
    7.58972e-01     6.67657e+00
    7.63902e-01     6.58024e+00
    7.68864e-01     6.48523e+00
    7.73858e-01     6.39152e+00
    7.78884e-01     6.29911e+00
    7.83944e-01     6.20798e+00
    7.89036e-01     6.11810e+00
    7.94161e-01     6.02945e+00
    7.99320e-01     5.94204e+00
    8.04512e-01     5.85583e+00
    8.09737e-01     5.77078e+00
    8.14997e-01     5.68693e+00
    8.20291e-01     5.60425e+00
    8.25619e-01     5.52271e+00
    8.30982e-01     5.44229e+00
    8.36380e-01     5.36300e+00
    8.41812e-01     5.28481e+00
    8.47280e-01     5.20771e+00
    8.52784e-01     5.13169e+00
    8.58323e-01     5.05672e+00
    8.63899e-01     4.98281e+00
    8.69510e-01     4.90992e+00
    8.75158e-01     4.83806e+00
    8.80843e-01     4.76720e+00
    8.86564e-01     4.69734e+00
    8.92323e-01     4.62845e+00
    8.98119e-01     4.56053e+00
    9.03953e-01     4.49359e+00
    9.09825e-01     4.42756e+00
    9.15734e-01     4.36247e+00
    9.21683e-01     4.29830e+00
    9.27669e-01     4.23502e+00
    9.33695e-01     4.17266e+00
    9.39760e-01     4.11116e+00
    9.45864e-01     4.05053e+00
    9.52008e-01     3.99075e+00
    9.58192e-01     3.93183e+00
    9.64416e-01     3.87374e+00
    9.70680e-01     3.81646e+00
    9.76985e-01     3.76002e+00
    9.83332e-01     3.70435e+00
    9.89719e-01     3.64950e+00
    9.96148e-01     3.59542e+00
    1.00262e+00     3.54212e+00
    1.00913e+00     3.48955e+00
    1.01569e+00     3.43776e+00
    1.02228e+00     3.38667e+00
    1.02892e+00     3.33632e+00
    1.03561e+00     3.28673e+00
    1.04233e+00     3.23780e+00
    1.04910e+00     3.18958e+00
    1.05592e+00     3.14206e+00
    1.06278e+00     3.09521e+00
    1.06968e+00     3.04902e+00
    1.07663e+00     3.00350e+00
    1.08362e+00     2.95862e+00
    1.09066e+00     2.91439e+00
    1.09775e+00     2.87081e+00
    1.10488e+00     2.82784e+00
    1.11205e+00     2.78548e+00
    1.11928e+00     2.74375e+00
    1.12655e+00     2.70261e+00
    1.13386e+00     2.66205e+00
    1.14123e+00     2.62210e+00
    1.14864e+00     2.58273e+00
    1.15610e+00     2.54392e+00
    1.16361e+00     2.50569e+00
    1.17117e+00     2.46801e+00
    1.17878e+00     2.43087e+00
    1.18643e+00     2.39428e+00
    1.19414e+00     2.35823e+00
    1.20190e+00     2.32270e+00
    1.20970e+00     2.28767e+00
    1.21756e+00     2.25318e+00
    1.22547e+00     2.21918e+00
    1.23343e+00     2.18567e+00
    1.24144e+00     2.15267e+00
    1.24951e+00     2.12015e+00
    1.25762e+00     2.08809e+00
    1.26579e+00     2.05651e+00
    1.27401e+00     2.02538e+00
    1.28229e+00     1.99473e+00
    1.29062e+00     1.96451e+00
    1.29900e+00     1.93473e+00
    1.30744e+00     1.90539e+00
    1.31593e+00     1.87647e+00
    1.32448e+00     1.84799e+00
    1.33308e+00     1.81990e+00
    1.34174e+00     1.79223e+00
    1.35046e+00     1.76497e+00
    1.35923e+00     1.73810e+00
    1.36806e+00     1.71163e+00
    1.37695e+00     1.68554e+00
    1.38589e+00     1.65984e+00
    1.39489e+00     1.63452e+00
    1.40395e+00     1.60957e+00
    1.41307e+00     1.58498e+00
    1.42225e+00     1.56077e+00
    1.43149e+00     1.53692e+00
    1.44079e+00     1.51342e+00
    1.45015e+00     1.49025e+00
    1.45956e+00     1.46744e+00
    1.46905e+00     1.44498e+00
    1.47859e+00     1.42284e+00
    1.48819e+00     1.40102e+00
    1.49786e+00     1.37954e+00
    1.50759e+00     1.35839e+00
    1.51738e+00     1.33753e+00
    1.52724e+00     1.31700e+00
    1.53716e+00     1.29677e+00
    1.54714e+00     1.27684e+00
    1.55719e+00     1.25722e+00
    1.56731e+00     1.23789e+00
    1.57749e+00     1.21884e+00
    1.58773e+00     1.20007e+00
    1.59805e+00     1.18160e+00
    1.60843e+00     1.16339e+00
    1.61887e+00     1.14545e+00
    1.62939e+00     1.12780e+00
    1.63997e+00     1.11039e+00
    1.65063e+00     1.09325e+00
    1.66135e+00     1.07636e+00
    1.67214e+00     1.05971e+00
    1.68300e+00     1.04333e+00
    1.69393e+00     1.02718e+00
    1.70494e+00     1.01128e+00
    1.71601e+00     9.95611e-01
    1.72716e+00     9.80181e-01
    1.73838e+00     9.64987e-01
    1.74967e+00     9.50016e-01
    1.76103e+00     9.35269e-01
    1.77247e+00     9.20748e-01
    1.78398e+00     9.06448e-01
    1.79557e+00     8.92361e-01
    1.80724e+00     8.78497e-01
    1.81897e+00     8.64834e-01
    1.83079e+00     8.51376e-01
    1.84268e+00     8.38132e-01
    1.85465e+00     8.25085e-01
    1.86670e+00     8.12234e-01
    1.87882e+00     7.99574e-01
    1.89103e+00     7.87122e-01
    1.90331e+00     7.74849e-01
    1.91567e+00     7.62757e-01
    1.92812e+00     7.50860e-01
    1.94064e+00     7.39138e-01
    1.95325e+00     7.27599e-01
    1.96593e+00     7.16233e-01
    1.97870e+00     7.05048e-01
    1.99156e+00     6.94022e-01
    2.00449e+00     6.83167e-01
    2.01751e+00     6.72480e-01
    2.03062e+00     6.61959e-01
    2.04381e+00     6.51590e-01
    2.05708e+00     6.41383e-01
    2.07045e+00     6.31333e-01
    2.08389e+00     6.21421e-01
    2.09743e+00     6.11673e-01
    2.11105e+00     6.02064e-01
    2.12477e+00     5.92609e-01
    2.13857e+00     5.83300e-01
    2.15246e+00     5.74131e-01
    2.16644e+00     5.65092e-01
    2.18051e+00     5.56200e-01
    2.19468e+00     5.47447e-01
    2.20893e+00     5.38820e-01
    2.22328e+00     5.30339e-01
    2.23772e+00     5.21975e-01
    2.25226e+00     5.13748e-01
    2.26689e+00     5.05645e-01
    2.28161e+00     4.97666e-01
    2.29643e+00     4.89812e-01
    2.31135e+00     4.82082e-01
    2.32636e+00     4.74466e-01
    2.34147e+00     4.66972e-01
    2.35668e+00     4.59592e-01
    2.37199e+00     4.52326e-01
    2.38740e+00     4.45179e-01
    2.40290e+00     4.38135e-01
    2.41851e+00     4.31203e-01
    2.43422e+00     4.24381e-01
    2.45003e+00     4.17661e-01
    2.46595e+00     4.11043e-01
    2.48197e+00     4.04533e-01
    2.49809e+00     3.98120e-01
    2.51431e+00     3.91807e-01
    2.53065e+00     3.85594e-01
    2.54708e+00     3.79474e-01
    2.56363e+00     3.73450e-01
    2.58028e+00     3.67518e-01
    2.59704e+00     3.61677e-01
    2.61391e+00     3.55927e-01
    2.63089e+00     3.50265e-01
    2.64798e+00     3.44691e-01
    2.66518e+00     3.39204e-01
    2.68249e+00     3.33800e-01
    2.69991e+00     3.28482e-01
    2.71745e+00     3.23246e-01
    2.73510e+00     3.18092e-01
    2.75287e+00     3.13018e-01
    2.77075e+00     3.08023e-01
    2.78875e+00     3.03107e-01
    2.80686e+00     2.98266e-01
    2.82509e+00     2.93502e-01
    2.84344e+00     2.88813e-01
    2.86191e+00     2.84197e-01
    2.88050e+00     2.79654e-01
    2.89921e+00     2.75183e-01
    2.91805e+00     2.70783e-01
    2.93700e+00     2.66450e-01
    2.95608e+00     2.62186e-01
    2.97528e+00     2.57989e-01
    2.99461e+00     2.53859e-01
    3.01406e+00     2.49793e-01
    3.03364e+00     2.45792e-01
    3.05334e+00     2.41853e-01
    3.07317e+00     2.37976e-01
    3.09314e+00     2.34161e-01
    3.11323e+00     2.30405e-01
    3.13345e+00     2.26708e-01
    3.15380e+00     2.23069e-01
    3.17429e+00     2.19487e-01
    3.19491e+00     2.15961e-01
    3.21566e+00     2.12490e-01
    3.23655e+00     2.09074e-01
    3.25757e+00     2.05710e-01
    3.27873e+00     2.02400e-01
    3.30003e+00     1.99141e-01
    3.32146e+00     1.95933e-01
    3.34304e+00     1.92776e-01
    3.36475e+00     1.89668e-01
    3.38661e+00     1.86610e-01
    3.40861e+00     1.83600e-01
    3.43075e+00     1.80637e-01
    3.45303e+00     1.77721e-01
    3.47546e+00     1.74852e-01
    3.49804e+00     1.72028e-01
    3.52076e+00     1.69249e-01
    3.54363e+00     1.66514e-01
    3.56664e+00     1.63823e-01
    3.58981e+00     1.61174e-01
    3.61313e+00     1.58568e-01
    3.63660e+00     1.56003e-01
    3.66022e+00     1.53479e-01
    3.68400e+00     1.50996e-01
    3.70793e+00     1.48551e-01
    3.73201e+00     1.46146e-01
    3.75625e+00     1.43780e-01
    3.78065e+00     1.41451e-01
    3.80521e+00     1.39160e-01
    3.82993e+00     1.36904e-01
    3.85480e+00     1.34685e-01
    3.87984e+00     1.32501e-01
    3.90504e+00     1.30351e-01
    3.93041e+00     1.28237e-01
    3.95594e+00     1.26155e-01
    3.98163e+00     1.24107e-01
    4.00750e+00     1.22091e-01
    4.03353e+00     1.20107e-01
    4.05973e+00     1.18155e-01
    4.08610e+00     1.16233e-01
    4.11264e+00     1.14342e-01
    4.13935e+00     1.12480e-01
    4.16624e+00     1.10649e-01
    4.19330e+00     1.08846e-01
    4.22054e+00     1.07073e-01
    4.24796e+00     1.05328e-01
    4.27555e+00     1.03610e-01
    4.30332e+00     1.01920e-01
    4.33127e+00     1.00258e-01
    4.35941e+00     9.86217e-02
    4.38772e+00     9.70120e-02
    4.41622e+00     9.54280e-02
    4.44491e+00     9.38698e-02
    4.47378e+00     9.23369e-02
    4.50284e+00     9.08282e-02
    4.53209e+00     8.93443e-02
    4.56153e+00     8.78843e-02
    4.59116e+00     8.64477e-02
    4.62098e+00     8.50347e-02
    4.65100e+00     8.36440e-02
    4.68121e+00     8.22762e-02
    4.71161e+00     8.09301e-02
    4.74222e+00     7.96059e-02
    4.77302e+00     7.83033e-02
    4.80403e+00     7.70218e-02
    4.83523e+00     7.57605e-02
    4.86664e+00     7.45196e-02
    4.89825e+00     7.32988e-02
    4.93007e+00     7.20973e-02
    4.96209e+00     7.09156e-02
    4.99432e+00     6.97524e-02
    5.02676e+00     6.86079e-02
    5.05941e+00     6.74818e-02
    5.09228e+00     6.63738e-02
    5.12535e+00     6.52833e-02
    5.15865e+00     6.42108e-02
    5.19215e+00     6.31551e-02
    5.22588e+00     6.21164e-02
    5.25983e+00     6.10949e-02
    5.29399e+00     6.00894e-02
    5.32838e+00     5.91006e-02
    5.36299e+00     5.81273e-02
    5.39782e+00     5.71704e-02
    5.43289e+00     5.62285e-02
    5.46818e+00     5.53023e-02
    5.50370e+00     5.43908e-02
    5.53944e+00     5.34944e-02
    5.57543e+00     5.26128e-02
    5.61164e+00     5.17452e-02
    5.64809e+00     5.08920e-02
    5.68478e+00     5.00524e-02
    5.72171e+00     4.92267e-02
    5.75887e+00     4.84146e-02
    5.79628e+00     4.76155e-02
    5.83393e+00     4.68300e-02
    5.87182e+00     4.60568e-02
    5.90996e+00     4.52962e-02
    5.94835e+00     4.45482e-02
    5.98699e+00     4.38123e-02
    6.02588e+00     4.30885e-02
    6.06502e+00     4.23766e-02
    6.10442e+00     4.16762e-02
    6.14407e+00     4.09872e-02
    6.18398e+00     4.03092e-02
    6.22414e+00     3.96424e-02
    6.26457e+00     3.89861e-02
    6.30527e+00     3.83406e-02
    6.34622e+00     3.77058e-02
    6.38744e+00     3.70808e-02
    6.42893e+00     3.64661e-02
    6.47069e+00     3.58616e-02
    6.51272e+00     3.52667e-02
    6.55503e+00     3.46816e-02
    6.59761e+00     3.41060e-02
    6.64046e+00     3.35395e-02
    6.68359e+00     3.29826e-02
    6.72701e+00     3.24348e-02
    6.77070e+00     3.18960e-02
    6.81468e+00     3.13661e-02
    6.85895e+00     3.08448e-02
    6.90350e+00     3.03323e-02
    6.94834e+00     2.98279e-02
    6.99348e+00     2.93320e-02
    7.03890e+00     2.88443e-02
    7.08462e+00     2.83646e-02
    7.13064e+00     2.78929e-02
    7.17696e+00     2.74286e-02
    7.22358e+00     2.69725e-02
    7.27050e+00     2.65234e-02
    7.31773e+00     2.60820e-02
    7.36526e+00     2.56477e-02
    7.41310e+00     2.52209e-02
    7.46125e+00     2.48007e-02
    7.50972e+00     2.43878e-02
    7.55850e+00     2.39816e-02
    7.60759e+00     2.35818e-02
    7.65701e+00     2.31889e-02
    7.70675e+00     2.28023e-02
    7.75680e+00     2.24220e-02
    7.80719e+00     2.20480e-02
    7.85790e+00     2.16799e-02
    7.90894e+00     2.13181e-02
    7.96032e+00     2.09618e-02
    8.01202e+00     2.06117e-02
    8.06407e+00     2.02673e-02
    8.11645e+00     1.99284e-02
    8.16917e+00     1.95953e-02
    8.22223e+00     1.92675e-02
    8.27564e+00     1.89450e-02
    8.32939e+00     1.86279e-02
    8.38350e+00     1.83161e-02
    8.43795e+00     1.80095e-02
    8.49276e+00     1.77079e-02
    8.54793e+00     1.74114e-02
    8.60345e+00     1.71198e-02
    8.65933e+00     1.68327e-02
    8.71558e+00     1.65508e-02
    8.77219e+00     1.62736e-02
    8.82917e+00     1.60008e-02
    8.88652e+00     1.57325e-02
    8.94425e+00     1.54688e-02
    9.00234e+00     1.52093e-02
    9.06082e+00     1.49544e-02
    9.11967e+00     1.47037e-02
    9.17891e+00     1.44568e-02
    9.23853e+00     1.42145e-02
    9.29854e+00     1.39760e-02
    9.35894e+00     1.37415e-02
    9.41973e+00     1.35108e-02
    9.48092e+00     1.32840e-02
    9.54250e+00     1.30610e-02
    9.60449e+00     1.28416e-02
    9.66687e+00     1.26259e-02
    9.72967e+00     1.24137e-02
    9.79287e+00     1.22051e-02
    9.85648e+00     1.19998e-02
    9.92050e+00     1.17979e-02
    9.98494e+00     1.15994e-02
    1.00498e+01     1.14041e-02
    1.01151e+01     1.12121e-02
    1.01808e+01     1.10232e-02
    1.02469e+01     1.08375e-02
    1.03135e+01     1.06549e-02
    1.03805e+01     1.04753e-02
    1.04479e+01     1.02986e-02
    1.05157e+01     1.01249e-02
    1.05841e+01     9.95427e-03
    1.06528e+01     9.78631e-03
    1.07220e+01     9.62122e-03
    1.07916e+01     9.45887e-03
    1.08617e+01     9.29926e-03
    1.09323e+01     9.14238e-03
    1.10033e+01     8.98805e-03
    1.10748e+01     8.83635e-03
    1.11467e+01     8.68718e-03
    1.12191e+01     8.54051e-03
    1.12920e+01     8.39633e-03
    1.13653e+01     8.25450e-03
    1.14392e+01     8.11516e-03
    1.15135e+01     7.97809e-03
    1.15883e+01     7.84332e-03
    1.16635e+01     7.71077e-03
    1.17393e+01     7.58050e-03
    1.18155e+01     7.45235e-03
    1.18923e+01     7.32640e-03
    1.19695e+01     7.20250e-03
    1.20473e+01     7.08070e-03
    1.21255e+01     6.96089e-03
    1.22043e+01     6.84311e-03
    1.22836e+01     6.72728e-03
    1.23634e+01     6.61336e-03
    1.24437e+01     6.50131e-03
    1.25245e+01     6.39112e-03
    1.26059e+01     6.28280e-03
    1.26877e+01     6.17622e-03
    1.27701e+01     6.07147e-03
    1.28531e+01     5.96850e-03
    1.29366e+01     5.86725e-03
    1.30206e+01     5.76764e-03
    1.31052e+01     5.66976e-03
    1.31903e+01     5.57350e-03
    1.32760e+01     5.47888e-03
    1.33622e+01     5.38584e-03
    1.34490e+01     5.29436e-03
    1.35364e+01     5.20444e-03
    1.36243e+01     5.11603e-03
    1.37128e+01     5.02914e-03
    1.38019e+01     4.94370e-03
    1.38915e+01     4.85968e-03
    1.39818e+01     4.77712e-03
    1.40726e+01     4.69593e-03
    1.41640e+01     4.61613e-03
    1.42560e+01     4.53765e-03
    1.43486e+01     4.46052e-03
    1.44418e+01     4.38470e-03
    1.45356e+01     4.31014e-03
    1.46300e+01     4.23684e-03
    1.47251e+01     4.16479e-03
    1.48207e+01     4.09393e-03
    1.49170e+01     4.02429e-03
    1.50139e+01     3.95579e-03
    1.51114e+01     3.88845e-03
    1.52095e+01     3.82222e-03
    1.53083e+01     3.75712e-03
    1.54078e+01     3.69311e-03
    1.55079e+01     3.63015e-03
    1.56086e+01     3.56825e-03
    1.57100e+01     3.50740e-03
    1.58120e+01     3.44755e-03
    1.59147e+01     3.38871e-03
    1.60181e+01     3.33087e-03
    1.61221e+01     3.27400e-03
    1.62269e+01     3.21812e-03
    1.63323e+01     3.16316e-03
    1.64384e+01     3.10913e-03
    1.65451e+01     3.05601e-03
    1.66526e+01     3.00380e-03
    1.67608e+01     2.95248e-03
    1.68696e+01     2.90202e-03
    1.69792e+01     2.85243e-03
    1.70895e+01     2.80368e-03
    1.72005e+01     2.75576e-03
    1.73122e+01     2.70865e-03
    1.74247e+01     2.66236e-03
    1.75379e+01     2.61685e-03
    1.76518e+01     2.57211e-03
    1.77665e+01     2.52812e-03
    1.78819e+01     2.48489e-03
    1.79980e+01     2.44240e-03
    1.81149e+01     2.40063e-03
    1.82326e+01     2.35956e-03
    1.83510e+01     2.31920e-03
    1.84702e+01     2.27951e-03
    1.85902e+01     2.24049e-03
    1.87109e+01     2.20214e-03
    1.88325e+01     2.16444e-03
    1.89548e+01     2.12737e-03
    1.90779e+01     2.09092e-03
    1.92019e+01     2.05509e-03
    1.93266e+01     2.01986e-03
    1.94521e+01     1.98521e-03
    1.95785e+01     1.95116e-03
    1.97056e+01     1.91769e-03
    1.98336e+01     1.88477e-03
    1.99625e+01     1.85242e-03
    2.00921e+01     1.82061e-03
    2.02226e+01     1.78934e-03
    2.03540e+01     1.75861e-03
    2.04862e+01     1.72840e-03
    2.06193e+01     1.69870e-03
    2.07532e+01     1.66951e-03
    2.08880e+01     1.64082e-03
    2.10237e+01     1.61262e-03
    2.11603e+01     1.58491e-03
    2.12977e+01     1.55766e-03
    2.14360e+01     1.53089e-03
    2.15753e+01     1.50457e-03
    2.17154e+01     1.47870e-03
    2.18565e+01     1.45329e-03
    2.19985e+01     1.42831e-03
    2.21413e+01     1.40374e-03
    2.22852e+01     1.37961e-03
    2.24299e+01     1.35588e-03
    2.25756e+01     1.33256e-03
    2.27223e+01     1.30964e-03
    2.28698e+01     1.28710e-03
    2.30184e+01     1.26496e-03
    2.31679e+01     1.24319e-03
    2.33184e+01     1.22180e-03
    2.34699e+01     1.20076e-03
    2.36223e+01     1.18008e-03
    2.37758e+01     1.15976e-03
    2.39302e+01     1.13977e-03
    2.40856e+01     1.12012e-03
    2.42421e+01     1.10080e-03
    2.43996e+01     1.08183e-03
    2.45580e+01     1.06316e-03
    2.47176e+01     1.04481e-03
    2.48781e+01     1.02678e-03
    2.50397e+01     1.00906e-03
    2.52024e+01     9.91628e-04
    2.53661e+01     9.74513e-04
    2.55308e+01     9.57672e-04
    2.56967e+01     9.41136e-04
    2.58636e+01     9.24871e-04
    2.60316e+01     9.08889e-04
    2.62007e+01     8.93190e-04
    2.63709e+01     8.77760e-04
    2.65421e+01     8.62580e-04
    2.67146e+01     8.47684e-04
    2.68881e+01     8.33034e-04
    2.70627e+01     8.18635e-04
    2.72385e+01     8.04485e-04
    2.74154e+01     7.90569e-04
    2.75935e+01     7.76912e-04
    2.77728e+01     7.63476e-04
    2.79532e+01     7.50281e-04
    2.81347e+01     7.37302e-04
    2.83175e+01     7.24553e-04
    2.85014e+01     7.12029e-04
    2.86866e+01     6.99711e-04
    2.88729e+01     6.87603e-04
    2.90604e+01     6.75705e-04
    2.92492e+01     6.64019e-04
    2.94392e+01     6.52520e-04
    2.96304e+01     6.41228e-04
    2.98229e+01     6.30121e-04
    3.00166e+01     6.19196e-04
    3.02116e+01     6.08466e-04
    3.04078e+01     5.97915e-04
    3.06053e+01     5.87545e-04
    3.08041e+01     5.77354e-04
    3.10042e+01     5.67341e-04
    3.12056e+01     5.57495e-04
    3.14083e+01     5.47814e-04
    3.16123e+01     5.38306e-04
    3.18176e+01     5.28962e-04
    3.20243e+01     5.19781e-04
    3.22323e+01     5.10750e-04
    3.24417e+01     5.01881e-04
    3.26524e+01     4.93159e-04
    3.28645e+01     4.84596e-04
    3.30780e+01     4.76179e-04
    3.32929e+01     4.67907e-04
    3.35091e+01     4.59778e-04
    3.37268e+01     4.51790e-04
    3.39458e+01     4.43940e-04
    3.41663e+01     4.36225e-04
    3.43883e+01     4.28647e-04
    3.46116e+01     4.21197e-04
    3.48365e+01     4.13878e-04
    3.50627e+01     4.06685e-04
    3.52905e+01     3.99616e-04
    3.55197e+01     3.92670e-04
    3.57505e+01     3.85843e-04
    3.59827e+01     3.79135e-04
    3.62164e+01     3.72541e-04
    3.64516e+01     3.66061e-04
    3.66884e+01     3.59692e-04
    3.69267e+01     3.53432e-04
    3.71666e+01     3.47280e-04
    3.74080e+01     3.41232e-04
    3.76510e+01     3.35288e-04
    3.78956e+01     3.29446e-04
    3.81417e+01     3.23704e-04
    3.83895e+01     3.18061e-04
    3.86388e+01     3.12514e-04
    3.88898e+01     3.07063e-04
    3.91424e+01     3.01706e-04
    3.93967e+01     2.96442e-04
    3.96526e+01     2.91269e-04
    3.99101e+01     2.86186e-04
    4.01694e+01     2.81191e-04
    4.04303e+01     2.76282e-04
    4.06929e+01     2.71458e-04
    4.09572e+01     2.66719e-04
    4.12233e+01     2.62062e-04
    4.14910e+01     2.57486e-04
    4.17605e+01     2.52989e-04
    4.20318e+01     2.48572e-04
    4.23048e+01     2.44231e-04
    4.25796e+01     2.39965e-04
    4.28562e+01     2.35774e-04
    4.31346e+01     2.31656e-04
    4.34147e+01     2.27608e-04
    4.36968e+01     2.23633e-04
    4.39806e+01     2.19725e-04
    4.42663e+01     2.15886e-04
    4.45538e+01     2.12113e-04
    4.48432e+01     2.08405e-04
    4.51345e+01     2.04762e-04
    4.54277e+01     2.01182e-04
    4.57227e+01     1.97663e-04
    4.60197e+01     1.94205e-04
    4.63186e+01     1.90806e-04
    4.66195e+01     1.87466e-04
    4.69223e+01     1.84183e-04
    4.72271e+01     1.80956e-04
    4.75339e+01     1.77785e-04
    4.78426e+01     1.74669e-04
    4.81534e+01     1.71607e-04
    4.84662e+01     1.68597e-04
    4.87810e+01     1.65640e-04
    4.90979e+01     1.62734e-04
    4.94168e+01     1.59879e-04
    4.97378e+01     1.57072e-04
    5.00608e+01     1.54315e-04
    5.03860e+01     1.51607e-04
    5.07133e+01     1.48945e-04
    5.10427e+01     1.46331e-04
    5.13743e+01     1.43762e-04
    5.17080e+01     1.41237e-04
    5.20438e+01     1.38758e-04
    5.23819e+01     1.36321e-04
    5.27221e+01     1.33927e-04
    5.30646e+01     1.31576e-04
    5.34093e+01     1.29265e-04
    5.37562e+01     1.26996e-04
    5.41054e+01     1.24765e-04
    5.44568e+01     1.22574e-04
    5.48106e+01     1.20422e-04
    5.51666e+01     1.18307e-04
    5.55249e+01     1.16229e-04
    5.58856e+01     1.14187e-04
    5.62486e+01     1.12181e-04
    5.66140e+01     1.10210e-04
    5.69817e+01     1.08274e-04
    5.73518e+01     1.06371e-04
    5.77244e+01     1.04501e-04
    5.80993e+01     1.02664e-04
    5.84767e+01     1.00858e-04
    5.88565e+01     9.90841e-05
    5.92388e+01     9.73407e-05
    5.96236e+01     9.56277e-05
    6.00109e+01     9.39447e-05
    6.04007e+01     9.22910e-05
    6.07930e+01     9.06657e-05
    6.11879e+01     8.90689e-05
    6.15854e+01     8.75003e-05
    6.19854e+01     8.59584e-05
    6.23880e+01     8.44437e-05
    6.27933e+01     8.29556e-05
    6.32012e+01     8.14938e-05
    6.36117e+01     8.00570e-05
    6.40249e+01     7.86457e-05
    6.44408e+01     7.72591e-05
    6.48593e+01     7.58959e-05
    6.52806e+01     7.45571e-05
    6.57047e+01     7.32416e-05
    6.61315e+01     7.19490e-05
    6.65610e+01     7.06787e-05
    6.69934e+01     6.94307e-05
    6.74285e+01     6.82041e-05
    6.78665e+01     6.69985e-05
    6.83073e+01     6.58141e-05
    6.87510e+01     6.46503e-05
    6.91976e+01     6.35060e-05
    6.96471e+01     6.23820e-05
    7.00995e+01     6.12767e-05
    7.05548e+01     6.01904e-05
    7.10131e+01     5.91227e-05
    7.14744e+01     5.80728e-05
    7.19386e+01     5.70411e-05
    7.24059e+01     5.60266e-05
    7.28762e+01     5.50290e-05
    7.33496e+01     5.40485e-05
    7.38261e+01     5.30843e-05
    7.43056e+01     5.21368e-05
    7.47883e+01     5.12059e-05
    7.52740e+01     5.02905e-05
    7.57630e+01     4.93915e-05
    7.62551e+01     4.85079e-05
    7.67504e+01     4.76400e-05
    7.72490e+01     4.67872e-05
    7.77507e+01     4.59494e-05
    7.82558e+01     4.51271e-05
    7.87641e+01     4.43191e-05
    7.92757e+01     4.35258e-05
    7.97906e+01     4.27471e-05
    8.03089e+01     4.19825e-05
    8.08306e+01     4.12319e-05
    8.13556e+01     4.04956e-05
    8.18841e+01     3.97726e-05
    8.24160e+01     3.90628e-05
    8.29513e+01     3.83670e-05
    8.34901e+01     3.76838e-05
    8.40324e+01     3.70139e-05
    8.45783e+01     3.63565e-05
    8.51276e+01     3.57117e-05
    8.56806e+01     3.50797e-05
    8.62371e+01     3.44601e-05
    8.67973e+01     3.38522e-05
    8.73611e+01     3.32566e-05
    8.79285e+01     3.26724e-05
    8.84997e+01     3.21005e-05
    8.90745e+01     3.15393e-05
    8.96531e+01     3.09901e-05
    9.02355e+01     3.04515e-05
    9.08216e+01     2.99240e-05
    9.14115e+01     2.94073e-05
    9.20053e+01     2.89007e-05
    9.26029e+01     2.84040e-05
    9.32044e+01     2.79168e-05
    9.38099e+01     2.74390e-05
    9.44192e+01     2.69698e-05
    9.50325e+01     2.65091e-05
    9.56498e+01     2.60566e-05
    9.62711e+01     2.56117e-05
    9.68964e+01     2.51744e-05
    9.75258e+01     2.47444e-05
    9.81593e+01     2.43211e-05
    9.87969e+01     2.39042e-05
    9.94386e+01     2.34934e-05
    1.00085e+02     2.30889e-05
    1.00735e+02     2.26896e-05
    1.01389e+02     2.22958e-05
    1.02048e+02     2.19070e-05
    1.02710e+02     2.15227e-05
    1.03378e+02     2.11433e-05
    1.04049e+02     2.07677e-05
    1.04725e+02     2.03960e-05
    1.05405e+02     2.00283e-05
    1.06090e+02     1.96638e-05
    1.06779e+02     1.93027e-05
    1.07473e+02     1.89444e-05
    1.08171e+02     1.85886e-05
    1.08873e+02     1.82354e-05
    1.09580e+02     1.78845e-05
    1.10292e+02     1.75356e-05
    1.11009e+02     1.71887e-05
    1.11730e+02     1.68433e-05
