    1.05035e-05     3.31393e+00
    1.05717e-05     3.33461e+00
    1.06404e-05     3.35543e+00
    1.07095e-05     3.37637e+00
    1.07791e-05     3.39746e+00
    1.08491e-05     3.41866e+00
    1.09196e-05     3.44001e+00
    1.09905e-05     3.46147e+00
    1.10619e-05     3.48308e+00
    1.11337e-05     3.50481e+00
    1.12060e-05     3.52668e+00
    1.12788e-05     3.54870e+00
    1.13521e-05     3.57086e+00
    1.14258e-05     3.59314e+00
    1.15001e-05     3.61559e+00
    1.15748e-05     3.63816e+00
    1.16499e-05     3.66085e+00
    1.17256e-05     3.68370e+00
    1.18018e-05     3.70671e+00
    1.18784e-05     3.72983e+00
    1.19556e-05     3.75312e+00
    1.20332e-05     3.77653e+00
    1.21114e-05     3.80012e+00
    1.21901e-05     3.82385e+00
    1.22693e-05     3.84772e+00
    1.23490e-05     3.87174e+00
    1.24292e-05     3.89591e+00
    1.25099e-05     3.92021e+00
    1.25912e-05     3.94470e+00
    1.26730e-05     3.96932e+00
    1.27553e-05     3.99410e+00
    1.28381e-05     4.01901e+00
    1.29215e-05     4.04410e+00
    1.30054e-05     4.06933e+00
    1.30899e-05     4.09474e+00
    1.31749e-05     4.12029e+00
    1.32605e-05     4.14602e+00
    1.33467e-05     4.17192e+00
    1.34334e-05     4.19796e+00
    1.35206e-05     4.22415e+00
    1.36084e-05     4.25051e+00
    1.36968e-05     4.27704e+00
    1.37858e-05     4.30375e+00
    1.38753e-05     4.33060e+00
    1.39655e-05     4.35766e+00
    1.40562e-05     4.38485e+00
    1.41475e-05     4.41222e+00
    1.42394e-05     4.43976e+00
    1.43319e-05     4.46748e+00
    1.44250e-05     4.49537e+00
    1.45187e-05     4.52343e+00
    1.46130e-05     4.55166e+00
    1.47079e-05     4.58007e+00
    1.48034e-05     4.60865e+00
    1.48996e-05     4.63743e+00
    1.49964e-05     4.66638e+00
    1.50938e-05     4.69551e+00
    1.51918e-05     4.72480e+00
    1.52905e-05     4.75430e+00
    1.53898e-05     4.78397e+00
    1.54898e-05     4.81385e+00
    1.55904e-05     4.84389e+00
    1.56917e-05     4.87413e+00
    1.57936e-05     4.90455e+00
    1.58962e-05     4.93517e+00
    1.59994e-05     4.96596e+00
    1.61034e-05     4.99698e+00
    1.62080e-05     5.02817e+00
    1.63132e-05     5.05953e+00
    1.64192e-05     5.09113e+00
    1.65259e-05     5.12292e+00
    1.66332e-05     5.15488e+00
    1.67412e-05     5.18705e+00
    1.68500e-05     5.21944e+00
    1.69594e-05     5.25201e+00
    1.70696e-05     5.28481e+00
    1.71805e-05     5.31780e+00
    1.72921e-05     5.35100e+00
    1.74044e-05     5.38439e+00
    1.75174e-05     5.41798e+00
    1.76312e-05     5.45181e+00
    1.77458e-05     5.48586e+00
    1.78610e-05     5.52008e+00
    1.79770e-05     5.55454e+00
    1.80938e-05     5.58922e+00
    1.82113e-05     5.62410e+00
    1.83296e-05     5.65921e+00
    1.84487e-05     5.69454e+00
    1.85685e-05     5.73008e+00
    1.86891e-05     5.76584e+00
    1.88105e-05     5.80183e+00
    1.89327e-05     5.83805e+00
    1.90557e-05     5.87450e+00
    1.91795e-05     5.91118e+00
    1.93041e-05     5.94808e+00
    1.94294e-05     5.98518e+00
    1.95557e-05     6.02257e+00
    1.96827e-05     6.06016e+00
    1.98105e-05     6.09797e+00
    1.99392e-05     6.13604e+00
    2.00687e-05     6.17434e+00
    2.01991e-05     6.21289e+00
    2.03303e-05     6.25167e+00
    2.04623e-05     6.29068e+00
    2.05953e-05     6.32997e+00
    2.07290e-05     6.36946e+00
    2.08637e-05     6.40923e+00
    2.09992e-05     6.44923e+00
    2.11356e-05     6.48948e+00
    2.12729e-05     6.52999e+00
    2.14111e-05     6.57076e+00
    2.15501e-05     6.61174e+00
    2.16901e-05     6.65301e+00
    2.18310e-05     6.69454e+00
    2.19728e-05     6.73632e+00
    2.21155e-05     6.77836e+00
    2.22592e-05     6.82067e+00
    2.24038e-05     6.86325e+00
    2.25493e-05     6.90608e+00
    2.26958e-05     6.94919e+00
    2.28432e-05     6.99256e+00
    2.29916e-05     7.03621e+00
    2.31409e-05     7.08012e+00
    2.32912e-05     7.12431e+00
    2.34425e-05     7.16877e+00
    2.35948e-05     7.21353e+00
    2.37481e-05     7.25857e+00
    2.39023e-05     7.30386e+00
    2.40576e-05     7.34946e+00
    2.42138e-05     7.39532e+00
    2.43711e-05     7.44148e+00
    2.45294e-05     7.48793e+00
    2.46888e-05     7.53471e+00
    2.48491e-05     7.58172e+00
    2.50105e-05     7.62905e+00
    2.51730e-05     7.67668e+00
    2.53365e-05     7.72459e+00
    2.55011e-05     7.77282e+00
    2.56667e-05     7.82132e+00
    2.58334e-05     7.87014e+00
    2.60012e-05     7.91927e+00
    2.61701e-05     7.96870e+00
    2.63401e-05     8.01846e+00
    2.65112e-05     8.06852e+00
    2.66834e-05     8.11888e+00
    2.68567e-05     8.16955e+00
    2.70312e-05     8.22056e+00
    2.72068e-05     8.27188e+00
    2.73835e-05     8.32351e+00
    2.75614e-05     8.37545e+00
    2.77404e-05     8.42773e+00
    2.79206e-05     8.48034e+00
    2.81019e-05     8.53325e+00
    2.82845e-05     8.58654e+00
    2.84682e-05     8.64011e+00
    2.86531e-05     8.69404e+00
    2.88392e-05     8.74830e+00
    2.90266e-05     8.80291e+00
    2.92151e-05     8.85785e+00
    2.94049e-05     8.91313e+00
    2.95959e-05     8.96877e+00
    2.97881e-05     9.02474e+00
    2.99816e-05     9.08106e+00
    3.01764e-05     9.13776e+00
    3.03724e-05     9.19479e+00
    3.05697e-05     9.25217e+00
    3.07682e-05     9.30991e+00
    3.09681e-05     9.36803e+00
    3.11692e-05     9.42649e+00
    3.13717e-05     9.48535e+00
    3.15755e-05     9.54456e+00
    3.17806e-05     9.60414e+00
    3.19870e-05     9.66408e+00
    3.21948e-05     9.72441e+00
    3.24039e-05     9.78510e+00
    3.26144e-05     9.84619e+00
    3.28262e-05     9.90764e+00
    3.30395e-05     9.96950e+00
    3.32541e-05     1.00317e+01
    3.34701e-05     1.00943e+01
    3.36875e-05     1.01574e+01
    3.39063e-05     1.02208e+01
    3.41265e-05     1.02845e+01
    3.43482e-05     1.03487e+01
    3.45713e-05     1.04133e+01
    3.47959e-05     1.04783e+01
    3.50219e-05     1.05437e+01
    3.52494e-05     1.06096e+01
    3.54783e-05     1.06757e+01
    3.57088e-05     1.07424e+01
    3.59407e-05     1.08094e+01
    3.61742e-05     1.08769e+01
    3.64092e-05     1.09448e+01
    3.66457e-05     1.10131e+01
    3.68837e-05     1.10818e+01
    3.71233e-05     1.11510e+01
    3.73644e-05     1.12206e+01
    3.76071e-05     1.12906e+01
    3.78514e-05     1.13611e+01
    3.80973e-05     1.14320e+01
    3.83447e-05     1.15034e+01
    3.85938e-05     1.15752e+01
    3.88445e-05     1.16474e+01
    3.90968e-05     1.17201e+01
    3.93507e-05     1.17933e+01
    3.96064e-05     1.18669e+01
    3.98636e-05     1.19410e+01
    4.01226e-05     1.20155e+01
    4.03832e-05     1.20905e+01
    4.06455e-05     1.21660e+01
    4.09095e-05     1.22419e+01
    4.11752e-05     1.23183e+01
    4.14427e-05     1.23953e+01
    4.17119e-05     1.24726e+01
    4.19828e-05     1.25505e+01
    4.22555e-05     1.26288e+01
    4.25300e-05     1.27076e+01
    4.28062e-05     1.27869e+01
    4.30843e-05     1.28668e+01
    4.33642e-05     1.29471e+01
    4.36458e-05     1.30279e+01
    4.39293e-05     1.31092e+01
    4.42147e-05     1.31910e+01
    4.45019e-05     1.32733e+01
    4.47909e-05     1.33561e+01
    4.50819e-05     1.34395e+01
    4.53747e-05     1.35234e+01
    4.56694e-05     1.36078e+01
    4.59661e-05     1.36927e+01
    4.62647e-05     1.37782e+01
    4.65652e-05     1.38642e+01
    4.68677e-05     1.39507e+01
    4.71721e-05     1.40378e+01
    4.74785e-05     1.41254e+01
    4.77869e-05     1.42136e+01
    4.80973e-05     1.43023e+01
    4.84097e-05     1.43916e+01
    4.87242e-05     1.44814e+01
    4.90406e-05     1.45718e+01
    4.93592e-05     1.46627e+01
    4.96798e-05     1.47542e+01
    5.00025e-05     1.48463e+01
    5.03273e-05     1.49390e+01
    5.06542e-05     1.50322e+01
    5.09832e-05     1.51261e+01
    5.13144e-05     1.52204e+01
    5.16477e-05     1.53154e+01
    5.19832e-05     1.54110e+01
    5.23208e-05     1.55072e+01
    5.26607e-05     1.56040e+01
    5.30028e-05     1.57014e+01
    5.33470e-05     1.57993e+01
    5.36936e-05     1.58979e+01
    5.40423e-05     1.59971e+01
    5.43934e-05     1.60970e+01
    5.47467e-05     1.61974e+01
    5.51023e-05     1.62985e+01
    5.54602e-05     1.64002e+01
    5.58205e-05     1.65026e+01
    5.61830e-05     1.66056e+01
    5.65480e-05     1.67092e+01
    5.69153e-05     1.68135e+01
    5.72850e-05     1.69184e+01
    5.76571e-05     1.70240e+01
    5.80316e-05     1.71303e+01
    5.84085e-05     1.72372e+01
    5.87879e-05     1.73448e+01
    5.91698e-05     1.74531e+01
    5.95541e-05     1.75620e+01
    5.99410e-05     1.76716e+01
    6.03303e-05     1.77819e+01
    6.07222e-05     1.78929e+01
    6.11166e-05     1.80045e+01
    6.15136e-05     1.81169e+01
    6.19132e-05     1.82300e+01
    6.23153e-05     1.83438e+01
    6.27201e-05     1.84583e+01
    6.31275e-05     1.85735e+01
    6.35376e-05     1.86894e+01
    6.39503e-05     1.88060e+01
    6.43657e-05     1.89234e+01
    6.47838e-05     1.90415e+01
    6.52046e-05     1.91603e+01
    6.56281e-05     1.92799e+01
    6.60544e-05     1.94002e+01
    6.64835e-05     1.95213e+01
    6.69153e-05     1.96431e+01
    6.73499e-05     1.97657e+01
    6.77874e-05     1.98890e+01
    6.82277e-05     2.00131e+01
    6.86709e-05     2.01380e+01
    6.91170e-05     2.02637e+01
    6.95659e-05     2.03901e+01
    7.00178e-05     2.05174e+01
    7.04726e-05     2.06454e+01
    7.09304e-05     2.07743e+01
    7.13911e-05     2.09039e+01
    7.18548e-05     2.10343e+01
    7.23215e-05     2.11656e+01
    7.27913e-05     2.12976e+01
    7.32641e-05     2.14305e+01
    7.37400e-05     2.15643e+01
    7.42190e-05     2.16988e+01
    7.47011e-05     2.18342e+01
    7.51863e-05     2.19705e+01
    7.56747e-05     2.21076e+01
    7.61663e-05     2.22456e+01
    7.66610e-05     2.23844e+01
    7.71589e-05     2.25240e+01
    7.76601e-05     2.26646e+01
    7.81646e-05     2.28060e+01
    7.86723e-05     2.29483e+01
    7.91833e-05     2.30915e+01
    7.96977e-05     2.32356e+01
    8.02153e-05     2.33806e+01
    8.07364e-05     2.35265e+01
    8.12608e-05     2.36733e+01
    8.17886e-05     2.38210e+01
    8.23199e-05     2.39697e+01
    8.28546e-05     2.41192e+01
    8.33928e-05     2.42698e+01
    8.39345e-05     2.44213e+01
    8.44797e-05     2.45736e+01
    8.50284e-05     2.47270e+01
    8.55807e-05     2.48813e+01
    8.61366e-05     2.50365e+01
    8.66961e-05     2.51928e+01
    8.72593e-05     2.53500e+01
    8.78261e-05     2.55082e+01
    8.83966e-05     2.56674e+01
    8.89707e-05     2.58275e+01
    8.95487e-05     2.59887e+01
    9.01303e-05     2.61508e+01
    9.07158e-05     2.63140e+01
    9.13050e-05     2.64782e+01
    9.18981e-05     2.66435e+01
    9.24950e-05     2.68096e+01
    9.30958e-05     2.69769e+01
    9.37005e-05     2.71453e+01
    9.43092e-05     2.73146e+01
    9.49218e-05     2.74850e+01
    9.55383e-05     2.76565e+01
    9.61589e-05     2.78290e+01
    9.67835e-05     2.80026e+01
    9.74122e-05     2.81774e+01
    9.80449e-05     2.83531e+01
    9.86818e-05     2.85300e+01
    9.93228e-05     2.87080e+01
    9.99679e-05     2.88871e+01
    1.00617e-04     2.90673e+01
    1.01271e-04     2.92487e+01
    1.01929e-04     2.94313e+01
    1.02591e-04     2.96148e+01
    1.03257e-04     2.97995e+01
    1.03928e-04     2.99855e+01
    1.04603e-04     3.01725e+01
    1.05282e-04     3.03607e+01
    1.05966e-04     3.05501e+01
    1.06655e-04     3.07409e+01
    1.07347e-04     3.09325e+01
    1.08045e-04     3.11256e+01
    1.08746e-04     3.13197e+01
    1.09453e-04     3.15152e+01
    1.10164e-04     3.17118e+01
    1.10879e-04     3.19095e+01
    1.11599e-04     3.21085e+01
    1.12324e-04     3.23088e+01
    1.13054e-04     3.25105e+01
    1.13788e-04     3.27132e+01
    1.14527e-04     3.29172e+01
    1.15271e-04     3.31226e+01
    1.16020e-04     3.33293e+01
    1.16774e-04     3.35372e+01
    1.17532e-04     3.37463e+01
    1.18296e-04     3.39570e+01
    1.19064e-04     3.41686e+01
    1.19837e-04     3.43817e+01
    1.20616e-04     3.45962e+01
    1.21399e-04     3.48119e+01
    1.22188e-04     3.50291e+01
    1.22982e-04     3.52477e+01
    1.23780e-04     3.54673e+01
    1.24584e-04     3.56886e+01
    1.25394e-04     3.59113e+01
    1.26208e-04     3.61352e+01
    1.27028e-04     3.63606e+01
    1.27853e-04     3.65874e+01
    1.28684e-04     3.68157e+01
    1.29519e-04     3.70450e+01
    1.30361e-04     3.72763e+01
    1.31208e-04     3.75088e+01
    1.32060e-04     3.77427e+01
    1.32918e-04     3.79782e+01
    1.33781e-04     3.82149e+01
    1.34650e-04     3.84532e+01
    1.35525e-04     3.86932e+01
    1.36405e-04     3.89344e+01
    1.37291e-04     3.91772e+01
    1.38183e-04     3.94216e+01
    1.39080e-04     3.96673e+01
    1.39984e-04     3.99148e+01
    1.40893e-04     4.01637e+01
    1.41808e-04     4.04142e+01
    1.42729e-04     4.06662e+01
    1.43656e-04     4.09197e+01
    1.44589e-04     4.11749e+01
    1.45529e-04     4.14319e+01
    1.46474e-04     4.16902e+01
    1.47425e-04     4.19500e+01
    1.48383e-04     4.22117e+01
    1.49347e-04     4.24749e+01
    1.50317e-04     4.27398e+01
    1.51293e-04     4.30062e+01
    1.52276e-04     4.32744e+01
    1.53265e-04     4.35442e+01
    1.54261e-04     4.38158e+01
    1.55263e-04     4.40889e+01
    1.56271e-04     4.43637e+01
    1.57286e-04     4.46403e+01
    1.58308e-04     4.49187e+01
    1.59336e-04     4.51986e+01
    1.60371e-04     4.54804e+01
    1.61413e-04     4.57640e+01
    1.62461e-04     4.60492e+01
    1.63517e-04     4.63363e+01
    1.64579e-04     4.66252e+01
    1.65648e-04     4.69158e+01
    1.66724e-04     4.72083e+01
    1.67807e-04     4.75025e+01
    1.68897e-04     4.77986e+01
    1.69994e-04     4.80966e+01
    1.71098e-04     4.83963e+01
    1.72209e-04     4.86979e+01
    1.73328e-04     4.90015e+01
    1.74454e-04     4.93070e+01
    1.75587e-04     4.96142e+01
    1.76728e-04     4.99237e+01
    1.77875e-04     5.02345e+01
    1.79031e-04     5.05477e+01
    1.80194e-04     5.08628e+01
    1.81364e-04     5.11797e+01
    1.82542e-04     5.14987e+01
    1.83728e-04     5.18197e+01
    1.84921e-04     5.21425e+01
    1.86123e-04     5.24677e+01
    1.87332e-04     5.27947e+01
    1.88548e-04     5.31234e+01
    1.89773e-04     5.34545e+01
    1.91006e-04     5.37877e+01
    1.92246e-04     5.41227e+01
    1.93495e-04     5.44600e+01
    1.94752e-04     5.47993e+01
    1.96017e-04     5.51407e+01
    1.97290e-04     5.54843e+01
    1.98572e-04     5.58301e+01
    1.99862e-04     5.61780e+01
    2.01160e-04     5.65279e+01
    2.02467e-04     5.68802e+01
    2.03782e-04     5.72345e+01
    2.05105e-04     5.75908e+01
    2.06438e-04     5.79498e+01
    2.07779e-04     5.83108e+01
    2.09128e-04     5.86738e+01
    2.10487e-04     5.90394e+01
    2.11854e-04     5.94071e+01
    2.13230e-04     5.97771e+01
    2.14615e-04     6.01494e+01
    2.16009e-04     6.05240e+01
    2.17412e-04     6.09009e+01
    2.18824e-04     6.12801e+01
    2.20246e-04     6.16618e+01
    2.21676e-04     6.20457e+01
    2.23116e-04     6.24321e+01
    2.24565e-04     6.28207e+01
    2.26024e-04     6.32120e+01
    2.27492e-04     6.36055e+01
    2.28970e-04     6.40016e+01
    2.30457e-04     6.44000e+01
    2.31954e-04     6.48009e+01
    2.33461e-04     6.52045e+01
    2.34977e-04     6.56102e+01
    2.36504e-04     6.60188e+01
    2.38040e-04     6.64297e+01
    2.39586e-04     6.68431e+01
    2.41142e-04     6.72592e+01
    2.42709e-04     6.76780e+01
    2.44285e-04     6.80991e+01
    2.45872e-04     6.85228e+01
    2.47469e-04     6.89493e+01
    2.49076e-04     6.93783e+01
    2.50694e-04     6.98100e+01
    2.52323e-04     7.02447e+01
    2.53962e-04     7.06817e+01
    2.55611e-04     7.11213e+01
    2.57272e-04     7.15640e+01
    2.58943e-04     7.20093e+01
    2.60625e-04     7.24573e+01
    2.62318e-04     7.29082e+01
    2.64022e-04     7.33618e+01
    2.65737e-04     7.38181e+01
    2.67463e-04     7.42774e+01
    2.69200e-04     7.47393e+01
    2.70949e-04     7.52043e+01
    2.72709e-04     7.56721e+01
    2.74480e-04     7.61426e+01
    2.76263e-04     7.66163e+01
    2.78057e-04     7.70927e+01
    2.79863e-04     7.75720e+01
    2.81681e-04     7.80545e+01
    2.83511e-04     7.85400e+01
    2.85353e-04     7.90284e+01
    2.87206e-04     7.95197e+01
    2.89072e-04     8.00142e+01
    2.90949e-04     8.05116e+01
    2.92839e-04     8.10121e+01
    2.94741e-04     8.15158e+01
    2.96656e-04     8.20226e+01
    2.98583e-04     8.25324e+01
    3.00522e-04     8.30453e+01
    3.02474e-04     8.35614e+01
    3.04439e-04     8.40808e+01
    3.06417e-04     8.46034e+01
    3.08407e-04     8.51291e+01
    3.10410e-04     8.56580e+01
    3.12426e-04     8.61902e+01
    3.14456e-04     8.67259e+01
    3.16498e-04     8.72645e+01
    3.18554e-04     8.78066e+01
    3.20623e-04     8.83520e+01
    3.22706e-04     8.89009e+01
    3.24802e-04     8.94531e+01
    3.26912e-04     9.00087e+01
    3.29035e-04     9.05677e+01
    3.31173e-04     9.11303e+01
    3.33324e-04     9.16961e+01
    3.35489e-04     9.22655e+01
    3.37668e-04     9.28382e+01
    3.39861e-04     9.34147e+01
    3.42069e-04     9.39947e+01
    3.44291e-04     9.45782e+01
    3.46527e-04     9.51652e+01
    3.48778e-04     9.57560e+01
    3.51044e-04     9.63504e+01
    3.53324e-04     9.69483e+01
    3.55619e-04     9.75499e+01
    3.57929e-04     9.81553e+01
    3.60254e-04     9.87645e+01
    3.62594e-04     9.93772e+01
    3.64949e-04     9.99936e+01
    3.67320e-04     1.00614e+02
    3.69706e-04     1.01238e+02
    3.72107e-04     1.01866e+02
    3.74524e-04     1.02498e+02
    3.76957e-04     1.03133e+02
    3.79405e-04     1.03773e+02
    3.81870e-04     1.04416e+02
    3.84350e-04     1.05063e+02
    3.86847e-04     1.05715e+02
    3.89360e-04     1.06370e+02
    3.91889e-04     1.07029e+02
    3.94434e-04     1.07692e+02
    3.96996e-04     1.08359e+02
    3.99575e-04     1.09031e+02
    4.02171e-04     1.09707e+02
    4.04783e-04     1.10386e+02
    4.07412e-04     1.11070e+02
    4.10059e-04     1.11758e+02
    4.12722e-04     1.12450e+02
    4.15403e-04     1.13147e+02
    4.18101e-04     1.13847e+02
    4.20817e-04     1.14552e+02
    4.23550e-04     1.15262e+02
    4.26302e-04     1.15975e+02
    4.29071e-04     1.16693e+02
    4.31858e-04     1.17416e+02
    4.34663e-04     1.18142e+02
    4.37486e-04     1.18873e+02
    4.40328e-04     1.19609e+02
    4.43188e-04     1.20349e+02
    4.46067e-04     1.21094e+02
    4.48964e-04     1.21842e+02
    4.51881e-04     1.22596e+02
    4.54816e-04     1.23355e+02
    4.57770e-04     1.24117e+02
    4.60744e-04     1.24885e+02
    4.63736e-04     1.25657e+02
    4.66749e-04     1.26434e+02
    4.69780e-04     1.27215e+02
    4.72832e-04     1.28001e+02
    4.75903e-04     1.28792e+02
    4.78994e-04     1.29588e+02
    4.82106e-04     1.30389e+02
    4.85237e-04     1.31194e+02
    4.88389e-04     1.32004e+02
    4.91562e-04     1.32820e+02
    4.94754e-04     1.33639e+02
    4.97968e-04     1.34464e+02
    5.01203e-04     1.35295e+02
    5.04458e-04     1.36129e+02
    5.07735e-04     1.36970e+02
    5.11033e-04     1.37815e+02
    5.14353e-04     1.38665e+02
    5.17694e-04     1.39521e+02
    5.21056e-04     1.40381e+02
    5.24441e-04     1.41247e+02
    5.27847e-04     1.42117e+02
    5.31276e-04     1.42994e+02
    5.34727e-04     1.43875e+02
    5.38200e-04     1.44762e+02
    5.41696e-04     1.45654e+02
    5.45215e-04     1.46552e+02
    5.48756e-04     1.47455e+02
    5.52321e-04     1.48363e+02
    5.55908e-04     1.49277e+02
    5.59519e-04     1.50196e+02
    5.63154e-04     1.51121e+02
    5.66812e-04     1.52052e+02
    5.70493e-04     1.52987e+02
    5.74199e-04     1.53929e+02
    5.77929e-04     1.54876e+02
    5.81683e-04     1.55829e+02
    5.85461e-04     1.56788e+02
    5.89264e-04     1.57752e+02
    5.93092e-04     1.58723e+02
    5.96944e-04     1.59699e+02
    6.00822e-04     1.60680e+02
    6.04724e-04     1.61668e+02
    6.08652e-04     1.62661e+02
    6.12606e-04     1.63661e+02
    6.16585e-04     1.64666e+02
    6.20590e-04     1.65678e+02
    6.24621e-04     1.66695e+02
    6.28678e-04     1.67719e+02
    6.32762e-04     1.68748e+02
    6.36872e-04     1.69784e+02
    6.41009e-04     1.70826e+02
    6.45173e-04     1.71874e+02
    6.49363e-04     1.72928e+02
    6.53581e-04     1.73988e+02
    6.57827e-04     1.75056e+02
    6.62100e-04     1.76129e+02
    6.66400e-04     1.77208e+02
    6.70729e-04     1.78294e+02
    6.75086e-04     1.79387e+02
    6.79471e-04     1.80486e+02
    6.83884e-04     1.81591e+02
    6.88327e-04     1.82703e+02
    6.92798e-04     1.83821e+02
    6.97298e-04     1.84947e+02
    7.01827e-04     1.86078e+02
    7.06386e-04     1.87217e+02
    7.10974e-04     1.88362e+02
    7.15592e-04     1.89514e+02
    7.20241e-04     1.90673e+02
    7.24919e-04     1.91838e+02
    7.29628e-04     1.93011e+02
    7.34367e-04     1.94190e+02
    7.39137e-04     1.95376e+02
    7.43938e-04     1.96569e+02
    7.48770e-04     1.97769e+02
    7.53634e-04     1.98976e+02
    7.58529e-04     2.00190e+02
    7.63456e-04     2.01411e+02
    7.68416e-04     2.02639e+02
    7.73407e-04     2.03875e+02
    7.78431e-04     2.05118e+02
    7.83487e-04     2.06368e+02
    7.88576e-04     2.07625e+02
    7.93698e-04     2.08890e+02
    7.98854e-04     2.10162e+02
    8.04043e-04     2.11441e+02
    8.09265e-04     2.12728e+02
    8.14522e-04     2.14022e+02
    8.19813e-04     2.15325e+02
    8.25138e-04     2.16634e+02
    8.30498e-04     2.17951e+02
    8.35892e-04     2.19276e+02
    8.41322e-04     2.20609e+02
    8.46787e-04     2.21949e+02
    8.52287e-04     2.23297e+02
    8.57823e-04     2.24653e+02
    8.63395e-04     2.26017e+02
    8.69003e-04     2.27388e+02
    8.74648e-04     2.28768e+02
    8.80329e-04     2.30156e+02
    8.86048e-04     2.31552e+02
    8.91803e-04     2.32955e+02
    8.97596e-04     2.34366e+02
    9.03426e-04     2.35786e+02
    9.09294e-04     2.37213e+02
    9.15201e-04     2.38650e+02
    9.21145e-04     2.40094e+02
    9.27129e-04     2.41546e+02
    9.33151e-04     2.43007e+02
    9.39212e-04     2.44476e+02
    9.45313e-04     2.45953e+02
    9.51453e-04     2.47439e+02
    9.57633e-04     2.48933e+02
    9.63854e-04     2.50436e+02
    9.70115e-04     2.51948e+02
    9.76416e-04     2.53467e+02
    9.82758e-04     2.54996e+02
    9.89142e-04     2.56533e+02
    9.95567e-04     2.58079e+02
    1.00203e-03     2.59633e+02
    1.00854e-03     2.61197e+02
    1.01509e-03     2.62770e+02
    1.02169e-03     2.64353e+02
    1.02832e-03     2.65942e+02
    1.03500e-03     2.67541e+02
    1.04173e-03     2.69151e+02
    1.04849e-03     2.70767e+02
    1.05530e-03     2.72393e+02
    1.06216e-03     2.74030e+02
    1.06906e-03     2.75675e+02
    1.07600e-03     2.77328e+02
    1.08299e-03     2.78992e+02
    1.09003e-03     2.80666e+02
    1.09711e-03     2.82348e+02
    1.10423e-03     2.84037e+02
    1.11140e-03     2.85737e+02
    1.11862e-03     2.87448e+02
    1.12589e-03     2.89169e+02
    1.13320e-03     2.90897e+02
    1.14056e-03     2.92636e+02
    1.14797e-03     2.94384e+02
    1.15543e-03     2.96143e+02
    1.16293e-03     2.97909e+02
    1.17049e-03     2.99689e+02
    1.17809e-03     3.01475e+02
    1.18574e-03     3.03273e+02
    1.19345e-03     3.05082e+02
    1.20120e-03     3.06898e+02
    1.20900e-03     3.08725e+02
    1.21685e-03     3.10561e+02
    1.22476e-03     3.12410e+02
    1.23271e-03     3.14266e+02
    1.24072e-03     3.16134e+02
    1.24878e-03     3.18012e+02
    1.25689e-03     3.19900e+02
    1.26505e-03     3.21797e+02
    1.27327e-03     3.23706e+02
    1.28154e-03     3.25625e+02
    1.28987e-03     3.27556e+02
    1.29825e-03     3.29496e+02
    1.30668e-03     3.31446e+02
    1.31517e-03     3.33407e+02
    1.32371e-03     3.35378e+02
    1.33231e-03     3.37360e+02
    1.34096e-03     3.39352e+02
    1.34967e-03     3.41356e+02
    1.35844e-03     3.43370e+02
    1.36726e-03     3.45394e+02
    1.37614e-03     3.47429e+02
    1.38508e-03     3.49476e+02
    1.39408e-03     3.51534e+02
    1.40313e-03     3.53601e+02
    1.41225e-03     3.55681e+02
    1.42142e-03     3.57770e+02
    1.43065e-03     3.59871e+02
    1.43995e-03     3.61985e+02
    1.44930e-03     3.64107e+02
    1.45871e-03     3.66240e+02
    1.46819e-03     3.68387e+02
    1.47773e-03     3.70545e+02
    1.48732e-03     3.72711e+02
    1.49699e-03     3.74892e+02
    1.50671e-03     3.77082e+02
    1.51650e-03     3.79285e+02
    1.52635e-03     3.81499e+02
    1.53626e-03     3.83723e+02
    1.54624e-03     3.85960e+02
    1.55628e-03     3.88207e+02
    1.56639e-03     3.90467e+02
    1.57657e-03     3.92740e+02
    1.58681e-03     3.95023e+02
    1.59711e-03     3.97316e+02
    1.60749e-03     3.99624e+02
    1.61793e-03     4.01943e+02
    1.62844e-03     4.04273e+02
    1.63902e-03     4.06616e+02
    1.64966e-03     4.08969e+02
    1.66038e-03     4.11336e+02
    1.67116e-03     4.13713e+02
    1.68202e-03     4.16105e+02
    1.69295e-03     4.18509e+02
    1.70394e-03     4.20921e+02
    1.71501e-03     4.23348e+02
    1.72615e-03     4.25787e+02
    1.73736e-03     4.28237e+02
    1.74865e-03     4.30702e+02
    1.76001e-03     4.33177e+02
    1.77144e-03     4.35665e+02
    1.78294e-03     4.38163e+02
    1.79453e-03     4.40678e+02
    1.80618e-03     4.43201e+02
    1.81791e-03     4.45737e+02
    1.82972e-03     4.48287e+02
    1.84161e-03     4.50850e+02
    1.85357e-03     4.53424e+02
    1.86561e-03     4.56010e+02
    1.87773e-03     4.58610e+02
    1.88992e-03     4.61221e+02
    1.90220e-03     4.63846e+02
    1.91456e-03     4.66484e+02
    1.92699e-03     4.69133e+02
    1.93951e-03     4.71796e+02
    1.95211e-03     4.74472e+02
    1.96479e-03     4.77161e+02
    1.97755e-03     4.79861e+02
    1.99040e-03     4.82576e+02
    2.00332e-03     4.85300e+02
    2.01634e-03     4.88041e+02
    2.02943e-03     4.90792e+02
    2.04262e-03     4.93560e+02
    2.05588e-03     4.96336e+02
    2.06924e-03     4.99130e+02
    2.08268e-03     5.01934e+02
    2.09621e-03     5.04752e+02
    2.10982e-03     5.07581e+02
    2.12353e-03     5.10426e+02
    2.13732e-03     5.13281e+02
    2.15120e-03     5.16150e+02
    2.16518e-03     5.19035e+02
    2.17924e-03     5.21930e+02
    2.19340e-03     5.24840e+02
    2.20764e-03     5.27761e+02
    2.22198e-03     5.30696e+02
    2.23642e-03     5.33647e+02
    2.25094e-03     5.36607e+02
    2.26557e-03     5.39584e+02
    2.28028e-03     5.42571e+02
    2.29509e-03     5.45572e+02
    2.31000e-03     5.48588e+02
    2.32501e-03     5.51617e+02
    2.34011e-03     5.54657e+02
    2.35531e-03     5.57713e+02
    2.37061e-03     5.60782e+02
    2.38601e-03     5.63864e+02
    2.40150e-03     5.66957e+02
    2.41710e-03     5.70065e+02
    2.43280e-03     5.73187e+02
    2.44861e-03     5.76323e+02
    2.46451e-03     5.79472e+02
    2.48052e-03     5.82634e+02
    2.49663e-03     5.85809e+02
    2.51285e-03     5.88999e+02
    2.52917e-03     5.92201e+02
    2.54560e-03     5.95417e+02
    2.56213e-03     5.98646e+02
    2.57878e-03     6.01890e+02
    2.59553e-03     6.05146e+02
    2.61239e-03     6.08416e+02
    2.62936e-03     6.11700e+02
    2.64643e-03     6.14994e+02
    2.66362e-03     6.18305e+02
    2.68093e-03     6.21630e+02
    2.69834e-03     6.24966e+02
    2.71587e-03     6.28317e+02
    2.73351e-03     6.31680e+02
    2.75126e-03     6.35056e+02
    2.76914e-03     6.38448e+02
    2.78712e-03     6.41849e+02
    2.80523e-03     6.45269e+02
    2.82345e-03     6.48699e+02
    2.84179e-03     6.52142e+02
    2.86025e-03     6.55600e+02
    2.87883e-03     6.59069e+02
    2.89752e-03     6.62552e+02
    2.91635e-03     6.66051e+02
    2.93529e-03     6.69560e+02
    2.95436e-03     6.73084e+02
    2.97355e-03     6.76621e+02
    2.99286e-03     6.80170e+02
    3.01230e-03     6.83732e+02
    3.03187e-03     6.87310e+02
    3.05156e-03     6.90899e+02
    3.07138e-03     6.94502e+02
    3.09133e-03     6.98117e+02
    3.11141e-03     7.01745e+02
    3.13162e-03     7.05387e+02
    3.15196e-03     7.09042e+02
    3.17244e-03     7.12710e+02
    3.19304e-03     7.16390e+02
    3.21379e-03     7.20085e+02
    3.23466e-03     7.23791e+02
    3.25567e-03     7.27509e+02
    3.27682e-03     7.31242e+02
    3.29810e-03     7.34986e+02
    3.31953e-03     7.38744e+02
    3.34109e-03     7.42515e+02
    3.36279e-03     7.46297e+02
    3.38463e-03     7.50092e+02
    3.40662e-03     7.53901e+02
    3.42875e-03     7.57722e+02
    3.45102e-03     7.61555e+02
    3.47344e-03     7.65401e+02
    3.49600e-03     7.69258e+02
    3.51871e-03     7.73128e+02
    3.54156e-03     7.77011e+02
    3.56457e-03     7.80906e+02
    3.58772e-03     7.84812e+02
    3.61102e-03     7.88732e+02
    3.63448e-03     7.92663e+02
    3.65809e-03     7.96607e+02
    3.68185e-03     8.00563e+02
    3.70576e-03     8.04529e+02
    3.72984e-03     8.08510e+02
    3.75406e-03     8.12500e+02
    3.77845e-03     8.16504e+02
    3.80299e-03     8.20517e+02
    3.82769e-03     8.24544e+02
    3.85256e-03     8.28582e+02
    3.87758e-03     8.32630e+02
    3.90277e-03     8.36690e+02
    3.92812e-03     8.40760e+02
    3.95363e-03     8.44841e+02
    3.97931e-03     8.48935e+02
    4.00516e-03     8.53039e+02
    4.03118e-03     8.57155e+02
    4.05736e-03     8.61279e+02
    4.08372e-03     8.65417e+02
    4.11024e-03     8.69562e+02
    4.13694e-03     8.73719e+02
    4.16381e-03     8.77887e+02
    4.19086e-03     8.82066e+02
    4.21808e-03     8.86255e+02
    4.24548e-03     8.90453e+02
    4.27306e-03     8.94661e+02
    4.30081e-03     8.98879e+02
    4.32875e-03     9.03109e+02
    4.35687e-03     9.07347e+02
    4.38517e-03     9.11594e+02
    4.41365e-03     9.15851e+02
    4.44232e-03     9.20120e+02
    4.47118e-03     9.24396e+02
    4.50022e-03     9.28681e+02
    4.52945e-03     9.32975e+02
    4.55887e-03     9.37279e+02
    4.58848e-03     9.41591e+02
    4.61829e-03     9.45913e+02
    4.64829e-03     9.50244e+02
    4.67848e-03     9.54580e+02
    4.70887e-03     9.58927e+02
    4.73946e-03     9.63282e+02
    4.77024e-03     9.67644e+02
    4.80123e-03     9.72014e+02
    4.83241e-03     9.76390e+02
    4.86380e-03     9.80775e+02
    4.89539e-03     9.85166e+02
    4.92719e-03     9.89566e+02
    4.95920e-03     9.93973e+02
    4.99141e-03     9.98385e+02
    5.02383e-03     1.00280e+03
    5.05646e-03     1.00723e+03
    5.08931e-03     1.01167e+03
    5.12237e-03     1.01611e+03
    5.15564e-03     1.02055e+03
    5.18913e-03     1.02501e+03
    5.22283e-03     1.02946e+03
    5.25676e-03     1.03393e+03
    5.29091e-03     1.03840e+03
    5.32527e-03     1.04288e+03
    5.35986e-03     1.04736e+03
    5.39468e-03     1.05185e+03
    5.42972e-03     1.05634e+03
    5.46499e-03     1.06084e+03
    5.50049e-03     1.06534e+03
    5.53622e-03     1.06985e+03
    5.57218e-03     1.07436e+03
    5.60837e-03     1.07888e+03
    5.64480e-03     1.08340e+03
    5.68147e-03     1.08792e+03
    5.71837e-03     1.09245e+03
    5.75551e-03     1.09697e+03
    5.79290e-03     1.10151e+03
    5.83053e-03     1.10604e+03
    5.86840e-03     1.11057e+03
    5.90652e-03     1.11511e+03
    5.94489e-03     1.11965e+03
    5.98350e-03     1.12419e+03
    6.02237e-03     1.12873e+03
    6.06149e-03     1.13327e+03
    6.10086e-03     1.13781e+03
    6.14049e-03     1.14235e+03
    6.18037e-03     1.14690e+03
    6.22052e-03     1.15144e+03
    6.26092e-03     1.15598e+03
    6.30159e-03     1.16052e+03
    6.34252e-03     1.16506e+03
    6.38372e-03     1.16960e+03
    6.42519e-03     1.17414e+03
    6.46692e-03     1.17868e+03
    6.50893e-03     1.18322e+03
    6.55121e-03     1.18775e+03
    6.59376e-03     1.19228e+03
    6.63659e-03     1.19681e+03
    6.67970e-03     1.20134e+03
    6.72309e-03     1.20587e+03
    6.76676e-03     1.21039e+03
    6.81071e-03     1.21491e+03
    6.85495e-03     1.21942e+03
    6.89948e-03     1.22393e+03
    6.94429e-03     1.22844e+03
    6.98940e-03     1.23294e+03
    7.03480e-03     1.23744e+03
    7.08050e-03     1.24193e+03
    7.12649e-03     1.24641e+03
    7.17278e-03     1.25089e+03
    7.21937e-03     1.25536e+03
    7.26626e-03     1.25982e+03
    7.31346e-03     1.26428e+03
    7.36097e-03     1.26873e+03
    7.40878e-03     1.27317e+03
    7.45690e-03     1.27760e+03
    7.50534e-03     1.28202e+03
    7.55409e-03     1.28644e+03
    7.60316e-03     1.29084e+03
    7.65255e-03     1.29524e+03
    7.70225e-03     1.29962e+03
    7.75228e-03     1.30400e+03
    7.80264e-03     1.30837e+03
    7.85332e-03     1.31272e+03
    7.90433e-03     1.31706e+03
    7.95568e-03     1.32140e+03
    8.00735e-03     1.32572e+03
    8.05937e-03     1.33003e+03
    8.11172e-03     1.33433e+03
    8.16441e-03     1.33861e+03
    8.21744e-03     1.34289e+03
    8.27081e-03     1.34714e+03
    8.32454e-03     1.35139e+03
    8.37861e-03     1.35562e+03
    8.43303e-03     1.35984e+03
    8.48781e-03     1.36404e+03
    8.54294e-03     1.36822e+03
    8.59844e-03     1.37239e+03
    8.65429e-03     1.37654e+03
    8.71050e-03     1.38068e+03
    8.76708e-03     1.38480e+03
    8.82403e-03     1.38890e+03
    8.88134e-03     1.39298e+03
    8.93903e-03     1.39704e+03
    8.99710e-03     1.40109e+03
    9.05554e-03     1.40511e+03
    9.11436e-03     1.40911e+03
    9.17356e-03     1.41310e+03
    9.23315e-03     1.41706e+03
    9.29312e-03     1.42100e+03
    9.35349e-03     1.42492e+03
    9.41424e-03     1.42882e+03
    9.47539e-03     1.43269e+03
    9.53694e-03     1.43654e+03
    9.59889e-03     1.44037e+03
    9.66124e-03     1.44417e+03
    9.72400e-03     1.44795e+03
    9.78716e-03     1.45170e+03
    9.85073e-03     1.45543e+03
    9.91472e-03     1.45913e+03
    9.97912e-03     1.46280e+03
    1.00439e-02     1.46644e+03
    1.01092e-02     1.47007e+03
    1.01748e-02     1.47365e+03
    1.02409e-02     1.47722e+03
    1.03075e-02     1.48076e+03
    1.03744e-02     1.48426e+03
    1.04418e-02     1.48773e+03
    1.05096e-02     1.49117e+03
    1.05779e-02     1.49459e+03
    1.06466e-02     1.49796e+03
    1.07158e-02     1.50132e+03
    1.07854e-02     1.50463e+03
    1.08554e-02     1.50790e+03
    1.09259e-02     1.51115e+03
    1.09969e-02     1.51437e+03
    1.10683e-02     1.51754e+03
    1.11402e-02     1.52069e+03
    1.12126e-02     1.52380e+03
    1.12854e-02     1.52687e+03
    1.13587e-02     1.52990e+03
    1.14325e-02     1.53290e+03
    1.15068e-02     1.53586e+03
    1.15815e-02     1.53878e+03
    1.16567e-02     1.54165e+03
    1.17324e-02     1.54449e+03
    1.18087e-02     1.54730e+03
    1.18854e-02     1.55006e+03
    1.19626e-02     1.55278e+03
    1.20403e-02     1.55545e+03
    1.21185e-02     1.55808e+03
    1.21972e-02     1.56066e+03
    1.22764e-02     1.56320e+03
    1.23562e-02     1.56571e+03
    1.24364e-02     1.56816e+03
    1.25172e-02     1.57057e+03
    1.25985e-02     1.57293e+03
    1.26803e-02     1.57524e+03
    1.27627e-02     1.57751e+03
    1.28456e-02     1.57973e+03
    1.29290e-02     1.58190e+03
    1.30130e-02     1.58402e+03
    1.30976e-02     1.58610e+03
    1.31826e-02     1.58811e+03
    1.32683e-02     1.59008e+03
    1.33544e-02     1.59199e+03
    1.34412e-02     1.59386e+03
    1.35285e-02     1.59567e+03
    1.36164e-02     1.59744e+03
    1.37048e-02     1.59914e+03
    1.37938e-02     1.60078e+03
    1.38834e-02     1.60238e+03
    1.39736e-02     1.60392e+03
    1.40644e-02     1.60540e+03
    1.41557e-02     1.60682e+03
    1.42477e-02     1.60820e+03
    1.43402e-02     1.60950e+03
    1.44334e-02     1.61076e+03
    1.45271e-02     1.61195e+03
    1.46215e-02     1.61309e+03
    1.47165e-02     1.61417e+03
    1.48121e-02     1.61518e+03
    1.49083e-02     1.61613e+03
    1.50051e-02     1.61701e+03
    1.51026e-02     1.61785e+03
    1.52007e-02     1.61861e+03
    1.52994e-02     1.61931e+03
    1.53988e-02     1.61994e+03
    1.54988e-02     1.62051e+03
    1.55995e-02     1.62101e+03
    1.57008e-02     1.62145e+03
    1.58028e-02     1.62182e+03
    1.59055e-02     1.62213e+03
    1.60088e-02     1.62236e+03
    1.61128e-02     1.62253e+03
    1.62174e-02     1.62262e+03
    1.63228e-02     1.62265e+03
    1.64288e-02     1.62260e+03
    1.65355e-02     1.62249e+03
    1.66429e-02     1.62230e+03
    1.67510e-02     1.62205e+03
    1.68598e-02     1.62172e+03
    1.69693e-02     1.62131e+03
    1.70796e-02     1.62085e+03
    1.71905e-02     1.62029e+03
    1.73022e-02     1.61968e+03
    1.74145e-02     1.61898e+03
    1.75277e-02     1.61822e+03
    1.76415e-02     1.61737e+03
    1.77561e-02     1.61645e+03
    1.78714e-02     1.61546e+03
    1.79875e-02     1.61440e+03
    1.81044e-02     1.61326e+03
    1.82220e-02     1.61204e+03
    1.83403e-02     1.61074e+03
    1.84594e-02     1.60936e+03
    1.85794e-02     1.60791e+03
    1.87000e-02     1.60638e+03
    1.88215e-02     1.60477e+03
    1.89438e-02     1.60309e+03
    1.90668e-02     1.60132e+03
    1.91907e-02     1.59948e+03
    1.93153e-02     1.59755e+03
    1.94408e-02     1.59555e+03
    1.95671e-02     1.59347e+03
    1.96942e-02     1.59130e+03
    1.98221e-02     1.58905e+03
    1.99508e-02     1.58672e+03
    2.00804e-02     1.58432e+03
    2.02109e-02     1.58183e+03
    2.03421e-02     1.57926e+03
    2.04743e-02     1.57662e+03
    2.06073e-02     1.57389e+03
    2.07411e-02     1.57108e+03
    2.08758e-02     1.56819e+03
    2.10114e-02     1.56522e+03
    2.11479e-02     1.56217e+03
    2.12853e-02     1.55904e+03
    2.14236e-02     1.55583e+03
    2.15627e-02     1.55254e+03
    2.17028e-02     1.54917e+03
    2.18437e-02     1.54571e+03
    2.19856e-02     1.54219e+03
    2.21284e-02     1.53858e+03
    2.22722e-02     1.53489e+03
    2.24168e-02     1.53112e+03
    2.25625e-02     1.52728e+03
    2.27090e-02     1.52335e+03
    2.28565e-02     1.51935e+03
    2.30050e-02     1.51527e+03
    2.31544e-02     1.51111e+03
    2.33048e-02     1.50688e+03
    2.34562e-02     1.50257e+03
    2.36086e-02     1.49818e+03
    2.37619e-02     1.49372e+03
    2.39162e-02     1.48917e+03
    2.40716e-02     1.48456e+03
    2.42280e-02     1.47987e+03
    2.43853e-02     1.47510e+03
    2.45437e-02     1.47027e+03
    2.47032e-02     1.46536e+03
    2.48636e-02     1.46038e+03
    2.50251e-02     1.45533e+03
    2.51877e-02     1.45022e+03
    2.53513e-02     1.44503e+03
    2.55159e-02     1.43977e+03
    2.56817e-02     1.43445e+03
    2.58485e-02     1.42906e+03
    2.60164e-02     1.42360e+03
    2.61854e-02     1.41809e+03
    2.63555e-02     1.41251e+03
    2.65267e-02     1.40686e+03
    2.66990e-02     1.40115e+03
    2.68724e-02     1.39539e+03
    2.70470e-02     1.38957e+03
    2.72226e-02     1.38368e+03
    2.73995e-02     1.37774e+03
    2.75774e-02     1.37175e+03
    2.77566e-02     1.36570e+03
    2.79369e-02     1.35960e+03
    2.81183e-02     1.35345e+03
    2.83010e-02     1.34725e+03
    2.84848e-02     1.34099e+03
    2.86698e-02     1.33469e+03
    2.88561e-02     1.32835e+03
    2.90435e-02     1.32195e+03
    2.92321e-02     1.31552e+03
    2.94220e-02     1.30904e+03
    2.96131e-02     1.30253e+03
    2.98055e-02     1.29597e+03
    2.99991e-02     1.28938e+03
    3.01940e-02     1.28275e+03
    3.03901e-02     1.27609e+03
    3.05875e-02     1.26940e+03
    3.07862e-02     1.26267e+03
    3.09861e-02     1.25592e+03
    3.11874e-02     1.24915e+03
    3.13900e-02     1.24234e+03
    3.15939e-02     1.23552e+03
    3.17991e-02     1.22867e+03
    3.20057e-02     1.22180e+03
    3.22135e-02     1.21492e+03
    3.24228e-02     1.20802e+03
    3.26334e-02     1.20110e+03
    3.28454e-02     1.19418e+03
    3.30587e-02     1.18723e+03
    3.32735e-02     1.18029e+03
    3.34896e-02     1.17334e+03
    3.37071e-02     1.16639e+03
    3.39261e-02     1.15943e+03
    3.41464e-02     1.15247e+03
    3.43682e-02     1.14551e+03
    3.45915e-02     1.13856e+03
    3.48162e-02     1.13161e+03
    3.50423e-02     1.12467e+03
    3.52699e-02     1.11774e+03
    3.54990e-02     1.11082e+03
    3.57296e-02     1.10391e+03
    3.59617e-02     1.09702e+03
    3.61953e-02     1.09015e+03
    3.64304e-02     1.08330e+03
    3.66670e-02     1.07646e+03
    3.69052e-02     1.06965e+03
    3.71449e-02     1.06286e+03
    3.73862e-02     1.05610e+03
    3.76290e-02     1.04937e+03
    3.78735e-02     1.04267e+03
    3.81195e-02     1.03601e+03
    3.83671e-02     1.02937e+03
    3.86163e-02     1.02277e+03
    3.88671e-02     1.01621e+03
    3.91196e-02     1.00970e+03
    3.93737e-02     1.00321e+03
    3.96295e-02     9.96781e+02
    3.98869e-02     9.90392e+02
    4.01460e-02     9.84049e+02
    4.04067e-02     9.77750e+02
    4.06692e-02     9.71500e+02
    4.09334e-02     9.65302e+02
    4.11992e-02     9.59155e+02
    4.14669e-02     9.53065e+02
    4.17362e-02     9.47025e+02
    4.20073e-02     9.41039e+02
    4.22802e-02     9.35120e+02
    4.25548e-02     9.29254e+02
    4.28312e-02     9.23448e+02
    4.31094e-02     9.17702e+02
    4.33894e-02     9.12017e+02
    4.36713e-02     9.06401e+02
    4.39550e-02     9.00851e+02
    4.42405e-02     8.95361e+02
    4.45278e-02     8.89932e+02
    4.48171e-02     8.84573e+02
    4.51082e-02     8.79281e+02
    4.54012e-02     8.74057e+02
    4.56961e-02     8.68895e+02
    4.59929e-02     8.63802e+02
    4.62917e-02     8.58779e+02
    4.65923e-02     8.53822e+02
    4.68950e-02     8.48931e+02
    4.71996e-02     8.44115e+02
    4.75062e-02     8.39369e+02
    4.78148e-02     8.34687e+02
    4.81253e-02     8.30080e+02
    4.84379e-02     8.25539e+02
    4.87526e-02     8.21063e+02
    4.90692e-02     8.16656e+02
    4.93880e-02     8.12311e+02
    4.97088e-02     8.08036e+02
    5.00317e-02     8.03827e+02
    5.03566e-02     7.99676e+02
    5.06837e-02     7.95587e+02
    5.10130e-02     7.91566e+02
    5.13443e-02     7.87603e+02
    5.16778e-02     7.83702e+02
    5.20135e-02     7.79862e+02
    5.23514e-02     7.76078e+02
    5.26914e-02     7.72349e+02
    5.30337e-02     7.68676e+02
    5.33782e-02     7.65048e+02
    5.37249e-02     7.61475e+02
    5.40738e-02     7.57952e+02
    5.44251e-02     7.54469e+02
    5.47786e-02     7.51031e+02
    5.51344e-02     7.47637e+02
    5.54926e-02     7.44284e+02
    5.58530e-02     7.40963e+02
    5.62158e-02     7.37682e+02
    5.65810e-02     7.34430e+02
    5.69485e-02     7.31210e+02
    5.73184e-02     7.28013e+02
    5.76907e-02     7.24844e+02
    5.80654e-02     7.21691e+02
    5.84426e-02     7.18556e+02
    5.88222e-02     7.15436e+02
    5.92043e-02     7.12327e+02
    5.95889e-02     7.09229e+02
    5.99759e-02     7.06128e+02
    6.03655e-02     7.03033e+02
    6.07576e-02     6.99936e+02
    6.11523e-02     6.96839e+02
    6.15495e-02     6.93727e+02
    6.19493e-02     6.90603e+02
    6.23517e-02     6.87465e+02
    6.27567e-02     6.84313e+02
    6.31643e-02     6.81136e+02
    6.35746e-02     6.77933e+02
    6.39876e-02     6.74700e+02
    6.44032e-02     6.71433e+02
    6.48215e-02     6.68135e+02
    6.52426e-02     6.64794e+02
    6.56664e-02     6.61415e+02
    6.60929e-02     6.57991e+02
    6.65222e-02     6.54524e+02
    6.69543e-02     6.51000e+02
    6.73892e-02     6.47426e+02
    6.78270e-02     6.43797e+02
    6.82675e-02     6.40110e+02
    6.87110e-02     6.36356e+02
    6.91573e-02     6.32546e+02
    6.96065e-02     6.28667e+02
    7.00586e-02     6.24719e+02
    7.05137e-02     6.20711e+02
    7.09717e-02     6.16628e+02
    7.14327e-02     6.12484e+02
    7.18967e-02     6.08266e+02
    7.23637e-02     6.03974e+02
    7.28338e-02     5.99610e+02
    7.33069e-02     5.95173e+02
    7.37830e-02     5.90669e+02
    7.42623e-02     5.86087e+02
    7.47447e-02     5.81433e+02
    7.52302e-02     5.76714e+02
    7.57188e-02     5.71930e+02
    7.62107e-02     5.67076e+02
    7.67057e-02     5.62152e+02
    7.72039e-02     5.57170e+02
    7.77054e-02     5.52120e+02
    7.82102e-02     5.47014e+02
    7.87182e-02     5.41852e+02
    7.92295e-02     5.36635e+02
    7.97441e-02     5.31364e+02
    8.02621e-02     5.26051e+02
    8.07835e-02     5.20698e+02
    8.13082e-02     5.15304e+02
    8.18363e-02     5.09876e+02
    8.23679e-02     5.04416e+02
    8.29029e-02     4.98935e+02
    8.34414e-02     4.93429e+02
    8.39834e-02     4.87916e+02
    8.45290e-02     4.82390e+02
    8.50780e-02     4.76858e+02
    8.56306e-02     4.71326e+02
    8.61869e-02     4.65808e+02
    8.67467e-02     4.60297e+02
    8.73102e-02     4.54811e+02
    8.78773e-02     4.49344e+02
    8.84481e-02     4.43910e+02
    8.90226e-02     4.38514e+02
    8.96009e-02     4.33156e+02
    9.01829e-02     4.27853e+02
    9.07687e-02     4.22601e+02
    9.13583e-02     4.17404e+02
    9.19517e-02     4.12275e+02
    9.25490e-02     4.07218e+02
    9.31501e-02     4.02229e+02
    9.37552e-02     3.97323e+02
    9.43642e-02     3.92496e+02
    9.49771e-02     3.87757e+02
    9.55940e-02     3.83114e+02
    9.62150e-02     3.78570e+02
    9.68399e-02     3.74125e+02
    9.74690e-02     3.69784e+02
    9.81021e-02     3.65548e+02
    9.87393e-02     3.61426e+02
    9.93807e-02     3.57407e+02
    1.00026e-01     3.53507e+02
    1.00676e-01     3.49716e+02
    1.01330e-01     3.46037e+02
    1.01988e-01     3.42475e+02
    1.02651e-01     3.39032e+02
    1.03317e-01     3.35702e+02
    1.03988e-01     3.32496e+02
    1.04664e-01     3.29407e+02
    1.05344e-01     3.26428e+02
    1.06028e-01     3.23557e+02
    1.06717e-01     3.20797e+02
    1.07410e-01     3.18140e+02
    1.08108e-01     3.15587e+02
    1.08810e-01     3.13131e+02
    1.09517e-01     3.10768e+02
    1.10228e-01     3.08507e+02
    1.10944e-01     3.06328e+02
    1.11665e-01     3.04232e+02
    1.12390e-01     3.02209e+02
    1.13120e-01     3.00257e+02
    1.13855e-01     2.98371e+02
    1.14594e-01     2.96537e+02
    1.15339e-01     2.94755e+02
    1.16088e-01     2.93014e+02
    1.16842e-01     2.91316e+02
    1.17601e-01     2.89646e+02
    1.18365e-01     2.87997e+02
    1.19134e-01     2.86365e+02
    1.19907e-01     2.84736e+02
    1.20686e-01     2.83109e+02
    1.21470e-01     2.81477e+02
    1.22259e-01     2.79828e+02
    1.23053e-01     2.78157e+02
    1.23853e-01     2.76455e+02
    1.24657e-01     2.74717e+02
    1.25467e-01     2.72943e+02
    1.26282e-01     2.71120e+02
    1.27102e-01     2.69245e+02
    1.27928e-01     2.67313e+02
    1.28759e-01     2.65317e+02
    1.29595e-01     2.63252e+02
    1.30437e-01     2.61118e+02
    1.31284e-01     2.58913e+02
    1.32137e-01     2.56636e+02
    1.32995e-01     2.54287e+02
    1.33859e-01     2.51866e+02
    1.34728e-01     2.49370e+02
    1.35604e-01     2.46803e+02
    1.36484e-01     2.44160e+02
    1.37371e-01     2.41453e+02
    1.38263e-01     2.38681e+02
    1.39161e-01     2.35853e+02
    1.40065e-01     2.32972e+02
    1.40975e-01     2.30043e+02
    1.41891e-01     2.27071e+02
    1.42812e-01     2.24061e+02
    1.43740e-01     2.21024e+02
    1.44674e-01     2.17967e+02
    1.45614e-01     2.14897e+02
    1.46559e-01     2.11823e+02
    1.47511e-01     2.08755e+02
    1.48469e-01     2.05699e+02
    1.49434e-01     2.02664e+02
    1.50405e-01     1.99659e+02
    1.51381e-01     1.96688e+02
    1.52365e-01     1.93765e+02
    1.53354e-01     1.90892e+02
    1.54351e-01     1.88082e+02
    1.55353e-01     1.85337e+02
    1.56362e-01     1.82666e+02
    1.57378e-01     1.80072e+02
    1.58400e-01     1.77559e+02
    1.59429e-01     1.75132e+02
    1.60465e-01     1.72796e+02
    1.61507e-01     1.70552e+02
    1.62556e-01     1.68404e+02
    1.63612e-01     1.66351e+02
    1.64675e-01     1.64392e+02
    1.65744e-01     1.62525e+02
    1.66821e-01     1.60752e+02
    1.67905e-01     1.59070e+02
    1.68995e-01     1.57476e+02
    1.70093e-01     1.55966e+02
    1.71198e-01     1.54533e+02
    1.72310e-01     1.53173e+02
    1.73429e-01     1.51878e+02
    1.74556e-01     1.50646e+02
    1.75689e-01     1.49467e+02
    1.76831e-01     1.48335e+02
    1.77979e-01     1.47240e+02
    1.79135e-01     1.46175e+02
    1.80299e-01     1.45132e+02
    1.81470e-01     1.44103e+02
    1.82649e-01     1.43079e+02
    1.83835e-01     1.42053e+02
    1.85029e-01     1.41017e+02
    1.86231e-01     1.39963e+02
    1.87441e-01     1.38883e+02
    1.88658e-01     1.37772e+02
    1.89884e-01     1.36626e+02
    1.91117e-01     1.35439e+02
    1.92359e-01     1.34208e+02
    1.93608e-01     1.32928e+02
    1.94866e-01     1.31598e+02
    1.96131e-01     1.30217e+02
    1.97405e-01     1.28788e+02
    1.98688e-01     1.27311e+02
    1.99978e-01     1.25785e+02
    2.01277e-01     1.24215e+02
    2.02585e-01     1.22607e+02
    2.03901e-01     1.20965e+02
    2.05225e-01     1.19296e+02
    2.06558e-01     1.17604e+02
    2.07900e-01     1.15897e+02
    2.09250e-01     1.14183e+02
    2.10609e-01     1.12469e+02
    2.11977e-01     1.10763e+02
    2.13354e-01     1.09072e+02
    2.14740e-01     1.07403e+02
    2.16135e-01     1.05763e+02
    2.17539e-01     1.04159e+02
    2.18952e-01     1.02597e+02
    2.20374e-01     1.01082e+02
    2.21806e-01     9.96196e+01
    2.23246e-01     9.82104e+01
    2.24696e-01     9.68593e+01
    2.26156e-01     9.55681e+01
    2.27625e-01     9.43374e+01
    2.29104e-01     9.31660e+01
    2.30592e-01     9.20527e+01
    2.32089e-01     9.09959e+01
    2.33597e-01     8.99942e+01
    2.35114e-01     8.90417e+01
    2.36642e-01     8.81345e+01
    2.38179e-01     8.72667e+01
    2.39726e-01     8.64341e+01
    2.41283e-01     8.56301e+01
    2.42850e-01     8.48480e+01
    2.44428e-01     8.40812e+01
    2.46015e-01     8.33237e+01
    2.47613e-01     8.25689e+01
    2.49222e-01     8.18119e+01
    2.50841e-01     8.10461e+01
    2.52470e-01     8.02663e+01
    2.54110e-01     7.94690e+01
    2.55760e-01     7.86508e+01
    2.57422e-01     7.78100e+01
    2.59094e-01     7.69437e+01
    2.60777e-01     7.60520e+01
    2.62471e-01     7.51356e+01
    2.64176e-01     7.41956e+01
    2.65892e-01     7.32339e+01
    2.67619e-01     7.22536e+01
    2.69357e-01     7.12595e+01
    2.71107e-01     7.02549e+01
    2.72868e-01     6.92446e+01
    2.74640e-01     6.82339e+01
    2.76424e-01     6.72283e+01
    2.78219e-01     6.62325e+01
    2.80027e-01     6.52515e+01
    2.81846e-01     6.42896e+01
    2.83676e-01     6.33513e+01
    2.85519e-01     6.24404e+01
    2.87374e-01     6.15587e+01
    2.89240e-01     6.07084e+01
    2.91119e-01     5.98916e+01
    2.93010e-01     5.91082e+01
    2.94913e-01     5.83571e+01
    2.96829e-01     5.76379e+01
    2.98757e-01     5.69487e+01
    3.00698e-01     5.62863e+01
    3.02651e-01     5.56478e+01
    3.04617e-01     5.50302e+01
    3.06595e-01     5.44287e+01
    3.08587e-01     5.38398e+01
    3.10591e-01     5.32593e+01
    3.12609e-01     5.26835e+01
    3.14639e-01     5.21086e+01
    3.16683e-01     5.15310e+01
    3.18740e-01     5.09483e+01
    3.20810e-01     5.03588e+01
    3.22894e-01     4.97600e+01
    3.24992e-01     4.91517e+01
    3.27103e-01     4.85340e+01
    3.29227e-01     4.79073e+01
    3.31366e-01     4.72724e+01
    3.33518e-01     4.66317e+01
    3.35685e-01     4.59878e+01
    3.37865e-01     4.53430e+01
    3.40060e-01     4.47001e+01
    3.42269e-01     4.40624e+01
    3.44492e-01     4.34318e+01
    3.46729e-01     4.28119e+01
    3.48982e-01     4.22051e+01
    3.51248e-01     4.16129e+01
    3.53530e-01     4.10370e+01
    3.55826e-01     4.04780e+01
    3.58138e-01     3.99372e+01
    3.60464e-01     3.94134e+01
    3.62805e-01     3.89066e+01
    3.65162e-01     3.84151e+01
    3.67534e-01     3.79376e+01
    3.69921e-01     3.74720e+01
    3.72324e-01     3.70166e+01
    3.74743e-01     3.65687e+01
    3.77177e-01     3.61263e+01
    3.79627e-01     3.56876e+01
    3.82093e-01     3.52505e+01
    3.84574e-01     3.48137e+01
    3.87072e-01     3.43756e+01
    3.89587e-01     3.39360e+01
    3.92117e-01     3.34948e+01
    3.94664e-01     3.30514e+01
    3.97228e-01     3.26070e+01
    3.99808e-01     3.21625e+01
    4.02405e-01     3.17187e+01
    4.05019e-01     3.12773e+01
    4.07650e-01     3.08398e+01
    4.10298e-01     3.04079e+01
    4.12963e-01     2.99822e+01
    4.15645e-01     2.95647e+01
    4.18345e-01     2.91555e+01
    4.21062e-01     2.87557e+01
    4.23797e-01     2.83654e+01
    4.26550e-01     2.79843e+01
    4.29321e-01     2.76127e+01
    4.32110e-01     2.72492e+01
    4.34916e-01     2.68933e+01
    4.37741e-01     2.65440e+01
    4.40585e-01     2.62000e+01
    4.43447e-01     2.58607e+01
    4.46327e-01     2.55245e+01
    4.49226e-01     2.51912e+01
    4.52144e-01     2.48595e+01
    4.55081e-01     2.45292e+01
    4.58037e-01     2.42005e+01
    4.61012e-01     2.38727e+01
    4.64007e-01     2.35467e+01
    4.67021e-01     2.32224e+01
    4.70054e-01     2.29008e+01
    4.73108e-01     2.25826e+01
    4.76181e-01     2.22678e+01
    4.79274e-01     2.19576e+01
    4.82387e-01     2.16522e+01
    4.85520e-01     2.13525e+01
    4.88674e-01     2.10582e+01
    4.91848e-01     2.07696e+01
    4.95043e-01     2.04859e+01
    4.98259e-01     2.02076e+01
    5.01495e-01     1.99343e+01
    5.04753e-01     1.96650e+01
    5.08031e-01     1.93995e+01
    5.11331e-01     1.91373e+01
    5.14653e-01     1.88783e+01
    5.17995e-01     1.86215e+01
    5.21360e-01     1.83669e+01
    5.24747e-01     1.81146e+01
    5.28155e-01     1.78646e+01
    5.31586e-01     1.76168e+01
    5.35039e-01     1.73716e+01
    5.38514e-01     1.71290e+01
    5.42012e-01     1.68893e+01
    5.45533e-01     1.66528e+01
    5.49076e-01     1.64199e+01
    5.52643e-01     1.61905e+01
    5.56233e-01     1.59646e+01
    5.59846e-01     1.57425e+01
    5.63482e-01     1.55238e+01
    5.67142e-01     1.53085e+01
    5.70826e-01     1.50963e+01
    5.74534e-01     1.48871e+01
    5.78266e-01     1.46807e+01
    5.82022e-01     1.44766e+01
    5.85803e-01     1.42753e+01
    5.89608e-01     1.40759e+01
    5.93437e-01     1.38788e+01
    5.97292e-01     1.36839e+01
    6.01172e-01     1.34913e+01
    6.05077e-01     1.33011e+01
    6.09007e-01     1.31135e+01
    6.12963e-01     1.29283e+01
    6.16945e-01     1.27456e+01
    6.20952e-01     1.25657e+01
    6.24985e-01     1.23882e+01
    6.29045e-01     1.22133e+01
    6.33131e-01     1.20408e+01
    6.37244e-01     1.18707e+01
    6.41383e-01     1.17028e+01
    6.45549e-01     1.15373e+01
    6.49742e-01     1.13740e+01
    6.53963e-01     1.12130e+01
    6.58210e-01     1.10541e+01
    6.62486e-01     1.08973e+01
    6.66789e-01     1.07427e+01
    6.71120e-01     1.05901e+01
    6.75479e-01     1.04396e+01
    6.79867e-01     1.02911e+01
    6.84283e-01     1.01445e+01
    6.88728e-01     9.99994e+00
    6.93202e-01     9.85727e+00
    6.97704e-01     9.71650e+00
    7.02236e-01     9.57764e+00
    7.06798e-01     9.44064e+00
    7.11389e-01     9.30550e+00
    7.16010e-01     9.17217e+00
    7.20661e-01     9.04066e+00
    7.25342e-01     8.91094e+00
    7.30053e-01     8.78297e+00
    7.34795e-01     8.65678e+00
    7.39568e-01     8.53230e+00
    7.44372e-01     8.40953e+00
    7.49207e-01     8.28842e+00
    7.54074e-01     8.16902e+00
    7.58972e-01     8.05123e+00
    7.63902e-01     7.93506e+00
    7.68864e-01     7.82048e+00
    7.73858e-01     7.70749e+00
    7.78884e-01     7.59605e+00
    7.83944e-01     7.48615e+00
    7.89036e-01     7.37777e+00
    7.94161e-01     7.27087e+00
    7.99320e-01     7.16546e+00
    8.04512e-01     7.06150e+00
    8.09737e-01     6.95894e+00
    8.14997e-01     6.85783e+00
    8.20291e-01     6.75812e+00
    8.25619e-01     6.65979e+00
    8.30982e-01     6.56282e+00
    8.36380e-01     6.46720e+00
    8.41812e-01     6.37291e+00
    8.47280e-01     6.27993e+00
    8.52784e-01     6.18827e+00
    8.58323e-01     6.09786e+00
    8.63899e-01     6.00873e+00
    8.69510e-01     5.92083e+00
    8.75158e-01     5.83418e+00
    8.80843e-01     5.74873e+00
    8.86564e-01     5.66449e+00
    8.92323e-01     5.58141e+00
    8.98119e-01     5.49951e+00
    9.03953e-01     5.41878e+00
    9.09825e-01     5.33916e+00
    9.15734e-01     5.26067e+00
    9.21683e-01     5.18328e+00
    9.27669e-01     5.10698e+00
    9.33695e-01     5.03178e+00
    9.39760e-01     4.95762e+00
    9.45864e-01     4.88450e+00
    9.52008e-01     4.81242e+00
    9.58192e-01     4.74137e+00
    9.64416e-01     4.67131e+00
    9.70680e-01     4.60224e+00
    9.76985e-01     4.53417e+00
    9.83332e-01     4.46705e+00
    9.89719e-01     4.40090e+00
    9.96148e-01     4.33569e+00
    1.00262e+00     4.27141e+00
    1.00913e+00     4.20802e+00
    1.01569e+00     4.14557e+00
    1.02228e+00     4.08396e+00
    1.02892e+00     4.02325e+00
    1.03561e+00     3.96344e+00
    1.04233e+00     3.90443e+00
    1.04910e+00     3.84629e+00
    1.05592e+00     3.78899e+00
    1.06278e+00     3.73249e+00
    1.06968e+00     3.67679e+00
    1.07663e+00     3.62189e+00
    1.08362e+00     3.56778e+00
    1.09066e+00     3.51444e+00
    1.09775e+00     3.46189e+00
    1.10488e+00     3.41007e+00
    1.11205e+00     3.35899e+00
    1.11928e+00     3.30867e+00
    1.12655e+00     3.25906e+00
    1.13386e+00     3.21014e+00
    1.14123e+00     3.16198e+00
    1.14864e+00     3.11449e+00
    1.15610e+00     3.06769e+00
    1.16361e+00     3.02159e+00
    1.17117e+00     2.97615e+00
    1.17878e+00     2.93137e+00
    1.18643e+00     2.88724e+00
    1.19414e+00     2.84377e+00
    1.20190e+00     2.80092e+00
    1.20970e+00     2.75868e+00
    1.21756e+00     2.71709e+00
    1.22547e+00     2.67609e+00
    1.23343e+00     2.63569e+00
    1.24144e+00     2.59588e+00
    1.24951e+00     2.55668e+00
    1.25762e+00     2.51801e+00
    1.26579e+00     2.47992e+00
    1.27401e+00     2.44239e+00
    1.28229e+00     2.40542e+00
    1.29062e+00     2.36899e+00
    1.29900e+00     2.33307e+00
    1.30744e+00     2.29770e+00
    1.31593e+00     2.26282e+00
    1.32448e+00     2.22848e+00
    1.33308e+00     2.19461e+00
    1.34174e+00     2.16124e+00
    1.35046e+00     2.12837e+00
    1.35923e+00     2.09596e+00
    1.36806e+00     2.06404e+00
    1.37695e+00     2.03258e+00
    1.38589e+00     2.00159e+00
    1.39489e+00     1.97105e+00
    1.40395e+00     1.94097e+00
    1.41307e+00     1.91132e+00
    1.42225e+00     1.88212e+00
    1.43149e+00     1.85336e+00
    1.44079e+00     1.82502e+00
    1.45015e+00     1.79709e+00
    1.45956e+00     1.76958e+00
    1.46905e+00     1.74249e+00
    1.47859e+00     1.71579e+00
    1.48819e+00     1.68948e+00
    1.49786e+00     1.66358e+00
    1.50759e+00     1.63807e+00
    1.51738e+00     1.61292e+00
    1.52724e+00     1.58816e+00
    1.53716e+00     1.56377e+00
    1.54714e+00     1.53973e+00
    1.55719e+00     1.51607e+00
    1.56731e+00     1.49276e+00
    1.57749e+00     1.46979e+00
    1.58773e+00     1.44716e+00
    1.59805e+00     1.42489e+00
    1.60843e+00     1.40292e+00
    1.61887e+00     1.38129e+00
    1.62939e+00     1.36000e+00
    1.63997e+00     1.33901e+00
    1.65063e+00     1.31834e+00
    1.66135e+00     1.29797e+00
    1.67214e+00     1.27790e+00
    1.68300e+00     1.25814e+00
    1.69393e+00     1.23867e+00
    1.70494e+00     1.21950e+00
    1.71601e+00     1.20060e+00
    1.72716e+00     1.18199e+00
    1.73838e+00     1.16367e+00
    1.74967e+00     1.14562e+00
    1.76103e+00     1.12783e+00
    1.77247e+00     1.11032e+00
    1.78398e+00     1.09308e+00
    1.79557e+00     1.07609e+00
    1.80724e+00     1.05937e+00
    1.81897e+00     1.04290e+00
    1.83079e+00     1.02667e+00
    1.84268e+00     1.01070e+00
    1.85465e+00     9.94963e-01
    1.86670e+00     9.79467e-01
    1.87882e+00     9.64200e-01
    1.89103e+00     9.49184e-01
    1.90331e+00     9.34384e-01
    1.91567e+00     9.19803e-01
    1.92812e+00     9.05456e-01
    1.94064e+00     8.91321e-01
    1.95325e+00     8.77406e-01
    1.96593e+00     8.63700e-01
    1.97870e+00     8.50212e-01
    1.99156e+00     8.36916e-01
    2.00449e+00     8.23826e-01
    2.01751e+00     8.10938e-01
    2.03062e+00     7.98251e-01
    2.04381e+00     7.85748e-01
    2.05708e+00     7.73439e-01
    2.07045e+00     7.61319e-01
    2.08389e+00     7.49366e-01
    2.09743e+00     7.37611e-01
    2.11105e+00     7.26024e-01
    2.12477e+00     7.14622e-01
    2.13857e+00     7.03397e-01
    2.15246e+00     6.92340e-01
    2.16644e+00     6.81440e-01
    2.18051e+00     6.70717e-01
    2.19468e+00     6.60162e-01
    2.20893e+00     6.49758e-01
    2.22328e+00     6.39531e-01
    2.23772e+00     6.29446e-01
    2.25226e+00     6.19525e-01
    2.26689e+00     6.09753e-01
    2.28161e+00     6.00131e-01
    2.29643e+00     5.90660e-01
    2.31135e+00     5.81339e-01
    2.32636e+00     5.72155e-01
    2.34147e+00     5.63118e-01
    2.35668e+00     5.54219e-01
    2.37199e+00     5.45456e-01
    2.38740e+00     5.36838e-01
    2.40290e+00     5.28343e-01
    2.41851e+00     5.19984e-01
    2.43422e+00     5.11758e-01
    2.45003e+00     5.03654e-01
    2.46595e+00     4.95673e-01
    2.48197e+00     4.87824e-01
    2.49809e+00     4.80090e-01
    2.51431e+00     4.72477e-01
    2.53065e+00     4.64984e-01
    2.54708e+00     4.57604e-01
    2.56363e+00     4.50340e-01
    2.58028e+00     4.43187e-01
    2.59704e+00     4.36144e-01
    2.61391e+00     4.29210e-01
    2.63089e+00     4.22382e-01
    2.64798e+00     4.15661e-01
    2.66518e+00     4.09043e-01
    2.68249e+00     4.02527e-01
    2.69991e+00     3.96113e-01
    2.71745e+00     3.89800e-01
    2.73510e+00     3.83584e-01
    2.75287e+00     3.77466e-01
    2.77075e+00     3.71442e-01
    2.78875e+00     3.65514e-01
    2.80686e+00     3.59676e-01
    2.82509e+00     3.53932e-01
    2.84344e+00     3.48277e-01
    2.86191e+00     3.42711e-01
    2.88050e+00     3.37233e-01
    2.89921e+00     3.31841e-01
    2.91805e+00     3.26535e-01
    2.93700e+00     3.21310e-01
    2.95608e+00     3.16168e-01
    2.97528e+00     3.11107e-01
    2.99461e+00     3.06126e-01
    3.01406e+00     3.01224e-01
    3.03364e+00     2.96399e-01
    3.05334e+00     2.91648e-01
    3.07317e+00     2.86974e-01
    3.09314e+00     2.82372e-01
    3.11323e+00     2.77843e-01
    3.13345e+00     2.73385e-01
    3.15380e+00     2.68997e-01
    3.17429e+00     2.64678e-01
    3.19491e+00     2.60426e-01
    3.21566e+00     2.56240e-01
    3.23655e+00     2.52120e-01
    3.25757e+00     2.48064e-01
    3.27873e+00     2.44072e-01
    3.30003e+00     2.40142e-01
    3.32146e+00     2.36274e-01
    3.34304e+00     2.32467e-01
    3.36475e+00     2.28720e-01
    3.38661e+00     2.25031e-01
    3.40861e+00     2.21402e-01
    3.43075e+00     2.17829e-01
    3.45303e+00     2.14313e-01
    3.47546e+00     2.10853e-01
    3.49804e+00     2.07447e-01
    3.52076e+00     2.04096e-01
    3.54363e+00     2.00798e-01
    3.56664e+00     1.97552e-01
    3.58981e+00     1.94358e-01
    3.61313e+00     1.91216e-01
    3.63660e+00     1.88123e-01
    3.66022e+00     1.85079e-01
    3.68400e+00     1.82085e-01
    3.70793e+00     1.79137e-01
    3.73201e+00     1.76237e-01
    3.75625e+00     1.73383e-01
    3.78065e+00     1.70575e-01
    3.80521e+00     1.67811e-01
    3.82993e+00     1.65092e-01
    3.85480e+00     1.62415e-01
    3.87984e+00     1.59782e-01
    3.90504e+00     1.57190e-01
    3.93041e+00     1.54640e-01
    3.95594e+00     1.52130e-01
    3.98163e+00     1.49659e-01
    4.00750e+00     1.47229e-01
    4.03353e+00     1.44837e-01
    4.05973e+00     1.42482e-01
    4.08610e+00     1.40164e-01
    4.11264e+00     1.37884e-01
    4.13935e+00     1.35639e-01
    4.16624e+00     1.33430e-01
    4.19330e+00     1.31257e-01
    4.22054e+00     1.29118e-01
    4.24796e+00     1.27014e-01
    4.27555e+00     1.24942e-01
    4.30332e+00     1.22905e-01
    4.33127e+00     1.20900e-01
    4.35941e+00     1.18927e-01
    4.38772e+00     1.16986e-01
    4.41622e+00     1.15076e-01
    4.44491e+00     1.13197e-01
    4.47378e+00     1.11348e-01
    4.50284e+00     1.09529e-01
    4.53209e+00     1.07740e-01
    4.56153e+00     1.05979e-01
    4.59116e+00     1.04247e-01
    4.62098e+00     1.02543e-01
    4.65100e+00     1.00866e-01
    4.68121e+00     9.92162e-02
    4.71161e+00     9.75930e-02
    4.74222e+00     9.59962e-02
    4.77302e+00     9.44253e-02
    4.80403e+00     9.28799e-02
    4.83523e+00     9.13590e-02
    4.86664e+00     8.98626e-02
    4.89825e+00     8.83905e-02
    4.93007e+00     8.69416e-02
    4.96209e+00     8.55166e-02
    4.99432e+00     8.41138e-02
    5.02676e+00     8.27338e-02
    5.05941e+00     8.13757e-02
    5.09228e+00     8.00397e-02
    5.12535e+00     7.87246e-02
    5.15865e+00     7.74313e-02
    5.19215e+00     7.61583e-02
    5.22588e+00     7.49057e-02
    5.25983e+00     7.36739e-02
    5.29399e+00     7.24614e-02
    5.32838e+00     7.12690e-02
    5.36299e+00     7.00953e-02
    5.39782e+00     6.89413e-02
    5.43289e+00     6.78055e-02
    5.46818e+00     6.66886e-02
    5.50370e+00     6.55895e-02
    5.53944e+00     6.45085e-02
    5.57543e+00     6.34454e-02
    5.61164e+00     6.23991e-02
    5.64809e+00     6.13703e-02
    5.68478e+00     6.03578e-02
    5.72171e+00     5.93620e-02
    5.75887e+00     5.83828e-02
    5.79628e+00     5.74192e-02
    5.83393e+00     5.64719e-02
    5.87182e+00     5.55395e-02
    5.90996e+00     5.46223e-02
    5.94835e+00     5.37204e-02
    5.98699e+00     5.28330e-02
    6.02588e+00     5.19601e-02
    6.06502e+00     5.11016e-02
    6.10442e+00     5.02570e-02
    6.14407e+00     4.94261e-02
    6.18398e+00     4.86085e-02
    6.22414e+00     4.78044e-02
    6.26457e+00     4.70130e-02
    6.30527e+00     4.62346e-02
    6.34622e+00     4.54691e-02
    6.38744e+00     4.47155e-02
    6.42893e+00     4.39742e-02
    6.47069e+00     4.32452e-02
    6.51272e+00     4.25278e-02
    6.55503e+00     4.18222e-02
    6.59761e+00     4.11281e-02
    6.64046e+00     4.04451e-02
    6.68359e+00     3.97735e-02
    6.72701e+00     3.91129e-02
    6.77070e+00     3.84631e-02
    6.81468e+00     3.78241e-02
    6.85895e+00     3.71955e-02
    6.90350e+00     3.65775e-02
    6.94834e+00     3.59693e-02
    6.99348e+00     3.53712e-02
    7.03890e+00     3.47831e-02
    7.08462e+00     3.42047e-02
    7.13064e+00     3.36358e-02
    7.17696e+00     3.30759e-02
    7.22358e+00     3.25259e-02
    7.27050e+00     3.19843e-02
    7.31773e+00     3.14521e-02
    7.36526e+00     3.09283e-02
    7.41310e+00     3.04137e-02
    7.46125e+00     2.99070e-02
    7.50972e+00     2.94090e-02
    7.55850e+00     2.89192e-02
    7.60759e+00     2.84372e-02
    7.65701e+00     2.79633e-02
    7.70675e+00     2.74971e-02
    7.75680e+00     2.70385e-02
    7.80719e+00     2.65875e-02
    7.85790e+00     2.61436e-02
    7.90894e+00     2.57073e-02
    7.96032e+00     2.52777e-02
    8.01202e+00     2.48554e-02
    8.06407e+00     2.44402e-02
    8.11645e+00     2.40315e-02
    8.16917e+00     2.36298e-02
    8.22223e+00     2.32345e-02
    8.27564e+00     2.28457e-02
    8.32939e+00     2.24633e-02
    8.38350e+00     2.20872e-02
    8.43795e+00     2.17175e-02
    8.49276e+00     2.13538e-02
    8.54793e+00     2.09963e-02
    8.60345e+00     2.06446e-02
    8.65933e+00     2.02984e-02
    8.71558e+00     1.99584e-02
    8.77219e+00     1.96242e-02
    8.82917e+00     1.92952e-02
    8.88652e+00     1.89717e-02
    8.94425e+00     1.86538e-02
    9.00234e+00     1.83407e-02
    9.06082e+00     1.80333e-02
    9.11967e+00     1.77311e-02
    9.17891e+00     1.74334e-02
    9.23853e+00     1.71411e-02
    9.29854e+00     1.68535e-02
    9.35894e+00     1.65707e-02
    9.41973e+00     1.62926e-02
    9.48092e+00     1.60191e-02
    9.54250e+00     1.57501e-02
    9.60449e+00     1.54856e-02
    9.66687e+00     1.52255e-02
    9.72967e+00     1.49696e-02
    9.79287e+00     1.47180e-02
    9.85648e+00     1.44705e-02
    9.92050e+00     1.42270e-02
    9.98494e+00     1.39876e-02
    1.00498e+01     1.37521e-02
    1.01151e+01     1.35206e-02
    1.01808e+01     1.32928e-02
    1.02469e+01     1.30688e-02
    1.03135e+01     1.28486e-02
    1.03805e+01     1.26321e-02
    1.04479e+01     1.24191e-02
    1.05157e+01     1.22096e-02
    1.05841e+01     1.20038e-02
    1.06528e+01     1.18012e-02
    1.07220e+01     1.16022e-02
    1.07916e+01     1.14064e-02
    1.08617e+01     1.12139e-02
    1.09323e+01     1.10247e-02
    1.10033e+01     1.08386e-02
    1.10748e+01     1.06557e-02
    1.11467e+01     1.04758e-02
    1.12191e+01     1.02989e-02
    1.12920e+01     1.01251e-02
    1.13653e+01     9.95403e-03
    1.14392e+01     9.78601e-03
    1.15135e+01     9.62072e-03
    1.15883e+01     9.45820e-03
    1.16635e+01     9.29836e-03
    1.17393e+01     9.14127e-03
    1.18155e+01     8.98673e-03
    1.18923e+01     8.83485e-03
    1.19695e+01     8.68544e-03
    1.20473e+01     8.53856e-03
    1.21255e+01     8.39408e-03
    1.22043e+01     8.25205e-03
    1.22836e+01     8.11238e-03
    1.23634e+01     7.97499e-03
    1.24437e+01     7.83988e-03
    1.25245e+01     7.70700e-03
    1.26059e+01     7.57637e-03
    1.26877e+01     7.44786e-03
    1.27701e+01     7.32154e-03
    1.28531e+01     7.19736e-03
    1.29366e+01     7.07527e-03
    1.30206e+01     6.95515e-03
    1.31052e+01     6.83712e-03
    1.31903e+01     6.72104e-03
    1.32760e+01     6.60694e-03
    1.33622e+01     6.49474e-03
    1.34490e+01     6.38443e-03
    1.35364e+01     6.27600e-03
    1.36243e+01     6.16938e-03
    1.37128e+01     6.06460e-03
    1.38019e+01     5.96157e-03
    1.38915e+01     5.86025e-03
    1.39818e+01     5.76069e-03
    1.40726e+01     5.66279e-03
    1.41640e+01     5.56655e-03
    1.42560e+01     5.47192e-03
    1.43486e+01     5.37891e-03
    1.44418e+01     5.28747e-03
    1.45356e+01     5.19757e-03
    1.46300e+01     5.10917e-03
    1.47251e+01     5.02229e-03
    1.48207e+01     4.93684e-03
    1.49170e+01     4.85286e-03
    1.50139e+01     4.77026e-03
    1.51114e+01     4.68905e-03
    1.52095e+01     4.60919e-03
    1.53083e+01     4.53068e-03
    1.54078e+01     4.45349e-03
    1.55079e+01     4.37757e-03
    1.56086e+01     4.30293e-03
    1.57100e+01     4.22954e-03
    1.58120e+01     4.15737e-03
    1.59147e+01     4.08642e-03
    1.60181e+01     4.01667e-03
    1.61221e+01     3.94809e-03
    1.62269e+01     3.88070e-03
    1.63323e+01     3.81442e-03
    1.64384e+01     3.74927e-03
    1.65451e+01     3.68522e-03
    1.66526e+01     3.62226e-03
    1.67608e+01     3.56037e-03
    1.68696e+01     3.49952e-03
    1.69792e+01     3.43973e-03
    1.70895e+01     3.38093e-03
    1.72005e+01     3.32314e-03
    1.73122e+01     3.26634e-03
    1.74247e+01     3.21051e-03
    1.75379e+01     3.15564e-03
    1.76518e+01     3.10168e-03
    1.77665e+01     3.04864e-03
    1.78819e+01     2.99651e-03
    1.79980e+01     2.94527e-03
    1.81149e+01     2.89490e-03
    1.82326e+01     2.84538e-03
    1.83510e+01     2.79670e-03
    1.84702e+01     2.74884e-03
    1.85902e+01     2.70179e-03
    1.87109e+01     2.65554e-03
    1.88325e+01     2.61008e-03
    1.89548e+01     2.56538e-03
    1.90779e+01     2.52143e-03
    1.92019e+01     2.47822e-03
    1.93266e+01     2.43573e-03
    1.94521e+01     2.39395e-03
    1.95785e+01     2.35289e-03
    1.97056e+01     2.31252e-03
    1.98336e+01     2.27283e-03
    1.99625e+01     2.23381e-03
    2.00921e+01     2.19546e-03
    2.02226e+01     2.15775e-03
    2.03540e+01     2.12070e-03
    2.04862e+01     2.08427e-03
    2.06193e+01     2.04845e-03
    2.07532e+01     2.01325e-03
    2.08880e+01     1.97865e-03
    2.10237e+01     1.94465e-03
    2.11603e+01     1.91123e-03
    2.12977e+01     1.87837e-03
    2.14360e+01     1.84609e-03
    2.15753e+01     1.81435e-03
    2.17154e+01     1.78316e-03
    2.18565e+01     1.75251e-03
    2.19985e+01     1.72238e-03
    2.21413e+01     1.69276e-03
    2.22852e+01     1.66366e-03
    2.24299e+01     1.63505e-03
    2.25756e+01     1.60692e-03
    2.27223e+01     1.57928e-03
    2.28698e+01     1.55211e-03
    2.30184e+01     1.52541e-03
    2.31679e+01     1.49915e-03
    2.33184e+01     1.47335e-03
    2.34699e+01     1.44799e-03
    2.36223e+01     1.42305e-03
    2.37758e+01     1.39855e-03
    2.39302e+01     1.37444e-03
    2.40856e+01     1.35074e-03
    2.42421e+01     1.32745e-03
    2.43996e+01     1.30457e-03
    2.45580e+01     1.28206e-03
    2.47176e+01     1.25993e-03
    2.48781e+01     1.23819e-03
    2.50397e+01     1.21681e-03
    2.52024e+01     1.19580e-03
    2.53661e+01     1.17516e-03
    2.55308e+01     1.15485e-03
    2.56967e+01     1.13491e-03
    2.58636e+01     1.11529e-03
    2.60316e+01     1.09602e-03
    2.62007e+01     1.07709e-03
    2.63709e+01     1.05848e-03
    2.65421e+01     1.04018e-03
    2.67146e+01     1.02221e-03
    2.68881e+01     1.00455e-03
    2.70627e+01     9.87185e-04
    2.72385e+01     9.70122e-04
    2.74154e+01     9.53341e-04
    2.75935e+01     9.36872e-04
    2.77728e+01     9.20670e-04
    2.79532e+01     9.04758e-04
    2.81347e+01     8.89106e-04
    2.83175e+01     8.73733e-04
    2.85014e+01     8.58631e-04
    2.86866e+01     8.43776e-04
    2.88729e+01     8.29175e-04
    2.90604e+01     8.14828e-04
    2.92492e+01     8.00736e-04
    2.94392e+01     7.86869e-04
    2.96304e+01     7.73251e-04
    2.98229e+01     7.59858e-04
    3.00166e+01     7.46684e-04
    3.02116e+01     7.33744e-04
    3.04078e+01     7.21021e-04
    3.06053e+01     7.08516e-04
    3.08041e+01     6.96227e-04
    3.10042e+01     6.84153e-04
    3.12056e+01     6.72279e-04
    3.14083e+01     6.60604e-04
    3.16123e+01     6.49140e-04
    3.18176e+01     6.37871e-04
    3.20243e+01     6.26800e-04
    3.22323e+01     6.15910e-04
    3.24417e+01     6.05214e-04
    3.26524e+01     5.94697e-04
    3.28645e+01     5.84371e-04
    3.30780e+01     5.74221e-04
    3.32929e+01     5.64246e-04
    3.35091e+01     5.54442e-04
    3.37268e+01     5.44810e-04
    3.39458e+01     5.35343e-04
    3.41663e+01     5.26041e-04
    3.43883e+01     5.16902e-04
    3.46116e+01     5.07919e-04
    3.48365e+01     4.99092e-04
    3.50627e+01     4.90418e-04
    3.52905e+01     4.81894e-04
    3.55197e+01     4.73517e-04
    3.57505e+01     4.65285e-04
    3.59827e+01     4.57196e-04
    3.62164e+01     4.49245e-04
    3.64516e+01     4.41430e-04
    3.66884e+01     4.33749e-04
    3.69267e+01     4.26201e-04
    3.71666e+01     4.18782e-04
    3.74080e+01     4.11489e-04
    3.76510e+01     4.04321e-04
    3.78956e+01     3.97277e-04
    3.81417e+01     3.90352e-04
    3.83895e+01     3.83547e-04
    3.86388e+01     3.76858e-04
    3.88898e+01     3.70285e-04
    3.91424e+01     3.63825e-04
    3.93967e+01     3.57477e-04
    3.96526e+01     3.51240e-04
    3.99101e+01     3.45109e-04
    4.01694e+01     3.39086e-04
    4.04303e+01     3.33166e-04
    4.06929e+01     3.27350e-04
    4.09572e+01     3.21634e-04
    4.12233e+01     3.16018e-04
    4.14910e+01     3.10501e-04
    4.17605e+01     3.05078e-04
    4.20318e+01     2.99751e-04
    4.23048e+01     2.94516e-04
    4.25796e+01     2.89372e-04
    4.28562e+01     2.84318e-04
    4.31346e+01     2.79352e-04
    4.34147e+01     2.74471e-04
    4.36968e+01     2.69677e-04
    4.39806e+01     2.64965e-04
    4.42663e+01     2.60336e-04
    4.45538e+01     2.55785e-04
    4.48432e+01     2.51314e-04
    4.51345e+01     2.46921e-04
    4.54277e+01     2.42604e-04
    4.57227e+01     2.38361e-04
    4.60197e+01     2.34191e-04
    4.63186e+01     2.30092e-04
    4.66195e+01     2.26064e-04
    4.69223e+01     2.22105e-04
    4.72271e+01     2.18214e-04
    4.75339e+01     2.14390e-04
    4.78426e+01     2.10632e-04
    4.81534e+01     2.06939e-04
    4.84662e+01     2.03310e-04
    4.87810e+01     1.99743e-04
    4.90979e+01     1.96240e-04
    4.94168e+01     1.92796e-04
    4.97378e+01     1.89412e-04
    5.00608e+01     1.86088e-04
    5.03860e+01     1.82821e-04
    5.07133e+01     1.79612e-04
    5.10427e+01     1.76459e-04
    5.13743e+01     1.73361e-04
    5.17080e+01     1.70317e-04
    5.20438e+01     1.67327e-04
    5.23819e+01     1.64389e-04
    5.27221e+01     1.61502e-04
    5.30646e+01     1.58666e-04
    5.34093e+01     1.55880e-04
    5.37562e+01     1.53143e-04
    5.41054e+01     1.50453e-04
    5.44568e+01     1.47811e-04
    5.48106e+01     1.45216e-04
    5.51666e+01     1.42665e-04
    5.55249e+01     1.40160e-04
    5.58856e+01     1.37698e-04
    5.62486e+01     1.35279e-04
    5.66140e+01     1.32902e-04
    5.69817e+01     1.30567e-04
    5.73518e+01     1.28272e-04
    5.77244e+01     1.26017e-04
    5.80993e+01     1.23802e-04
    5.84767e+01     1.21624e-04
    5.88565e+01     1.19485e-04
    5.92388e+01     1.17382e-04
    5.96236e+01     1.15317e-04
    6.00109e+01     1.13287e-04
    6.04007e+01     1.11293e-04
    6.07930e+01     1.09333e-04
    6.11879e+01     1.07407e-04
    6.15854e+01     1.05516e-04
    6.19854e+01     1.03657e-04
    6.23880e+01     1.01830e-04
    6.27933e+01     1.00036e-04
    6.32012e+01     9.82728e-05
    6.36117e+01     9.65402e-05
    6.40249e+01     9.48382e-05
    6.44408e+01     9.31661e-05
    6.48593e+01     9.15222e-05
    6.52806e+01     8.99078e-05
    6.57047e+01     8.83214e-05
    6.61315e+01     8.67627e-05
    6.65610e+01     8.52309e-05
    6.69934e+01     8.37260e-05
    6.74285e+01     8.22468e-05
    6.78665e+01     8.07930e-05
    6.83073e+01     7.93647e-05
    6.87510e+01     7.79613e-05
    6.91976e+01     7.65814e-05
    6.96471e+01     7.52260e-05
    7.00995e+01     7.38931e-05
    7.05548e+01     7.25832e-05
    7.10131e+01     7.12956e-05
    7.14744e+01     7.00295e-05
    7.19386e+01     6.87854e-05
    7.24059e+01     6.75620e-05
    7.28762e+01     6.63591e-05
    7.33496e+01     6.51767e-05
    7.38261e+01     6.40140e-05
    7.43056e+01     6.28713e-05
    7.47883e+01     6.17488e-05
    7.52740e+01     6.06449e-05
    7.57630e+01     5.95609e-05
    7.62551e+01     5.84953e-05
    7.67504e+01     5.74487e-05
    7.72490e+01     5.64203e-05
    7.77507e+01     5.54100e-05
    7.82558e+01     5.44184e-05
    7.87641e+01     5.34440e-05
    7.92757e+01     5.24874e-05
    7.97906e+01     5.15484e-05
    8.03089e+01     5.06264e-05
    8.08306e+01     4.97212e-05
    8.13556e+01     4.88333e-05
    8.18841e+01     4.79614e-05
    8.24160e+01     4.71055e-05
    8.29513e+01     4.62664e-05
    8.34901e+01     4.54425e-05
    8.40324e+01     4.46348e-05
    8.45783e+01     4.38420e-05
    8.51276e+01     4.30645e-05
    8.56806e+01     4.23023e-05
    8.62371e+01     4.15552e-05
    8.67973e+01     4.08221e-05
    8.73611e+01     4.01039e-05
    8.79285e+01     3.93994e-05
    8.84997e+01     3.87097e-05
    8.90745e+01     3.80330e-05
    8.96531e+01     3.73707e-05
    9.02355e+01     3.67213e-05
    9.08216e+01     3.60851e-05
    9.14115e+01     3.54620e-05
    9.20053e+01     3.48511e-05
    9.26029e+01     3.42521e-05
    9.32044e+01     3.36646e-05
    9.38099e+01     3.30885e-05
    9.44192e+01     3.25227e-05
    9.50325e+01     3.19672e-05
    9.56498e+01     3.14214e-05
    9.62711e+01     3.08849e-05
    9.68964e+01     3.03576e-05
    9.75258e+01     2.98390e-05
    9.81593e+01     2.93286e-05
    9.87969e+01     2.88259e-05
    9.94386e+01     2.83305e-05
    1.00085e+02     2.78428e-05
    1.00735e+02     2.73612e-05
    1.01389e+02     2.68863e-05
    1.02048e+02     2.64175e-05
    1.02710e+02     2.59541e-05
    1.03378e+02     2.54965e-05
    1.04049e+02     2.50436e-05
    1.04725e+02     2.45954e-05
    1.05405e+02     2.41520e-05
    1.06090e+02     2.37125e-05
    1.06779e+02     2.32770e-05
    1.07473e+02     2.28450e-05
    1.08171e+02     2.24158e-05
    1.08873e+02     2.19899e-05
    1.09580e+02     2.15668e-05
    1.10292e+02     2.11460e-05
    1.11009e+02     2.07277e-05
    1.11730e+02     2.03112e-05
