    1.05035e-05     1.68606e+00
    1.05717e-05     1.69658e+00
    1.06404e-05     1.70717e+00
    1.07095e-05     1.71783e+00
    1.07791e-05     1.72855e+00
    1.08491e-05     1.73934e+00
    1.09196e-05     1.75020e+00
    1.09905e-05     1.76112e+00
    1.10619e-05     1.77212e+00
    1.11337e-05     1.78317e+00
    1.12060e-05     1.79430e+00
    1.12788e-05     1.80550e+00
    1.13521e-05     1.81678e+00
    1.14258e-05     1.82811e+00
    1.15001e-05     1.83954e+00
    1.15748e-05     1.85102e+00
    1.16499e-05     1.86256e+00
    1.17256e-05     1.87419e+00
    1.18018e-05     1.88590e+00
    1.18784e-05     1.89766e+00
    1.19556e-05     1.90951e+00
    1.20332e-05     1.92142e+00
    1.21114e-05     1.93342e+00
    1.21901e-05     1.94549e+00
    1.22693e-05     1.95764e+00
    1.23490e-05     1.96986e+00
    1.24292e-05     1.98215e+00
    1.25099e-05     1.99452e+00
    1.25912e-05     2.00698e+00
    1.26730e-05     2.01951e+00
    1.27553e-05     2.03211e+00
    1.28381e-05     2.04479e+00
    1.29215e-05     2.05755e+00
    1.30054e-05     2.07039e+00
    1.30899e-05     2.08332e+00
    1.31749e-05     2.09632e+00
    1.32605e-05     2.10941e+00
    1.33467e-05     2.12258e+00
    1.34334e-05     2.13583e+00
    1.35206e-05     2.14916e+00
    1.36084e-05     2.16257e+00
    1.36968e-05     2.17607e+00
    1.37858e-05     2.18966e+00
    1.38753e-05     2.20332e+00
    1.39655e-05     2.21708e+00
    1.40562e-05     2.23092e+00
    1.41475e-05     2.24484e+00
    1.42394e-05     2.25886e+00
    1.43319e-05     2.27296e+00
    1.44250e-05     2.28715e+00
    1.45187e-05     2.30142e+00
    1.46130e-05     2.31579e+00
    1.47079e-05     2.33024e+00
    1.48034e-05     2.34478e+00
    1.48996e-05     2.35943e+00
    1.49964e-05     2.37416e+00
    1.50938e-05     2.38897e+00
    1.51918e-05     2.40388e+00
    1.52905e-05     2.41889e+00
    1.53898e-05     2.43398e+00
    1.54898e-05     2.44918e+00
    1.55904e-05     2.46447e+00
    1.56917e-05     2.47986e+00
    1.57936e-05     2.49533e+00
    1.58962e-05     2.51091e+00
    1.59994e-05     2.52657e+00
    1.61034e-05     2.54236e+00
    1.62080e-05     2.55823e+00
    1.63132e-05     2.57418e+00
    1.64192e-05     2.59026e+00
    1.65259e-05     2.60643e+00
    1.66332e-05     2.62270e+00
    1.67412e-05     2.63906e+00
    1.68500e-05     2.65554e+00
    1.69594e-05     2.67211e+00
    1.70696e-05     2.68880e+00
    1.71805e-05     2.70558e+00
    1.72921e-05     2.72247e+00
    1.74044e-05     2.73946e+00
    1.75174e-05     2.75656e+00
    1.76312e-05     2.77376e+00
    1.77458e-05     2.79109e+00
    1.78610e-05     2.80850e+00
    1.79770e-05     2.82603e+00
    1.80938e-05     2.84367e+00
    1.82113e-05     2.86142e+00
    1.83296e-05     2.87928e+00
    1.84487e-05     2.89726e+00
    1.85685e-05     2.91534e+00
    1.86891e-05     2.93354e+00
    1.88105e-05     2.95185e+00
    1.89327e-05     2.97028e+00
    1.90557e-05     2.98882e+00
    1.91795e-05     3.00748e+00
    1.93041e-05     3.02626e+00
    1.94294e-05     3.04513e+00
    1.95557e-05     3.06416e+00
    1.96827e-05     3.08328e+00
    1.98105e-05     3.10252e+00
    1.99392e-05     3.12189e+00
    2.00687e-05     3.14137e+00
    2.01991e-05     3.16099e+00
    2.03303e-05     3.18072e+00
    2.04623e-05     3.20056e+00
    2.05953e-05     3.22055e+00
    2.07290e-05     3.24065e+00
    2.08637e-05     3.26088e+00
    2.09992e-05     3.28123e+00
    2.11356e-05     3.30171e+00
    2.12729e-05     3.32232e+00
    2.14111e-05     3.34306e+00
    2.15501e-05     3.36391e+00
    2.16901e-05     3.38491e+00
    2.18310e-05     3.40604e+00
    2.19728e-05     3.42730e+00
    2.21155e-05     3.44869e+00
    2.22592e-05     3.47021e+00
    2.24038e-05     3.49188e+00
    2.25493e-05     3.51367e+00
    2.26958e-05     3.53560e+00
    2.28432e-05     3.55766e+00
    2.29916e-05     3.57988e+00
    2.31409e-05     3.60221e+00
    2.32912e-05     3.62470e+00
    2.34425e-05     3.64732e+00
    2.35948e-05     3.67009e+00
    2.37481e-05     3.69300e+00
    2.39023e-05     3.71605e+00
    2.40576e-05     3.73925e+00
    2.42138e-05     3.76258e+00
    2.43711e-05     3.78607e+00
    2.45294e-05     3.80970e+00
    2.46888e-05     3.83350e+00
    2.48491e-05     3.85742e+00
    2.50105e-05     3.88150e+00
    2.51730e-05     3.90573e+00
    2.53365e-05     3.93011e+00
    2.55011e-05     3.95465e+00
    2.56667e-05     3.97932e+00
    2.58334e-05     4.00416e+00
    2.60012e-05     4.02915e+00
    2.61701e-05     4.05431e+00
    2.63401e-05     4.07962e+00
    2.65112e-05     4.10509e+00
    2.66834e-05     4.13071e+00
    2.68567e-05     4.15649e+00
    2.70312e-05     4.18245e+00
    2.72068e-05     4.20856e+00
    2.73835e-05     4.23482e+00
    2.75614e-05     4.26125e+00
    2.77404e-05     4.28785e+00
    2.79206e-05     4.31461e+00
    2.81019e-05     4.34154e+00
    2.82845e-05     4.36865e+00
    2.84682e-05     4.39590e+00
    2.86531e-05     4.42334e+00
    2.88392e-05     4.45095e+00
    2.90266e-05     4.47874e+00
    2.92151e-05     4.50669e+00
    2.94049e-05     4.53481e+00
    2.95959e-05     4.56312e+00
    2.97881e-05     4.59160e+00
    2.99816e-05     4.62025e+00
    3.01764e-05     4.64910e+00
    3.03724e-05     4.67812e+00
    3.05697e-05     4.70731e+00
    3.07682e-05     4.73668e+00
    3.09681e-05     4.76626e+00
    3.11692e-05     4.79600e+00
    3.13717e-05     4.82594e+00
    3.15755e-05     4.85607e+00
    3.17806e-05     4.88638e+00
    3.19870e-05     4.91688e+00
    3.21948e-05     4.94757e+00
    3.24039e-05     4.97845e+00
    3.26144e-05     5.00953e+00
    3.28262e-05     5.04079e+00
    3.30395e-05     5.07227e+00
    3.32541e-05     5.10393e+00
    3.34701e-05     5.13579e+00
    3.36875e-05     5.16785e+00
    3.39063e-05     5.20010e+00
    3.41265e-05     5.23256e+00
    3.43482e-05     5.26522e+00
    3.45713e-05     5.29809e+00
    3.47959e-05     5.33115e+00
    3.50219e-05     5.36443e+00
    3.52494e-05     5.39792e+00
    3.54783e-05     5.43159e+00
    3.57088e-05     5.46550e+00
    3.59407e-05     5.49960e+00
    3.61742e-05     5.53393e+00
    3.64092e-05     5.56848e+00
    3.66457e-05     5.60323e+00
    3.68837e-05     5.63820e+00
    3.71233e-05     5.67340e+00
    3.73644e-05     5.70880e+00
    3.76071e-05     5.74443e+00
    3.78514e-05     5.78029e+00
    3.80973e-05     5.81638e+00
    3.83447e-05     5.85267e+00
    3.85938e-05     5.88921e+00
    3.88445e-05     5.92597e+00
    3.90968e-05     5.96296e+00
    3.93507e-05     6.00017e+00
    3.96064e-05     6.03764e+00
    3.98636e-05     6.07532e+00
    4.01226e-05     6.11325e+00
    4.03832e-05     6.15141e+00
    4.06455e-05     6.18980e+00
    4.09095e-05     6.22844e+00
    4.11752e-05     6.26731e+00
    4.14427e-05     6.30644e+00
    4.17119e-05     6.34581e+00
    4.19828e-05     6.38541e+00
    4.22555e-05     6.42527e+00
    4.25300e-05     6.46537e+00
    4.28062e-05     6.50572e+00
    4.30843e-05     6.54633e+00
    4.33642e-05     6.58719e+00
    4.36458e-05     6.62830e+00
    4.39293e-05     6.66967e+00
    4.42147e-05     6.71130e+00
    4.45019e-05     6.75319e+00
    4.47909e-05     6.79532e+00
    4.50819e-05     6.83775e+00
    4.53747e-05     6.88043e+00
    4.56694e-05     6.92335e+00
    4.59661e-05     6.96658e+00
    4.62647e-05     7.01007e+00
    4.65652e-05     7.05381e+00
    4.68677e-05     7.09784e+00
    4.71721e-05     7.14215e+00
    4.74785e-05     7.18671e+00
    4.77869e-05     7.23157e+00
    4.80973e-05     7.27671e+00
    4.84097e-05     7.32213e+00
    4.87242e-05     7.36783e+00
    4.90406e-05     7.41381e+00
    4.93592e-05     7.46009e+00
    4.96798e-05     7.50664e+00
    5.00025e-05     7.55350e+00
    5.03273e-05     7.60065e+00
    5.06542e-05     7.64808e+00
    5.09832e-05     7.69581e+00
    5.13144e-05     7.74384e+00
    5.16477e-05     7.79216e+00
    5.19832e-05     7.84080e+00
    5.23208e-05     7.88972e+00
    5.26607e-05     7.93896e+00
    5.30028e-05     7.98852e+00
    5.33470e-05     8.03836e+00
    5.36936e-05     8.08853e+00
    5.40423e-05     8.13899e+00
    5.43934e-05     8.18981e+00
    5.47467e-05     8.24091e+00
    5.51023e-05     8.29233e+00
    5.54602e-05     8.34409e+00
    5.58205e-05     8.39617e+00
    5.61830e-05     8.44857e+00
    5.65480e-05     8.50129e+00
    5.69153e-05     8.55436e+00
    5.72850e-05     8.60774e+00
    5.76571e-05     8.66147e+00
    5.80316e-05     8.71553e+00
    5.84085e-05     8.76991e+00
    5.87879e-05     8.82465e+00
    5.91698e-05     8.87974e+00
    5.95541e-05     8.93517e+00
    5.99410e-05     8.99093e+00
    6.03303e-05     9.04705e+00
    6.07222e-05     9.10352e+00
    6.11166e-05     9.16033e+00
    6.15136e-05     9.21751e+00
    6.19132e-05     9.27505e+00
    6.23153e-05     9.33292e+00
    6.27201e-05     9.39118e+00
    6.31275e-05     9.44978e+00
    6.35376e-05     9.50877e+00
    6.39503e-05     9.56811e+00
    6.43657e-05     9.62783e+00
    6.47838e-05     9.68791e+00
    6.52046e-05     9.74837e+00
    6.56281e-05     9.80921e+00
    6.60544e-05     9.87042e+00
    6.64835e-05     9.93202e+00
    6.69153e-05     9.99399e+00
    6.73499e-05     1.00564e+01
    6.77874e-05     1.01191e+01
    6.82277e-05     1.01823e+01
    6.86709e-05     1.02458e+01
    6.91170e-05     1.03097e+01
    6.95659e-05     1.03741e+01
    7.00178e-05     1.04388e+01
    7.04726e-05     1.05039e+01
    7.09304e-05     1.05695e+01
    7.13911e-05     1.06355e+01
    7.18548e-05     1.07018e+01
    7.23215e-05     1.07686e+01
    7.27913e-05     1.08358e+01
    7.32641e-05     1.09034e+01
    7.37400e-05     1.09714e+01
    7.42190e-05     1.10399e+01
    7.47011e-05     1.11088e+01
    7.51863e-05     1.11781e+01
    7.56747e-05     1.12479e+01
    7.61663e-05     1.13181e+01
    7.66610e-05     1.13887e+01
    7.71589e-05     1.14597e+01
    7.76601e-05     1.15313e+01
    7.81646e-05     1.16032e+01
    7.86723e-05     1.16756e+01
    7.91833e-05     1.17485e+01
    7.96977e-05     1.18218e+01
    8.02153e-05     1.18956e+01
    8.07364e-05     1.19698e+01
    8.12608e-05     1.20445e+01
    8.17886e-05     1.21196e+01
    8.23199e-05     1.21953e+01
    8.28546e-05     1.22714e+01
    8.33928e-05     1.23479e+01
    8.39345e-05     1.24250e+01
    8.44797e-05     1.25025e+01
    8.50284e-05     1.25806e+01
    8.55807e-05     1.26591e+01
    8.61366e-05     1.27381e+01
    8.66961e-05     1.28175e+01
    8.72593e-05     1.28975e+01
    8.78261e-05     1.29780e+01
    8.83966e-05     1.30590e+01
    8.89707e-05     1.31405e+01
    8.95487e-05     1.32225e+01
    9.01303e-05     1.33050e+01
    9.07158e-05     1.33880e+01
    9.13050e-05     1.34716e+01
    9.18981e-05     1.35556e+01
    9.24950e-05     1.36402e+01
    9.30958e-05     1.37253e+01
    9.37005e-05     1.38109e+01
    9.43092e-05     1.38971e+01
    9.49218e-05     1.39838e+01
    9.55383e-05     1.40710e+01
    9.61589e-05     1.41588e+01
    9.67835e-05     1.42471e+01
    9.74122e-05     1.43361e+01
    9.80449e-05     1.44255e+01
    9.86818e-05     1.45155e+01
    9.93228e-05     1.46060e+01
    9.99679e-05     1.46972e+01
    1.00617e-04     1.47888e+01
    1.01271e-04     1.48811e+01
    1.01929e-04     1.49740e+01
    1.02591e-04     1.50674e+01
    1.03257e-04     1.51613e+01
    1.03928e-04     1.52560e+01
    1.04603e-04     1.53511e+01
    1.05282e-04     1.54469e+01
    1.05966e-04     1.55433e+01
    1.06655e-04     1.56403e+01
    1.07347e-04     1.57378e+01
    1.08045e-04     1.58361e+01
    1.08746e-04     1.59348e+01
    1.09453e-04     1.60343e+01
    1.10164e-04     1.61343e+01
    1.10879e-04     1.62349e+01
    1.11599e-04     1.63361e+01
    1.12324e-04     1.64381e+01
    1.13054e-04     1.65407e+01
    1.13788e-04     1.66438e+01
    1.14527e-04     1.67476e+01
    1.15271e-04     1.68521e+01
    1.16020e-04     1.69572e+01
    1.16774e-04     1.70630e+01
    1.17532e-04     1.71694e+01
    1.18296e-04     1.72766e+01
    1.19064e-04     1.73843e+01
    1.19837e-04     1.74927e+01
    1.20616e-04     1.76018e+01
    1.21399e-04     1.77116e+01
    1.22188e-04     1.78221e+01
    1.22982e-04     1.79333e+01
    1.23780e-04     1.80450e+01
    1.24584e-04     1.81576e+01
    1.25394e-04     1.82709e+01
    1.26208e-04     1.83848e+01
    1.27028e-04     1.84995e+01
    1.27853e-04     1.86149e+01
    1.28684e-04     1.87310e+01
    1.29519e-04     1.88477e+01
    1.30361e-04     1.89654e+01
    1.31208e-04     1.90837e+01
    1.32060e-04     1.92027e+01
    1.32918e-04     1.93225e+01
    1.33781e-04     1.94429e+01
    1.34650e-04     1.95642e+01
    1.35525e-04     1.96863e+01
    1.36405e-04     1.98090e+01
    1.37291e-04     1.99325e+01
    1.38183e-04     2.00569e+01
    1.39080e-04     2.01819e+01
    1.39984e-04     2.03078e+01
    1.40893e-04     2.04344e+01
    1.41808e-04     2.05619e+01
    1.42729e-04     2.06901e+01
    1.43656e-04     2.08191e+01
    1.44589e-04     2.09489e+01
    1.45529e-04     2.10797e+01
    1.46474e-04     2.12111e+01
    1.47425e-04     2.13433e+01
    1.48383e-04     2.14764e+01
    1.49347e-04     2.16103e+01
    1.50317e-04     2.17451e+01
    1.51293e-04     2.18806e+01
    1.52276e-04     2.20171e+01
    1.53265e-04     2.21544e+01
    1.54261e-04     2.22925e+01
    1.55263e-04     2.24315e+01
    1.56271e-04     2.25713e+01
    1.57286e-04     2.27120e+01
    1.58308e-04     2.28537e+01
    1.59336e-04     2.29961e+01
    1.60371e-04     2.31395e+01
    1.61413e-04     2.32837e+01
    1.62461e-04     2.34288e+01
    1.63517e-04     2.35749e+01
    1.64579e-04     2.37219e+01
    1.65648e-04     2.38698e+01
    1.66724e-04     2.40186e+01
    1.67807e-04     2.41683e+01
    1.68897e-04     2.43189e+01
    1.69994e-04     2.44705e+01
    1.71098e-04     2.46230e+01
    1.72209e-04     2.47764e+01
    1.73328e-04     2.49309e+01
    1.74454e-04     2.50864e+01
    1.75587e-04     2.52427e+01
    1.76728e-04     2.54001e+01
    1.77875e-04     2.55583e+01
    1.79031e-04     2.57176e+01
    1.80194e-04     2.58779e+01
    1.81364e-04     2.60392e+01
    1.82542e-04     2.62014e+01
    1.83728e-04     2.63648e+01
    1.84921e-04     2.65290e+01
    1.86123e-04     2.66945e+01
    1.87332e-04     2.68608e+01
    1.88548e-04     2.70280e+01
    1.89773e-04     2.71965e+01
    1.91006e-04     2.73661e+01
    1.92246e-04     2.75365e+01
    1.93495e-04     2.77081e+01
    1.94752e-04     2.78807e+01
    1.96017e-04     2.80544e+01
    1.97290e-04     2.82292e+01
    1.98572e-04     2.84052e+01
    1.99862e-04     2.85822e+01
    2.01160e-04     2.87602e+01
    2.02467e-04     2.89394e+01
    2.03782e-04     2.91197e+01
    2.05105e-04     2.93010e+01
    2.06438e-04     2.94836e+01
    2.07779e-04     2.96673e+01
    2.09128e-04     2.98520e+01
    2.10487e-04     3.00380e+01
    2.11854e-04     3.02251e+01
    2.13230e-04     3.04133e+01
    2.14615e-04     3.06027e+01
    2.16009e-04     3.07933e+01
    2.17412e-04     3.09851e+01
    2.18824e-04     3.11780e+01
    2.20246e-04     3.13722e+01
    2.21676e-04     3.15675e+01
    2.23116e-04     3.17641e+01
    2.24565e-04     3.19619e+01
    2.26024e-04     3.21609e+01
    2.27492e-04     3.23611e+01
    2.28970e-04     3.25626e+01
    2.30457e-04     3.27653e+01
    2.31954e-04     3.29693e+01
    2.33461e-04     3.31746e+01
    2.34977e-04     3.33811e+01
    2.36504e-04     3.35890e+01
    2.38040e-04     3.37980e+01
    2.39586e-04     3.40083e+01
    2.41142e-04     3.42200e+01
    2.42709e-04     3.44331e+01
    2.44285e-04     3.46474e+01
    2.45872e-04     3.48630e+01
    2.47469e-04     3.50799e+01
    2.49076e-04     3.52982e+01
    2.50694e-04     3.55179e+01
    2.52323e-04     3.57390e+01
    2.53962e-04     3.59614e+01
    2.55611e-04     3.61850e+01
    2.57272e-04     3.64103e+01
    2.58943e-04     3.66368e+01
    2.60625e-04     3.68647e+01
    2.62318e-04     3.70941e+01
    2.64022e-04     3.73249e+01
    2.65737e-04     3.75571e+01
    2.67463e-04     3.77908e+01
    2.69200e-04     3.80258e+01
    2.70949e-04     3.82623e+01
    2.72709e-04     3.85003e+01
    2.74480e-04     3.87398e+01
    2.76263e-04     3.89807e+01
    2.78057e-04     3.92231e+01
    2.79863e-04     3.94670e+01
    2.81681e-04     3.97125e+01
    2.83511e-04     3.99595e+01
    2.85353e-04     4.02080e+01
    2.87206e-04     4.04579e+01
    2.89072e-04     4.07095e+01
    2.90949e-04     4.09626e+01
    2.92839e-04     4.12172e+01
    2.94741e-04     4.14735e+01
    2.96656e-04     4.17313e+01
    2.98583e-04     4.19908e+01
    3.00522e-04     4.22517e+01
    3.02474e-04     4.25142e+01
    3.04439e-04     4.27785e+01
    3.06417e-04     4.30444e+01
    3.08407e-04     4.33119e+01
    3.10410e-04     4.35810e+01
    3.12426e-04     4.38517e+01
    3.14456e-04     4.41243e+01
    3.16498e-04     4.43983e+01
    3.18554e-04     4.46741e+01
    3.20623e-04     4.49516e+01
    3.22706e-04     4.52309e+01
    3.24802e-04     4.55118e+01
    3.26912e-04     4.57945e+01
    3.29035e-04     4.60789e+01
    3.31173e-04     4.63651e+01
    3.33324e-04     4.66530e+01
    3.35489e-04     4.69427e+01
    3.37668e-04     4.72341e+01
    3.39861e-04     4.75274e+01
    3.42069e-04     4.78225e+01
    3.44291e-04     4.81194e+01
    3.46527e-04     4.84181e+01
    3.48778e-04     4.87186e+01
    3.51044e-04     4.90210e+01
    3.53324e-04     4.93252e+01
    3.55619e-04     4.96313e+01
    3.57929e-04     4.99393e+01
    3.60254e-04     5.02493e+01
    3.62594e-04     5.05610e+01
    3.64949e-04     5.08746e+01
    3.67320e-04     5.11902e+01
    3.69706e-04     5.15078e+01
    3.72107e-04     5.18272e+01
    3.74524e-04     5.21486e+01
    3.76957e-04     5.24719e+01
    3.79405e-04     5.27973e+01
    3.81870e-04     5.31247e+01
    3.84350e-04     5.34539e+01
    3.86847e-04     5.37853e+01
    3.89360e-04     5.41187e+01
    3.91889e-04     5.44541e+01
    3.94434e-04     5.47915e+01
    3.96996e-04     5.51310e+01
    3.99575e-04     5.54726e+01
    4.02171e-04     5.58164e+01
    4.04783e-04     5.61621e+01
    4.07412e-04     5.65101e+01
    4.10059e-04     5.68602e+01
    4.12722e-04     5.72123e+01
    4.15403e-04     5.75666e+01
    4.18101e-04     5.79230e+01
    4.20817e-04     5.82818e+01
    4.23550e-04     5.86426e+01
    4.26302e-04     5.90057e+01
    4.29071e-04     5.93710e+01
    4.31858e-04     5.97385e+01
    4.34663e-04     6.01083e+01
    4.37486e-04     6.04801e+01
    4.40328e-04     6.08545e+01
    4.43188e-04     6.12310e+01
    4.46067e-04     6.16098e+01
    4.48964e-04     6.19909e+01
    4.51881e-04     6.23744e+01
    4.54816e-04     6.27602e+01
    4.57770e-04     6.31483e+01
    4.60744e-04     6.35388e+01
    4.63736e-04     6.39315e+01
    4.66749e-04     6.43268e+01
    4.69780e-04     6.47243e+01
    4.72832e-04     6.51243e+01
    4.75903e-04     6.55267e+01
    4.78994e-04     6.59316e+01
    4.82106e-04     6.63390e+01
    4.85237e-04     6.67488e+01
    4.88389e-04     6.71610e+01
    4.91562e-04     6.75758e+01
    4.94754e-04     6.79929e+01
    4.97968e-04     6.84127e+01
    5.01203e-04     6.88351e+01
    5.04458e-04     6.92598e+01
    5.07735e-04     6.96873e+01
    5.11033e-04     7.01172e+01
    5.14353e-04     7.05498e+01
    5.17694e-04     7.09851e+01
    5.21056e-04     7.14228e+01
    5.24441e-04     7.18633e+01
    5.27847e-04     7.23063e+01
    5.31276e-04     7.27522e+01
    5.34727e-04     7.32007e+01
    5.38200e-04     7.36519e+01
    5.41696e-04     7.41057e+01
    5.45215e-04     7.45624e+01
    5.48756e-04     7.50218e+01
    5.52321e-04     7.54839e+01
    5.55908e-04     7.59488e+01
    5.59519e-04     7.64166e+01
    5.63154e-04     7.68872e+01
    5.66812e-04     7.73606e+01
    5.70493e-04     7.78367e+01
    5.74199e-04     7.83158e+01
    5.77929e-04     7.87977e+01
    5.81683e-04     7.92826e+01
    5.85461e-04     7.97704e+01
    5.89264e-04     8.02611e+01
    5.93092e-04     8.07547e+01
    5.96944e-04     8.12512e+01
    6.00822e-04     8.17507e+01
    6.04724e-04     8.22532e+01
    6.08652e-04     8.27586e+01
    6.12606e-04     8.32673e+01
    6.16585e-04     8.37787e+01
    6.20590e-04     8.42934e+01
    6.24621e-04     8.48109e+01
    6.28678e-04     8.53317e+01
    6.32762e-04     8.58556e+01
    6.36872e-04     8.63824e+01
    6.41009e-04     8.69126e+01
    6.45173e-04     8.74458e+01
    6.49363e-04     8.79820e+01
    6.53581e-04     8.85216e+01
    6.57827e-04     8.90646e+01
    6.62100e-04     8.96107e+01
    6.66400e-04     9.01598e+01
    6.70729e-04     9.07124e+01
    6.75086e-04     9.12682e+01
    6.79471e-04     9.18272e+01
    6.83884e-04     9.23896e+01
    6.88327e-04     9.29555e+01
    6.92798e-04     9.35245e+01
    6.97298e-04     9.40969e+01
    7.01827e-04     9.46728e+01
    7.06386e-04     9.52521e+01
    7.10974e-04     9.58347e+01
    7.15592e-04     9.64206e+01
    7.20241e-04     9.70103e+01
    7.24919e-04     9.76033e+01
    7.29628e-04     9.81997e+01
    7.34367e-04     9.87995e+01
    7.39137e-04     9.94030e+01
    7.43938e-04     1.00010e+02
    7.48770e-04     1.00620e+02
    7.53634e-04     1.01235e+02
    7.58529e-04     1.01852e+02
    7.63456e-04     1.02474e+02
    7.68416e-04     1.03099e+02
    7.73407e-04     1.03727e+02
    7.78431e-04     1.04360e+02
    7.83487e-04     1.04995e+02
    7.88576e-04     1.05635e+02
    7.93698e-04     1.06279e+02
    7.98854e-04     1.06926e+02
    8.04043e-04     1.07577e+02
    8.09265e-04     1.08231e+02
    8.14522e-04     1.08890e+02
    8.19813e-04     1.09553e+02
    8.25138e-04     1.10219e+02
    8.30498e-04     1.10889e+02
    8.35892e-04     1.11563e+02
    8.41322e-04     1.12241e+02
    8.46787e-04     1.12923e+02
    8.52287e-04     1.13609e+02
    8.57823e-04     1.14299e+02
    8.63395e-04     1.14993e+02
    8.69003e-04     1.15690e+02
    8.74648e-04     1.16392e+02
    8.80329e-04     1.17098e+02
    8.86048e-04     1.17809e+02
    8.91803e-04     1.18522e+02
    8.97596e-04     1.19241e+02
    9.03426e-04     1.19963e+02
    9.09294e-04     1.20689e+02
    9.15201e-04     1.21420e+02
    9.21145e-04     1.22154e+02
    9.27129e-04     1.22894e+02
    9.33151e-04     1.23637e+02
    9.39212e-04     1.24384e+02
    9.45313e-04     1.25136e+02
    9.51453e-04     1.25892e+02
    9.57633e-04     1.26652e+02
    9.63854e-04     1.27417e+02
    9.70115e-04     1.28186e+02
    9.76416e-04     1.28959e+02
    9.82758e-04     1.29737e+02
    9.89142e-04     1.30519e+02
    9.95567e-04     1.31305e+02
    1.00203e-03     1.32096e+02
    1.00854e-03     1.32892e+02
    1.01509e-03     1.33692e+02
    1.02169e-03     1.34497e+02
    1.02832e-03     1.35305e+02
    1.03500e-03     1.36119e+02
    1.04173e-03     1.36938e+02
    1.04849e-03     1.37760e+02
    1.05530e-03     1.38588e+02
    1.06216e-03     1.39421e+02
    1.06906e-03     1.40258e+02
    1.07600e-03     1.41099e+02
    1.08299e-03     1.41945e+02
    1.09003e-03     1.42797e+02
    1.09711e-03     1.43652e+02
    1.10423e-03     1.44512e+02
    1.11140e-03     1.45377e+02
    1.11862e-03     1.46247e+02
    1.12589e-03     1.47123e+02
    1.13320e-03     1.48002e+02
    1.14056e-03     1.48887e+02
    1.14797e-03     1.49777e+02
    1.15543e-03     1.50671e+02
    1.16293e-03     1.51570e+02
    1.17049e-03     1.52475e+02
    1.17809e-03     1.53384e+02
    1.18574e-03     1.54299e+02
    1.19345e-03     1.55219e+02
    1.20120e-03     1.56143e+02
    1.20900e-03     1.57072e+02
    1.21685e-03     1.58007e+02
    1.22476e-03     1.58947e+02
    1.23271e-03     1.59892e+02
    1.24072e-03     1.60842e+02
    1.24878e-03     1.61798e+02
    1.25689e-03     1.62758e+02
    1.26505e-03     1.63724e+02
    1.27327e-03     1.64695e+02
    1.28154e-03     1.65671e+02
    1.28987e-03     1.66654e+02
    1.29825e-03     1.67641e+02
    1.30668e-03     1.68633e+02
    1.31517e-03     1.69630e+02
    1.32371e-03     1.70633e+02
    1.33231e-03     1.71642e+02
    1.34096e-03     1.72655e+02
    1.34967e-03     1.73674e+02
    1.35844e-03     1.74699e+02
    1.36726e-03     1.75729e+02
    1.37614e-03     1.76765e+02
    1.38508e-03     1.77806e+02
    1.39408e-03     1.78853e+02
    1.40313e-03     1.79905e+02
    1.41225e-03     1.80963e+02
    1.42142e-03     1.82026e+02
    1.43065e-03     1.83095e+02
    1.43995e-03     1.84170e+02
    1.44930e-03     1.85250e+02
    1.45871e-03     1.86335e+02
    1.46819e-03     1.87428e+02
    1.47773e-03     1.88525e+02
    1.48732e-03     1.89628e+02
    1.49699e-03     1.90737e+02
    1.50671e-03     1.91852e+02
    1.51650e-03     1.92972e+02
    1.52635e-03     1.94098e+02
    1.53626e-03     1.95230e+02
    1.54624e-03     1.96368e+02
    1.55628e-03     1.97511e+02
    1.56639e-03     1.98661e+02
    1.57657e-03     1.99818e+02
    1.58681e-03     2.00979e+02
    1.59711e-03     2.02146e+02
    1.60749e-03     2.03320e+02
    1.61793e-03     2.04500e+02
    1.62844e-03     2.05686e+02
    1.63902e-03     2.06878e+02
    1.64966e-03     2.08075e+02
    1.66038e-03     2.09279e+02
    1.67116e-03     2.10489e+02
    1.68202e-03     2.11705e+02
    1.69295e-03     2.12928e+02
    1.70394e-03     2.14156e+02
    1.71501e-03     2.15390e+02
    1.72615e-03     2.16632e+02
    1.73736e-03     2.17878e+02
    1.74865e-03     2.19132e+02
    1.76001e-03     2.20391e+02
    1.77144e-03     2.21657e+02
    1.78294e-03     2.22928e+02
    1.79453e-03     2.24208e+02
    1.80618e-03     2.25491e+02
    1.81791e-03     2.26782e+02
    1.82972e-03     2.28079e+02
    1.84161e-03     2.29383e+02
    1.85357e-03     2.30692e+02
    1.86561e-03     2.32008e+02
    1.87773e-03     2.33331e+02
    1.88992e-03     2.34659e+02
    1.90220e-03     2.35995e+02
    1.91456e-03     2.37337e+02
    1.92699e-03     2.38685e+02
    1.93951e-03     2.40040e+02
    1.95211e-03     2.41401e+02
    1.96479e-03     2.42769e+02
    1.97755e-03     2.44143e+02
    1.99040e-03     2.45524e+02
    2.00332e-03     2.46910e+02
    2.01634e-03     2.48305e+02
    2.02943e-03     2.49705e+02
    2.04262e-03     2.51113e+02
    2.05588e-03     2.52525e+02
    2.06924e-03     2.53947e+02
    2.08268e-03     2.55373e+02
    2.09621e-03     2.56807e+02
    2.10982e-03     2.58247e+02
    2.12353e-03     2.59694e+02
    2.13732e-03     2.61147e+02
    2.15120e-03     2.62606e+02
    2.16518e-03     2.64074e+02
    2.17924e-03     2.65547e+02
    2.19340e-03     2.67027e+02
    2.20764e-03     2.68514e+02
    2.22198e-03     2.70007e+02
    2.23642e-03     2.71508e+02
    2.25094e-03     2.73014e+02
    2.26557e-03     2.74529e+02
    2.28028e-03     2.76049e+02
    2.29509e-03     2.77576e+02
    2.31000e-03     2.79110e+02
    2.32501e-03     2.80651e+02
    2.34011e-03     2.82198e+02
    2.35531e-03     2.83752e+02
    2.37061e-03     2.85314e+02
    2.38601e-03     2.86882e+02
    2.40150e-03     2.88456e+02
    2.41710e-03     2.90037e+02
    2.43280e-03     2.91625e+02
    2.44861e-03     2.93221e+02
    2.46451e-03     2.94823e+02
    2.48052e-03     2.96432e+02
    2.49663e-03     2.98047e+02
    2.51285e-03     2.99670e+02
    2.52917e-03     3.01299e+02
    2.54560e-03     3.02936e+02
    2.56213e-03     3.04578e+02
    2.57878e-03     3.06229e+02
    2.59553e-03     3.07886e+02
    2.61239e-03     3.09549e+02
    2.62936e-03     3.11220e+02
    2.64643e-03     3.12896e+02
    2.66362e-03     3.14580e+02
    2.68093e-03     3.16272e+02
    2.69834e-03     3.17969e+02
    2.71587e-03     3.19674e+02
    2.73351e-03     3.21386e+02
    2.75126e-03     3.23103e+02
    2.76914e-03     3.24829e+02
    2.78712e-03     3.26559e+02
    2.80523e-03     3.28299e+02
    2.82345e-03     3.30044e+02
    2.84179e-03     3.31796e+02
    2.86025e-03     3.33555e+02
    2.87883e-03     3.35321e+02
    2.89752e-03     3.37092e+02
    2.91635e-03     3.38873e+02
    2.93529e-03     3.40658e+02
    2.95436e-03     3.42451e+02
    2.97355e-03     3.44250e+02
    2.99286e-03     3.46056e+02
    3.01230e-03     3.47869e+02
    3.03187e-03     3.49688e+02
    3.05156e-03     3.51515e+02
    3.07138e-03     3.53348e+02
    3.09133e-03     3.55187e+02
    3.11141e-03     3.57033e+02
    3.13162e-03     3.58886e+02
    3.15196e-03     3.60746e+02
    3.17244e-03     3.62612e+02
    3.19304e-03     3.64484e+02
    3.21379e-03     3.66364e+02
    3.23466e-03     3.68250e+02
    3.25567e-03     3.70141e+02
    3.27682e-03     3.72040e+02
    3.29810e-03     3.73945e+02
    3.31953e-03     3.75857e+02
    3.34109e-03     3.77776e+02
    3.36279e-03     3.79700e+02
    3.38463e-03     3.81631e+02
    3.40662e-03     3.83569e+02
    3.42875e-03     3.85513e+02
    3.45102e-03     3.87463e+02
    3.47344e-03     3.89420e+02
    3.49600e-03     3.91382e+02
    3.51871e-03     3.93351e+02
    3.54156e-03     3.95327e+02
    3.56457e-03     3.97309e+02
    3.58772e-03     3.99296e+02
    3.61102e-03     4.01290e+02
    3.63448e-03     4.03290e+02
    3.65809e-03     4.05297e+02
    3.68185e-03     4.07310e+02
    3.70576e-03     4.09327e+02
    3.72984e-03     4.11353e+02
    3.75406e-03     4.13383e+02
    3.77845e-03     4.15420e+02
    3.80299e-03     4.17462e+02
    3.82769e-03     4.19510e+02
    3.85256e-03     4.21565e+02
    3.87758e-03     4.23624e+02
    3.90277e-03     4.25690e+02
    3.92812e-03     4.27761e+02
    3.95363e-03     4.29837e+02
    3.97931e-03     4.31920e+02
    4.00516e-03     4.34008e+02
    4.03118e-03     4.36102e+02
    4.05736e-03     4.38201e+02
    4.08372e-03     4.40306e+02
    4.11024e-03     4.42414e+02
    4.13694e-03     4.44530e+02
    4.16381e-03     4.46650e+02
    4.19086e-03     4.48776e+02
    4.21808e-03     4.50908e+02
    4.24548e-03     4.53044e+02
    4.27306e-03     4.55185e+02
    4.30081e-03     4.57330e+02
    4.32875e-03     4.59482e+02
    4.35687e-03     4.61639e+02
    4.38517e-03     4.63800e+02
    4.41365e-03     4.65966e+02
    4.44232e-03     4.68138e+02
    4.47118e-03     4.70313e+02
    4.50022e-03     4.72493e+02
    4.52945e-03     4.74678e+02
    4.55887e-03     4.76868e+02
    4.58848e-03     4.79062e+02
    4.61829e-03     4.81260e+02
    4.64829e-03     4.83464e+02
    4.67848e-03     4.85670e+02
    4.70887e-03     4.87882e+02
    4.73946e-03     4.90098e+02
    4.77024e-03     4.92317e+02
    4.80123e-03     4.94540e+02
    4.83241e-03     4.96767e+02
    4.86380e-03     4.98998e+02
    4.89539e-03     5.01232e+02
    4.92719e-03     5.03470e+02
    4.95920e-03     5.05712e+02
    4.99141e-03     5.07957e+02
    5.02383e-03     5.10206e+02
    5.05646e-03     5.12459e+02
    5.08931e-03     5.14715e+02
    5.12237e-03     5.16973e+02
    5.15564e-03     5.19235e+02
    5.18913e-03     5.21501e+02
    5.22283e-03     5.23769e+02
    5.25676e-03     5.26041e+02
    5.29091e-03     5.28316e+02
    5.32527e-03     5.30593e+02
    5.35986e-03     5.32874e+02
    5.39468e-03     5.35157e+02
    5.42972e-03     5.37443e+02
    5.46499e-03     5.39733e+02
    5.50049e-03     5.42023e+02
    5.53622e-03     5.44317e+02
    5.57218e-03     5.46612e+02
    5.60837e-03     5.48909e+02
    5.64480e-03     5.51210e+02
    5.68147e-03     5.53511e+02
    5.71837e-03     5.55814e+02
    5.75551e-03     5.58117e+02
    5.79290e-03     5.60423e+02
    5.83053e-03     5.62730e+02
    5.86840e-03     5.65037e+02
    5.90652e-03     5.67345e+02
    5.94489e-03     5.69655e+02
    5.98350e-03     5.71963e+02
    6.02237e-03     5.74274e+02
    6.06149e-03     5.76585e+02
    6.10086e-03     5.78895e+02
    6.14049e-03     5.81205e+02
    6.18037e-03     5.83516e+02
    6.22052e-03     5.85827e+02
    6.26092e-03     5.88137e+02
    6.30159e-03     5.90448e+02
    6.34252e-03     5.92758e+02
    6.38372e-03     5.95068e+02
    6.42519e-03     5.97378e+02
    6.46692e-03     5.99685e+02
    6.50893e-03     6.01995e+02
    6.55121e-03     6.04301e+02
    6.59376e-03     6.06607e+02
    6.63659e-03     6.08912e+02
    6.67970e-03     6.11217e+02
    6.72309e-03     6.13519e+02
    6.76676e-03     6.15820e+02
    6.81071e-03     6.18119e+02
    6.85495e-03     6.20416e+02
    6.89948e-03     6.22712e+02
    6.94429e-03     6.25004e+02
    6.98940e-03     6.27294e+02
    7.03480e-03     6.29582e+02
    7.08050e-03     6.31867e+02
    7.12649e-03     6.34147e+02
    7.17278e-03     6.36426e+02
    7.21937e-03     6.38700e+02
    7.26626e-03     6.40971e+02
    7.31346e-03     6.43239e+02
    7.36097e-03     6.45502e+02
    7.40878e-03     6.47760e+02
    7.45690e-03     6.50015e+02
    7.50534e-03     6.52266e+02
    7.55409e-03     6.54511e+02
    7.60316e-03     6.56753e+02
    7.65255e-03     6.58989e+02
    7.70225e-03     6.61221e+02
    7.75228e-03     6.63447e+02
    7.80264e-03     6.65670e+02
    7.85332e-03     6.67885e+02
    7.90433e-03     6.70094e+02
    7.95568e-03     6.72300e+02
    8.00735e-03     6.74498e+02
    8.05937e-03     6.76693e+02
    8.11172e-03     6.78878e+02
    8.16441e-03     6.81059e+02
    8.21744e-03     6.83232e+02
    8.27081e-03     6.85398e+02
    8.32454e-03     6.87559e+02
    8.37861e-03     6.89711e+02
    8.43303e-03     6.91856e+02
    8.48781e-03     6.93993e+02
    8.54294e-03     6.96122e+02
    8.59844e-03     6.98243e+02
    8.65429e-03     7.00356e+02
    8.71050e-03     7.02459e+02
    8.76708e-03     7.04555e+02
    8.82403e-03     7.06641e+02
    8.88134e-03     7.08717e+02
    8.93903e-03     7.10785e+02
    8.99710e-03     7.12842e+02
    9.05554e-03     7.14891e+02
    9.11436e-03     7.16927e+02
    9.17356e-03     7.18954e+02
    9.23315e-03     7.20970e+02
    9.29312e-03     7.22976e+02
    9.35349e-03     7.24969e+02
    9.41424e-03     7.26952e+02
    9.47539e-03     7.28923e+02
    9.53694e-03     7.30882e+02
    9.59889e-03     7.32829e+02
    9.66124e-03     7.34763e+02
    9.72400e-03     7.36686e+02
    9.78716e-03     7.38594e+02
    9.85073e-03     7.40491e+02
    9.91472e-03     7.42373e+02
    9.97912e-03     7.44242e+02
    1.00439e-02     7.46096e+02
    1.01092e-02     7.47940e+02
    1.01748e-02     7.49763e+02
    1.02409e-02     7.51576e+02
    1.03075e-02     7.53378e+02
    1.03744e-02     7.55158e+02
    1.04418e-02     7.56925e+02
    1.05096e-02     7.58676e+02
    1.05779e-02     7.60413e+02
    1.06466e-02     7.62132e+02
    1.07158e-02     7.63840e+02
    1.07854e-02     7.65526e+02
    1.08554e-02     7.67190e+02
    1.09259e-02     7.68842e+02
    1.09969e-02     7.70480e+02
    1.10683e-02     7.72094e+02
    1.11402e-02     7.73694e+02
    1.12126e-02     7.75277e+02
    1.12854e-02     7.76838e+02
    1.13587e-02     7.78381e+02
    1.14325e-02     7.79906e+02
    1.15068e-02     7.81414e+02
    1.15815e-02     7.82897e+02
    1.16567e-02     7.84360e+02
    1.17324e-02     7.85804e+02
    1.18087e-02     7.87233e+02
    1.18854e-02     7.88636e+02
    1.19626e-02     7.90019e+02
    1.20403e-02     7.91379e+02
    1.21185e-02     7.92717e+02
    1.21972e-02     7.94032e+02
    1.22764e-02     7.95325e+02
    1.23562e-02     7.96601e+02
    1.24364e-02     7.97846e+02
    1.25172e-02     7.99072e+02
    1.25985e-02     8.00273e+02
    1.26803e-02     8.01448e+02
    1.27627e-02     8.02604e+02
    1.28456e-02     8.03732e+02
    1.29290e-02     8.04835e+02
    1.30130e-02     8.05915e+02
    1.30976e-02     8.06972e+02
    1.31826e-02     8.07995e+02
    1.32683e-02     8.09001e+02
    1.33544e-02     8.09972e+02
    1.34412e-02     8.10924e+02
    1.35285e-02     8.11845e+02
    1.36164e-02     8.12742e+02
    1.37048e-02     8.13606e+02
    1.37938e-02     8.14444e+02
    1.38834e-02     8.15256e+02
    1.39736e-02     8.16039e+02
    1.40644e-02     8.16794e+02
    1.41557e-02     8.17517e+02
    1.42477e-02     8.18216e+02
    1.43402e-02     8.18881e+02
    1.44334e-02     8.19521e+02
    1.45271e-02     8.20127e+02
    1.46215e-02     8.20704e+02
    1.47165e-02     8.21254e+02
    1.48121e-02     8.21768e+02
    1.49083e-02     8.22252e+02
    1.50051e-02     8.22702e+02
    1.51026e-02     8.23126e+02
    1.52007e-02     8.23515e+02
    1.52994e-02     8.23869e+02
    1.53988e-02     8.24192e+02
    1.54988e-02     8.24482e+02
    1.55995e-02     8.24738e+02
    1.57008e-02     8.24959e+02
    1.58028e-02     8.25150e+02
    1.59055e-02     8.25305e+02
    1.60088e-02     8.25425e+02
    1.61128e-02     8.25507e+02
    1.62174e-02     8.25553e+02
    1.63228e-02     8.25571e+02
    1.64288e-02     8.25546e+02
    1.65355e-02     8.25487e+02
    1.66429e-02     8.25392e+02
    1.67510e-02     8.25262e+02
    1.68598e-02     8.25095e+02
    1.69693e-02     8.24889e+02
    1.70796e-02     8.24652e+02
    1.71905e-02     8.24371e+02
    1.73022e-02     8.24058e+02
    1.74145e-02     8.23703e+02
    1.75277e-02     8.23316e+02
    1.76415e-02     8.22884e+02
    1.77561e-02     8.22417e+02
    1.78714e-02     8.21911e+02
    1.79875e-02     8.21370e+02
    1.81044e-02     8.20790e+02
    1.82220e-02     8.20170e+02
    1.83403e-02     8.19508e+02
    1.84594e-02     8.18806e+02
    1.85794e-02     8.18071e+02
    1.87000e-02     8.17290e+02
    1.88215e-02     8.16473e+02
    1.89438e-02     8.15618e+02
    1.90668e-02     8.14719e+02
    1.91907e-02     8.13781e+02
    1.93153e-02     8.12801e+02
    1.94408e-02     8.11782e+02
    1.95671e-02     8.10722e+02
    1.96942e-02     8.09619e+02
    1.98221e-02     8.08477e+02
    1.99508e-02     8.07290e+02
    2.00804e-02     8.06066e+02
    2.02109e-02     8.04803e+02
    2.03421e-02     8.03495e+02
    2.04743e-02     8.02150e+02
    2.06073e-02     8.00763e+02
    2.07411e-02     7.99331e+02
    2.08758e-02     7.97860e+02
    2.10114e-02     7.96350e+02
    2.11479e-02     7.94797e+02
    2.12853e-02     7.93207e+02
    2.14236e-02     7.91573e+02
    2.15627e-02     7.89898e+02
    2.17028e-02     7.88183e+02
    2.18437e-02     7.86425e+02
    2.19856e-02     7.84631e+02
    2.21284e-02     7.82795e+02
    2.22722e-02     7.80920e+02
    2.24168e-02     7.79001e+02
    2.25625e-02     7.77046e+02
    2.27090e-02     7.75049e+02
    2.28565e-02     7.73012e+02
    2.30050e-02     7.70937e+02
    2.31544e-02     7.68822e+02
    2.33048e-02     7.66666e+02
    2.34562e-02     7.64474e+02
    2.36086e-02     7.62242e+02
    2.37619e-02     7.59971e+02
    2.39162e-02     7.57659e+02
    2.40716e-02     7.55313e+02
    2.42280e-02     7.52926e+02
    2.43853e-02     7.50502e+02
    2.45437e-02     7.48042e+02
    2.47032e-02     7.45546e+02
    2.48636e-02     7.43012e+02
    2.50251e-02     7.40442e+02
    2.51877e-02     7.37839e+02
    2.53513e-02     7.35199e+02
    2.55159e-02     7.32525e+02
    2.56817e-02     7.29817e+02
    2.58485e-02     7.27075e+02
    2.60164e-02     7.24299e+02
    2.61854e-02     7.21494e+02
    2.63555e-02     7.18654e+02
    2.65267e-02     7.15781e+02
    2.66990e-02     7.12877e+02
    2.68724e-02     7.09943e+02
    2.70470e-02     7.06982e+02
    2.72226e-02     7.03985e+02
    2.73995e-02     7.00967e+02
    2.75774e-02     6.97916e+02
    2.77566e-02     6.94839e+02
    2.79369e-02     6.91736e+02
    2.81183e-02     6.88605e+02
    2.83010e-02     6.85451e+02
    2.84848e-02     6.82269e+02
    2.86698e-02     6.79062e+02
    2.88561e-02     6.75834e+02
    2.90435e-02     6.72582e+02
    2.92321e-02     6.69307e+02
    2.94220e-02     6.66014e+02
    2.96131e-02     6.62698e+02
    2.98055e-02     6.59362e+02
    2.99991e-02     6.56008e+02
    3.01940e-02     6.52637e+02
    3.03901e-02     6.49248e+02
    3.05875e-02     6.45844e+02
    3.07862e-02     6.42422e+02
    3.09861e-02     6.38985e+02
    3.11874e-02     6.35539e+02
    3.13900e-02     6.32077e+02
    3.15939e-02     6.28605e+02
    3.17991e-02     6.25121e+02
    3.20057e-02     6.21627e+02
    3.22135e-02     6.18124e+02
    3.24228e-02     6.14613e+02
    3.26334e-02     6.11095e+02
    3.28454e-02     6.07572e+02
    3.30587e-02     6.04040e+02
    3.32735e-02     6.00508e+02
    3.34896e-02     5.96972e+02
    3.37071e-02     5.93432e+02
    3.39261e-02     5.89892e+02
    3.41464e-02     5.86351e+02
    3.43682e-02     5.82810e+02
    3.45915e-02     5.79275e+02
    3.48162e-02     5.75739e+02
    3.50423e-02     5.72209e+02
    3.52699e-02     5.68680e+02
    3.54990e-02     5.65159e+02
    3.57296e-02     5.61648e+02
    3.59617e-02     5.58142e+02
    3.61953e-02     5.54645e+02
    3.64304e-02     5.51158e+02
    3.66670e-02     5.47679e+02
    3.69052e-02     5.44213e+02
    3.71449e-02     5.40763e+02
    3.73862e-02     5.37322e+02
    3.76290e-02     5.33897e+02
    3.78735e-02     5.30490e+02
    3.81195e-02     5.27097e+02
    3.83671e-02     5.23721e+02
    3.86163e-02     5.20365e+02
    3.88671e-02     5.17028e+02
    3.91196e-02     5.13711e+02
    3.93737e-02     5.10414e+02
    3.96295e-02     5.07141e+02
    3.98869e-02     5.03890e+02
    4.01460e-02     5.00663e+02
    4.04067e-02     4.97458e+02
    4.06692e-02     4.94278e+02
    4.09334e-02     4.91125e+02
    4.11992e-02     4.87998e+02
    4.14669e-02     4.84899e+02
    4.17362e-02     4.81826e+02
    4.20073e-02     4.78781e+02
    4.22802e-02     4.75769e+02
    4.25548e-02     4.72784e+02
    4.28312e-02     4.69831e+02
    4.31094e-02     4.66907e+02
    4.33894e-02     4.64015e+02
    4.36713e-02     4.61157e+02
    4.39550e-02     4.58334e+02
    4.42405e-02     4.55541e+02
    4.45278e-02     4.52778e+02
    4.48171e-02     4.50052e+02
    4.51082e-02     4.47359e+02
    4.54012e-02     4.44701e+02
    4.56961e-02     4.42075e+02
    4.59929e-02     4.39484e+02
    4.62917e-02     4.36928e+02
    4.65923e-02     4.34407e+02
    4.68950e-02     4.31918e+02
    4.71996e-02     4.29468e+02
    4.75062e-02     4.27053e+02
    4.78148e-02     4.24671e+02
    4.81253e-02     4.22327e+02
    4.84379e-02     4.20017e+02
    4.87526e-02     4.17739e+02
    4.90692e-02     4.15497e+02
    4.93880e-02     4.13287e+02
    4.97088e-02     4.11111e+02
    5.00317e-02     4.08970e+02
    5.03566e-02     4.06858e+02
    5.06837e-02     4.04778e+02
    5.10130e-02     4.02732e+02
    5.13443e-02     4.00716e+02
    5.16778e-02     3.98731e+02
    5.20135e-02     3.96777e+02
    5.23514e-02     3.94852e+02
    5.26914e-02     3.92955e+02
    5.30337e-02     3.91086e+02
    5.33782e-02     3.89240e+02
    5.37249e-02     3.87422e+02
    5.40738e-02     3.85630e+02
    5.44251e-02     3.83858e+02
    5.47786e-02     3.82108e+02
    5.51344e-02     3.80382e+02
    5.54926e-02     3.78676e+02
    5.58530e-02     3.76986e+02
    5.62158e-02     3.75317e+02
    5.65810e-02     3.73662e+02
    5.69485e-02     3.72024e+02
    5.73184e-02     3.70398e+02
    5.76907e-02     3.68785e+02
    5.80654e-02     3.67181e+02
    5.84426e-02     3.65586e+02
    5.88222e-02     3.63999e+02
    5.92043e-02     3.62417e+02
    5.95889e-02     3.60841e+02
    5.99759e-02     3.59263e+02
    6.03655e-02     3.57688e+02
    6.07576e-02     3.56113e+02
    6.11523e-02     3.54537e+02
    6.15495e-02     3.52954e+02
    6.19493e-02     3.51364e+02
    6.23517e-02     3.49767e+02
    6.27567e-02     3.48164e+02
    6.31643e-02     3.46547e+02
    6.35746e-02     3.44918e+02
    6.39876e-02     3.43273e+02
    6.44032e-02     3.41611e+02
    6.48215e-02     3.39933e+02
    6.52426e-02     3.38233e+02
    6.56664e-02     3.36514e+02
    6.60929e-02     3.34772e+02
    6.65222e-02     3.33008e+02
    6.69543e-02     3.31215e+02
    6.73892e-02     3.29397e+02
    6.78270e-02     3.27550e+02
    6.82675e-02     3.25675e+02
    6.87110e-02     3.23765e+02
    6.91573e-02     3.21826e+02
    6.96065e-02     3.19852e+02
    7.00586e-02     3.17844e+02
    7.05137e-02     3.15805e+02
    7.09717e-02     3.13727e+02
    7.14327e-02     3.11619e+02
    7.18967e-02     3.09473e+02
    7.23637e-02     3.07289e+02
    7.28338e-02     3.05069e+02
    7.33069e-02     3.02811e+02
    7.37830e-02     3.00520e+02
    7.42623e-02     2.98189e+02
    7.47447e-02     2.95821e+02
    7.52302e-02     2.93420e+02
    7.57188e-02     2.90986e+02
    7.62107e-02     2.88516e+02
    7.67057e-02     2.86011e+02
    7.72039e-02     2.83476e+02
    7.77054e-02     2.80907e+02
    7.82102e-02     2.78309e+02
    7.87182e-02     2.75683e+02
    7.92295e-02     2.73029e+02
    7.97441e-02     2.70346e+02
    8.02621e-02     2.67644e+02
    8.07835e-02     2.64920e+02
    8.13082e-02     2.62176e+02
    8.18363e-02     2.59414e+02
    8.23679e-02     2.56636e+02
    8.29029e-02     2.53848e+02
    8.34414e-02     2.51046e+02
    8.39834e-02     2.48241e+02
    8.45290e-02     2.45430e+02
    8.50780e-02     2.42615e+02
    8.56306e-02     2.39801e+02
    8.61869e-02     2.36993e+02
    8.67467e-02     2.34189e+02
    8.73102e-02     2.31398e+02
    8.78773e-02     2.28617e+02
    8.84481e-02     2.25852e+02
    8.90226e-02     2.23106e+02
    8.96009e-02     2.20380e+02
    9.01829e-02     2.17683e+02
    9.07687e-02     2.15010e+02
    9.13583e-02     2.12366e+02
    9.19517e-02     2.09757e+02
    9.25490e-02     2.07184e+02
    9.31501e-02     2.04645e+02
    9.37552e-02     2.02150e+02
    9.43642e-02     1.99694e+02
    9.49771e-02     1.97283e+02
    9.55940e-02     1.94920e+02
    9.62150e-02     1.92608e+02
    9.68399e-02     1.90347e+02
    9.74690e-02     1.88138e+02
    9.81021e-02     1.85983e+02
    9.87393e-02     1.83886e+02
    9.93807e-02     1.81841e+02
    1.00026e-01     1.79857e+02
    1.00676e-01     1.77928e+02
    1.01330e-01     1.76056e+02
    1.01988e-01     1.74244e+02
    1.02651e-01     1.72492e+02
    1.03317e-01     1.70798e+02
    1.03988e-01     1.69167e+02
    1.04664e-01     1.67595e+02
    1.05344e-01     1.66080e+02
    1.06028e-01     1.64619e+02
    1.06717e-01     1.63215e+02
    1.07410e-01     1.61863e+02
    1.08108e-01     1.60564e+02
    1.08810e-01     1.59314e+02
    1.09517e-01     1.58112e+02
    1.10228e-01     1.56962e+02
    1.10944e-01     1.55853e+02
    1.11665e-01     1.54787e+02
    1.12390e-01     1.53758e+02
    1.13120e-01     1.52765e+02
    1.13855e-01     1.51805e+02
    1.14594e-01     1.50872e+02
    1.15339e-01     1.49965e+02
    1.16088e-01     1.49079e+02
    1.16842e-01     1.48215e+02
    1.17601e-01     1.47366e+02
    1.18365e-01     1.46527e+02
    1.19134e-01     1.45696e+02
    1.19907e-01     1.44868e+02
    1.20686e-01     1.44040e+02
    1.21470e-01     1.43209e+02
    1.22259e-01     1.42370e+02
    1.23053e-01     1.41520e+02
    1.23853e-01     1.40654e+02
    1.24657e-01     1.39770e+02
    1.25467e-01     1.38868e+02
    1.26282e-01     1.37940e+02
    1.27102e-01     1.36986e+02
    1.27928e-01     1.36003e+02
    1.28759e-01     1.34988e+02
    1.29595e-01     1.33937e+02
    1.30437e-01     1.32851e+02
    1.31284e-01     1.31729e+02
    1.32137e-01     1.30571e+02
    1.32995e-01     1.29376e+02
    1.33859e-01     1.28144e+02
    1.34728e-01     1.26874e+02
    1.35604e-01     1.25568e+02
    1.36484e-01     1.24224e+02
    1.37371e-01     1.22846e+02
    1.38263e-01     1.21436e+02
    1.39161e-01     1.19997e+02
    1.40065e-01     1.18531e+02
    1.40975e-01     1.17041e+02
    1.41891e-01     1.15529e+02
    1.42812e-01     1.13998e+02
    1.43740e-01     1.12452e+02
    1.44674e-01     1.10897e+02
    1.45614e-01     1.09335e+02
    1.46559e-01     1.07771e+02
    1.47511e-01     1.06210e+02
    1.48469e-01     1.04655e+02
    1.49434e-01     1.03111e+02
    1.50405e-01     1.01582e+02
    1.51381e-01     1.00071e+02
    1.52365e-01     9.85835e+01
    1.53354e-01     9.71220e+01
    1.54351e-01     9.56920e+01
    1.55353e-01     9.42956e+01
    1.56362e-01     9.29366e+01
    1.57378e-01     9.16169e+01
    1.58400e-01     9.03384e+01
    1.59429e-01     8.91037e+01
    1.60465e-01     8.79147e+01
    1.61507e-01     8.67733e+01
    1.62556e-01     8.56803e+01
    1.63612e-01     8.46359e+01
    1.64675e-01     8.36391e+01
    1.65744e-01     8.26893e+01
    1.66821e-01     8.17871e+01
    1.67905e-01     8.09313e+01
    1.68995e-01     8.01204e+01
    1.70093e-01     7.93522e+01
    1.71198e-01     7.86232e+01
    1.72310e-01     7.79311e+01
    1.73429e-01     7.72725e+01
    1.74556e-01     7.66455e+01
    1.75689e-01     7.60456e+01
    1.76831e-01     7.54698e+01
    1.77979e-01     7.49125e+01
    1.79135e-01     7.43708e+01
    1.80299e-01     7.38402e+01
    1.81470e-01     7.33164e+01
    1.82649e-01     7.27956e+01
    1.83835e-01     7.22735e+01
    1.85029e-01     7.17462e+01
    1.86231e-01     7.12101e+01
    1.87441e-01     7.06610e+01
    1.88658e-01     7.00956e+01
    1.89884e-01     6.95124e+01
    1.91117e-01     6.89084e+01
    1.92359e-01     6.82823e+01
    1.93608e-01     6.76310e+01
    1.94866e-01     6.69543e+01
    1.96131e-01     6.62518e+01
    1.97405e-01     6.55245e+01
    1.98688e-01     6.47729e+01
    1.99978e-01     6.39969e+01
    2.01277e-01     6.31982e+01
    2.02585e-01     6.23800e+01
    2.03901e-01     6.15445e+01
    2.05225e-01     6.06950e+01
    2.06558e-01     5.98345e+01
    2.07900e-01     5.89661e+01
    2.09250e-01     5.80939e+01
    2.10609e-01     5.72218e+01
    2.11977e-01     5.63537e+01
    2.13354e-01     5.54936e+01
    2.14740e-01     5.46446e+01
    2.16135e-01     5.38102e+01
    2.17539e-01     5.29940e+01
    2.18952e-01     5.21992e+01
    2.20374e-01     5.14286e+01
    2.21806e-01     5.06843e+01
    2.23246e-01     4.99674e+01
    2.24696e-01     4.92799e+01
    2.26156e-01     4.86230e+01
    2.27625e-01     4.79968e+01
    2.29104e-01     4.74009e+01
    2.30592e-01     4.68345e+01
    2.32089e-01     4.62968e+01
    2.33597e-01     4.57871e+01
    2.35114e-01     4.53025e+01
    2.36642e-01     4.48409e+01
    2.38179e-01     4.43995e+01
    2.39726e-01     4.39758e+01
    2.41283e-01     4.35668e+01
    2.42850e-01     4.31688e+01
    2.44428e-01     4.27787e+01
    2.46015e-01     4.23933e+01
    2.47613e-01     4.20093e+01
    2.49222e-01     4.16242e+01
    2.50841e-01     4.12346e+01
    2.52470e-01     4.08378e+01
    2.54110e-01     4.04321e+01
    2.55760e-01     4.00159e+01
    2.57422e-01     3.95881e+01
    2.59094e-01     3.91473e+01
    2.60777e-01     3.86937e+01
    2.62471e-01     3.82274e+01
    2.64176e-01     3.77492e+01
    2.65892e-01     3.72599e+01
    2.67619e-01     3.67611e+01
    2.69357e-01     3.62553e+01
    2.71107e-01     3.57442e+01
    2.72868e-01     3.52302e+01
    2.74640e-01     3.47159e+01
    2.76424e-01     3.42043e+01
    2.78219e-01     3.36977e+01
    2.80027e-01     3.31986e+01
    2.81846e-01     3.27092e+01
    2.83676e-01     3.22318e+01
    2.85519e-01     3.17684e+01
    2.87374e-01     3.13197e+01
    2.89240e-01     3.08871e+01
    2.91119e-01     3.04716e+01
    2.93010e-01     3.00730e+01
    2.94913e-01     2.96909e+01
    2.96829e-01     2.93249e+01
    2.98757e-01     2.89743e+01
    3.00698e-01     2.86373e+01
    3.02651e-01     2.83124e+01
    3.04617e-01     2.79982e+01
    3.06595e-01     2.76922e+01
    3.08587e-01     2.73925e+01
    3.10591e-01     2.70972e+01
    3.12609e-01     2.68042e+01
    3.14639e-01     2.65118e+01
    3.16683e-01     2.62179e+01
    3.18740e-01     2.59214e+01
    3.20810e-01     2.56215e+01
    3.22894e-01     2.53168e+01
    3.24992e-01     2.50074e+01
    3.27103e-01     2.46931e+01
    3.29227e-01     2.43742e+01
    3.31366e-01     2.40512e+01
    3.33518e-01     2.37252e+01
    3.35685e-01     2.33976e+01
    3.37865e-01     2.30696e+01
    3.40060e-01     2.27425e+01
    3.42269e-01     2.24180e+01
    3.44492e-01     2.20972e+01
    3.46729e-01     2.17818e+01
    3.48982e-01     2.14730e+01
    3.51248e-01     2.11717e+01
    3.53530e-01     2.08787e+01
    3.55826e-01     2.05944e+01
    3.58138e-01     2.03192e+01
    3.60464e-01     2.00527e+01
    3.62805e-01     1.97949e+01
    3.65162e-01     1.95448e+01
    3.67534e-01     1.93019e+01
    3.69921e-01     1.90650e+01
    3.72324e-01     1.88333e+01
    3.74743e-01     1.86054e+01
    3.77177e-01     1.83803e+01
    3.79627e-01     1.81571e+01
    3.82093e-01     1.79347e+01
    3.84574e-01     1.77125e+01
    3.87072e-01     1.74896e+01
    3.89587e-01     1.72659e+01
    3.92117e-01     1.70414e+01
    3.94664e-01     1.68159e+01
    3.97228e-01     1.65898e+01
    3.99808e-01     1.63636e+01
    4.02405e-01     1.61378e+01
    4.05019e-01     1.59132e+01
    4.07650e-01     1.56906e+01
    4.10298e-01     1.54709e+01
    4.12963e-01     1.52543e+01
    4.15645e-01     1.50419e+01
    4.18345e-01     1.48337e+01
    4.21062e-01     1.46303e+01
    4.23797e-01     1.44317e+01
    4.26550e-01     1.42378e+01
    4.29321e-01     1.40488e+01
    4.32110e-01     1.38638e+01
    4.34916e-01     1.36828e+01
    4.37741e-01     1.35050e+01
    4.40585e-01     1.33300e+01
    4.43447e-01     1.31574e+01
    4.46327e-01     1.29863e+01
    4.49226e-01     1.28168e+01
    4.52144e-01     1.26480e+01
    4.55081e-01     1.24799e+01
    4.58037e-01     1.23127e+01
    4.61012e-01     1.21459e+01
    4.64007e-01     1.19801e+01
    4.67021e-01     1.18151e+01
    4.70054e-01     1.16514e+01
    4.73108e-01     1.14896e+01
    4.76181e-01     1.13294e+01
    4.79274e-01     1.11716e+01
    4.82387e-01     1.10162e+01
    4.85520e-01     1.08637e+01
    4.88674e-01     1.07140e+01
    4.91848e-01     1.05671e+01
    4.95043e-01     1.04228e+01
    4.98259e-01     1.02812e+01
    5.01495e-01     1.01421e+01
    5.04753e-01     1.00052e+01
    5.08031e-01     9.87008e+00
    5.11331e-01     9.73665e+00
    5.14653e-01     9.60485e+00
    5.17995e-01     9.47423e+00
    5.21360e-01     9.34468e+00
    5.24747e-01     9.21632e+00
    5.28155e-01     9.08915e+00
    5.31586e-01     8.96305e+00
    5.35039e-01     8.83828e+00
    5.38514e-01     8.71485e+00
    5.42012e-01     8.59290e+00
    5.45533e-01     8.47257e+00
    5.49076e-01     8.35411e+00
    5.52643e-01     8.23741e+00
    5.56233e-01     8.12243e+00
    5.59846e-01     8.00946e+00
    5.63482e-01     7.89819e+00
    5.67142e-01     7.78864e+00
    5.70826e-01     7.68066e+00
    5.74534e-01     7.57424e+00
    5.78266e-01     7.46924e+00
    5.82022e-01     7.36539e+00
    5.85803e-01     7.26295e+00
    5.89608e-01     7.16152e+00
    5.93437e-01     7.06122e+00
    5.97292e-01     6.96208e+00
    6.01172e-01     6.86407e+00
    6.05077e-01     6.76733e+00
    6.09007e-01     6.67185e+00
    6.12963e-01     6.57763e+00
    6.16945e-01     6.48467e+00
    6.20952e-01     6.39314e+00
    6.24985e-01     6.30287e+00
    6.29045e-01     6.21389e+00
    6.33131e-01     6.12611e+00
    6.37244e-01     6.03954e+00
    6.41383e-01     5.95414e+00
    6.45549e-01     5.86992e+00
    6.49742e-01     5.78686e+00
    6.53963e-01     5.70491e+00
    6.58210e-01     5.62407e+00
    6.62486e-01     5.54433e+00
    6.66789e-01     5.46566e+00
    6.71120e-01     5.38804e+00
    6.75479e-01     5.31146e+00
    6.79867e-01     5.23589e+00
    6.84283e-01     5.16132e+00
    6.88728e-01     5.08776e+00
    6.93202e-01     5.01517e+00
    6.97704e-01     4.94355e+00
    7.02236e-01     4.87290e+00
    7.06798e-01     4.80320e+00
    7.11389e-01     4.73444e+00
    7.16010e-01     4.66661e+00
    7.20661e-01     4.59969e+00
    7.25342e-01     4.53370e+00
    7.30053e-01     4.46859e+00
    7.34795e-01     4.40439e+00
    7.39568e-01     4.34105e+00
    7.44372e-01     4.27859e+00
    7.49207e-01     4.21697e+00
    7.54074e-01     4.15622e+00
    7.58972e-01     4.09629e+00
    7.63902e-01     4.03719e+00
    7.68864e-01     3.97890e+00
    7.73858e-01     3.92141e+00
    7.78884e-01     3.86471e+00
    7.83944e-01     3.80880e+00
    7.89036e-01     3.75365e+00
    7.94161e-01     3.69926e+00
    7.99320e-01     3.64564e+00
    8.04512e-01     3.59274e+00
    8.09737e-01     3.54056e+00
    8.14997e-01     3.48912e+00
    8.20291e-01     3.43839e+00
    8.25619e-01     3.38836e+00
    8.30982e-01     3.33902e+00
    8.36380e-01     3.29037e+00
    8.41812e-01     3.24240e+00
    8.47280e-01     3.19510e+00
    8.52784e-01     3.14846e+00
    8.58323e-01     3.10246e+00
    8.63899e-01     3.05712e+00
    8.69510e-01     3.01239e+00
    8.75158e-01     2.96831e+00
    8.80843e-01     2.92483e+00
    8.86564e-01     2.88197e+00
    8.92323e-01     2.83970e+00
    8.98119e-01     2.79803e+00
    9.03953e-01     2.75696e+00
    9.09825e-01     2.71645e+00
    9.15734e-01     2.67652e+00
    9.21683e-01     2.63714e+00
    9.27669e-01     2.59832e+00
    9.33695e-01     2.56006e+00
    9.39760e-01     2.52233e+00
    9.45864e-01     2.48513e+00
    9.52008e-01     2.44845e+00
    9.58192e-01     2.41231e+00
    9.64416e-01     2.37666e+00
    9.70680e-01     2.34152e+00
    9.76985e-01     2.30689e+00
    9.83332e-01     2.27274e+00
    9.89719e-01     2.23909e+00
    9.96148e-01     2.20591e+00
    1.00262e+00     2.17320e+00
    1.00913e+00     2.14095e+00
    1.01569e+00     2.10918e+00
    1.02228e+00     2.07783e+00
    1.02892e+00     2.04694e+00
    1.03561e+00     2.01651e+00
    1.04233e+00     1.98649e+00
    1.04910e+00     1.95691e+00
    1.05592e+00     1.92776e+00
    1.06278e+00     1.89901e+00
    1.06968e+00     1.87067e+00
    1.07663e+00     1.84274e+00
    1.08362e+00     1.81521e+00
    1.09066e+00     1.78807e+00
    1.09775e+00     1.76133e+00
    1.10488e+00     1.73497e+00
    1.11205e+00     1.70898e+00
    1.11928e+00     1.68338e+00
    1.12655e+00     1.65814e+00
    1.13386e+00     1.63325e+00
    1.14123e+00     1.60875e+00
    1.14864e+00     1.58459e+00
    1.15610e+00     1.56078e+00
    1.16361e+00     1.53732e+00
    1.17117e+00     1.51420e+00
    1.17878e+00     1.49142e+00
    1.18643e+00     1.46897e+00
    1.19414e+00     1.44685e+00
    1.20190e+00     1.42505e+00
    1.20970e+00     1.40356e+00
    1.21756e+00     1.38240e+00
    1.22547e+00     1.36154e+00
    1.23343e+00     1.34098e+00
    1.24144e+00     1.32073e+00
    1.24951e+00     1.30078e+00
    1.25762e+00     1.28111e+00
    1.26579e+00     1.26173e+00
    1.27401e+00     1.24264e+00
    1.28229e+00     1.22383e+00
    1.29062e+00     1.20529e+00
    1.29900e+00     1.18702e+00
    1.30744e+00     1.16902e+00
    1.31593e+00     1.15127e+00
    1.32448e+00     1.13380e+00
    1.33308e+00     1.11657e+00
    1.34174e+00     1.09959e+00
    1.35046e+00     1.08287e+00
    1.35923e+00     1.06638e+00
    1.36806e+00     1.05014e+00
    1.37695e+00     1.03414e+00
    1.38589e+00     1.01837e+00
    1.39489e+00     1.00283e+00
    1.40395e+00     9.87524e-01
    1.41307e+00     9.72439e-01
    1.42225e+00     9.57582e-01
    1.43149e+00     9.42951e-01
    1.44079e+00     9.28531e-01
    1.45015e+00     9.14319e-01
    1.45956e+00     9.00325e-01
    1.46905e+00     8.86541e-01
    1.47859e+00     8.72958e-01
    1.48819e+00     8.59572e-01
    1.49786e+00     8.46395e-01
    1.50759e+00     8.33414e-01
    1.51738e+00     8.20619e-01
    1.52724e+00     8.08022e-01
    1.53716e+00     7.95611e-01
    1.54714e+00     7.83383e-01
    1.55719e+00     7.71343e-01
    1.56731e+00     7.59483e-01
    1.57749e+00     7.47797e-01
    1.58773e+00     7.36283e-01
    1.59805e+00     7.24951e-01
    1.60843e+00     7.13777e-01
    1.61887e+00     7.02772e-01
    1.62939e+00     6.91939e-01
    1.63997e+00     6.81261e-01
    1.65063e+00     6.70744e-01
    1.66135e+00     6.60381e-01
    1.67214e+00     6.50168e-01
    1.68300e+00     6.40117e-01
    1.69393e+00     6.30208e-01
    1.70494e+00     6.20456e-01
    1.71601e+00     6.10840e-01
    1.72716e+00     6.01373e-01
    1.73838e+00     5.92050e-01
    1.74967e+00     5.82866e-01
    1.76103e+00     5.73818e-01
    1.77247e+00     5.64909e-01
    1.78398e+00     5.56135e-01
    1.79557e+00     5.47492e-01
    1.80724e+00     5.38986e-01
    1.81897e+00     5.30604e-01
    1.83079e+00     5.22347e-01
    1.84268e+00     5.14221e-01
    1.85465e+00     5.06216e-01
    1.86670e+00     4.98332e-01
    1.87882e+00     4.90565e-01
    1.89103e+00     4.82925e-01
    1.90331e+00     4.75395e-01
    1.91567e+00     4.67976e-01
    1.92812e+00     4.60677e-01
    1.94064e+00     4.53485e-01
    1.95325e+00     4.46405e-01
    1.96593e+00     4.39432e-01
    1.97870e+00     4.32570e-01
    1.99156e+00     4.25805e-01
    2.00449e+00     4.19145e-01
    2.01751e+00     4.12588e-01
    2.03062e+00     4.06133e-01
    2.04381e+00     3.99772e-01
    2.05708e+00     3.93509e-01
    2.07045e+00     3.87343e-01
    2.08389e+00     3.81262e-01
    2.09743e+00     3.75281e-01
    2.11105e+00     3.69386e-01
    2.12477e+00     3.63585e-01
    2.13857e+00     3.57873e-01
    2.15246e+00     3.52248e-01
    2.16644e+00     3.46702e-01
    2.18051e+00     3.41247e-01
    2.19468e+00     3.35877e-01
    2.20893e+00     3.30583e-01
    2.22328e+00     3.25380e-01
    2.23772e+00     3.20249e-01
    2.25226e+00     3.15201e-01
    2.26689e+00     3.10230e-01
    2.28161e+00     3.05334e-01
    2.29643e+00     3.00515e-01
    2.31135e+00     2.95773e-01
    2.32636e+00     2.91100e-01
    2.34147e+00     2.86503e-01
    2.35668e+00     2.81975e-01
    2.37199e+00     2.77516e-01
    2.38740e+00     2.73132e-01
    2.40290e+00     2.68810e-01
    2.41851e+00     2.64557e-01
    2.43422e+00     2.60371e-01
    2.45003e+00     2.56248e-01
    2.46595e+00     2.52188e-01
    2.48197e+00     2.48194e-01
    2.49809e+00     2.44260e-01
    2.51431e+00     2.40386e-01
    2.53065e+00     2.36574e-01
    2.54708e+00     2.32819e-01
    2.56363e+00     2.29123e-01
    2.58028e+00     2.25484e-01
    2.59704e+00     2.21901e-01
    2.61391e+00     2.18373e-01
    2.63089e+00     2.14899e-01
    2.64798e+00     2.11479e-01
    2.66518e+00     2.08112e-01
    2.68249e+00     2.04797e-01
    2.69991e+00     2.01534e-01
    2.71745e+00     1.98322e-01
    2.73510e+00     1.95159e-01
    2.75287e+00     1.92047e-01
    2.77075e+00     1.88982e-01
    2.78875e+00     1.85966e-01
    2.80686e+00     1.82996e-01
    2.82509e+00     1.80073e-01
    2.84344e+00     1.77196e-01
    2.86191e+00     1.74364e-01
    2.88050e+00     1.71577e-01
    2.89921e+00     1.68833e-01
    2.91805e+00     1.66134e-01
    2.93700e+00     1.63476e-01
    2.95608e+00     1.60860e-01
    2.97528e+00     1.58285e-01
    2.99461e+00     1.55751e-01
    3.01406e+00     1.53256e-01
    3.03364e+00     1.50801e-01
    3.05334e+00     1.48384e-01
    3.07317e+00     1.46006e-01
    3.09314e+00     1.43665e-01
    3.11323e+00     1.41361e-01
    3.13345e+00     1.39093e-01
    3.15380e+00     1.36860e-01
    3.17429e+00     1.34662e-01
    3.19491e+00     1.32499e-01
    3.21566e+00     1.30369e-01
    3.23655e+00     1.28274e-01
    3.25757e+00     1.26210e-01
    3.27873e+00     1.24179e-01
    3.30003e+00     1.22179e-01
    3.32146e+00     1.20211e-01
    3.34304e+00     1.18274e-01
    3.36475e+00     1.16368e-01
    3.38661e+00     1.14491e-01
    3.40861e+00     1.12644e-01
    3.43075e+00     1.10827e-01
    3.45303e+00     1.09038e-01
    3.47546e+00     1.07277e-01
    3.49804e+00     1.05545e-01
    3.52076e+00     1.03840e-01
    3.54363e+00     1.02162e-01
    3.56664e+00     1.00510e-01
    3.58981e+00     9.88854e-02
    3.61313e+00     9.72865e-02
    3.63660e+00     9.57128e-02
    3.66022e+00     9.41642e-02
    3.68400e+00     9.26408e-02
    3.70793e+00     9.11410e-02
    3.73201e+00     8.96655e-02
    3.75625e+00     8.82136e-02
    3.78065e+00     8.67848e-02
    3.80521e+00     8.53789e-02
    3.82993e+00     8.39951e-02
    3.85480e+00     8.26333e-02
    3.87984e+00     8.12936e-02
    3.90504e+00     7.99748e-02
    3.93041e+00     7.86774e-02
    3.95594e+00     7.74004e-02
    3.98163e+00     7.61436e-02
    4.00750e+00     7.49069e-02
    4.03353e+00     7.36898e-02
    4.05973e+00     7.24917e-02
    4.08610e+00     7.13125e-02
    4.11264e+00     7.01524e-02
    4.13935e+00     6.90102e-02
    4.16624e+00     6.78864e-02
    4.19330e+00     6.67807e-02
    4.22054e+00     6.56925e-02
    4.24796e+00     6.46219e-02
    4.27555e+00     6.35680e-02
    4.30332e+00     6.25313e-02
    4.33127e+00     6.15113e-02
    4.35941e+00     6.05076e-02
    4.38772e+00     5.95200e-02
    4.41622e+00     5.85482e-02
    4.44491e+00     5.75922e-02
    4.47378e+00     5.66517e-02
    4.50284e+00     5.57261e-02
    4.53209e+00     5.48156e-02
    4.56153e+00     5.39199e-02
    4.59116e+00     5.30385e-02
    4.62098e+00     5.21716e-02
    4.65100e+00     5.13183e-02
    4.68121e+00     5.04791e-02
    4.71161e+00     4.96532e-02
    4.74222e+00     4.88408e-02
    4.77302e+00     4.80416e-02
    4.80403e+00     4.72553e-02
    4.83523e+00     4.64815e-02
    4.86664e+00     4.57202e-02
    4.89825e+00     4.49712e-02
    4.93007e+00     4.42340e-02
    4.96209e+00     4.35090e-02
    4.99432e+00     4.27953e-02
    5.02676e+00     4.20932e-02
    5.05941e+00     4.14022e-02
    5.09228e+00     4.07225e-02
    5.12535e+00     4.00534e-02
    5.15865e+00     3.93954e-02
    5.19215e+00     3.87477e-02
    5.22588e+00     3.81104e-02
    5.25983e+00     3.74837e-02
    5.29399e+00     3.68668e-02
    5.32838e+00     3.62601e-02
    5.36299e+00     3.56630e-02
    5.39782e+00     3.50759e-02
    5.43289e+00     3.44980e-02
    5.46818e+00     3.39297e-02
    5.50370e+00     3.33705e-02
    5.53944e+00     3.28206e-02
    5.57543e+00     3.22797e-02
    5.61164e+00     3.17473e-02
    5.64809e+00     3.12239e-02
    5.68478e+00     3.07088e-02
    5.72171e+00     3.02021e-02
    5.75887e+00     2.97039e-02
    5.79628e+00     2.92136e-02
    5.83393e+00     2.87317e-02
    5.87182e+00     2.82573e-02
    5.90996e+00     2.77907e-02
    5.94835e+00     2.73318e-02
    5.98699e+00     2.68803e-02
    6.02588e+00     2.64362e-02
    6.06502e+00     2.59994e-02
    6.10442e+00     2.55697e-02
    6.14407e+00     2.51470e-02
    6.18398e+00     2.47310e-02
    6.22414e+00     2.43219e-02
    6.26457e+00     2.39192e-02
    6.30527e+00     2.35232e-02
    6.34622e+00     2.31337e-02
    6.38744e+00     2.27503e-02
    6.42893e+00     2.23731e-02
    6.47069e+00     2.20022e-02
    6.51272e+00     2.16373e-02
    6.55503e+00     2.12783e-02
    6.59761e+00     2.09251e-02
    6.64046e+00     2.05776e-02
    6.68359e+00     2.02359e-02
    6.72701e+00     1.98998e-02
    6.77070e+00     1.95692e-02
    6.81468e+00     1.92441e-02
    6.85895e+00     1.89243e-02
    6.90350e+00     1.86099e-02
    6.94834e+00     1.83004e-02
    6.99348e+00     1.79961e-02
    7.03890e+00     1.76969e-02
    7.08462e+00     1.74026e-02
    7.13064e+00     1.71132e-02
    7.17696e+00     1.68283e-02
    7.22358e+00     1.65485e-02
    7.27050e+00     1.62730e-02
    7.31773e+00     1.60022e-02
    7.36526e+00     1.57357e-02
    7.41310e+00     1.54738e-02
    7.46125e+00     1.52160e-02
    7.50972e+00     1.49627e-02
    7.55850e+00     1.47135e-02
    7.60759e+00     1.44682e-02
    7.65701e+00     1.42271e-02
    7.70675e+00     1.39899e-02
    7.75680e+00     1.37566e-02
    7.80719e+00     1.35271e-02
    7.85790e+00     1.33013e-02
    7.90894e+00     1.30793e-02
    7.96032e+00     1.28607e-02
    8.01202e+00     1.26459e-02
    8.06407e+00     1.24347e-02
    8.11645e+00     1.22267e-02
    8.16917e+00     1.20223e-02
    8.22223e+00     1.18212e-02
    8.27564e+00     1.16234e-02
    8.32939e+00     1.14288e-02
    8.38350e+00     1.12375e-02
    8.43795e+00     1.10494e-02
    8.49276e+00     1.08643e-02
    8.54793e+00     1.06825e-02
    8.60345e+00     1.05036e-02
    8.65933e+00     1.03274e-02
    8.71558e+00     1.01544e-02
    8.77219e+00     9.98435e-03
    8.82917e+00     9.81701e-03
    8.88652e+00     9.65238e-03
    8.94425e+00     9.49064e-03
    9.00234e+00     9.33138e-03
    9.06082e+00     9.17498e-03
    9.11967e+00     9.02122e-03
    9.17891e+00     8.86974e-03
    9.23853e+00     8.72105e-03
    9.29854e+00     8.57472e-03
    9.35894e+00     8.43084e-03
    9.41973e+00     8.28934e-03
    9.48092e+00     8.15019e-03
    9.54250e+00     8.01334e-03
    9.60449e+00     7.87876e-03
    9.66687e+00     7.74640e-03
    9.72967e+00     7.61623e-03
    9.79287e+00     7.48819e-03
    9.85648e+00     7.36226e-03
    9.92050e+00     7.23840e-03
    9.98494e+00     7.11658e-03
    1.00498e+01     6.99679e-03
    1.01151e+01     6.87897e-03
    1.01808e+01     6.76310e-03
    1.02469e+01     6.64914e-03
    1.03135e+01     6.53711e-03
    1.03805e+01     6.42693e-03
    1.04479e+01     6.31855e-03
    1.05157e+01     6.21198e-03
    1.05841e+01     6.10726e-03
    1.06528e+01     6.00422e-03
    1.07220e+01     5.90293e-03
    1.07916e+01     5.80332e-03
    1.08617e+01     5.70540e-03
    1.09323e+01     5.60914e-03
    1.10033e+01     5.51446e-03
    1.10748e+01     5.42139e-03
    1.11467e+01     5.32987e-03
    1.12191e+01     5.23988e-03
    1.12920e+01     5.15142e-03
    1.13653e+01     5.06440e-03
    1.14392e+01     4.97891e-03
    1.15135e+01     4.89482e-03
    1.15883e+01     4.81213e-03
    1.16635e+01     4.73081e-03
    1.17393e+01     4.65088e-03
    1.18155e+01     4.57226e-03
    1.18923e+01     4.49498e-03
    1.19695e+01     4.41897e-03
    1.20473e+01     4.34424e-03
    1.21255e+01     4.27073e-03
    1.22043e+01     4.19847e-03
    1.22836e+01     4.12741e-03
    1.23634e+01     4.05751e-03
    1.24437e+01     3.98877e-03
    1.25245e+01     3.92116e-03
    1.26059e+01     3.85470e-03
    1.26877e+01     3.78931e-03
    1.27701e+01     3.72504e-03
    1.28531e+01     3.66187e-03
    1.29366e+01     3.59975e-03
    1.30206e+01     3.53864e-03
    1.31052e+01     3.47858e-03
    1.31903e+01     3.41952e-03
    1.32760e+01     3.36147e-03
    1.33622e+01     3.30438e-03
    1.34490e+01     3.24826e-03
    1.35364e+01     3.19309e-03
    1.36243e+01     3.13885e-03
    1.37128e+01     3.08554e-03
    1.38019e+01     3.03312e-03
    1.38915e+01     2.98157e-03
    1.39818e+01     2.93092e-03
    1.40726e+01     2.88111e-03
    1.41640e+01     2.83214e-03
    1.42560e+01     2.78400e-03
    1.43486e+01     2.73667e-03
    1.44418e+01     2.69015e-03
    1.45356e+01     2.64441e-03
    1.46300e+01     2.59944e-03
    1.47251e+01     2.55523e-03
    1.48207e+01     2.51176e-03
    1.49170e+01     2.46903e-03
    1.50139e+01     2.42701e-03
    1.51114e+01     2.38569e-03
    1.52095e+01     2.34506e-03
    1.53083e+01     2.30511e-03
    1.54078e+01     2.26584e-03
    1.55079e+01     2.22721e-03
    1.56086e+01     2.18924e-03
    1.57100e+01     2.15190e-03
    1.58120e+01     2.11518e-03
    1.59147e+01     2.07908e-03
    1.60181e+01     2.04360e-03
    1.61221e+01     2.00870e-03
    1.62269e+01     1.97442e-03
    1.63323e+01     1.94070e-03
    1.64384e+01     1.90755e-03
    1.65451e+01     1.87496e-03
    1.66526e+01     1.84293e-03
    1.67608e+01     1.81144e-03
    1.68696e+01     1.78048e-03
    1.69792e+01     1.75006e-03
    1.70895e+01     1.72015e-03
    1.72005e+01     1.69075e-03
    1.73122e+01     1.66185e-03
    1.74247e+01     1.63344e-03
    1.75379e+01     1.60552e-03
    1.76518e+01     1.57807e-03
    1.77665e+01     1.55109e-03
    1.78819e+01     1.52456e-03
    1.79980e+01     1.49849e-03
    1.81149e+01     1.47286e-03
    1.82326e+01     1.44767e-03
    1.83510e+01     1.42290e-03
    1.84702e+01     1.39855e-03
    1.85902e+01     1.37462e-03
    1.87109e+01     1.35108e-03
    1.88325e+01     1.32795e-03
    1.89548e+01     1.30521e-03
    1.90779e+01     1.28285e-03
    1.92019e+01     1.26086e-03
    1.93266e+01     1.23925e-03
    1.94521e+01     1.21799e-03
    1.95785e+01     1.19710e-03
    1.97056e+01     1.17656e-03
    1.98336e+01     1.15637e-03
    1.99625e+01     1.13652e-03
    2.00921e+01     1.11700e-03
    2.02226e+01     1.09782e-03
    2.03540e+01     1.07896e-03
    2.04862e+01     1.06043e-03
    2.06193e+01     1.04221e-03
    2.07532e+01     1.02430e-03
    2.08880e+01     1.00670e-03
    2.10237e+01     9.89397e-04
    2.11603e+01     9.72393e-04
    2.12977e+01     9.55676e-04
    2.14360e+01     9.39249e-04
    2.15753e+01     9.23105e-04
    2.17154e+01     9.07233e-04
    2.18565e+01     8.91640e-04
    2.19985e+01     8.76312e-04
    2.21413e+01     8.61242e-04
    2.22852e+01     8.46432e-04
    2.24299e+01     8.31878e-04
    2.25756e+01     8.17567e-04
    2.27223e+01     8.03506e-04
    2.28698e+01     7.89680e-04
    2.30184e+01     7.76095e-04
    2.31679e+01     7.62735e-04
    2.33184e+01     7.49611e-04
    2.34699e+01     7.36705e-04
    2.36223e+01     7.24019e-04
    2.37758e+01     7.11550e-04
    2.39302e+01     6.99284e-04
    2.40856e+01     6.87229e-04
    2.42421e+01     6.75379e-04
    2.43996e+01     6.63737e-04
    2.45580e+01     6.52284e-04
    2.47176e+01     6.41027e-04
    2.48781e+01     6.29963e-04
    2.50397e+01     6.19089e-04
    2.52024e+01     6.08396e-04
    2.53661e+01     5.97895e-04
    2.55308e+01     5.87563e-04
    2.56967e+01     5.77417e-04
    2.58636e+01     5.67438e-04
    2.60316e+01     5.57633e-04
    2.62007e+01     5.48001e-04
    2.63709e+01     5.38534e-04
    2.65421e+01     5.29221e-04
    2.67146e+01     5.20081e-04
    2.68881e+01     5.11094e-04
    2.70627e+01     5.02259e-04
    2.72385e+01     4.93577e-04
    2.74154e+01     4.85040e-04
    2.75935e+01     4.76660e-04
    2.77728e+01     4.68417e-04
    2.79532e+01     4.60321e-04
    2.81347e+01     4.52358e-04
    2.83175e+01     4.44537e-04
    2.85014e+01     4.36853e-04
    2.86866e+01     4.29295e-04
    2.88729e+01     4.21866e-04
    2.90604e+01     4.14567e-04
    2.92492e+01     4.07397e-04
    2.94392e+01     4.00342e-04
    2.96304e+01     3.93414e-04
    2.98229e+01     3.86599e-04
    3.00166e+01     3.79897e-04
    3.02116e+01     3.73313e-04
    3.04078e+01     3.66840e-04
    3.06053e+01     3.60478e-04
    3.08041e+01     3.54226e-04
    3.10042e+01     3.48082e-04
    3.12056e+01     3.42041e-04
    3.14083e+01     3.36101e-04
    3.16123e+01     3.30268e-04
    3.18176e+01     3.24535e-04
    3.20243e+01     3.18902e-04
    3.22323e+01     3.13362e-04
    3.24417e+01     3.07920e-04
    3.26524e+01     3.02569e-04
    3.28645e+01     2.97316e-04
    3.30780e+01     2.92151e-04
    3.32929e+01     2.87076e-04
    3.35091e+01     2.82089e-04
    3.37268e+01     2.77188e-04
    3.39458e+01     2.72371e-04
    3.41663e+01     2.67638e-04
    3.43883e+01     2.62989e-04
    3.46116e+01     2.58418e-04
    3.48365e+01     2.53928e-04
    3.50627e+01     2.49514e-04
    3.52905e+01     2.45178e-04
    3.55197e+01     2.40916e-04
    3.57505e+01     2.36727e-04
    3.59827e+01     2.32612e-04
    3.62164e+01     2.28566e-04
    3.64516e+01     2.24590e-04
    3.66884e+01     2.20683e-04
    3.69267e+01     2.16842e-04
    3.71666e+01     2.13067e-04
    3.74080e+01     2.09357e-04
    3.76510e+01     2.05710e-04
    3.78956e+01     2.02126e-04
    3.81417e+01     1.98603e-04
    3.83895e+01     1.95141e-04
    3.86388e+01     1.91737e-04
    3.88898e+01     1.88393e-04
    3.91424e+01     1.85107e-04
    3.93967e+01     1.81877e-04
    3.96526e+01     1.78703e-04
    3.99101e+01     1.75584e-04
    4.01694e+01     1.72520e-04
    4.04303e+01     1.69508e-04
    4.06929e+01     1.66548e-04
    4.09572e+01     1.63641e-04
    4.12233e+01     1.60783e-04
    4.14910e+01     1.57976e-04
    4.17605e+01     1.55217e-04
    4.20318e+01     1.52507e-04
    4.23048e+01     1.49843e-04
    4.25796e+01     1.47226e-04
    4.28562e+01     1.44655e-04
    4.31346e+01     1.42128e-04
    4.34147e+01     1.39645e-04
    4.36968e+01     1.37206e-04
    4.39806e+01     1.34808e-04
    4.42663e+01     1.32453e-04
    4.45538e+01     1.30138e-04
    4.48432e+01     1.27863e-04
    4.51345e+01     1.25628e-04
    4.54277e+01     1.23432e-04
    4.57227e+01     1.21273e-04
    4.60197e+01     1.19151e-04
    4.63186e+01     1.17066e-04
    4.66195e+01     1.15016e-04
    4.69223e+01     1.13002e-04
    4.72271e+01     1.11022e-04
    4.75339e+01     1.09077e-04
    4.78426e+01     1.07165e-04
    4.81534e+01     1.05286e-04
    4.84662e+01     1.03440e-04
    4.87810e+01     1.01625e-04
    4.90979e+01     9.98427e-05
    4.94168e+01     9.80906e-05
    4.97378e+01     9.63690e-05
    5.00608e+01     9.46775e-05
    5.03860e+01     9.30157e-05
    5.07133e+01     9.13828e-05
    5.10427e+01     8.97787e-05
    5.13743e+01     8.82025e-05
    5.17080e+01     8.66537e-05
    5.20438e+01     8.51323e-05
    5.23819e+01     8.36375e-05
    5.27221e+01     8.21688e-05
    5.30646e+01     8.07259e-05
    5.34093e+01     7.93085e-05
    5.37562e+01     7.79159e-05
    5.41054e+01     7.65475e-05
    5.44568e+01     7.52032e-05
    5.48106e+01     7.38828e-05
    5.51666e+01     7.25850e-05
    5.55249e+01     7.13102e-05
    5.58856e+01     7.00576e-05
    5.62486e+01     6.88269e-05
    5.66140e+01     6.76177e-05
    5.69817e+01     6.64297e-05
    5.73518e+01     6.52621e-05
    5.77244e+01     6.41149e-05
    5.80993e+01     6.29877e-05
    5.84767e+01     6.18799e-05
    5.88565e+01     6.07913e-05
    5.92388e+01     5.97217e-05
    5.96236e+01     5.86707e-05
    6.00109e+01     5.76381e-05
    6.04007e+01     5.66235e-05
    6.07930e+01     5.56263e-05
    6.11879e+01     5.46466e-05
    6.15854e+01     5.36842e-05
    6.19854e+01     5.27382e-05
    6.23880e+01     5.18089e-05
    6.27933e+01     5.08960e-05
    6.32012e+01     4.99991e-05
    6.36117e+01     4.91176e-05
    6.40249e+01     4.82517e-05
    6.44408e+01     4.74009e-05
    6.48593e+01     4.65646e-05
    6.52806e+01     4.57432e-05
    6.57047e+01     4.49361e-05
    6.61315e+01     4.41430e-05
    6.65610e+01     4.33637e-05
    6.69934e+01     4.25980e-05
    6.74285e+01     4.18454e-05
    6.78665e+01     4.11058e-05
    6.83073e+01     4.03791e-05
    6.87510e+01     3.96650e-05
    6.91976e+01     3.89630e-05
    6.96471e+01     3.82734e-05
    7.00995e+01     3.75952e-05
    7.05548e+01     3.69288e-05
    7.10131e+01     3.62737e-05
    7.14744e+01     3.56295e-05
    7.19386e+01     3.49965e-05
    7.24059e+01     3.43741e-05
    7.28762e+01     3.37621e-05
    7.33496e+01     3.31605e-05
    7.38261e+01     3.25689e-05
    7.43056e+01     3.19876e-05
    7.47883e+01     3.14165e-05
    7.52740e+01     3.08548e-05
    7.57630e+01     3.03033e-05
    7.62551e+01     2.97612e-05
    7.67504e+01     2.92287e-05
    7.72490e+01     2.87055e-05
    7.77507e+01     2.81915e-05
    7.82558e+01     2.76869e-05
    7.87641e+01     2.71912e-05
    7.92757e+01     2.67045e-05
    7.97906e+01     2.62267e-05
    8.03089e+01     2.57576e-05
    8.08306e+01     2.52971e-05
    8.13556e+01     2.48453e-05
    8.18841e+01     2.44018e-05
    8.24160e+01     2.39663e-05
    8.29513e+01     2.35394e-05
    8.34901e+01     2.31202e-05
    8.40324e+01     2.27092e-05
    8.45783e+01     2.23059e-05
    8.51276e+01     2.19103e-05
    8.56806e+01     2.15225e-05
    8.62371e+01     2.11424e-05
    8.67973e+01     2.07694e-05
    8.73611e+01     2.04040e-05
    8.79285e+01     2.00456e-05
    8.84997e+01     1.96947e-05
    8.90745e+01     1.93504e-05
    8.96531e+01     1.90134e-05
    9.02355e+01     1.86830e-05
    9.08216e+01     1.83593e-05
    9.14115e+01     1.80423e-05
    9.20053e+01     1.77315e-05
    9.26029e+01     1.74268e-05
    9.32044e+01     1.71278e-05
    9.38099e+01     1.68347e-05
    9.44192e+01     1.65468e-05
    9.50325e+01     1.62642e-05
    9.56498e+01     1.59866e-05
    9.62711e+01     1.57136e-05
    9.68964e+01     1.54453e-05
    9.75258e+01     1.51815e-05
    9.81593e+01     1.49218e-05
    9.87969e+01     1.46660e-05
    9.94386e+01     1.44139e-05
    1.00085e+02     1.41658e-05
    1.00735e+02     1.39208e-05
    1.01389e+02     1.36792e-05
    1.02048e+02     1.34407e-05
    1.02710e+02     1.32049e-05
    1.03378e+02     1.29721e-05
    1.04049e+02     1.27417e-05
    1.04725e+02     1.25136e-05
    1.05405e+02     1.22880e-05
    1.06090e+02     1.20644e-05
    1.06779e+02     1.18428e-05
    1.07473e+02     1.16230e-05
    1.08171e+02     1.14047e-05
    1.08873e+02     1.11880e-05
    1.09580e+02     1.09727e-05
    1.10292e+02     1.07587e-05
    1.11009e+02     1.05458e-05
    1.11730e+02     1.03339e-05
