    1.05035e-05     2.88552e+00
    1.05717e-05     2.90352e+00
    1.06404e-05     2.92166e+00
    1.07095e-05     2.93989e+00
    1.07791e-05     2.95825e+00
    1.08491e-05     2.97671e+00
    1.09196e-05     2.99530e+00
    1.09905e-05     3.01399e+00
    1.10619e-05     3.03281e+00
    1.11337e-05     3.05172e+00
    1.12060e-05     3.07077e+00
    1.12788e-05     3.08994e+00
    1.13521e-05     3.10924e+00
    1.14258e-05     3.12863e+00
    1.15001e-05     3.14819e+00
    1.15748e-05     3.16784e+00
    1.16499e-05     3.18759e+00
    1.17256e-05     3.20749e+00
    1.18018e-05     3.22752e+00
    1.18784e-05     3.24765e+00
    1.19556e-05     3.26794e+00
    1.20332e-05     3.28832e+00
    1.21114e-05     3.30886e+00
    1.21901e-05     3.32952e+00
    1.22693e-05     3.35031e+00
    1.23490e-05     3.37122e+00
    1.24292e-05     3.39226e+00
    1.25099e-05     3.41343e+00
    1.25912e-05     3.43474e+00
    1.26730e-05     3.45619e+00
    1.27553e-05     3.47776e+00
    1.28381e-05     3.49945e+00
    1.29215e-05     3.52130e+00
    1.30054e-05     3.54327e+00
    1.30899e-05     3.56539e+00
    1.31749e-05     3.58764e+00
    1.32605e-05     3.61004e+00
    1.33467e-05     3.63259e+00
    1.34334e-05     3.65527e+00
    1.35206e-05     3.67807e+00
    1.36084e-05     3.70102e+00
    1.36968e-05     3.72413e+00
    1.37858e-05     3.74738e+00
    1.38753e-05     3.77076e+00
    1.39655e-05     3.79432e+00
    1.40562e-05     3.81800e+00
    1.41475e-05     3.84183e+00
    1.42394e-05     3.86581e+00
    1.43319e-05     3.88995e+00
    1.44250e-05     3.91423e+00
    1.45187e-05     3.93866e+00
    1.46130e-05     3.96325e+00
    1.47079e-05     3.98798e+00
    1.48034e-05     4.01286e+00
    1.48996e-05     4.03792e+00
    1.49964e-05     4.06313e+00
    1.50938e-05     4.08849e+00
    1.51918e-05     4.11400e+00
    1.52905e-05     4.13969e+00
    1.53898e-05     4.16552e+00
    1.54898e-05     4.19153e+00
    1.55904e-05     4.21769e+00
    1.56917e-05     4.24403e+00
    1.57936e-05     4.27051e+00
    1.58962e-05     4.29717e+00
    1.59994e-05     4.32398e+00
    1.61034e-05     4.35099e+00
    1.62080e-05     4.37815e+00
    1.63132e-05     4.40546e+00
    1.64192e-05     4.43297e+00
    1.65259e-05     4.46065e+00
    1.66332e-05     4.48849e+00
    1.67412e-05     4.51649e+00
    1.68500e-05     4.54470e+00
    1.69594e-05     4.57305e+00
    1.70696e-05     4.60161e+00
    1.71805e-05     4.63034e+00
    1.72921e-05     4.65924e+00
    1.74044e-05     4.68832e+00
    1.75174e-05     4.71757e+00
    1.76312e-05     4.74702e+00
    1.77458e-05     4.77668e+00
    1.78610e-05     4.80647e+00
    1.79770e-05     4.83647e+00
    1.80938e-05     4.86667e+00
    1.82113e-05     4.89704e+00
    1.83296e-05     4.92761e+00
    1.84487e-05     4.95838e+00
    1.85685e-05     4.98932e+00
    1.86891e-05     5.02046e+00
    1.88105e-05     5.05180e+00
    1.89327e-05     5.08334e+00
    1.90557e-05     5.11507e+00
    1.91795e-05     5.14701e+00
    1.93041e-05     5.17914e+00
    1.94294e-05     5.21145e+00
    1.95557e-05     5.24400e+00
    1.96827e-05     5.27673e+00
    1.98105e-05     5.30965e+00
    1.99392e-05     5.34280e+00
    2.00687e-05     5.37615e+00
    2.01991e-05     5.40972e+00
    2.03303e-05     5.44348e+00
    2.04623e-05     5.47745e+00
    2.05953e-05     5.51166e+00
    2.07290e-05     5.54605e+00
    2.08637e-05     5.58068e+00
    2.09992e-05     5.61551e+00
    2.11356e-05     5.65055e+00
    2.12729e-05     5.68582e+00
    2.14111e-05     5.72132e+00
    2.15501e-05     5.75700e+00
    2.16901e-05     5.79294e+00
    2.18310e-05     5.82910e+00
    2.19728e-05     5.86548e+00
    2.21155e-05     5.90208e+00
    2.22592e-05     5.93893e+00
    2.24038e-05     5.97600e+00
    2.25493e-05     6.01330e+00
    2.26958e-05     6.05083e+00
    2.28432e-05     6.08859e+00
    2.29916e-05     6.12660e+00
    2.31409e-05     6.16483e+00
    2.32912e-05     6.20331e+00
    2.34425e-05     6.24202e+00
    2.35948e-05     6.28100e+00
    2.37481e-05     6.32021e+00
    2.39023e-05     6.35965e+00
    2.40576e-05     6.39936e+00
    2.42138e-05     6.43928e+00
    2.43711e-05     6.47948e+00
    2.45294e-05     6.51993e+00
    2.46888e-05     6.56066e+00
    2.48491e-05     6.60159e+00
    2.50105e-05     6.64280e+00
    2.51730e-05     6.68427e+00
    2.53365e-05     6.72599e+00
    2.55011e-05     6.76798e+00
    2.56667e-05     6.81022e+00
    2.58334e-05     6.85272e+00
    2.60012e-05     6.89550e+00
    2.61701e-05     6.93854e+00
    2.63401e-05     6.98187e+00
    2.65112e-05     7.02545e+00
    2.66834e-05     7.06931e+00
    2.68567e-05     7.11343e+00
    2.70312e-05     7.15784e+00
    2.72068e-05     7.20253e+00
    2.73835e-05     7.24748e+00
    2.75614e-05     7.29271e+00
    2.77404e-05     7.33823e+00
    2.79206e-05     7.38404e+00
    2.81019e-05     7.43011e+00
    2.82845e-05     7.47651e+00
    2.84682e-05     7.52316e+00
    2.86531e-05     7.57011e+00
    2.88392e-05     7.61736e+00
    2.90266e-05     7.66491e+00
    2.92151e-05     7.71275e+00
    2.94049e-05     7.76088e+00
    2.95959e-05     7.80933e+00
    2.97881e-05     7.85806e+00
    2.99816e-05     7.90710e+00
    3.01764e-05     7.95647e+00
    3.03724e-05     8.00613e+00
    3.05697e-05     8.05610e+00
    3.07682e-05     8.10637e+00
    3.09681e-05     8.15698e+00
    3.11692e-05     8.20788e+00
    3.13717e-05     8.25912e+00
    3.15755e-05     8.31068e+00
    3.17806e-05     8.36256e+00
    3.19870e-05     8.41475e+00
    3.21948e-05     8.46728e+00
    3.24039e-05     8.52013e+00
    3.26144e-05     8.57332e+00
    3.28262e-05     8.62682e+00
    3.30395e-05     8.68069e+00
    3.32541e-05     8.73487e+00
    3.34701e-05     8.78940e+00
    3.36875e-05     8.84426e+00
    3.39063e-05     8.89946e+00
    3.41265e-05     8.95500e+00
    3.43482e-05     9.01091e+00
    3.45713e-05     9.06715e+00
    3.47959e-05     9.12374e+00
    3.50219e-05     9.18069e+00
    3.52494e-05     9.23800e+00
    3.54783e-05     9.29563e+00
    3.57088e-05     9.35367e+00
    3.59407e-05     9.41202e+00
    3.61742e-05     9.47078e+00
    3.64092e-05     9.52991e+00
    3.66457e-05     9.58938e+00
    3.68837e-05     9.64922e+00
    3.71233e-05     9.70946e+00
    3.73644e-05     9.77004e+00
    3.76071e-05     9.83102e+00
    3.78514e-05     9.89240e+00
    3.80973e-05     9.95415e+00
    3.83447e-05     1.00163e+01
    3.85938e-05     1.00788e+01
    3.88445e-05     1.01417e+01
    3.90968e-05     1.02050e+01
    3.93507e-05     1.02687e+01
    3.96064e-05     1.03328e+01
    3.98636e-05     1.03973e+01
    4.01226e-05     1.04622e+01
    4.03832e-05     1.05275e+01
    4.06455e-05     1.05932e+01
    4.09095e-05     1.06594e+01
    4.11752e-05     1.07259e+01
    4.14427e-05     1.07929e+01
    4.17119e-05     1.08602e+01
    4.19828e-05     1.09280e+01
    4.22555e-05     1.09962e+01
    4.25300e-05     1.10648e+01
    4.28062e-05     1.11339e+01
    4.30843e-05     1.12034e+01
    4.33642e-05     1.12733e+01
    4.36458e-05     1.13437e+01
    4.39293e-05     1.14145e+01
    4.42147e-05     1.14857e+01
    4.45019e-05     1.15574e+01
    4.47909e-05     1.16295e+01
    4.50819e-05     1.17021e+01
    4.53747e-05     1.17752e+01
    4.56694e-05     1.18486e+01
    4.59661e-05     1.19226e+01
    4.62647e-05     1.19970e+01
    4.65652e-05     1.20719e+01
    4.68677e-05     1.21473e+01
    4.71721e-05     1.22231e+01
    4.74785e-05     1.22993e+01
    4.77869e-05     1.23761e+01
    4.80973e-05     1.24534e+01
    4.84097e-05     1.25311e+01
    4.87242e-05     1.26093e+01
    4.90406e-05     1.26880e+01
    4.93592e-05     1.27672e+01
    4.96798e-05     1.28469e+01
    5.00025e-05     1.29271e+01
    5.03273e-05     1.30078e+01
    5.06542e-05     1.30889e+01
    5.09832e-05     1.31706e+01
    5.13144e-05     1.32528e+01
    5.16477e-05     1.33355e+01
    5.19832e-05     1.34188e+01
    5.23208e-05     1.35025e+01
    5.26607e-05     1.35867e+01
    5.30028e-05     1.36716e+01
    5.33470e-05     1.37569e+01
    5.36936e-05     1.38427e+01
    5.40423e-05     1.39291e+01
    5.43934e-05     1.40160e+01
    5.47467e-05     1.41035e+01
    5.51023e-05     1.41915e+01
    5.54602e-05     1.42801e+01
    5.58205e-05     1.43692e+01
    5.61830e-05     1.44589e+01
    5.65480e-05     1.45491e+01
    5.69153e-05     1.46399e+01
    5.72850e-05     1.47313e+01
    5.76571e-05     1.48232e+01
    5.80316e-05     1.49158e+01
    5.84085e-05     1.50088e+01
    5.87879e-05     1.51025e+01
    5.91698e-05     1.51968e+01
    5.95541e-05     1.52917e+01
    5.99410e-05     1.53871e+01
    6.03303e-05     1.54831e+01
    6.07222e-05     1.55798e+01
    6.11166e-05     1.56770e+01
    6.15136e-05     1.57749e+01
    6.19132e-05     1.58733e+01
    6.23153e-05     1.59724e+01
    6.27201e-05     1.60721e+01
    6.31275e-05     1.61724e+01
    6.35376e-05     1.62733e+01
    6.39503e-05     1.63749e+01
    6.43657e-05     1.64771e+01
    6.47838e-05     1.65799e+01
    6.52046e-05     1.66834e+01
    6.56281e-05     1.67875e+01
    6.60544e-05     1.68923e+01
    6.64835e-05     1.69977e+01
    6.69153e-05     1.71037e+01
    6.73499e-05     1.72105e+01
    6.77874e-05     1.73179e+01
    6.82277e-05     1.74259e+01
    6.86709e-05     1.75347e+01
    6.91170e-05     1.76441e+01
    6.95659e-05     1.77542e+01
    7.00178e-05     1.78650e+01
    7.04726e-05     1.79765e+01
    7.09304e-05     1.80887e+01
    7.13911e-05     1.82015e+01
    7.18548e-05     1.83151e+01
    7.23215e-05     1.84294e+01
    7.27913e-05     1.85444e+01
    7.32641e-05     1.86601e+01
    7.37400e-05     1.87765e+01
    7.42190e-05     1.88937e+01
    7.47011e-05     1.90116e+01
    7.51863e-05     1.91302e+01
    7.56747e-05     1.92496e+01
    7.61663e-05     1.93698e+01
    7.66610e-05     1.94906e+01
    7.71589e-05     1.96122e+01
    7.76601e-05     1.97346e+01
    7.81646e-05     1.98578e+01
    7.86723e-05     1.99817e+01
    7.91833e-05     2.01064e+01
    7.96977e-05     2.02318e+01
    8.02153e-05     2.03581e+01
    8.07364e-05     2.04851e+01
    8.12608e-05     2.06129e+01
    8.17886e-05     2.07416e+01
    8.23199e-05     2.08710e+01
    8.28546e-05     2.10012e+01
    8.33928e-05     2.11323e+01
    8.39345e-05     2.12642e+01
    8.44797e-05     2.13969e+01
    8.50284e-05     2.15304e+01
    8.55807e-05     2.16647e+01
    8.61366e-05     2.17999e+01
    8.66961e-05     2.19360e+01
    8.72593e-05     2.20729e+01
    8.78261e-05     2.22106e+01
    8.83966e-05     2.23492e+01
    8.89707e-05     2.24887e+01
    8.95487e-05     2.26290e+01
    9.01303e-05     2.27702e+01
    9.07158e-05     2.29123e+01
    9.13050e-05     2.30552e+01
    9.18981e-05     2.31991e+01
    9.24950e-05     2.33438e+01
    9.30958e-05     2.34895e+01
    9.37005e-05     2.36361e+01
    9.43092e-05     2.37835e+01
    9.49218e-05     2.39319e+01
    9.55383e-05     2.40812e+01
    9.61589e-05     2.42314e+01
    9.67835e-05     2.43826e+01
    9.74122e-05     2.45347e+01
    9.80449e-05     2.46878e+01
    9.86818e-05     2.48418e+01
    9.93228e-05     2.49968e+01
    9.99679e-05     2.51527e+01
    1.00617e-04     2.53096e+01
    1.01271e-04     2.54676e+01
    1.01929e-04     2.56265e+01
    1.02591e-04     2.57864e+01
    1.03257e-04     2.59471e+01
    1.03928e-04     2.61091e+01
    1.04603e-04     2.62720e+01
    1.05282e-04     2.64358e+01
    1.05966e-04     2.66007e+01
    1.06655e-04     2.67669e+01
    1.07347e-04     2.69337e+01
    1.08045e-04     2.71019e+01
    1.08746e-04     2.72708e+01
    1.09453e-04     2.74411e+01
    1.10164e-04     2.76123e+01
    1.10879e-04     2.77844e+01
    1.11599e-04     2.79577e+01
    1.12324e-04     2.81321e+01
    1.13054e-04     2.83077e+01
    1.13788e-04     2.84842e+01
    1.14527e-04     2.86619e+01
    1.15271e-04     2.88407e+01
    1.16020e-04     2.90206e+01
    1.16774e-04     2.92017e+01
    1.17532e-04     2.93837e+01
    1.18296e-04     2.95672e+01
    1.19064e-04     2.97515e+01
    1.19837e-04     2.99370e+01
    1.20616e-04     3.01238e+01
    1.21399e-04     3.03116e+01
    1.22188e-04     3.05007e+01
    1.22982e-04     3.06911e+01
    1.23780e-04     3.08823e+01
    1.24584e-04     3.10749e+01
    1.25394e-04     3.12689e+01
    1.26208e-04     3.14638e+01
    1.27028e-04     3.16601e+01
    1.27853e-04     3.18575e+01
    1.28684e-04     3.20563e+01
    1.29519e-04     3.22560e+01
    1.30361e-04     3.24574e+01
    1.31208e-04     3.26599e+01
    1.32060e-04     3.28635e+01
    1.32918e-04     3.30685e+01
    1.33781e-04     3.32746e+01
    1.34650e-04     3.34822e+01
    1.35525e-04     3.36911e+01
    1.36405e-04     3.39011e+01
    1.37291e-04     3.41125e+01
    1.38183e-04     3.43254e+01
    1.39080e-04     3.45393e+01
    1.39984e-04     3.47548e+01
    1.40893e-04     3.49715e+01
    1.41808e-04     3.51896e+01
    1.42729e-04     3.54090e+01
    1.43656e-04     3.56298e+01
    1.44589e-04     3.58520e+01
    1.45529e-04     3.60757e+01
    1.46474e-04     3.63006e+01
    1.47425e-04     3.65269e+01
    1.48383e-04     3.67548e+01
    1.49347e-04     3.69840e+01
    1.50317e-04     3.72146e+01
    1.51293e-04     3.74466e+01
    1.52276e-04     3.76801e+01
    1.53265e-04     3.79150e+01
    1.54261e-04     3.81515e+01
    1.55263e-04     3.83893e+01
    1.56271e-04     3.86286e+01
    1.57286e-04     3.88694e+01
    1.58308e-04     3.91118e+01
    1.59336e-04     3.93555e+01
    1.60371e-04     3.96009e+01
    1.61413e-04     3.98478e+01
    1.62461e-04     4.00961e+01
    1.63517e-04     4.03462e+01
    1.64579e-04     4.05977e+01
    1.65648e-04     4.08508e+01
    1.66724e-04     4.11054e+01
    1.67807e-04     4.13616e+01
    1.68897e-04     4.16195e+01
    1.69994e-04     4.18789e+01
    1.71098e-04     4.21398e+01
    1.72209e-04     4.24024e+01
    1.73328e-04     4.26668e+01
    1.74454e-04     4.29328e+01
    1.75587e-04     4.32003e+01
    1.76728e-04     4.34698e+01
    1.77875e-04     4.37404e+01
    1.79031e-04     4.40132e+01
    1.80194e-04     4.42875e+01
    1.81364e-04     4.45635e+01
    1.82542e-04     4.48412e+01
    1.83728e-04     4.51207e+01
    1.84921e-04     4.54018e+01
    1.86123e-04     4.56849e+01
    1.87332e-04     4.59696e+01
    1.88548e-04     4.62558e+01
    1.89773e-04     4.65442e+01
    1.91006e-04     4.68343e+01
    1.92246e-04     4.71259e+01
    1.93495e-04     4.74197e+01
    1.94752e-04     4.77151e+01
    1.96017e-04     4.80124e+01
    1.97290e-04     4.83116e+01
    1.98572e-04     4.86127e+01
    1.99862e-04     4.89155e+01
    2.01160e-04     4.92202e+01
    2.02467e-04     4.95270e+01
    2.03782e-04     4.98355e+01
    2.05105e-04     5.01457e+01
    2.06438e-04     5.04583e+01
    2.07779e-04     5.07727e+01
    2.09128e-04     5.10887e+01
    2.10487e-04     5.14070e+01
    2.11854e-04     5.17273e+01
    2.13230e-04     5.20494e+01
    2.14615e-04     5.23735e+01
    2.16009e-04     5.26997e+01
    2.17412e-04     5.30279e+01
    2.18824e-04     5.33581e+01
    2.20246e-04     5.36905e+01
    2.21676e-04     5.40247e+01
    2.23116e-04     5.43612e+01
    2.24565e-04     5.46996e+01
    2.26024e-04     5.50402e+01
    2.27492e-04     5.53828e+01
    2.28970e-04     5.57277e+01
    2.30457e-04     5.60746e+01
    2.31954e-04     5.64238e+01
    2.33461e-04     5.67751e+01
    2.34977e-04     5.71284e+01
    2.36504e-04     5.74842e+01
    2.38040e-04     5.78420e+01
    2.39586e-04     5.82019e+01
    2.41142e-04     5.85642e+01
    2.42709e-04     5.89289e+01
    2.44285e-04     5.92955e+01
    2.45872e-04     5.96645e+01
    2.47469e-04     6.00358e+01
    2.49076e-04     6.04094e+01
    2.50694e-04     6.07853e+01
    2.52323e-04     6.11638e+01
    2.53962e-04     6.15443e+01
    2.55611e-04     6.19271e+01
    2.57272e-04     6.23126e+01
    2.58943e-04     6.27002e+01
    2.60625e-04     6.30904e+01
    2.62318e-04     6.34829e+01
    2.64022e-04     6.38779e+01
    2.65737e-04     6.42753e+01
    2.67463e-04     6.46752e+01
    2.69200e-04     6.50774e+01
    2.70949e-04     6.54822e+01
    2.72709e-04     6.58895e+01
    2.74480e-04     6.62993e+01
    2.76263e-04     6.67117e+01
    2.78057e-04     6.71265e+01
    2.79863e-04     6.75439e+01
    2.81681e-04     6.79640e+01
    2.83511e-04     6.83867e+01
    2.85353e-04     6.88120e+01
    2.87206e-04     6.92397e+01
    2.89072e-04     6.96704e+01
    2.90949e-04     7.01034e+01
    2.92839e-04     7.05392e+01
    2.94741e-04     7.09778e+01
    2.96656e-04     7.14191e+01
    2.98583e-04     7.18630e+01
    3.00522e-04     7.23096e+01
    3.02474e-04     7.27589e+01
    3.04439e-04     7.32113e+01
    3.06417e-04     7.36663e+01
    3.08407e-04     7.41240e+01
    3.10410e-04     7.45845e+01
    3.12426e-04     7.50479e+01
    3.14456e-04     7.55144e+01
    3.16498e-04     7.59833e+01
    3.18554e-04     7.64554e+01
    3.20623e-04     7.69303e+01
    3.22706e-04     7.74082e+01
    3.24802e-04     7.78890e+01
    3.26912e-04     7.83728e+01
    3.29035e-04     7.88595e+01
    3.31173e-04     7.93494e+01
    3.33324e-04     7.98421e+01
    3.35489e-04     8.03379e+01
    3.37668e-04     8.08366e+01
    3.39861e-04     8.13385e+01
    3.42069e-04     8.18435e+01
    3.44291e-04     8.23516e+01
    3.46527e-04     8.28627e+01
    3.48778e-04     8.33771e+01
    3.51044e-04     8.38947e+01
    3.53324e-04     8.44153e+01
    3.55619e-04     8.49391e+01
    3.57929e-04     8.54662e+01
    3.60254e-04     8.59966e+01
    3.62594e-04     8.65301e+01
    3.64949e-04     8.70669e+01
    3.67320e-04     8.76070e+01
    3.69706e-04     8.81505e+01
    3.72107e-04     8.86971e+01
    3.74524e-04     8.92471e+01
    3.76957e-04     8.98005e+01
    3.79405e-04     9.03573e+01
    3.81870e-04     9.09176e+01
    3.84350e-04     9.14810e+01
    3.86847e-04     9.20483e+01
    3.89360e-04     9.26188e+01
    3.91889e-04     9.31928e+01
    3.94434e-04     9.37703e+01
    3.96996e-04     9.43512e+01
    3.99575e-04     9.49359e+01
    4.02171e-04     9.55242e+01
    4.04783e-04     9.61160e+01
    4.07412e-04     9.67114e+01
    4.10059e-04     9.73105e+01
    4.12722e-04     9.79131e+01
    4.15403e-04     9.85196e+01
    4.18101e-04     9.91295e+01
    4.20817e-04     9.97436e+01
    4.23550e-04     1.00361e+02
    4.26302e-04     1.00982e+02
    4.29071e-04     1.01608e+02
    4.31858e-04     1.02237e+02
    4.34663e-04     1.02869e+02
    4.37486e-04     1.03506e+02
    4.40328e-04     1.04147e+02
    4.43188e-04     1.04791e+02
    4.46067e-04     1.05439e+02
    4.48964e-04     1.06091e+02
    4.51881e-04     1.06748e+02
    4.54816e-04     1.07408e+02
    4.57770e-04     1.08072e+02
    4.60744e-04     1.08740e+02
    4.63736e-04     1.09412e+02
    4.66749e-04     1.10089e+02
    4.69780e-04     1.10769e+02
    4.72832e-04     1.11454e+02
    4.75903e-04     1.12143e+02
    4.78994e-04     1.12835e+02
    4.82106e-04     1.13533e+02
    4.85237e-04     1.14234e+02
    4.88389e-04     1.14939e+02
    4.91562e-04     1.15649e+02
    4.94754e-04     1.16363e+02
    4.97968e-04     1.17082e+02
    5.01203e-04     1.17804e+02
    5.04458e-04     1.18531e+02
    5.07735e-04     1.19263e+02
    5.11033e-04     1.19999e+02
    5.14353e-04     1.20739e+02
    5.17694e-04     1.21484e+02
    5.21056e-04     1.22233e+02
    5.24441e-04     1.22987e+02
    5.27847e-04     1.23745e+02
    5.31276e-04     1.24508e+02
    5.34727e-04     1.25276e+02
    5.38200e-04     1.26048e+02
    5.41696e-04     1.26825e+02
    5.45215e-04     1.27606e+02
    5.48756e-04     1.28392e+02
    5.52321e-04     1.29183e+02
    5.55908e-04     1.29979e+02
    5.59519e-04     1.30779e+02
    5.63154e-04     1.31585e+02
    5.66812e-04     1.32395e+02
    5.70493e-04     1.33210e+02
    5.74199e-04     1.34030e+02
    5.77929e-04     1.34855e+02
    5.81683e-04     1.35684e+02
    5.85461e-04     1.36519e+02
    5.89264e-04     1.37359e+02
    5.93092e-04     1.38204e+02
    5.96944e-04     1.39053e+02
    6.00822e-04     1.39908e+02
    6.04724e-04     1.40768e+02
    6.08652e-04     1.41633e+02
    6.12606e-04     1.42504e+02
    6.16585e-04     1.43379e+02
    6.20590e-04     1.44260e+02
    6.24621e-04     1.45145e+02
    6.28678e-04     1.46037e+02
    6.32762e-04     1.46933e+02
    6.36872e-04     1.47835e+02
    6.41009e-04     1.48742e+02
    6.45173e-04     1.49655e+02
    6.49363e-04     1.50573e+02
    6.53581e-04     1.51496e+02
    6.57827e-04     1.52425e+02
    6.62100e-04     1.53360e+02
    6.66400e-04     1.54300e+02
    6.70729e-04     1.55245e+02
    6.75086e-04     1.56197e+02
    6.79471e-04     1.57153e+02
    6.83884e-04     1.58116e+02
    6.88327e-04     1.59084e+02
    6.92798e-04     1.60058e+02
    6.97298e-04     1.61038e+02
    7.01827e-04     1.62023e+02
    7.06386e-04     1.63015e+02
    7.10974e-04     1.64012e+02
    7.15592e-04     1.65014e+02
    7.20241e-04     1.66024e+02
    7.24919e-04     1.67038e+02
    7.29628e-04     1.68059e+02
    7.34367e-04     1.69086e+02
    7.39137e-04     1.70118e+02
    7.43938e-04     1.71157e+02
    7.48770e-04     1.72202e+02
    7.53634e-04     1.73253e+02
    7.58529e-04     1.74310e+02
    7.63456e-04     1.75373e+02
    7.68416e-04     1.76443e+02
    7.73407e-04     1.77519e+02
    7.78431e-04     1.78601e+02
    7.83487e-04     1.79689e+02
    7.88576e-04     1.80784e+02
    7.93698e-04     1.81885e+02
    7.98854e-04     1.82993e+02
    8.04043e-04     1.84107e+02
    8.09265e-04     1.85227e+02
    8.14522e-04     1.86355e+02
    8.19813e-04     1.87488e+02
    8.25138e-04     1.88629e+02
    8.30498e-04     1.89776e+02
    8.35892e-04     1.90929e+02
    8.41322e-04     1.92090e+02
    8.46787e-04     1.93257e+02
    8.52287e-04     1.94430e+02
    8.57823e-04     1.95611e+02
    8.63395e-04     1.96799e+02
    8.69003e-04     1.97993e+02
    8.74648e-04     1.99194e+02
    8.80329e-04     2.00402e+02
    8.86048e-04     2.01618e+02
    8.91803e-04     2.02839e+02
    8.97596e-04     2.04068e+02
    9.03426e-04     2.05304e+02
    9.09294e-04     2.06548e+02
    9.15201e-04     2.07798e+02
    9.21145e-04     2.09055e+02
    9.27129e-04     2.10320e+02
    9.33151e-04     2.11592e+02
    9.39212e-04     2.12871e+02
    9.45313e-04     2.14157e+02
    9.51453e-04     2.15451e+02
    9.57633e-04     2.16752e+02
    9.63854e-04     2.18061e+02
    9.70115e-04     2.19377e+02
    9.76416e-04     2.20700e+02
    9.82758e-04     2.22031e+02
    9.89142e-04     2.23370e+02
    9.95567e-04     2.24716e+02
    1.00203e-03     2.26069e+02
    1.00854e-03     2.27431e+02
    1.01509e-03     2.28800e+02
    1.02169e-03     2.30178e+02
    1.02832e-03     2.31562e+02
    1.03500e-03     2.32954e+02
    1.04173e-03     2.34356e+02
    1.04849e-03     2.35763e+02
    1.05530e-03     2.37179e+02
    1.06216e-03     2.38605e+02
    1.06906e-03     2.40037e+02
    1.07600e-03     2.41477e+02
    1.08299e-03     2.42925e+02
    1.09003e-03     2.44383e+02
    1.09711e-03     2.45847e+02
    1.10423e-03     2.47318e+02
    1.11140e-03     2.48798e+02
    1.11862e-03     2.50288e+02
    1.12589e-03     2.51786e+02
    1.13320e-03     2.53291e+02
    1.14056e-03     2.54805e+02
    1.14797e-03     2.56328e+02
    1.15543e-03     2.57859e+02
    1.16293e-03     2.59397e+02
    1.17049e-03     2.60946e+02
    1.17809e-03     2.62502e+02
    1.18574e-03     2.64067e+02
    1.19345e-03     2.65642e+02
    1.20120e-03     2.67224e+02
    1.20900e-03     2.68814e+02
    1.21685e-03     2.70413e+02
    1.22476e-03     2.72023e+02
    1.23271e-03     2.73639e+02
    1.24072e-03     2.75266e+02
    1.24878e-03     2.76901e+02
    1.25689e-03     2.78545e+02
    1.26505e-03     2.80197e+02
    1.27327e-03     2.81859e+02
    1.28154e-03     2.83530e+02
    1.28987e-03     2.85211e+02
    1.29825e-03     2.86901e+02
    1.30668e-03     2.88598e+02
    1.31517e-03     2.90306e+02
    1.32371e-03     2.92022e+02
    1.33231e-03     2.93748e+02
    1.34096e-03     2.95482e+02
    1.34967e-03     2.97227e+02
    1.35844e-03     2.98981e+02
    1.36726e-03     3.00743e+02
    1.37614e-03     3.02515e+02
    1.38508e-03     3.04297e+02
    1.39408e-03     3.06089e+02
    1.40313e-03     3.07889e+02
    1.41225e-03     3.09700e+02
    1.42142e-03     3.11519e+02
    1.43065e-03     3.13348e+02
    1.43995e-03     3.15189e+02
    1.44930e-03     3.17037e+02
    1.45871e-03     3.18894e+02
    1.46819e-03     3.20764e+02
    1.47773e-03     3.22642e+02
    1.48732e-03     3.24529e+02
    1.49699e-03     3.26428e+02
    1.50671e-03     3.28335e+02
    1.51650e-03     3.30253e+02
    1.52635e-03     3.32180e+02
    1.53626e-03     3.34117e+02
    1.54624e-03     3.36064e+02
    1.55628e-03     3.38021e+02
    1.56639e-03     3.39989e+02
    1.57657e-03     3.41968e+02
    1.58681e-03     3.43956e+02
    1.59711e-03     3.45953e+02
    1.60749e-03     3.47963e+02
    1.61793e-03     3.49981e+02
    1.62844e-03     3.52011e+02
    1.63902e-03     3.54051e+02
    1.64966e-03     3.56099e+02
    1.66038e-03     3.58160e+02
    1.67116e-03     3.60231e+02
    1.68202e-03     3.62313e+02
    1.69295e-03     3.64406e+02
    1.70394e-03     3.66506e+02
    1.71501e-03     3.68619e+02
    1.72615e-03     3.70743e+02
    1.73736e-03     3.72877e+02
    1.74865e-03     3.75022e+02
    1.76001e-03     3.77178e+02
    1.77144e-03     3.79344e+02
    1.78294e-03     3.81519e+02
    1.79453e-03     3.83709e+02
    1.80618e-03     3.85906e+02
    1.81791e-03     3.88114e+02
    1.82972e-03     3.90334e+02
    1.84161e-03     3.92566e+02
    1.85357e-03     3.94807e+02
    1.86561e-03     3.97059e+02
    1.87773e-03     3.99323e+02
    1.88992e-03     4.01596e+02
    1.90220e-03     4.03882e+02
    1.91456e-03     4.06179e+02
    1.92699e-03     4.08486e+02
    1.93951e-03     4.10805e+02
    1.95211e-03     4.13135e+02
    1.96479e-03     4.15475e+02
    1.97755e-03     4.17827e+02
    1.99040e-03     4.20191e+02
    2.00332e-03     4.22563e+02
    2.01634e-03     4.24949e+02
    2.02943e-03     4.27345e+02
    2.04262e-03     4.29755e+02
    2.05588e-03     4.32172e+02
    2.06924e-03     4.34604e+02
    2.08268e-03     4.37046e+02
    2.09621e-03     4.39500e+02
    2.10982e-03     4.41963e+02
    2.12353e-03     4.44440e+02
    2.13732e-03     4.46927e+02
    2.15120e-03     4.49425e+02
    2.16518e-03     4.51937e+02
    2.17924e-03     4.54457e+02
    2.19340e-03     4.56991e+02
    2.20764e-03     4.59535e+02
    2.22198e-03     4.62090e+02
    2.23642e-03     4.64659e+02
    2.25094e-03     4.67237e+02
    2.26557e-03     4.69829e+02
    2.28028e-03     4.72430e+02
    2.29509e-03     4.75043e+02
    2.31000e-03     4.77669e+02
    2.32501e-03     4.80306e+02
    2.34011e-03     4.82954e+02
    2.35531e-03     4.85614e+02
    2.37061e-03     4.88286e+02
    2.38601e-03     4.90970e+02
    2.40150e-03     4.93663e+02
    2.41710e-03     4.96370e+02
    2.43280e-03     4.99088e+02
    2.44861e-03     5.01819e+02
    2.46451e-03     5.04560e+02
    2.48052e-03     5.07314e+02
    2.49663e-03     5.10079e+02
    2.51285e-03     5.12856e+02
    2.52917e-03     5.15644e+02
    2.54560e-03     5.18444e+02
    2.56213e-03     5.21256e+02
    2.57878e-03     5.24081e+02
    2.59553e-03     5.26916e+02
    2.61239e-03     5.29763e+02
    2.62936e-03     5.32622e+02
    2.64643e-03     5.35491e+02
    2.66362e-03     5.38373e+02
    2.68093e-03     5.41268e+02
    2.69834e-03     5.44173e+02
    2.71587e-03     5.47091e+02
    2.73351e-03     5.50020e+02
    2.75126e-03     5.52959e+02
    2.76914e-03     5.55912e+02
    2.78712e-03     5.58874e+02
    2.80523e-03     5.61851e+02
    2.82345e-03     5.64838e+02
    2.84179e-03     5.67836e+02
    2.86025e-03     5.70847e+02
    2.87883e-03     5.73868e+02
    2.89752e-03     5.76900e+02
    2.91635e-03     5.79947e+02
    2.93529e-03     5.83002e+02
    2.95436e-03     5.86071e+02
    2.97355e-03     5.89151e+02
    2.99286e-03     5.92241e+02
    3.01230e-03     5.95343e+02
    3.03187e-03     5.98457e+02
    3.05156e-03     6.01583e+02
    3.07138e-03     6.04720e+02
    3.09133e-03     6.07868e+02
    3.11141e-03     6.11026e+02
    3.13162e-03     6.14197e+02
    3.15196e-03     6.17380e+02
    3.17244e-03     6.20574e+02
    3.19304e-03     6.23778e+02
    3.21379e-03     6.26996e+02
    3.23466e-03     6.30223e+02
    3.25567e-03     6.33460e+02
    3.27682e-03     6.36711e+02
    3.29810e-03     6.39970e+02
    3.31953e-03     6.43243e+02
    3.34109e-03     6.46526e+02
    3.36279e-03     6.49819e+02
    3.38463e-03     6.53123e+02
    3.40662e-03     6.56440e+02
    3.42875e-03     6.59767e+02
    3.45102e-03     6.63105e+02
    3.47344e-03     6.66453e+02
    3.49600e-03     6.69812e+02
    3.51871e-03     6.73182e+02
    3.54156e-03     6.76562e+02
    3.56457e-03     6.79954e+02
    3.58772e-03     6.83355e+02
    3.61102e-03     6.86768e+02
    3.63448e-03     6.90192e+02
    3.65809e-03     6.93625e+02
    3.68185e-03     6.97070e+02
    3.70576e-03     7.00523e+02
    3.72984e-03     7.03990e+02
    3.75406e-03     7.07464e+02
    3.77845e-03     7.10950e+02
    3.80299e-03     7.14444e+02
    3.82769e-03     7.17950e+02
    3.85256e-03     7.21467e+02
    3.87758e-03     7.24991e+02
    3.90277e-03     7.28526e+02
    3.92812e-03     7.32070e+02
    3.95363e-03     7.35624e+02
    3.97931e-03     7.39189e+02
    4.00516e-03     7.42762e+02
    4.03118e-03     7.46346e+02
    4.05736e-03     7.49937e+02
    4.08372e-03     7.53540e+02
    4.11024e-03     7.57149e+02
    4.13694e-03     7.60769e+02
    4.16381e-03     7.64398e+02
    4.19086e-03     7.68037e+02
    4.21808e-03     7.71684e+02
    4.24548e-03     7.75340e+02
    4.27306e-03     7.79004e+02
    4.30081e-03     7.82676e+02
    4.32875e-03     7.86359e+02
    4.35687e-03     7.90050e+02
    4.38517e-03     7.93748e+02
    4.41365e-03     7.97454e+02
    4.44232e-03     8.01171e+02
    4.47118e-03     8.04894e+02
    4.50022e-03     8.08625e+02
    4.52945e-03     8.12364e+02
    4.55887e-03     8.16112e+02
    4.58848e-03     8.19867e+02
    4.61829e-03     8.23630e+02
    4.64829e-03     8.27401e+02
    4.67848e-03     8.31177e+02
    4.70887e-03     8.34962e+02
    4.73946e-03     8.38754e+02
    4.77024e-03     8.42551e+02
    4.80123e-03     8.46357e+02
    4.83241e-03     8.50167e+02
    4.86380e-03     8.53985e+02
    4.89539e-03     8.57809e+02
    4.92719e-03     8.61639e+02
    4.95920e-03     8.65477e+02
    4.99141e-03     8.69319e+02
    5.02383e-03     8.73167e+02
    5.05646e-03     8.77022e+02
    5.08931e-03     8.80883e+02
    5.12237e-03     8.84749e+02
    5.15564e-03     8.88620e+02
    5.18913e-03     8.92498e+02
    5.22283e-03     8.96379e+02
    5.25676e-03     9.00267e+02
    5.29091e-03     9.04162e+02
    5.32527e-03     9.08057e+02
    5.35986e-03     9.11961e+02
    5.39468e-03     9.15868e+02
    5.42972e-03     9.19781e+02
    5.46499e-03     9.23699e+02
    5.50049e-03     9.27620e+02
    5.53622e-03     9.31544e+02
    5.57218e-03     9.35472e+02
    5.60837e-03     9.39404e+02
    5.64480e-03     9.43341e+02
    5.68147e-03     9.47279e+02
    5.71837e-03     9.51220e+02
    5.75551e-03     9.55162e+02
    5.79290e-03     9.59109e+02
    5.83053e-03     9.63057e+02
    5.86840e-03     9.67004e+02
    5.90652e-03     9.70956e+02
    5.94489e-03     9.74908e+02
    5.98350e-03     9.78859e+02
    6.02237e-03     9.82813e+02
    6.06149e-03     9.86768e+02
    6.10086e-03     9.90721e+02
    6.14049e-03     9.94675e+02
    6.18037e-03     9.98630e+02
    6.22052e-03     1.00259e+03
    6.26092e-03     1.00654e+03
    6.30159e-03     1.01049e+03
    6.34252e-03     1.01445e+03
    6.38372e-03     1.01840e+03
    6.42519e-03     1.02235e+03
    6.46692e-03     1.02630e+03
    6.50893e-03     1.03025e+03
    6.55121e-03     1.03420e+03
    6.59376e-03     1.03815e+03
    6.63659e-03     1.04209e+03
    6.67970e-03     1.04604e+03
    6.72309e-03     1.04998e+03
    6.76676e-03     1.05392e+03
    6.81071e-03     1.05785e+03
    6.85495e-03     1.06178e+03
    6.89948e-03     1.06571e+03
    6.94429e-03     1.06963e+03
    6.98940e-03     1.07355e+03
    7.03480e-03     1.07747e+03
    7.08050e-03     1.08138e+03
    7.12649e-03     1.08528e+03
    7.17278e-03     1.08918e+03
    7.21937e-03     1.09307e+03
    7.26626e-03     1.09696e+03
    7.31346e-03     1.10084e+03
    7.36097e-03     1.10471e+03
    7.40878e-03     1.10858e+03
    7.45690e-03     1.11244e+03
    7.50534e-03     1.11629e+03
    7.55409e-03     1.12013e+03
    7.60316e-03     1.12397e+03
    7.65255e-03     1.12780e+03
    7.70225e-03     1.13161e+03
    7.75228e-03     1.13542e+03
    7.80264e-03     1.13923e+03
    7.85332e-03     1.14302e+03
    7.90433e-03     1.14680e+03
    7.95568e-03     1.15058e+03
    8.00735e-03     1.15434e+03
    8.05937e-03     1.15809e+03
    8.11172e-03     1.16183e+03
    8.16441e-03     1.16557e+03
    8.21744e-03     1.16928e+03
    8.27081e-03     1.17299e+03
    8.32454e-03     1.17669e+03
    8.37861e-03     1.18037e+03
    8.43303e-03     1.18404e+03
    8.48781e-03     1.18770e+03
    8.54294e-03     1.19134e+03
    8.59844e-03     1.19497e+03
    8.65429e-03     1.19859e+03
    8.71050e-03     1.20219e+03
    8.76708e-03     1.20578e+03
    8.82403e-03     1.20935e+03
    8.88134e-03     1.21290e+03
    8.93903e-03     1.21644e+03
    8.99710e-03     1.21996e+03
    9.05554e-03     1.22347e+03
    9.11436e-03     1.22695e+03
    9.17356e-03     1.23042e+03
    9.23315e-03     1.23387e+03
    9.29312e-03     1.23730e+03
    9.35349e-03     1.24071e+03
    9.41424e-03     1.24411e+03
    9.47539e-03     1.24748e+03
    9.53694e-03     1.25083e+03
    9.59889e-03     1.25416e+03
    9.66124e-03     1.25747e+03
    9.72400e-03     1.26077e+03
    9.78716e-03     1.26403e+03
    9.85073e-03     1.26728e+03
    9.91472e-03     1.27050e+03
    9.97912e-03     1.27370e+03
    1.00439e-02     1.27687e+03
    1.01092e-02     1.28003e+03
    1.01748e-02     1.28314e+03
    1.02409e-02     1.28625e+03
    1.03075e-02     1.28933e+03
    1.03744e-02     1.29238e+03
    1.04418e-02     1.29540e+03
    1.05096e-02     1.29840e+03
    1.05779e-02     1.30137e+03
    1.06466e-02     1.30431e+03
    1.07158e-02     1.30724e+03
    1.07854e-02     1.31012e+03
    1.08554e-02     1.31297e+03
    1.09259e-02     1.31580e+03
    1.09969e-02     1.31860e+03
    1.10683e-02     1.32136e+03
    1.11402e-02     1.32410e+03
    1.12126e-02     1.32681e+03
    1.12854e-02     1.32948e+03
    1.13587e-02     1.33212e+03
    1.14325e-02     1.33473e+03
    1.15068e-02     1.33731e+03
    1.15815e-02     1.33985e+03
    1.16567e-02     1.34236e+03
    1.17324e-02     1.34483e+03
    1.18087e-02     1.34727e+03
    1.18854e-02     1.34967e+03
    1.19626e-02     1.35204e+03
    1.20403e-02     1.35437e+03
    1.21185e-02     1.35666e+03
    1.21972e-02     1.35891e+03
    1.22764e-02     1.36112e+03
    1.23562e-02     1.36330e+03
    1.24364e-02     1.36544e+03
    1.25172e-02     1.36753e+03
    1.25985e-02     1.36959e+03
    1.26803e-02     1.37160e+03
    1.27627e-02     1.37358e+03
    1.28456e-02     1.37551e+03
    1.29290e-02     1.37740e+03
    1.30130e-02     1.37924e+03
    1.30976e-02     1.38105e+03
    1.31826e-02     1.38280e+03
    1.32683e-02     1.38453e+03
    1.33544e-02     1.38619e+03
    1.34412e-02     1.38782e+03
    1.35285e-02     1.38939e+03
    1.36164e-02     1.39093e+03
    1.37048e-02     1.39241e+03
    1.37938e-02     1.39384e+03
    1.38834e-02     1.39523e+03
    1.39736e-02     1.39657e+03
    1.40644e-02     1.39786e+03
    1.41557e-02     1.39910e+03
    1.42477e-02     1.40030e+03
    1.43402e-02     1.40143e+03
    1.44334e-02     1.40253e+03
    1.45271e-02     1.40357e+03
    1.46215e-02     1.40455e+03
    1.47165e-02     1.40549e+03
    1.48121e-02     1.40638e+03
    1.49083e-02     1.40720e+03
    1.50051e-02     1.40797e+03
    1.51026e-02     1.40870e+03
    1.52007e-02     1.40936e+03
    1.52994e-02     1.40997e+03
    1.53988e-02     1.41052e+03
    1.54988e-02     1.41102e+03
    1.55995e-02     1.41146e+03
    1.57008e-02     1.41184e+03
    1.58028e-02     1.41216e+03
    1.59055e-02     1.41243e+03
    1.60088e-02     1.41263e+03
    1.61128e-02     1.41277e+03
    1.62174e-02     1.41285e+03
    1.63228e-02     1.41288e+03
    1.64288e-02     1.41284e+03
    1.65355e-02     1.41274e+03
    1.66429e-02     1.41258e+03
    1.67510e-02     1.41235e+03
    1.68598e-02     1.41207e+03
    1.69693e-02     1.41172e+03
    1.70796e-02     1.41131e+03
    1.71905e-02     1.41083e+03
    1.73022e-02     1.41029e+03
    1.74145e-02     1.40969e+03
    1.75277e-02     1.40902e+03
    1.76415e-02     1.40828e+03
    1.77561e-02     1.40749e+03
    1.78714e-02     1.40662e+03
    1.79875e-02     1.40569e+03
    1.81044e-02     1.40470e+03
    1.82220e-02     1.40364e+03
    1.83403e-02     1.40251e+03
    1.84594e-02     1.40131e+03
    1.85794e-02     1.40005e+03
    1.87000e-02     1.39871e+03
    1.88215e-02     1.39731e+03
    1.89438e-02     1.39585e+03
    1.90668e-02     1.39431e+03
    1.91907e-02     1.39271e+03
    1.93153e-02     1.39103e+03
    1.94408e-02     1.38929e+03
    1.95671e-02     1.38747e+03
    1.96942e-02     1.38558e+03
    1.98221e-02     1.38363e+03
    1.99508e-02     1.38160e+03
    2.00804e-02     1.37950e+03
    2.02109e-02     1.37734e+03
    2.03421e-02     1.37510e+03
    2.04743e-02     1.37280e+03
    2.06073e-02     1.37043e+03
    2.07411e-02     1.36798e+03
    2.08758e-02     1.36546e+03
    2.10114e-02     1.36287e+03
    2.11479e-02     1.36022e+03
    2.12853e-02     1.35750e+03
    2.14236e-02     1.35470e+03
    2.15627e-02     1.35183e+03
    2.17028e-02     1.34890e+03
    2.18437e-02     1.34589e+03
    2.19856e-02     1.34282e+03
    2.21284e-02     1.33968e+03
    2.22722e-02     1.33647e+03
    2.24168e-02     1.33318e+03
    2.25625e-02     1.32984e+03
    2.27090e-02     1.32642e+03
    2.28565e-02     1.32293e+03
    2.30050e-02     1.31938e+03
    2.31544e-02     1.31576e+03
    2.33048e-02     1.31207e+03
    2.34562e-02     1.30832e+03
    2.36086e-02     1.30450e+03
    2.37619e-02     1.30061e+03
    2.39162e-02     1.29666e+03
    2.40716e-02     1.29264e+03
    2.42280e-02     1.28856e+03
    2.43853e-02     1.28441e+03
    2.45437e-02     1.28020e+03
    2.47032e-02     1.27593e+03
    2.48636e-02     1.27159e+03
    2.50251e-02     1.26719e+03
    2.51877e-02     1.26274e+03
    2.53513e-02     1.25822e+03
    2.55159e-02     1.25364e+03
    2.56817e-02     1.24901e+03
    2.58485e-02     1.24432e+03
    2.60164e-02     1.23957e+03
    2.61854e-02     1.23477e+03
    2.63555e-02     1.22990e+03
    2.65267e-02     1.22499e+03
    2.66990e-02     1.22002e+03
    2.68724e-02     1.21500e+03
    2.70470e-02     1.20993e+03
    2.72226e-02     1.20480e+03
    2.73995e-02     1.19964e+03
    2.75774e-02     1.19441e+03
    2.77566e-02     1.18915e+03
    2.79369e-02     1.18384e+03
    2.81183e-02     1.17848e+03
    2.83010e-02     1.17308e+03
    2.84848e-02     1.16764e+03
    2.86698e-02     1.16215e+03
    2.88561e-02     1.15662e+03
    2.90435e-02     1.15106e+03
    2.92321e-02     1.14545e+03
    2.94220e-02     1.13982e+03
    2.96131e-02     1.13414e+03
    2.98055e-02     1.12843e+03
    2.99991e-02     1.12269e+03
    3.01940e-02     1.11692e+03
    3.03901e-02     1.11112e+03
    3.05875e-02     1.10530e+03
    3.07862e-02     1.09944e+03
    3.09861e-02     1.09356e+03
    3.11874e-02     1.08766e+03
    3.13900e-02     1.08174e+03
    3.15939e-02     1.07580e+03
    3.17991e-02     1.06983e+03
    3.20057e-02     1.06385e+03
    3.22135e-02     1.05786e+03
    3.24228e-02     1.05185e+03
    3.26334e-02     1.04583e+03
    3.28454e-02     1.03980e+03
    3.30587e-02     1.03375e+03
    3.32735e-02     1.02771e+03
    3.34896e-02     1.02166e+03
    3.37071e-02     1.01560e+03
    3.39261e-02     1.00954e+03
    3.41464e-02     1.00348e+03
    3.43682e-02     9.97422e+02
    3.45915e-02     9.91372e+02
    3.48162e-02     9.85320e+02
    3.50423e-02     9.79280e+02
    3.52699e-02     9.73239e+02
    3.54990e-02     9.67215e+02
    3.57296e-02     9.61205e+02
    3.59617e-02     9.55205e+02
    3.61953e-02     9.49221e+02
    3.64304e-02     9.43252e+02
    3.66670e-02     9.37298e+02
    3.69052e-02     9.31367e+02
    3.71449e-02     9.25462e+02
    3.73862e-02     9.19574e+02
    3.76290e-02     9.13712e+02
    3.78735e-02     9.07881e+02
    3.81195e-02     9.02075e+02
    3.83671e-02     8.96298e+02
    3.86163e-02     8.90553e+02
    3.88671e-02     8.84842e+02
    3.91196e-02     8.79166e+02
    3.93737e-02     8.73524e+02
    3.96295e-02     8.67922e+02
    3.98869e-02     8.62358e+02
    4.01460e-02     8.56835e+02
    4.04067e-02     8.51351e+02
    4.06692e-02     8.45909e+02
    4.09334e-02     8.40513e+02
    4.11992e-02     8.35160e+02
    4.14669e-02     8.29857e+02
    4.17362e-02     8.24598e+02
    4.20073e-02     8.19386e+02
    4.22802e-02     8.14232e+02
    4.25548e-02     8.09124e+02
    4.28312e-02     8.04069e+02
    4.31094e-02     7.99066e+02
    4.33894e-02     7.94116e+02
    4.36713e-02     7.89225e+02
    4.39550e-02     7.84393e+02
    4.42405e-02     7.79613e+02
    4.45278e-02     7.74886e+02
    4.48171e-02     7.70219e+02
    4.51082e-02     7.65611e+02
    4.54012e-02     7.61063e+02
    4.56961e-02     7.56568e+02
    4.59929e-02     7.52133e+02
    4.62917e-02     7.47760e+02
    4.65923e-02     7.43444e+02
    4.68950e-02     7.39186e+02
    4.71996e-02     7.34992e+02
    4.75062e-02     7.30859e+02
    4.78148e-02     7.26783e+02
    4.81253e-02     7.22771e+02
    4.84379e-02     7.18817e+02
    4.87526e-02     7.14920e+02
    4.90692e-02     7.11083e+02
    4.93880e-02     7.07299e+02
    4.97088e-02     7.03577e+02
    5.00317e-02     6.99912e+02
    5.03566e-02     6.96298e+02
    5.06837e-02     6.92737e+02
    5.10130e-02     6.89236e+02
    5.13443e-02     6.85785e+02
    5.16778e-02     6.82388e+02
    5.20135e-02     6.79045e+02
    5.23514e-02     6.75751e+02
    5.26914e-02     6.72503e+02
    5.30337e-02     6.69306e+02
    5.33782e-02     6.66146e+02
    5.37249e-02     6.63035e+02
    5.40738e-02     6.59967e+02
    5.44251e-02     6.56935e+02
    5.47786e-02     6.53941e+02
    5.51344e-02     6.50986e+02
    5.54926e-02     6.48067e+02
    5.58530e-02     6.45175e+02
    5.62158e-02     6.42318e+02
    5.65810e-02     6.39486e+02
    5.69485e-02     6.36683e+02
    5.73184e-02     6.33899e+02
    5.76907e-02     6.31140e+02
    5.80654e-02     6.28394e+02
    5.84426e-02     6.25664e+02
    5.88222e-02     6.22948e+02
    5.92043e-02     6.20241e+02
    5.95889e-02     6.17543e+02
    5.99759e-02     6.14843e+02
    6.03655e-02     6.12148e+02
    6.07576e-02     6.09452e+02
    6.11523e-02     6.06755e+02
    6.15495e-02     6.04046e+02
    6.19493e-02     6.01325e+02
    6.23517e-02     5.98592e+02
    6.27567e-02     5.95848e+02
    6.31643e-02     5.93082e+02
    6.35746e-02     5.90293e+02
    6.39876e-02     5.87478e+02
    6.44032e-02     5.84634e+02
    6.48215e-02     5.81762e+02
    6.52426e-02     5.78853e+02
    6.56664e-02     5.75910e+02
    6.60929e-02     5.72929e+02
    6.65222e-02     5.69910e+02
    6.69543e-02     5.66842e+02
    6.73892e-02     5.63730e+02
    6.78270e-02     5.60570e+02
    6.82675e-02     5.57360e+02
    6.87110e-02     5.54091e+02
    6.91573e-02     5.50773e+02
    6.96065e-02     5.47396e+02
    7.00586e-02     5.43959e+02
    7.05137e-02     5.40468e+02
    7.09717e-02     5.36913e+02
    7.14327e-02     5.33305e+02
    7.18967e-02     5.29632e+02
    7.23637e-02     5.25895e+02
    7.28338e-02     5.22095e+02
    7.33069e-02     5.18232e+02
    7.37830e-02     5.14310e+02
    7.42623e-02     5.10320e+02
    7.47447e-02     5.06268e+02
    7.52302e-02     5.02159e+02
    7.57188e-02     4.97994e+02
    7.62107e-02     4.93767e+02
    7.67057e-02     4.89480e+02
    7.72039e-02     4.85142e+02
    7.77054e-02     4.80745e+02
    7.82102e-02     4.76299e+02
    7.87182e-02     4.71804e+02
    7.92295e-02     4.67261e+02
    7.97441e-02     4.62671e+02
    8.02621e-02     4.58046e+02
    8.07835e-02     4.53384e+02
    8.13082e-02     4.48688e+02
    8.18363e-02     4.43962e+02
    8.23679e-02     4.39207e+02
    8.29029e-02     4.34435e+02
    8.34414e-02     4.29641e+02
    8.39834e-02     4.24840e+02
    8.45290e-02     4.20029e+02
    8.50780e-02     4.15212e+02
    8.56306e-02     4.10395e+02
    8.61869e-02     4.05591e+02
    8.67467e-02     4.00791e+02
    8.73102e-02     3.96015e+02
    8.78773e-02     3.91255e+02
    8.84481e-02     3.86523e+02
    8.90226e-02     3.81825e+02
    8.96009e-02     3.77159e+02
    9.01829e-02     3.72542e+02
    9.07687e-02     3.67969e+02
    9.13583e-02     3.63444e+02
    9.19517e-02     3.58978e+02
    9.25490e-02     3.54575e+02
    9.31501e-02     3.50230e+02
    9.37552e-02     3.45959e+02
    9.43642e-02     3.41756e+02
    9.49771e-02     3.37630e+02
    9.55940e-02     3.33586e+02
    9.62150e-02     3.29630e+02
    9.68399e-02     3.25760e+02
    9.74690e-02     3.21980e+02
    9.81021e-02     3.18292e+02
    9.87393e-02     3.14703e+02
    9.93807e-02     3.11204e+02
    1.00026e-01     3.07807e+02
    1.00676e-01     3.04506e+02
    1.01330e-01     3.01303e+02
    1.01988e-01     2.98201e+02
    1.02651e-01     2.95203e+02
    1.03317e-01     2.92304e+02
    1.03988e-01     2.89512e+02
    1.04664e-01     2.86823e+02
    1.05344e-01     2.84229e+02
    1.06028e-01     2.81729e+02
    1.06717e-01     2.79326e+02
    1.07410e-01     2.77012e+02
    1.08108e-01     2.74789e+02
    1.08810e-01     2.72651e+02
    1.09517e-01     2.70594e+02
    1.10228e-01     2.68625e+02
    1.10944e-01     2.66728e+02
    1.11665e-01     2.64902e+02
    1.12390e-01     2.63141e+02
    1.13120e-01     2.61441e+02
    1.13855e-01     2.59799e+02
    1.14594e-01     2.58202e+02
    1.15339e-01     2.56650e+02
    1.16088e-01     2.55134e+02
    1.16842e-01     2.53656e+02
    1.17601e-01     2.52202e+02
    1.18365e-01     2.50766e+02
    1.19134e-01     2.49345e+02
    1.19907e-01     2.47927e+02
    1.20686e-01     2.46510e+02
    1.21470e-01     2.45089e+02
    1.22259e-01     2.43653e+02
    1.23053e-01     2.42198e+02
    1.23853e-01     2.40716e+02
    1.24657e-01     2.39203e+02
    1.25467e-01     2.37659e+02
    1.26282e-01     2.36071e+02
    1.27102e-01     2.34438e+02
    1.27928e-01     2.32756e+02
    1.28759e-01     2.31018e+02
    1.29595e-01     2.29220e+02
    1.30437e-01     2.27362e+02
    1.31284e-01     2.25442e+02
    1.32137e-01     2.23460e+02
    1.32995e-01     2.21414e+02
    1.33859e-01     2.19306e+02
    1.34728e-01     2.17133e+02
    1.35604e-01     2.14897e+02
    1.36484e-01     2.12596e+02
    1.37371e-01     2.10239e+02
    1.38263e-01     2.07826e+02
    1.39161e-01     2.05363e+02
    1.40065e-01     2.02855e+02
    1.40975e-01     2.00304e+02
    1.41891e-01     1.97717e+02
    1.42812e-01     1.95096e+02
    1.43740e-01     1.92451e+02
    1.44674e-01     1.89789e+02
    1.45614e-01     1.87116e+02
    1.46559e-01     1.84440e+02
    1.47511e-01     1.81768e+02
    1.48469e-01     1.79107e+02
    1.49434e-01     1.76465e+02
    1.50405e-01     1.73848e+02
    1.51381e-01     1.71261e+02
    1.52365e-01     1.68716e+02
    1.53354e-01     1.66215e+02
    1.54351e-01     1.63767e+02
    1.55353e-01     1.61378e+02
    1.56362e-01     1.59052e+02
    1.57378e-01     1.56793e+02
    1.58400e-01     1.54605e+02
    1.59429e-01     1.52492e+02
    1.60465e-01     1.50457e+02
    1.61507e-01     1.48504e+02
    1.62556e-01     1.46633e+02
    1.63612e-01     1.44846e+02
    1.64675e-01     1.43140e+02
    1.65744e-01     1.41515e+02
    1.66821e-01     1.39971e+02
    1.67905e-01     1.38506e+02
    1.68995e-01     1.37118e+02
    1.70093e-01     1.35803e+02
    1.71198e-01     1.34556e+02
    1.72310e-01     1.33371e+02
    1.73429e-01     1.32244e+02
    1.74556e-01     1.31171e+02
    1.75689e-01     1.30145e+02
    1.76831e-01     1.29159e+02
    1.77979e-01     1.28205e+02
    1.79135e-01     1.27278e+02
    1.80299e-01     1.26370e+02
    1.81470e-01     1.25474e+02
    1.82649e-01     1.24583e+02
    1.83835e-01     1.23689e+02
    1.85029e-01     1.22787e+02
    1.86231e-01     1.21869e+02
    1.87441e-01     1.20929e+02
    1.88658e-01     1.19962e+02
    1.89884e-01     1.18964e+02
    1.91117e-01     1.17930e+02
    1.92359e-01     1.16858e+02
    1.93608e-01     1.15744e+02
    1.94866e-01     1.14586e+02
    1.96131e-01     1.13383e+02
    1.97405e-01     1.12139e+02
    1.98688e-01     1.10852e+02
    1.99978e-01     1.09524e+02
    2.01277e-01     1.08157e+02
    2.02585e-01     1.06757e+02
    2.03901e-01     1.05327e+02
    2.05225e-01     1.03874e+02
    2.06558e-01     1.02401e+02
    2.07900e-01     1.00915e+02
    2.09250e-01     9.94221e+01
    2.10609e-01     9.79295e+01
    2.11977e-01     9.64438e+01
    2.13354e-01     9.49718e+01
    2.14740e-01     9.35188e+01
    2.16135e-01     9.20909e+01
    2.17539e-01     9.06940e+01
    2.18952e-01     8.93337e+01
    2.20374e-01     8.80150e+01
    2.21806e-01     8.67412e+01
    2.23246e-01     8.55142e+01
    2.24696e-01     8.43377e+01
    2.26156e-01     8.32135e+01
    2.27625e-01     8.21419e+01
    2.29104e-01     8.11219e+01
    2.30592e-01     8.01526e+01
    2.32089e-01     7.92324e+01
    2.33597e-01     7.83601e+01
    2.35114e-01     7.75308e+01
    2.36642e-01     7.67409e+01
    2.38179e-01     7.59853e+01
    2.39726e-01     7.52603e+01
    2.41283e-01     7.45603e+01
    2.42850e-01     7.38792e+01
    2.44428e-01     7.32116e+01
    2.46015e-01     7.25520e+01
    2.47613e-01     7.18948e+01
    2.49222e-01     7.12356e+01
    2.50841e-01     7.05689e+01
    2.52470e-01     6.98898e+01
    2.54110e-01     6.91956e+01
    2.55760e-01     6.84832e+01
    2.57422e-01     6.77511e+01
    2.59094e-01     6.69968e+01
    2.60777e-01     6.62204e+01
    2.62471e-01     6.54225e+01
    2.64176e-01     6.46040e+01
    2.65892e-01     6.37666e+01
    2.67619e-01     6.29130e+01
    2.69357e-01     6.20474e+01
    2.71107e-01     6.11727e+01
    2.72868e-01     6.02929e+01
    2.74640e-01     5.94129e+01
    2.76424e-01     5.85373e+01
    2.78219e-01     5.76702e+01
    2.80027e-01     5.68161e+01
    2.81846e-01     5.59786e+01
    2.83676e-01     5.51616e+01
    2.85519e-01     5.43684e+01
    2.87374e-01     5.36006e+01
    2.89240e-01     5.28603e+01
    2.91119e-01     5.21491e+01
    2.93010e-01     5.14669e+01
    2.94913e-01     5.08130e+01
    2.96829e-01     5.01867e+01
    2.98757e-01     4.95866e+01
    3.00698e-01     4.90099e+01
    3.02651e-01     4.84539e+01
    3.04617e-01     4.79161e+01
    3.06595e-01     4.73924e+01
    3.08587e-01     4.68796e+01
    3.10591e-01     4.63742e+01
    3.12609e-01     4.58728e+01
    3.14639e-01     4.53723e+01
    3.16683e-01     4.48693e+01
    3.18740e-01     4.43620e+01
    3.20810e-01     4.38486e+01
    3.22894e-01     4.33272e+01
    3.24992e-01     4.27976e+01
    3.27103e-01     4.22598e+01
    3.29227e-01     4.17141e+01
    3.31366e-01     4.11613e+01
    3.33518e-01     4.06034e+01
    3.35685e-01     4.00427e+01
    3.37865e-01     3.94813e+01
    3.40060e-01     3.89215e+01
    3.42269e-01     3.83662e+01
    3.44492e-01     3.78171e+01
    3.46729e-01     3.72774e+01
    3.48982e-01     3.67490e+01
    3.51248e-01     3.62334e+01
    3.53530e-01     3.57319e+01
    3.55826e-01     3.52452e+01
    3.58138e-01     3.47743e+01
    3.60464e-01     3.43182e+01
    3.62805e-01     3.38770e+01
    3.65162e-01     3.34490e+01
    3.67534e-01     3.30332e+01
    3.69921e-01     3.26278e+01
    3.72324e-01     3.22313e+01
    3.74743e-01     3.18412e+01
    3.77177e-01     3.14561e+01
    3.79627e-01     3.10741e+01
    3.82093e-01     3.06935e+01
    3.84574e-01     3.03131e+01
    3.87072e-01     2.99317e+01
    3.89587e-01     2.95489e+01
    3.92117e-01     2.91647e+01
    3.94664e-01     2.87787e+01
    3.97228e-01     2.83917e+01
    3.99808e-01     2.80047e+01
    4.02405e-01     2.76183e+01
    4.05019e-01     2.72339e+01
    4.07650e-01     2.68530e+01
    4.10298e-01     2.64769e+01
    4.12963e-01     2.61063e+01
    4.15645e-01     2.57427e+01
    4.18345e-01     2.53865e+01
    4.21062e-01     2.50383e+01
    4.23797e-01     2.46985e+01
    4.26550e-01     2.43666e+01
    4.29321e-01     2.40430e+01
    4.32110e-01     2.37265e+01
    4.34916e-01     2.34167e+01
    4.37741e-01     2.31125e+01
    4.40585e-01     2.28129e+01
    4.43447e-01     2.25176e+01
    4.46327e-01     2.22248e+01
    4.49226e-01     2.19346e+01
    4.52144e-01     2.16457e+01
    4.55081e-01     2.13582e+01
    4.58037e-01     2.10720e+01
    4.61012e-01     2.07865e+01
    4.64007e-01     2.05027e+01
    4.67021e-01     2.02203e+01
    4.70054e-01     1.99403e+01
    4.73108e-01     1.96632e+01
    4.76181e-01     1.93891e+01
    4.79274e-01     1.91190e+01
    4.82387e-01     1.88531e+01
    4.85520e-01     1.85922e+01
    4.88674e-01     1.83359e+01
    4.91848e-01     1.80846e+01
    4.95043e-01     1.78376e+01
    4.98259e-01     1.75953e+01
    5.01495e-01     1.73573e+01
    5.04753e-01     1.71228e+01
    5.08031e-01     1.68917e+01
    5.11331e-01     1.66633e+01
    5.14653e-01     1.64378e+01
    5.17995e-01     1.62142e+01
    5.21360e-01     1.59925e+01
    5.24747e-01     1.57728e+01
    5.28155e-01     1.55552e+01
    5.31586e-01     1.53394e+01
    5.35039e-01     1.51258e+01
    5.38514e-01     1.49146e+01
    5.42012e-01     1.47059e+01
    5.45533e-01     1.45000e+01
    5.49076e-01     1.42972e+01
    5.52643e-01     1.40975e+01
    5.56233e-01     1.39007e+01
    5.59846e-01     1.37074e+01
    5.63482e-01     1.35170e+01
    5.67142e-01     1.33295e+01
    5.70826e-01     1.31447e+01
    5.74534e-01     1.29626e+01
    5.78266e-01     1.27829e+01
    5.82022e-01     1.26051e+01
    5.85803e-01     1.24298e+01
    5.89608e-01     1.22562e+01
    5.93437e-01     1.20846e+01
    5.97292e-01     1.19149e+01
    6.01172e-01     1.17472e+01
    6.05077e-01     1.15816e+01
    6.09007e-01     1.14182e+01
    6.12963e-01     1.12570e+01
    6.16945e-01     1.10979e+01
    6.20952e-01     1.09412e+01
    6.24985e-01     1.07867e+01
    6.29045e-01     1.06345e+01
    6.33131e-01     1.04842e+01
    6.37244e-01     1.03361e+01
    6.41383e-01     1.01899e+01
    6.45549e-01     1.00458e+01
    6.49742e-01     9.90363e+00
    6.53963e-01     9.76340e+00
    6.58210e-01     9.62505e+00
    6.62486e-01     9.48857e+00
    6.66789e-01     9.35393e+00
    6.71120e-01     9.22110e+00
    6.75479e-01     9.09003e+00
    6.79867e-01     8.96070e+00
    6.84283e-01     8.83309e+00
    6.88728e-01     8.70719e+00
    6.93202e-01     8.58297e+00
    6.97704e-01     8.46039e+00
    7.02236e-01     8.33949e+00
    7.06798e-01     8.22020e+00
    7.11389e-01     8.10252e+00
    7.16010e-01     7.98644e+00
    7.20661e-01     7.87192e+00
    7.25342e-01     7.75898e+00
    7.30053e-01     7.64755e+00
    7.34795e-01     7.53767e+00
    7.39568e-01     7.42928e+00
    7.44372e-01     7.32239e+00
    7.49207e-01     7.21693e+00
    7.54074e-01     7.11296e+00
    7.58972e-01     7.01040e+00
    7.63902e-01     6.90925e+00
    7.68864e-01     6.80949e+00
    7.73858e-01     6.71110e+00
    7.78884e-01     6.61407e+00
    7.83944e-01     6.51838e+00
    7.89036e-01     6.42401e+00
    7.94161e-01     6.33093e+00
    7.99320e-01     6.23915e+00
    8.04512e-01     6.14862e+00
    8.09737e-01     6.05932e+00
    8.14997e-01     5.97128e+00
    8.20291e-01     5.88446e+00
    8.25619e-01     5.79884e+00
    8.30982e-01     5.71441e+00
    8.36380e-01     5.63115e+00
    8.41812e-01     5.54905e+00
    8.47280e-01     5.46809e+00
    8.52784e-01     5.38828e+00
    8.58323e-01     5.30956e+00
    8.63899e-01     5.23195e+00
    8.69510e-01     5.15541e+00
    8.75158e-01     5.07997e+00
    8.80843e-01     5.00556e+00
    8.86564e-01     4.93221e+00
    8.92323e-01     4.85987e+00
    8.98119e-01     4.78856e+00
    9.03953e-01     4.71827e+00
    9.09825e-01     4.64893e+00
    9.15734e-01     4.58059e+00
    9.21683e-01     4.51321e+00
    9.27669e-01     4.44678e+00
    9.33695e-01     4.38129e+00
    9.39760e-01     4.31672e+00
    9.45864e-01     4.25305e+00
    9.52008e-01     4.19029e+00
    9.58192e-01     4.12843e+00
    9.64416e-01     4.06743e+00
    9.70680e-01     4.00728e+00
    9.76985e-01     3.94802e+00
    9.83332e-01     3.88957e+00
    9.89719e-01     3.83197e+00
    9.96148e-01     3.77519e+00
    1.00262e+00     3.71922e+00
    1.00913e+00     3.66403e+00
    1.01569e+00     3.60965e+00
    1.02228e+00     3.55600e+00
    1.02892e+00     3.50314e+00
    1.03561e+00     3.45106e+00
    1.04233e+00     3.39969e+00
    1.04910e+00     3.34906e+00
    1.05592e+00     3.29917e+00
    1.06278e+00     3.24997e+00
    1.06968e+00     3.20147e+00
    1.07663e+00     3.15367e+00
    1.08362e+00     3.10655e+00
    1.09066e+00     3.06011e+00
    1.09775e+00     3.01435e+00
    1.10488e+00     2.96923e+00
    1.11205e+00     2.92475e+00
    1.11928e+00     2.88094e+00
    1.12655e+00     2.83775e+00
    1.13386e+00     2.79515e+00
    1.14123e+00     2.75321e+00
    1.14864e+00     2.71186e+00
    1.15610e+00     2.67111e+00
    1.16361e+00     2.63097e+00
    1.17117e+00     2.59141e+00
    1.17878e+00     2.55242e+00
    1.18643e+00     2.51399e+00
    1.19414e+00     2.47614e+00
    1.20190e+00     2.43883e+00
    1.20970e+00     2.40205e+00
    1.21756e+00     2.36584e+00
    1.22547e+00     2.33014e+00
    1.23343e+00     2.29496e+00
    1.24144e+00     2.26030e+00
    1.24951e+00     2.22616e+00
    1.25762e+00     2.19250e+00
    1.26579e+00     2.15933e+00
    1.27401e+00     2.12665e+00
    1.28229e+00     2.09446e+00
    1.29062e+00     2.06274e+00
    1.29900e+00     2.03146e+00
    1.30744e+00     2.00066e+00
    1.31593e+00     1.97029e+00
    1.32448e+00     1.94039e+00
    1.33308e+00     1.91090e+00
    1.34174e+00     1.88184e+00
    1.35046e+00     1.85322e+00
    1.35923e+00     1.82501e+00
    1.36806e+00     1.79721e+00
    1.37695e+00     1.76982e+00
    1.38589e+00     1.74284e+00
    1.39489e+00     1.71625e+00
    1.40395e+00     1.69005e+00
    1.41307e+00     1.66423e+00
    1.42225e+00     1.63881e+00
    1.43149e+00     1.61377e+00
    1.44079e+00     1.58909e+00
    1.45015e+00     1.56477e+00
    1.45956e+00     1.54082e+00
    1.46905e+00     1.51723e+00
    1.47859e+00     1.49398e+00
    1.48819e+00     1.47107e+00
    1.49786e+00     1.44852e+00
    1.50759e+00     1.42630e+00
    1.51738e+00     1.40441e+00
    1.52724e+00     1.38285e+00
    1.53716e+00     1.36161e+00
    1.54714e+00     1.34068e+00
    1.55719e+00     1.32008e+00
    1.56731e+00     1.29978e+00
    1.57749e+00     1.27978e+00
    1.58773e+00     1.26008e+00
    1.59805e+00     1.24068e+00
    1.60843e+00     1.22156e+00
    1.61887e+00     1.20273e+00
    1.62939e+00     1.18419e+00
    1.63997e+00     1.16591e+00
    1.65063e+00     1.14791e+00
    1.66135e+00     1.13018e+00
    1.67214e+00     1.11270e+00
    1.68300e+00     1.09550e+00
    1.69393e+00     1.07854e+00
    1.70494e+00     1.06185e+00
    1.71601e+00     1.04539e+00
    1.72716e+00     1.02919e+00
    1.73838e+00     1.01324e+00
    1.74967e+00     9.97517e-01
    1.76103e+00     9.82032e-01
    1.77247e+00     9.66786e-01
    1.78398e+00     9.51770e-01
    1.79557e+00     9.36979e-01
    1.80724e+00     9.22421e-01
    1.81897e+00     9.08076e-01
    1.83079e+00     8.93945e-01
    1.84268e+00     8.80038e-01
    1.85465e+00     8.66339e-01
    1.86670e+00     8.52846e-01
    1.87882e+00     8.39553e-01
    1.89103e+00     8.26478e-01
    1.90331e+00     8.13591e-01
    1.91567e+00     8.00895e-01
    1.92812e+00     7.88403e-01
    1.94064e+00     7.76095e-01
    1.95325e+00     7.63979e-01
    1.96593e+00     7.52045e-01
    1.97870e+00     7.40300e-01
    1.99156e+00     7.28723e-01
    2.00449e+00     7.17326e-01
    2.01751e+00     7.06104e-01
    2.03062e+00     6.95057e-01
    2.04381e+00     6.84170e-01
    2.05708e+00     6.73452e-01
    2.07045e+00     6.62899e-01
    2.08389e+00     6.52492e-01
    2.09743e+00     6.42256e-01
    2.11105e+00     6.32167e-01
    2.12477e+00     6.22239e-01
    2.13857e+00     6.12465e-01
    2.15246e+00     6.02838e-01
    2.16644e+00     5.93347e-01
    2.18051e+00     5.84010e-01
    2.19468e+00     5.74820e-01
    2.20893e+00     5.65761e-01
    2.22328e+00     5.56856e-01
    2.23772e+00     5.48074e-01
    2.25226e+00     5.39435e-01
    2.26689e+00     5.30927e-01
    2.28161e+00     5.22549e-01
    2.29643e+00     5.14303e-01
    2.31135e+00     5.06187e-01
    2.32636e+00     4.98189e-01
    2.34147e+00     4.90321e-01
    2.35668e+00     4.82572e-01
    2.37199e+00     4.74942e-01
    2.38740e+00     4.67438e-01
    2.40290e+00     4.60041e-01
    2.41851e+00     4.52763e-01
    2.43422e+00     4.45600e-01
    2.45003e+00     4.38544e-01
    2.46595e+00     4.31595e-01
    2.48197e+00     4.24760e-01
    2.49809e+00     4.18026e-01
    2.51431e+00     4.11397e-01
    2.53065e+00     4.04873e-01
    2.54708e+00     3.98447e-01
    2.56363e+00     3.92122e-01
    2.58028e+00     3.85894e-01
    2.59704e+00     3.79761e-01
    2.61391e+00     3.73724e-01
    2.63089e+00     3.67779e-01
    2.64798e+00     3.61926e-01
    2.66518e+00     3.56164e-01
    2.68249e+00     3.50490e-01
    2.69991e+00     3.44906e-01
    2.71745e+00     3.39408e-01
    2.73510e+00     3.33996e-01
    2.75287e+00     3.28669e-01
    2.77075e+00     3.23424e-01
    2.78875e+00     3.18262e-01
    2.80686e+00     3.13179e-01
    2.82509e+00     3.08178e-01
    2.84344e+00     3.03254e-01
    2.86191e+00     2.98407e-01
    2.88050e+00     2.93637e-01
    2.89921e+00     2.88942e-01
    2.91805e+00     2.84322e-01
    2.93700e+00     2.79772e-01
    2.95608e+00     2.75296e-01
    2.97528e+00     2.70889e-01
    2.99461e+00     2.66552e-01
    3.01406e+00     2.62283e-01
    3.03364e+00     2.58082e-01
    3.05334e+00     2.53945e-01
    3.07317e+00     2.49875e-01
    3.09314e+00     2.45869e-01
    3.11323e+00     2.41925e-01
    3.13345e+00     2.38043e-01
    3.15380e+00     2.34222e-01
    3.17429e+00     2.30461e-01
    3.19491e+00     2.26759e-01
    3.21566e+00     2.23115e-01
    3.23655e+00     2.19527e-01
    3.25757e+00     2.15996e-01
    3.27873e+00     2.12520e-01
    3.30003e+00     2.09098e-01
    3.32146e+00     2.05730e-01
    3.34304e+00     2.02415e-01
    3.36475e+00     1.99152e-01
    3.38661e+00     1.95940e-01
    3.40861e+00     1.92780e-01
    3.43075e+00     1.89669e-01
    3.45303e+00     1.86607e-01
    3.47546e+00     1.83595e-01
    3.49804e+00     1.80630e-01
    3.52076e+00     1.77711e-01
    3.54363e+00     1.74840e-01
    3.56664e+00     1.72014e-01
    3.58981e+00     1.69233e-01
    3.61313e+00     1.66496e-01
    3.63660e+00     1.63803e-01
    3.66022e+00     1.61153e-01
    3.68400e+00     1.58546e-01
    3.70793e+00     1.55979e-01
    3.73201e+00     1.53454e-01
    3.75625e+00     1.50969e-01
    3.78065e+00     1.48524e-01
    3.80521e+00     1.46118e-01
    3.82993e+00     1.43749e-01
    3.85480e+00     1.41419e-01
    3.87984e+00     1.39126e-01
    3.90504e+00     1.36869e-01
    3.93041e+00     1.34649e-01
    3.95594e+00     1.32463e-01
    3.98163e+00     1.30312e-01
    4.00750e+00     1.28196e-01
    4.03353e+00     1.26113e-01
    4.05973e+00     1.24062e-01
    4.08610e+00     1.22044e-01
    4.11264e+00     1.20059e-01
    4.13935e+00     1.18104e-01
    4.16624e+00     1.16181e-01
    4.19330e+00     1.14289e-01
    4.22054e+00     1.12426e-01
    4.24796e+00     1.10594e-01
    4.27555e+00     1.08790e-01
    4.30332e+00     1.07016e-01
    4.33127e+00     1.05270e-01
    4.35941e+00     1.03553e-01
    4.38772e+00     1.01863e-01
    4.41622e+00     1.00199e-01
    4.44491e+00     9.85633e-02
    4.47378e+00     9.69537e-02
    4.50284e+00     9.53697e-02
    4.53209e+00     9.38115e-02
    4.56153e+00     9.22785e-02
    4.59116e+00     9.07701e-02
    4.62098e+00     8.92865e-02
    4.65100e+00     8.78262e-02
    4.68121e+00     8.63900e-02
    4.71161e+00     8.49766e-02
    4.74222e+00     8.35862e-02
    4.77302e+00     8.22184e-02
    4.80403e+00     8.08728e-02
    4.83523e+00     7.95485e-02
    4.86664e+00     7.82456e-02
    4.89825e+00     7.69638e-02
    4.93007e+00     7.57022e-02
    4.96209e+00     7.44614e-02
    4.99432e+00     7.32400e-02
    5.02676e+00     7.20383e-02
    5.05941e+00     7.08558e-02
    5.09228e+00     6.96925e-02
    5.12535e+00     6.85474e-02
    5.15865e+00     6.74214e-02
    5.19215e+00     6.63129e-02
    5.22588e+00     6.52222e-02
    5.25983e+00     6.41496e-02
    5.29399e+00     6.30939e-02
    5.32838e+00     6.20557e-02
    5.36299e+00     6.10337e-02
    5.39782e+00     6.00289e-02
    5.43289e+00     5.90399e-02
    5.46818e+00     5.80674e-02
    5.50370e+00     5.71104e-02
    5.53944e+00     5.61692e-02
    5.57543e+00     5.52435e-02
    5.61164e+00     5.43324e-02
    5.64809e+00     5.34366e-02
    5.68478e+00     5.25550e-02
    5.72171e+00     5.16880e-02
    5.75887e+00     5.08353e-02
    5.79628e+00     4.99963e-02
    5.83393e+00     4.91715e-02
    5.87182e+00     4.83596e-02
    5.90996e+00     4.75610e-02
    5.94835e+00     4.67756e-02
    5.98699e+00     4.60030e-02
    6.02588e+00     4.52429e-02
    6.06502e+00     4.44954e-02
    6.10442e+00     4.37600e-02
    6.14407e+00     4.30365e-02
    6.18398e+00     4.23246e-02
    6.22414e+00     4.16245e-02
    6.26457e+00     4.09354e-02
    6.30527e+00     4.02576e-02
    6.34622e+00     3.95910e-02
    6.38744e+00     3.89349e-02
    6.42893e+00     3.82894e-02
    6.47069e+00     3.76546e-02
    6.51272e+00     3.70300e-02
    6.55503e+00     3.64156e-02
    6.59761e+00     3.58113e-02
    6.64046e+00     3.52165e-02
    6.68359e+00     3.46318e-02
    6.72701e+00     3.40565e-02
    6.77070e+00     3.34907e-02
    6.81468e+00     3.29344e-02
    6.85895e+00     3.23870e-02
    6.90350e+00     3.18489e-02
    6.94834e+00     3.13193e-02
    6.99348e+00     3.07986e-02
    7.03890e+00     3.02865e-02
    7.08462e+00     2.97829e-02
    7.13064e+00     2.92875e-02
    7.17696e+00     2.88000e-02
    7.22358e+00     2.83211e-02
    7.27050e+00     2.78495e-02
    7.31773e+00     2.73861e-02
    7.36526e+00     2.69300e-02
    7.41310e+00     2.64820e-02
    7.46125e+00     2.60408e-02
    7.50972e+00     2.56071e-02
    7.55850e+00     2.51807e-02
    7.60759e+00     2.47609e-02
    7.65701e+00     2.43483e-02
    7.70675e+00     2.39424e-02
    7.75680e+00     2.35430e-02
    7.80719e+00     2.31504e-02
    7.85790e+00     2.27639e-02
    7.90894e+00     2.23840e-02
    7.96032e+00     2.20099e-02
    8.01202e+00     2.16422e-02
    8.06407e+00     2.12807e-02
    8.11645e+00     2.09249e-02
    8.16917e+00     2.05750e-02
    8.22223e+00     2.02308e-02
    8.27564e+00     1.98923e-02
    8.32939e+00     1.95593e-02
    8.38350e+00     1.92319e-02
    8.43795e+00     1.89100e-02
    8.49276e+00     1.85933e-02
    8.54793e+00     1.82820e-02
    8.60345e+00     1.79758e-02
    8.65933e+00     1.76744e-02
    8.71558e+00     1.73783e-02
    8.77219e+00     1.70872e-02
    8.82917e+00     1.68008e-02
    8.88652e+00     1.65191e-02
    8.94425e+00     1.62423e-02
    9.00234e+00     1.59697e-02
    9.06082e+00     1.57021e-02
    9.11967e+00     1.54389e-02
    9.17891e+00     1.51797e-02
    9.23853e+00     1.49252e-02
    9.29854e+00     1.46748e-02
    9.35894e+00     1.44286e-02
    9.41973e+00     1.41864e-02
    9.48092e+00     1.39482e-02
    9.54250e+00     1.37140e-02
    9.60449e+00     1.34837e-02
    9.66687e+00     1.32572e-02
    9.72967e+00     1.30344e-02
    9.79287e+00     1.28153e-02
    9.85648e+00     1.25998e-02
    9.92050e+00     1.23878e-02
    9.98494e+00     1.21793e-02
    1.00498e+01     1.19743e-02
    1.01151e+01     1.17727e-02
    1.01808e+01     1.15744e-02
    1.02469e+01     1.13793e-02
    1.03135e+01     1.11876e-02
    1.03805e+01     1.09991e-02
    1.04479e+01     1.08136e-02
    1.05157e+01     1.06312e-02
    1.05841e+01     1.04520e-02
    1.06528e+01     1.02756e-02
    1.07220e+01     1.01023e-02
    1.07916e+01     9.93181e-03
    1.08617e+01     9.76422e-03
    1.09323e+01     9.59950e-03
    1.10033e+01     9.43745e-03
    1.10748e+01     9.27817e-03
    1.11467e+01     9.12154e-03
    1.12191e+01     8.96754e-03
    1.12920e+01     8.81615e-03
    1.13653e+01     8.66722e-03
    1.14392e+01     8.52092e-03
    1.15135e+01     8.37700e-03
    1.15883e+01     8.23549e-03
    1.16635e+01     8.09631e-03
    1.17393e+01     7.95953e-03
    1.18155e+01     7.82497e-03
    1.18923e+01     7.69272e-03
    1.19695e+01     7.56262e-03
    1.20473e+01     7.43473e-03
    1.21255e+01     7.30893e-03
    1.22043e+01     7.18526e-03
    1.22836e+01     7.06365e-03
    1.23634e+01     6.94402e-03
    1.24437e+01     6.82638e-03
    1.25245e+01     6.71068e-03
    1.26059e+01     6.59694e-03
    1.26877e+01     6.48504e-03
    1.27701e+01     6.37504e-03
    1.28531e+01     6.26692e-03
    1.29366e+01     6.16061e-03
    1.30206e+01     6.05602e-03
    1.31052e+01     5.95325e-03
    1.31903e+01     5.85218e-03
    1.32760e+01     5.75282e-03
    1.33622e+01     5.65513e-03
    1.34490e+01     5.55908e-03
    1.35364e+01     5.46467e-03
    1.36243e+01     5.37183e-03
    1.37128e+01     5.28059e-03
    1.38019e+01     5.19089e-03
    1.38915e+01     5.10267e-03
    1.39818e+01     5.01598e-03
    1.40726e+01     4.93073e-03
    1.41640e+01     4.84693e-03
    1.42560e+01     4.76454e-03
    1.43486e+01     4.68355e-03
    1.44418e+01     4.60393e-03
    1.45356e+01     4.52565e-03
    1.46300e+01     4.44868e-03
    1.47251e+01     4.37303e-03
    1.48207e+01     4.29863e-03
    1.49170e+01     4.22551e-03
    1.50139e+01     4.15358e-03
    1.51114e+01     4.08288e-03
    1.52095e+01     4.01333e-03
    1.53083e+01     3.94497e-03
    1.54078e+01     3.87776e-03
    1.55079e+01     3.81166e-03
    1.56086e+01     3.74667e-03
    1.57100e+01     3.68277e-03
    1.58120e+01     3.61993e-03
    1.59147e+01     3.55815e-03
    1.60181e+01     3.49741e-03
    1.61221e+01     3.43770e-03
    1.62269e+01     3.37902e-03
    1.63323e+01     3.32131e-03
    1.64384e+01     3.26459e-03
    1.65451e+01     3.20882e-03
    1.66526e+01     3.15399e-03
    1.67608e+01     3.10010e-03
    1.68696e+01     3.04712e-03
    1.69792e+01     2.99506e-03
    1.70895e+01     2.94386e-03
    1.72005e+01     2.89354e-03
    1.73122e+01     2.84408e-03
    1.74247e+01     2.79547e-03
    1.75379e+01     2.74769e-03
    1.76518e+01     2.70071e-03
    1.77665e+01     2.65453e-03
    1.78819e+01     2.60914e-03
    1.79980e+01     2.56452e-03
    1.81149e+01     2.52066e-03
    1.82326e+01     2.47754e-03
    1.83510e+01     2.43516e-03
    1.84702e+01     2.39348e-03
    1.85902e+01     2.35252e-03
    1.87109e+01     2.31224e-03
    1.88325e+01     2.27266e-03
    1.89548e+01     2.23374e-03
    1.90779e+01     2.19547e-03
    1.92019e+01     2.15784e-03
    1.93266e+01     2.12085e-03
    1.94521e+01     2.08447e-03
    1.95785e+01     2.04872e-03
    1.97056e+01     2.01357e-03
    1.98336e+01     1.97901e-03
    1.99625e+01     1.94504e-03
    2.00921e+01     1.91164e-03
    2.02226e+01     1.87881e-03
    2.03540e+01     1.84654e-03
    2.04862e+01     1.81482e-03
    2.06193e+01     1.78364e-03
    2.07532e+01     1.75298e-03
    2.08880e+01     1.72286e-03
    2.10237e+01     1.69326e-03
    2.11603e+01     1.66415e-03
    2.12977e+01     1.63555e-03
    2.14360e+01     1.60743e-03
    2.15753e+01     1.57980e-03
    2.17154e+01     1.55264e-03
    2.18565e+01     1.52595e-03
    2.19985e+01     1.49972e-03
    2.21413e+01     1.47393e-03
    2.22852e+01     1.44859e-03
    2.24299e+01     1.42368e-03
    2.25756e+01     1.39918e-03
    2.27223e+01     1.37512e-03
    2.28698e+01     1.35146e-03
    2.30184e+01     1.32821e-03
    2.31679e+01     1.30535e-03
    2.33184e+01     1.28289e-03
    2.34699e+01     1.26080e-03
    2.36223e+01     1.23909e-03
    2.37758e+01     1.21775e-03
    2.39302e+01     1.19676e-03
    2.40856e+01     1.17612e-03
    2.42421e+01     1.15584e-03
    2.43996e+01     1.13592e-03
    2.45580e+01     1.11632e-03
    2.47176e+01     1.09705e-03
    2.48781e+01     1.07812e-03
    2.50397e+01     1.05951e-03
    2.52024e+01     1.04121e-03
    2.53661e+01     1.02324e-03
    2.55308e+01     1.00556e-03
    2.56967e+01     9.88193e-04
    2.58636e+01     9.71114e-04
    2.60316e+01     9.54334e-04
    2.62007e+01     9.37850e-04
    2.63709e+01     9.21648e-04
    2.65421e+01     9.05709e-04
    2.67146e+01     8.90068e-04
    2.68881e+01     8.74686e-04
    2.70627e+01     8.59566e-04
    2.72385e+01     8.44709e-04
    2.74154e+01     8.30098e-04
    2.75935e+01     8.15757e-04
    2.77728e+01     8.01650e-04
    2.79532e+01     7.87795e-04
    2.81347e+01     7.74167e-04
    2.83175e+01     7.60781e-04
    2.85014e+01     7.47631e-04
    2.86866e+01     7.34696e-04
    2.88729e+01     7.21983e-04
    2.90604e+01     7.09490e-04
    2.92492e+01     6.97220e-04
    2.94392e+01     6.85146e-04
    2.96304e+01     6.73289e-04
    2.98229e+01     6.61627e-04
    3.00166e+01     6.50156e-04
    3.02116e+01     6.38889e-04
    3.04078e+01     6.27811e-04
    3.06053e+01     6.16922e-04
    3.08041e+01     6.06222e-04
    3.10042e+01     5.95708e-04
    3.12056e+01     5.85370e-04
    3.14083e+01     5.75204e-04
    3.16123e+01     5.65222e-04
    3.18176e+01     5.55410e-04
    3.20243e+01     5.45770e-04
    3.22323e+01     5.36288e-04
    3.24417e+01     5.26975e-04
    3.26524e+01     5.17817e-04
    3.28645e+01     5.08826e-04
    3.30780e+01     4.99988e-04
    3.32929e+01     4.91303e-04
    3.35091e+01     4.82767e-04
    3.37268e+01     4.74380e-04
    3.39458e+01     4.66137e-04
    3.41663e+01     4.58037e-04
    3.43883e+01     4.50079e-04
    3.46116e+01     4.42257e-04
    3.48365e+01     4.34572e-04
    3.50627e+01     4.27019e-04
    3.52905e+01     4.19597e-04
    3.55197e+01     4.12303e-04
    3.57505e+01     4.05136e-04
    3.59827e+01     3.98092e-04
    3.62164e+01     3.91169e-04
    3.64516e+01     3.84364e-04
    3.66884e+01     3.77676e-04
    3.69267e+01     3.71104e-04
    3.71666e+01     3.64644e-04
    3.74080e+01     3.58294e-04
    3.76510e+01     3.52053e-04
    3.78956e+01     3.45919e-04
    3.81417e+01     3.39889e-04
    3.83895e+01     3.33964e-04
    3.86388e+01     3.28139e-04
    3.88898e+01     3.22416e-04
    3.91424e+01     3.16792e-04
    3.93967e+01     3.11264e-04
    3.96526e+01     3.05833e-04
    3.99101e+01     3.00495e-04
    4.01694e+01     2.95251e-04
    4.04303e+01     2.90096e-04
    4.06929e+01     2.85031e-04
    4.09572e+01     2.80055e-04
    4.12233e+01     2.75165e-04
    4.14910e+01     2.70361e-04
    4.17605e+01     2.65639e-04
    4.20318e+01     2.61000e-04
    4.23048e+01     2.56442e-04
    4.25796e+01     2.51963e-04
    4.28562e+01     2.47563e-04
    4.31346e+01     2.43238e-04
    4.34147e+01     2.38989e-04
    4.36968e+01     2.34815e-04
    4.39806e+01     2.30711e-04
    4.42663e+01     2.26681e-04
    4.45538e+01     2.22719e-04
    4.48432e+01     2.18826e-04
    4.51345e+01     2.15000e-04
    4.54277e+01     2.11241e-04
    4.57227e+01     2.07547e-04
    4.60197e+01     2.03916e-04
    4.63186e+01     2.00347e-04
    4.66195e+01     1.96839e-04
    4.69223e+01     1.93392e-04
    4.72271e+01     1.90004e-04
    4.75339e+01     1.86675e-04
    4.78426e+01     1.83402e-04
    4.81534e+01     1.80187e-04
    4.84662e+01     1.77027e-04
    4.87810e+01     1.73921e-04
    4.90979e+01     1.70871e-04
    4.94168e+01     1.67872e-04
    4.97378e+01     1.64926e-04
    5.00608e+01     1.62031e-04
    5.03860e+01     1.59187e-04
    5.07133e+01     1.56393e-04
    5.10427e+01     1.53647e-04
    5.13743e+01     1.50950e-04
    5.17080e+01     1.48299e-04
    5.20438e+01     1.45696e-04
    5.23819e+01     1.43137e-04
    5.27221e+01     1.40624e-04
    5.30646e+01     1.38154e-04
    5.34093e+01     1.35729e-04
    5.37562e+01     1.33345e-04
    5.41054e+01     1.31004e-04
    5.44568e+01     1.28703e-04
    5.48106e+01     1.26443e-04
    5.51666e+01     1.24222e-04
    5.55249e+01     1.22040e-04
    5.58856e+01     1.19897e-04
    5.62486e+01     1.17790e-04
    5.66140e+01     1.15721e-04
    5.69817e+01     1.13688e-04
    5.73518e+01     1.11690e-04
    5.77244e+01     1.09726e-04
    5.80993e+01     1.07797e-04
    5.84767e+01     1.05901e-04
    5.88565e+01     1.04038e-04
    5.92388e+01     1.02208e-04
    5.96236e+01     1.00409e-04
    6.00109e+01     9.86419e-05
    6.04007e+01     9.69055e-05
    6.07930e+01     9.51990e-05
    6.11879e+01     9.35223e-05
    6.15854e+01     9.18753e-05
    6.19854e+01     9.02563e-05
    6.23880e+01     8.86659e-05
    6.27933e+01     8.71034e-05
    6.32012e+01     8.55685e-05
    6.36117e+01     8.40599e-05
    6.40249e+01     8.25780e-05
    6.44408e+01     8.11220e-05
    6.48593e+01     7.96906e-05
    6.52806e+01     7.82850e-05
    6.57047e+01     7.69037e-05
    6.61315e+01     7.55465e-05
    6.65610e+01     7.42126e-05
    6.69934e+01     7.29022e-05
    6.74285e+01     7.16143e-05
    6.78665e+01     7.03484e-05
    6.83073e+01     6.91048e-05
    6.87510e+01     6.78828e-05
    6.91976e+01     6.66813e-05
    6.96471e+01     6.55011e-05
    7.00995e+01     6.43405e-05
    7.05548e+01     6.32000e-05
    7.10131e+01     6.20788e-05
    7.14744e+01     6.09764e-05
    7.19386e+01     5.98931e-05
    7.24059e+01     5.88279e-05
    7.28762e+01     5.77805e-05
    7.33496e+01     5.67509e-05
    7.38261e+01     5.57385e-05
    7.43056e+01     5.47436e-05
    7.47883e+01     5.37662e-05
    7.52740e+01     5.28050e-05
    7.57630e+01     5.18611e-05
    7.62551e+01     5.09333e-05
    7.67504e+01     5.00220e-05
    7.72490e+01     4.91266e-05
    7.77507e+01     4.82469e-05
    7.82558e+01     4.73834e-05
    7.87641e+01     4.65350e-05
    7.92757e+01     4.57021e-05
    7.97906e+01     4.48845e-05
    8.03089e+01     4.40816e-05
    8.08306e+01     4.32935e-05
    8.13556e+01     4.25203e-05
    8.18841e+01     4.17612e-05
    8.24160e+01     4.10159e-05
    8.29513e+01     4.02853e-05
    8.34901e+01     3.95679e-05
    8.40324e+01     3.88646e-05
    8.45783e+01     3.81743e-05
    8.51276e+01     3.74973e-05
    8.56806e+01     3.68337e-05
    8.62371e+01     3.61831e-05
    8.67973e+01     3.55448e-05
    8.73611e+01     3.49194e-05
    8.79285e+01     3.43061e-05
    8.84997e+01     3.37055e-05
    8.90745e+01     3.31162e-05
    8.96531e+01     3.25396e-05
    9.02355e+01     3.19741e-05
    9.08216e+01     3.14202e-05
    9.14115e+01     3.08777e-05
    9.20053e+01     3.03457e-05
    9.26029e+01     2.98242e-05
    9.32044e+01     2.93126e-05
    9.38099e+01     2.88110e-05
    9.44192e+01     2.83183e-05
    9.50325e+01     2.78346e-05
    9.56498e+01     2.73594e-05
    9.62711e+01     2.68923e-05
    9.68964e+01     2.64331e-05
    9.75258e+01     2.59816e-05
    9.81593e+01     2.55372e-05
    9.87969e+01     2.50995e-05
    9.94386e+01     2.46680e-05
    1.00085e+02     2.42434e-05
    1.00735e+02     2.38241e-05
    1.01389e+02     2.34106e-05
    1.02048e+02     2.30023e-05
    1.02710e+02     2.25989e-05
    1.03378e+02     2.22005e-05
    1.04049e+02     2.18061e-05
    1.04725e+02     2.14158e-05
    1.05405e+02     2.10297e-05
    1.06090e+02     2.06470e-05
    1.06779e+02     2.02678e-05
    1.07473e+02     1.98917e-05
    1.08171e+02     1.95180e-05
    1.08873e+02     1.91472e-05
    1.09580e+02     1.87788e-05
    1.10292e+02     1.84124e-05
    1.11009e+02     1.80481e-05
    1.11730e+02     1.76854e-05
