    1.05035e-05     3.47963e+00
    1.05717e-05     3.50134e+00
    1.06404e-05     3.52320e+00
    1.07095e-05     3.54519e+00
    1.07791e-05     3.56733e+00
    1.08491e-05     3.58959e+00
    1.09196e-05     3.61201e+00
    1.09905e-05     3.63455e+00
    1.10619e-05     3.65724e+00
    1.11337e-05     3.68005e+00
    1.12060e-05     3.70301e+00
    1.12788e-05     3.72613e+00
    1.13521e-05     3.74940e+00
    1.14258e-05     3.77280e+00
    1.15001e-05     3.79637e+00
    1.15748e-05     3.82007e+00
    1.16499e-05     3.84389e+00
    1.17256e-05     3.86789e+00
    1.18018e-05     3.89205e+00
    1.18784e-05     3.91632e+00
    1.19556e-05     3.94078e+00
    1.20332e-05     3.96536e+00
    1.21114e-05     3.99012e+00
    1.21901e-05     4.01504e+00
    1.22693e-05     4.04011e+00
    1.23490e-05     4.06533e+00
    1.24292e-05     4.09070e+00
    1.25099e-05     4.11622e+00
    1.25912e-05     4.14193e+00
    1.26730e-05     4.16779e+00
    1.27553e-05     4.19380e+00
    1.28381e-05     4.21996e+00
    1.29215e-05     4.24631e+00
    1.30054e-05     4.27280e+00
    1.30899e-05     4.29948e+00
    1.31749e-05     4.32631e+00
    1.32605e-05     4.35332e+00
    1.33467e-05     4.38052e+00
    1.34334e-05     4.40786e+00
    1.35206e-05     4.43536e+00
    1.36084e-05     4.46304e+00
    1.36968e-05     4.49090e+00
    1.37858e-05     4.51894e+00
    1.38753e-05     4.54713e+00
    1.39655e-05     4.57554e+00
    1.40562e-05     4.60410e+00
    1.41475e-05     4.63283e+00
    1.42394e-05     4.66175e+00
    1.43319e-05     4.69085e+00
    1.44250e-05     4.72014e+00
    1.45187e-05     4.74960e+00
    1.46130e-05     4.77925e+00
    1.47079e-05     4.80907e+00
    1.48034e-05     4.83908e+00
    1.48996e-05     4.86930e+00
    1.49964e-05     4.89970e+00
    1.50938e-05     4.93028e+00
    1.51918e-05     4.96104e+00
    1.52905e-05     4.99202e+00
    1.53898e-05     5.02317e+00
    1.54898e-05     5.05454e+00
    1.55904e-05     5.08608e+00
    1.56917e-05     5.11784e+00
    1.57936e-05     5.14978e+00
    1.58962e-05     5.18193e+00
    1.59994e-05     5.21426e+00
    1.61034e-05     5.24683e+00
    1.62080e-05     5.27958e+00
    1.63132e-05     5.31251e+00
    1.64192e-05     5.34568e+00
    1.65259e-05     5.37907e+00
    1.66332e-05     5.41263e+00
    1.67412e-05     5.44640e+00
    1.68500e-05     5.48042e+00
    1.69594e-05     5.51461e+00
    1.70696e-05     5.54905e+00
    1.71805e-05     5.58369e+00
    1.72921e-05     5.61855e+00
    1.74044e-05     5.65361e+00
    1.75174e-05     5.68888e+00
    1.76312e-05     5.72440e+00
    1.77458e-05     5.76016e+00
    1.78610e-05     5.79609e+00
    1.79770e-05     5.83226e+00
    1.80938e-05     5.86868e+00
    1.82113e-05     5.90530e+00
    1.83296e-05     5.94217e+00
    1.84487e-05     5.97927e+00
    1.85685e-05     6.01658e+00
    1.86891e-05     6.05413e+00
    1.88105e-05     6.09193e+00
    1.89327e-05     6.12996e+00
    1.90557e-05     6.16823e+00
    1.91795e-05     6.20674e+00
    1.93041e-05     6.24549e+00
    1.94294e-05     6.28444e+00
    1.95557e-05     6.32370e+00
    1.96827e-05     6.36317e+00
    1.98105e-05     6.40287e+00
    1.99392e-05     6.44284e+00
    2.00687e-05     6.48305e+00
    2.01991e-05     6.52354e+00
    2.03303e-05     6.56425e+00
    2.04623e-05     6.60521e+00
    2.05953e-05     6.64647e+00
    2.07290e-05     6.68793e+00
    2.08637e-05     6.72970e+00
    2.09992e-05     6.77170e+00
    2.11356e-05     6.81395e+00
    2.12729e-05     6.85649e+00
    2.14111e-05     6.89929e+00
    2.15501e-05     6.94232e+00
    2.16901e-05     6.98566e+00
    2.18310e-05     7.02927e+00
    2.19728e-05     7.07313e+00
    2.21155e-05     7.11728e+00
    2.22592e-05     7.16170e+00
    2.24038e-05     7.20641e+00
    2.25493e-05     7.25139e+00
    2.26958e-05     7.29665e+00
    2.28432e-05     7.34219e+00
    2.29916e-05     7.38802e+00
    2.31409e-05     7.43413e+00
    2.32912e-05     7.48053e+00
    2.34425e-05     7.52721e+00
    2.35948e-05     7.57420e+00
    2.37481e-05     7.62149e+00
    2.39023e-05     7.66905e+00
    2.40576e-05     7.71693e+00
    2.42138e-05     7.76508e+00
    2.43711e-05     7.81356e+00
    2.45294e-05     7.86233e+00
    2.46888e-05     7.91144e+00
    2.48491e-05     7.96081e+00
    2.50105e-05     8.01050e+00
    2.51730e-05     8.06051e+00
    2.53365e-05     8.11082e+00
    2.55011e-05     8.16146e+00
    2.56667e-05     8.21239e+00
    2.58334e-05     8.26365e+00
    2.60012e-05     8.31523e+00
    2.61701e-05     8.36714e+00
    2.63401e-05     8.41938e+00
    2.65112e-05     8.47194e+00
    2.66834e-05     8.52482e+00
    2.68567e-05     8.57803e+00
    2.70312e-05     8.63159e+00
    2.72068e-05     8.68547e+00
    2.73835e-05     8.73968e+00
    2.75614e-05     8.79423e+00
    2.77404e-05     8.84911e+00
    2.79206e-05     8.90435e+00
    2.81019e-05     8.95992e+00
    2.82845e-05     9.01586e+00
    2.84682e-05     9.07212e+00
    2.86531e-05     9.12874e+00
    2.88392e-05     9.18572e+00
    2.90266e-05     9.24306e+00
    2.92151e-05     9.30074e+00
    2.94049e-05     9.35879e+00
    2.95959e-05     9.41721e+00
    2.97881e-05     9.47598e+00
    2.99816e-05     9.53511e+00
    3.01764e-05     9.59465e+00
    3.03724e-05     9.65453e+00
    3.05697e-05     9.71478e+00
    3.07682e-05     9.77540e+00
    3.09681e-05     9.83643e+00
    3.11692e-05     9.89782e+00
    3.13717e-05     9.95961e+00
    3.15755e-05     1.00218e+01
    3.17806e-05     1.00843e+01
    3.19870e-05     1.01473e+01
    3.21948e-05     1.02106e+01
    3.24039e-05     1.02744e+01
    3.26144e-05     1.03385e+01
    3.28262e-05     1.04030e+01
    3.30395e-05     1.04680e+01
    3.32541e-05     1.05333e+01
    3.34701e-05     1.05991e+01
    3.36875e-05     1.06652e+01
    3.39063e-05     1.07318e+01
    3.41265e-05     1.07988e+01
    3.43482e-05     1.08662e+01
    3.45713e-05     1.09340e+01
    3.47959e-05     1.10022e+01
    3.50219e-05     1.10709e+01
    3.52494e-05     1.11400e+01
    3.54783e-05     1.12095e+01
    3.57088e-05     1.12795e+01
    3.59407e-05     1.13499e+01
    3.61742e-05     1.14207e+01
    3.64092e-05     1.14920e+01
    3.66457e-05     1.15638e+01
    3.68837e-05     1.16359e+01
    3.71233e-05     1.17086e+01
    3.73644e-05     1.17816e+01
    3.76071e-05     1.18552e+01
    3.78514e-05     1.19292e+01
    3.80973e-05     1.20036e+01
    3.83447e-05     1.20785e+01
    3.85938e-05     1.21539e+01
    3.88445e-05     1.22298e+01
    3.90968e-05     1.23062e+01
    3.93507e-05     1.23830e+01
    3.96064e-05     1.24603e+01
    3.98636e-05     1.25380e+01
    4.01226e-05     1.26163e+01
    4.03832e-05     1.26951e+01
    4.06455e-05     1.27743e+01
    4.09095e-05     1.28540e+01
    4.11752e-05     1.29343e+01
    4.14427e-05     1.30150e+01
    4.17119e-05     1.30963e+01
    4.19828e-05     1.31780e+01
    4.22555e-05     1.32603e+01
    4.25300e-05     1.33430e+01
    4.28062e-05     1.34263e+01
    4.30843e-05     1.35101e+01
    4.33642e-05     1.35944e+01
    4.36458e-05     1.36793e+01
    4.39293e-05     1.37646e+01
    4.42147e-05     1.38505e+01
    4.45019e-05     1.39370e+01
    4.47909e-05     1.40240e+01
    4.50819e-05     1.41115e+01
    4.53747e-05     1.41996e+01
    4.56694e-05     1.42882e+01
    4.59661e-05     1.43774e+01
    4.62647e-05     1.44671e+01
    4.65652e-05     1.45574e+01
    4.68677e-05     1.46483e+01
    4.71721e-05     1.47397e+01
    4.74785e-05     1.48317e+01
    4.77869e-05     1.49243e+01
    4.80973e-05     1.50174e+01
    4.84097e-05     1.51112e+01
    4.87242e-05     1.52055e+01
    4.90406e-05     1.53004e+01
    4.93592e-05     1.53959e+01
    4.96798e-05     1.54919e+01
    5.00025e-05     1.55886e+01
    5.03273e-05     1.56860e+01
    5.06542e-05     1.57838e+01
    5.09832e-05     1.58824e+01
    5.13144e-05     1.59815e+01
    5.16477e-05     1.60812e+01
    5.19832e-05     1.61816e+01
    5.23208e-05     1.62825e+01
    5.26607e-05     1.63842e+01
    5.30028e-05     1.64864e+01
    5.33470e-05     1.65893e+01
    5.36936e-05     1.66928e+01
    5.40423e-05     1.67970e+01
    5.43934e-05     1.69018e+01
    5.47467e-05     1.70073e+01
    5.51023e-05     1.71134e+01
    5.54602e-05     1.72202e+01
    5.58205e-05     1.73277e+01
    5.61830e-05     1.74359e+01
    5.65480e-05     1.75447e+01
    5.69153e-05     1.76542e+01
    5.72850e-05     1.77644e+01
    5.76571e-05     1.78752e+01
    5.80316e-05     1.79868e+01
    5.84085e-05     1.80990e+01
    5.87879e-05     1.82120e+01
    5.91698e-05     1.83257e+01
    5.95541e-05     1.84401e+01
    5.99410e-05     1.85552e+01
    6.03303e-05     1.86710e+01
    6.07222e-05     1.87875e+01
    6.11166e-05     1.89048e+01
    6.15136e-05     1.90228e+01
    6.19132e-05     1.91415e+01
    6.23153e-05     1.92610e+01
    6.27201e-05     1.93812e+01
    6.31275e-05     1.95021e+01
    6.35376e-05     1.96239e+01
    6.39503e-05     1.97463e+01
    6.43657e-05     1.98696e+01
    6.47838e-05     1.99936e+01
    6.52046e-05     2.01183e+01
    6.56281e-05     2.02439e+01
    6.60544e-05     2.03702e+01
    6.64835e-05     2.04974e+01
    6.69153e-05     2.06252e+01
    6.73499e-05     2.07540e+01
    6.77874e-05     2.08835e+01
    6.82277e-05     2.10138e+01
    6.86709e-05     2.11449e+01
    6.91170e-05     2.12769e+01
    6.95659e-05     2.14096e+01
    7.00178e-05     2.15433e+01
    7.04726e-05     2.16777e+01
    7.09304e-05     2.18130e+01
    7.13911e-05     2.19491e+01
    7.18548e-05     2.20860e+01
    7.23215e-05     2.22238e+01
    7.27913e-05     2.23625e+01
    7.32641e-05     2.25021e+01
    7.37400e-05     2.26425e+01
    7.42190e-05     2.27838e+01
    7.47011e-05     2.29260e+01
    7.51863e-05     2.30690e+01
    7.56747e-05     2.32130e+01
    7.61663e-05     2.33578e+01
    7.66610e-05     2.35036e+01
    7.71589e-05     2.36502e+01
    7.76601e-05     2.37978e+01
    7.81646e-05     2.39463e+01
    7.86723e-05     2.40957e+01
    7.91833e-05     2.42461e+01
    7.96977e-05     2.43974e+01
    8.02153e-05     2.45496e+01
    8.07364e-05     2.47028e+01
    8.12608e-05     2.48570e+01
    8.17886e-05     2.50121e+01
    8.23199e-05     2.51682e+01
    8.28546e-05     2.53252e+01
    8.33928e-05     2.54832e+01
    8.39345e-05     2.56423e+01
    8.44797e-05     2.58023e+01
    8.50284e-05     2.59633e+01
    8.55807e-05     2.61253e+01
    8.61366e-05     2.62884e+01
    8.66961e-05     2.64524e+01
    8.72593e-05     2.66175e+01
    8.78261e-05     2.67836e+01
    8.83966e-05     2.69508e+01
    8.89707e-05     2.71189e+01
    8.95487e-05     2.72882e+01
    9.01303e-05     2.74584e+01
    9.07158e-05     2.76297e+01
    9.13050e-05     2.78021e+01
    9.18981e-05     2.79756e+01
    9.24950e-05     2.81501e+01
    9.30958e-05     2.83258e+01
    9.37005e-05     2.85025e+01
    9.43092e-05     2.86804e+01
    9.49218e-05     2.88593e+01
    9.55383e-05     2.90393e+01
    9.61589e-05     2.92205e+01
    9.67835e-05     2.94028e+01
    9.74122e-05     2.95863e+01
    9.80449e-05     2.97708e+01
    9.86818e-05     2.99565e+01
    9.93228e-05     3.01434e+01
    9.99679e-05     3.03315e+01
    1.00617e-04     3.05206e+01
    1.01271e-04     3.07111e+01
    1.01929e-04     3.09028e+01
    1.02591e-04     3.10956e+01
    1.03257e-04     3.12894e+01
    1.03928e-04     3.14848e+01
    1.04603e-04     3.16812e+01
    1.05282e-04     3.18787e+01
    1.05966e-04     3.20776e+01
    1.06655e-04     3.22780e+01
    1.07347e-04     3.24791e+01
    1.08045e-04     3.26819e+01
    1.08746e-04     3.28856e+01
    1.09453e-04     3.30910e+01
    1.10164e-04     3.32974e+01
    1.10879e-04     3.35050e+01
    1.11599e-04     3.37140e+01
    1.12324e-04     3.39243e+01
    1.13054e-04     3.41360e+01
    1.13788e-04     3.43489e+01
    1.14527e-04     3.45631e+01
    1.15271e-04     3.47787e+01
    1.16020e-04     3.49958e+01
    1.16774e-04     3.52141e+01
    1.17532e-04     3.54336e+01
    1.18296e-04     3.56548e+01
    1.19064e-04     3.58771e+01
    1.19837e-04     3.61007e+01
    1.20616e-04     3.63260e+01
    1.21399e-04     3.65525e+01
    1.22188e-04     3.67806e+01
    1.22982e-04     3.70101e+01
    1.23780e-04     3.72407e+01
    1.24584e-04     3.74730e+01
    1.25394e-04     3.77069e+01
    1.26208e-04     3.79420e+01
    1.27028e-04     3.81786e+01
    1.27853e-04     3.84168e+01
    1.28684e-04     3.86565e+01
    1.29519e-04     3.88973e+01
    1.30361e-04     3.91401e+01
    1.31208e-04     3.93843e+01
    1.32060e-04     3.96298e+01
    1.32918e-04     3.98771e+01
    1.33781e-04     4.01256e+01
    1.34650e-04     4.03759e+01
    1.35525e-04     4.06278e+01
    1.36405e-04     4.08811e+01
    1.37291e-04     4.11360e+01
    1.38183e-04     4.13927e+01
    1.39080e-04     4.16507e+01
    1.39984e-04     4.19106e+01
    1.40893e-04     4.21719e+01
    1.41808e-04     4.24349e+01
    1.42729e-04     4.26995e+01
    1.43656e-04     4.29657e+01
    1.44589e-04     4.32336e+01
    1.45529e-04     4.35035e+01
    1.46474e-04     4.37747e+01
    1.47425e-04     4.40475e+01
    1.48383e-04     4.43223e+01
    1.49347e-04     4.45987e+01
    1.50317e-04     4.48768e+01
    1.51293e-04     4.51565e+01
    1.52276e-04     4.54381e+01
    1.53265e-04     4.57214e+01
    1.54261e-04     4.60066e+01
    1.55263e-04     4.62934e+01
    1.56271e-04     4.65819e+01
    1.57286e-04     4.68723e+01
    1.58308e-04     4.71646e+01
    1.59336e-04     4.74585e+01
    1.60371e-04     4.77544e+01
    1.61413e-04     4.80522e+01
    1.62461e-04     4.83516e+01
    1.63517e-04     4.86531e+01
    1.64579e-04     4.89564e+01
    1.65648e-04     4.92616e+01
    1.66724e-04     4.95687e+01
    1.67807e-04     4.98776e+01
    1.68897e-04     5.01886e+01
    1.69994e-04     5.05014e+01
    1.71098e-04     5.08161e+01
    1.72209e-04     5.11328e+01
    1.73328e-04     5.14516e+01
    1.74454e-04     5.17723e+01
    1.75587e-04     5.20949e+01
    1.76728e-04     5.24198e+01
    1.77875e-04     5.27462e+01
    1.79031e-04     5.30751e+01
    1.80194e-04     5.34059e+01
    1.81364e-04     5.37387e+01
    1.82542e-04     5.40736e+01
    1.83728e-04     5.44107e+01
    1.84921e-04     5.47497e+01
    1.86123e-04     5.50911e+01
    1.87332e-04     5.54344e+01
    1.88548e-04     5.57796e+01
    1.89773e-04     5.61272e+01
    1.91006e-04     5.64771e+01
    1.92246e-04     5.68288e+01
    1.93495e-04     5.71830e+01
    1.94752e-04     5.75393e+01
    1.96017e-04     5.78978e+01
    1.97290e-04     5.82585e+01
    1.98572e-04     5.86216e+01
    1.99862e-04     5.89869e+01
    2.01160e-04     5.93543e+01
    2.02467e-04     5.97242e+01
    2.03782e-04     6.00962e+01
    2.05105e-04     6.04703e+01
    2.06438e-04     6.08472e+01
    2.07779e-04     6.12263e+01
    2.09128e-04     6.16075e+01
    2.10487e-04     6.19913e+01
    2.11854e-04     6.23775e+01
    2.13230e-04     6.27659e+01
    2.14615e-04     6.31568e+01
    2.16009e-04     6.35502e+01
    2.17412e-04     6.39459e+01
    2.18824e-04     6.43441e+01
    2.20246e-04     6.47449e+01
    2.21676e-04     6.51480e+01
    2.23116e-04     6.55537e+01
    2.24565e-04     6.59618e+01
    2.26024e-04     6.63726e+01
    2.27492e-04     6.67857e+01
    2.28970e-04     6.72016e+01
    2.30457e-04     6.76200e+01
    2.31954e-04     6.80410e+01
    2.33461e-04     6.84647e+01
    2.34977e-04     6.88907e+01
    2.36504e-04     6.93198e+01
    2.38040e-04     6.97512e+01
    2.39586e-04     7.01852e+01
    2.41142e-04     7.06221e+01
    2.42709e-04     7.10619e+01
    2.44285e-04     7.15040e+01
    2.45872e-04     7.19490e+01
    2.47469e-04     7.23968e+01
    2.49076e-04     7.28472e+01
    2.50694e-04     7.33005e+01
    2.52323e-04     7.37569e+01
    2.53962e-04     7.42158e+01
    2.55611e-04     7.46774e+01
    2.57272e-04     7.51422e+01
    2.58943e-04     7.56097e+01
    2.60625e-04     7.60802e+01
    2.62318e-04     7.65536e+01
    2.64022e-04     7.70299e+01
    2.65737e-04     7.75090e+01
    2.67463e-04     7.79913e+01
    2.69200e-04     7.84763e+01
    2.70949e-04     7.89645e+01
    2.72709e-04     7.94557e+01
    2.74480e-04     7.99498e+01
    2.76263e-04     8.04471e+01
    2.78057e-04     8.09473e+01
    2.79863e-04     8.14506e+01
    2.81681e-04     8.19573e+01
    2.83511e-04     8.24670e+01
    2.85353e-04     8.29799e+01
    2.87206e-04     8.34957e+01
    2.89072e-04     8.40150e+01
    2.90949e-04     8.45372e+01
    2.92839e-04     8.50627e+01
    2.94741e-04     8.55915e+01
    2.96656e-04     8.61237e+01
    2.98583e-04     8.66591e+01
    3.00522e-04     8.71976e+01
    3.02474e-04     8.77394e+01
    3.04439e-04     8.82849e+01
    3.06417e-04     8.88336e+01
    3.08407e-04     8.93855e+01
    3.10410e-04     8.99409e+01
    3.12426e-04     9.04997e+01
    3.14456e-04     9.10622e+01
    3.16498e-04     9.16277e+01
    3.18554e-04     9.21969e+01
    3.20623e-04     9.27696e+01
    3.22706e-04     9.33460e+01
    3.24802e-04     9.39258e+01
    3.26912e-04     9.45091e+01
    3.29035e-04     9.50961e+01
    3.31173e-04     9.56868e+01
    3.33324e-04     9.62810e+01
    3.35489e-04     9.68788e+01
    3.37668e-04     9.74802e+01
    3.39861e-04     9.80854e+01
    3.42069e-04     9.86944e+01
    3.44291e-04     9.93071e+01
    3.46527e-04     9.99235e+01
    3.48778e-04     1.00544e+02
    3.51044e-04     1.01168e+02
    3.53324e-04     1.01796e+02
    3.55619e-04     1.02427e+02
    3.57929e-04     1.03063e+02
    3.60254e-04     1.03703e+02
    3.62594e-04     1.04346e+02
    3.64949e-04     1.04993e+02
    3.67320e-04     1.05645e+02
    3.69706e-04     1.06300e+02
    3.72107e-04     1.06959e+02
    3.74524e-04     1.07622e+02
    3.76957e-04     1.08290e+02
    3.79405e-04     1.08961e+02
    3.81870e-04     1.09637e+02
    3.84350e-04     1.10316e+02
    3.86847e-04     1.11000e+02
    3.89360e-04     1.11688e+02
    3.91889e-04     1.12380e+02
    3.94434e-04     1.13077e+02
    3.96996e-04     1.13777e+02
    3.99575e-04     1.14482e+02
    4.02171e-04     1.15192e+02
    4.04783e-04     1.15905e+02
    4.07412e-04     1.16624e+02
    4.10059e-04     1.17346e+02
    4.12722e-04     1.18073e+02
    4.15403e-04     1.18804e+02
    4.18101e-04     1.19540e+02
    4.20817e-04     1.20280e+02
    4.23550e-04     1.21025e+02
    4.26302e-04     1.21774e+02
    4.29071e-04     1.22528e+02
    4.31858e-04     1.23286e+02
    4.34663e-04     1.24049e+02
    4.37486e-04     1.24817e+02
    4.40328e-04     1.25589e+02
    4.43188e-04     1.26367e+02
    4.46067e-04     1.27148e+02
    4.48964e-04     1.27935e+02
    4.51881e-04     1.28726e+02
    4.54816e-04     1.29522e+02
    4.57770e-04     1.30323e+02
    4.60744e-04     1.31129e+02
    4.63736e-04     1.31940e+02
    4.66749e-04     1.32755e+02
    4.69780e-04     1.33576e+02
    4.72832e-04     1.34401e+02
    4.75903e-04     1.35232e+02
    4.78994e-04     1.36067e+02
    4.82106e-04     1.36908e+02
    4.85237e-04     1.37754e+02
    4.88389e-04     1.38604e+02
    4.91562e-04     1.39461e+02
    4.94754e-04     1.40321e+02
    4.97968e-04     1.41188e+02
    5.01203e-04     1.42059e+02
    5.04458e-04     1.42936e+02
    5.07735e-04     1.43818e+02
    5.11033e-04     1.44705e+02
    5.14353e-04     1.45598e+02
    5.17694e-04     1.46497e+02
    5.21056e-04     1.47400e+02
    5.24441e-04     1.48309e+02
    5.27847e-04     1.49223e+02
    5.31276e-04     1.50143e+02
    5.34727e-04     1.51069e+02
    5.38200e-04     1.52000e+02
    5.41696e-04     1.52937e+02
    5.45215e-04     1.53879e+02
    5.48756e-04     1.54827e+02
    5.52321e-04     1.55781e+02
    5.55908e-04     1.56740e+02
    5.59519e-04     1.57706e+02
    5.63154e-04     1.58677e+02
    5.66812e-04     1.59654e+02
    5.70493e-04     1.60637e+02
    5.74199e-04     1.61625e+02
    5.77929e-04     1.62620e+02
    5.81683e-04     1.63621e+02
    5.85461e-04     1.64627e+02
    5.89264e-04     1.65640e+02
    5.93092e-04     1.66659e+02
    5.96944e-04     1.67683e+02
    6.00822e-04     1.68714e+02
    6.04724e-04     1.69751e+02
    6.08652e-04     1.70794e+02
    6.12606e-04     1.71844e+02
    6.16585e-04     1.72900e+02
    6.20590e-04     1.73962e+02
    6.24621e-04     1.75030e+02
    6.28678e-04     1.76105e+02
    6.32762e-04     1.77186e+02
    6.36872e-04     1.78273e+02
    6.41009e-04     1.79367e+02
    6.45173e-04     1.80468e+02
    6.49363e-04     1.81574e+02
    6.53581e-04     1.82688e+02
    6.57827e-04     1.83808e+02
    6.62100e-04     1.84935e+02
    6.66400e-04     1.86069e+02
    6.70729e-04     1.87209e+02
    6.75086e-04     1.88356e+02
    6.79471e-04     1.89510e+02
    6.83884e-04     1.90670e+02
    6.88327e-04     1.91838e+02
    6.92798e-04     1.93013e+02
    6.97298e-04     1.94194e+02
    7.01827e-04     1.95382e+02
    7.06386e-04     1.96578e+02
    7.10974e-04     1.97780e+02
    7.15592e-04     1.98990e+02
    7.20241e-04     2.00207e+02
    7.24919e-04     2.01430e+02
    7.29628e-04     2.02661e+02
    7.34367e-04     2.03899e+02
    7.39137e-04     2.05145e+02
    7.43938e-04     2.06397e+02
    7.48770e-04     2.07657e+02
    7.53634e-04     2.08925e+02
    7.58529e-04     2.10199e+02
    7.63456e-04     2.11481e+02
    7.68416e-04     2.12771e+02
    7.73407e-04     2.14069e+02
    7.78431e-04     2.15374e+02
    7.83487e-04     2.16686e+02
    7.88576e-04     2.18006e+02
    7.93698e-04     2.19334e+02
    7.98854e-04     2.20670e+02
    8.04043e-04     2.22013e+02
    8.09265e-04     2.23364e+02
    8.14522e-04     2.24724e+02
    8.19813e-04     2.26091e+02
    8.25138e-04     2.27466e+02
    8.30498e-04     2.28849e+02
    8.35892e-04     2.30240e+02
    8.41322e-04     2.31639e+02
    8.46787e-04     2.33047e+02
    8.52287e-04     2.34462e+02
    8.57823e-04     2.35886e+02
    8.63395e-04     2.37318e+02
    8.69003e-04     2.38758e+02
    8.74648e-04     2.40207e+02
    8.80329e-04     2.41664e+02
    8.86048e-04     2.43129e+02
    8.91803e-04     2.44602e+02
    8.97596e-04     2.46085e+02
    9.03426e-04     2.47575e+02
    9.09294e-04     2.49074e+02
    9.15201e-04     2.50582e+02
    9.21145e-04     2.52098e+02
    9.27129e-04     2.53623e+02
    9.33151e-04     2.55157e+02
    9.39212e-04     2.56699e+02
    9.45313e-04     2.58251e+02
    9.51453e-04     2.59811e+02
    9.57633e-04     2.61380e+02
    9.63854e-04     2.62958e+02
    9.70115e-04     2.64545e+02
    9.76416e-04     2.66141e+02
    9.82758e-04     2.67746e+02
    9.89142e-04     2.69360e+02
    9.95567e-04     2.70983e+02
    1.00203e-03     2.72615e+02
    1.00854e-03     2.74257e+02
    1.01509e-03     2.75908e+02
    1.02169e-03     2.77570e+02
    1.02832e-03     2.79239e+02
    1.03500e-03     2.80918e+02
    1.04173e-03     2.82608e+02
    1.04849e-03     2.84305e+02
    1.05530e-03     2.86013e+02
    1.06216e-03     2.87732e+02
    1.06906e-03     2.89459e+02
    1.07600e-03     2.91195e+02
    1.08299e-03     2.92941e+02
    1.09003e-03     2.94699e+02
    1.09711e-03     2.96465e+02
    1.10423e-03     2.98239e+02
    1.11140e-03     3.00024e+02
    1.11862e-03     3.01820e+02
    1.12589e-03     3.03627e+02
    1.13320e-03     3.05442e+02
    1.14056e-03     3.07267e+02
    1.14797e-03     3.09104e+02
    1.15543e-03     3.10950e+02
    1.16293e-03     3.12805e+02
    1.17049e-03     3.14673e+02
    1.17809e-03     3.16549e+02
    1.18574e-03     3.18436e+02
    1.19345e-03     3.20336e+02
    1.20120e-03     3.22243e+02
    1.20900e-03     3.24161e+02
    1.21685e-03     3.26089e+02
    1.22476e-03     3.28030e+02
    1.23271e-03     3.29979e+02
    1.24072e-03     3.31941e+02
    1.24878e-03     3.33913e+02
    1.25689e-03     3.35895e+02
    1.26505e-03     3.37887e+02
    1.27327e-03     3.39891e+02
    1.28154e-03     3.41907e+02
    1.28987e-03     3.43934e+02
    1.29825e-03     3.45971e+02
    1.30668e-03     3.48018e+02
    1.31517e-03     3.50078e+02
    1.32371e-03     3.52147e+02
    1.33231e-03     3.54228e+02
    1.34096e-03     3.56319e+02
    1.34967e-03     3.58423e+02
    1.35844e-03     3.60538e+02
    1.36726e-03     3.62663e+02
    1.37614e-03     3.64801e+02
    1.38508e-03     3.66950e+02
    1.39408e-03     3.69110e+02
    1.40313e-03     3.71281e+02
    1.41225e-03     3.73465e+02
    1.42142e-03     3.75659e+02
    1.43065e-03     3.77864e+02
    1.43995e-03     3.80084e+02
    1.44930e-03     3.82312e+02
    1.45871e-03     3.84552e+02
    1.46819e-03     3.86806e+02
    1.47773e-03     3.89072e+02
    1.48732e-03     3.91347e+02
    1.49699e-03     3.93637e+02
    1.50671e-03     3.95937e+02
    1.51650e-03     3.98250e+02
    1.52635e-03     4.00574e+02
    1.53626e-03     4.02909e+02
    1.54624e-03     4.05258e+02
    1.55628e-03     4.07617e+02
    1.56639e-03     4.09990e+02
    1.57657e-03     4.12377e+02
    1.58681e-03     4.14774e+02
    1.59711e-03     4.17182e+02
    1.60749e-03     4.19606e+02
    1.61793e-03     4.22040e+02
    1.62844e-03     4.24487e+02
    1.63902e-03     4.26947e+02
    1.64966e-03     4.29417e+02
    1.66038e-03     4.31903e+02
    1.67116e-03     4.34399e+02
    1.68202e-03     4.36910e+02
    1.69295e-03     4.39434e+02
    1.70394e-03     4.41967e+02
    1.71501e-03     4.44515e+02
    1.72615e-03     4.47077e+02
    1.73736e-03     4.49649e+02
    1.74865e-03     4.52237e+02
    1.76001e-03     4.54836e+02
    1.77144e-03     4.57448e+02
    1.78294e-03     4.60071e+02
    1.79453e-03     4.62712e+02
    1.80618e-03     4.65361e+02
    1.81791e-03     4.68024e+02
    1.82972e-03     4.70701e+02
    1.84161e-03     4.73393e+02
    1.85357e-03     4.76095e+02
    1.86561e-03     4.78811e+02
    1.87773e-03     4.81541e+02
    1.88992e-03     4.84282e+02
    1.90220e-03     4.87038e+02
    1.91456e-03     4.89809e+02
    1.92699e-03     4.92590e+02
    1.93951e-03     4.95386e+02
    1.95211e-03     4.98196e+02
    1.96479e-03     5.01019e+02
    1.97755e-03     5.03854e+02
    1.99040e-03     5.06705e+02
    2.00332e-03     5.09565e+02
    2.01634e-03     5.12443e+02
    2.02943e-03     5.15332e+02
    2.04262e-03     5.18238e+02
    2.05588e-03     5.21153e+02
    2.06924e-03     5.24086e+02
    2.08268e-03     5.27031e+02
    2.09621e-03     5.29989e+02
    2.10982e-03     5.32960e+02
    2.12353e-03     5.35947e+02
    2.13732e-03     5.38945e+02
    2.15120e-03     5.41958e+02
    2.16518e-03     5.44987e+02
    2.17924e-03     5.48026e+02
    2.19340e-03     5.51082e+02
    2.20764e-03     5.54149e+02
    2.22198e-03     5.57231e+02
    2.23642e-03     5.60329e+02
    2.25094e-03     5.63437e+02
    2.26557e-03     5.66563e+02
    2.28028e-03     5.69699e+02
    2.29509e-03     5.72851e+02
    2.31000e-03     5.76017e+02
    2.32501e-03     5.79198e+02
    2.34011e-03     5.82390e+02
    2.35531e-03     5.85598e+02
    2.37061e-03     5.88821e+02
    2.38601e-03     5.92057e+02
    2.40150e-03     5.95305e+02
    2.41710e-03     5.98569e+02
    2.43280e-03     6.01846e+02
    2.44861e-03     6.05140e+02
    2.46451e-03     6.08445e+02
    2.48052e-03     6.11765e+02
    2.49663e-03     6.15100e+02
    2.51285e-03     6.18449e+02
    2.52917e-03     6.21811e+02
    2.54560e-03     6.25188e+02
    2.56213e-03     6.28578e+02
    2.57878e-03     6.31985e+02
    2.59553e-03     6.35404e+02
    2.61239e-03     6.38837e+02
    2.62936e-03     6.42285e+02
    2.64643e-03     6.45744e+02
    2.66362e-03     6.49220e+02
    2.68093e-03     6.52711e+02
    2.69834e-03     6.56214e+02
    2.71587e-03     6.59732e+02
    2.73351e-03     6.63265e+02
    2.75126e-03     6.66809e+02
    2.76914e-03     6.70371e+02
    2.78712e-03     6.73942e+02
    2.80523e-03     6.77532e+02
    2.82345e-03     6.81134e+02
    2.84179e-03     6.84749e+02
    2.86025e-03     6.88380e+02
    2.87883e-03     6.92023e+02
    2.89752e-03     6.95679e+02
    2.91635e-03     6.99353e+02
    2.93529e-03     7.03038e+02
    2.95436e-03     7.06738e+02
    2.97355e-03     7.10452e+02
    2.99286e-03     7.14179e+02
    3.01230e-03     7.17919e+02
    3.03187e-03     7.21675e+02
    3.05156e-03     7.25444e+02
    3.07138e-03     7.29227e+02
    3.09133e-03     7.33023e+02
    3.11141e-03     7.36832e+02
    3.13162e-03     7.40656e+02
    3.15196e-03     7.44494e+02
    3.17244e-03     7.48346e+02
    3.19304e-03     7.52209e+02
    3.21379e-03     7.56089e+02
    3.23466e-03     7.59981e+02
    3.25567e-03     7.63885e+02
    3.27682e-03     7.67804e+02
    3.29810e-03     7.71735e+02
    3.31953e-03     7.75682e+02
    3.34109e-03     7.79641e+02
    3.36279e-03     7.83611e+02
    3.38463e-03     7.87596e+02
    3.40662e-03     7.91596e+02
    3.42875e-03     7.95608e+02
    3.45102e-03     7.99633e+02
    3.47344e-03     8.03671e+02
    3.49600e-03     8.07721e+02
    3.51871e-03     8.11785e+02
    3.54156e-03     8.15861e+02
    3.56457e-03     8.19952e+02
    3.58772e-03     8.24053e+02
    3.61102e-03     8.28168e+02
    3.63448e-03     8.32297e+02
    3.65809e-03     8.36437e+02
    3.68185e-03     8.40591e+02
    3.70576e-03     8.44756e+02
    3.72984e-03     8.48936e+02
    3.75406e-03     8.53125e+02
    3.77845e-03     8.57330e+02
    3.80299e-03     8.61543e+02
    3.82769e-03     8.65771e+02
    3.85256e-03     8.70011e+02
    3.87758e-03     8.74262e+02
    3.90277e-03     8.78524e+02
    3.92812e-03     8.82798e+02
    3.95363e-03     8.87083e+02
    3.97931e-03     8.91382e+02
    4.00516e-03     8.95691e+02
    4.03118e-03     9.00013e+02
    4.05736e-03     9.04343e+02
    4.08372e-03     9.08688e+02
    4.11024e-03     9.13040e+02
    4.13694e-03     9.17405e+02
    4.16381e-03     9.21782e+02
    4.19086e-03     9.26169e+02
    4.21808e-03     9.30567e+02
    4.24548e-03     9.34976e+02
    4.27306e-03     9.39394e+02
    4.30081e-03     9.43822e+02
    4.32875e-03     9.48264e+02
    4.35687e-03     9.52715e+02
    4.38517e-03     9.57174e+02
    4.41365e-03     9.61644e+02
    4.44232e-03     9.66126e+02
    4.47118e-03     9.70616e+02
    4.50022e-03     9.75115e+02
    4.52945e-03     9.79623e+02
    4.55887e-03     9.84143e+02
    4.58848e-03     9.88671e+02
    4.61829e-03     9.93209e+02
    4.64829e-03     9.97756e+02
    4.67848e-03     1.00231e+03
    4.70887e-03     1.00687e+03
    4.73946e-03     1.01145e+03
    4.77024e-03     1.01603e+03
    4.80123e-03     1.02062e+03
    4.83241e-03     1.02521e+03
    4.86380e-03     1.02981e+03
    4.89539e-03     1.03442e+03
    4.92719e-03     1.03904e+03
    4.95920e-03     1.04367e+03
    4.99141e-03     1.04830e+03
    5.02383e-03     1.05294e+03
    5.05646e-03     1.05759e+03
    5.08931e-03     1.06225e+03
    5.12237e-03     1.06691e+03
    5.15564e-03     1.07158e+03
    5.18913e-03     1.07626e+03
    5.22283e-03     1.08094e+03
    5.25676e-03     1.08562e+03
    5.29091e-03     1.09032e+03
    5.32527e-03     1.09502e+03
    5.35986e-03     1.09973e+03
    5.39468e-03     1.10444e+03
    5.42972e-03     1.10916e+03
    5.46499e-03     1.11388e+03
    5.50049e-03     1.11861e+03
    5.53622e-03     1.12334e+03
    5.57218e-03     1.12808e+03
    5.60837e-03     1.13282e+03
    5.64480e-03     1.13757e+03
    5.68147e-03     1.14232e+03
    5.71837e-03     1.14707e+03
    5.75551e-03     1.15182e+03
    5.79290e-03     1.15658e+03
    5.83053e-03     1.16134e+03
    5.86840e-03     1.16610e+03
    5.90652e-03     1.17087e+03
    5.94489e-03     1.17563e+03
    5.98350e-03     1.18040e+03
    6.02237e-03     1.18517e+03
    6.06149e-03     1.18994e+03
    6.10086e-03     1.19470e+03
    6.14049e-03     1.19947e+03
    6.18037e-03     1.20424e+03
    6.22052e-03     1.20901e+03
    6.26092e-03     1.21378e+03
    6.30159e-03     1.21855e+03
    6.34252e-03     1.22331e+03
    6.38372e-03     1.22808e+03
    6.42519e-03     1.23285e+03
    6.46692e-03     1.23761e+03
    6.50893e-03     1.24238e+03
    6.55121e-03     1.24714e+03
    6.59376e-03     1.25190e+03
    6.63659e-03     1.25665e+03
    6.67970e-03     1.26141e+03
    6.72309e-03     1.26616e+03
    6.76676e-03     1.27091e+03
    6.81071e-03     1.27565e+03
    6.85495e-03     1.28039e+03
    6.89948e-03     1.28513e+03
    6.94429e-03     1.28986e+03
    6.98940e-03     1.29459e+03
    7.03480e-03     1.29931e+03
    7.08050e-03     1.30402e+03
    7.12649e-03     1.30873e+03
    7.17278e-03     1.31343e+03
    7.21937e-03     1.31813e+03
    7.26626e-03     1.32281e+03
    7.31346e-03     1.32749e+03
    7.36097e-03     1.33216e+03
    7.40878e-03     1.33682e+03
    7.45690e-03     1.34148e+03
    7.50534e-03     1.34612e+03
    7.55409e-03     1.35076e+03
    7.60316e-03     1.35538e+03
    7.65255e-03     1.36000e+03
    7.70225e-03     1.36460e+03
    7.75228e-03     1.36920e+03
    7.80264e-03     1.37379e+03
    7.85332e-03     1.37836e+03
    7.90433e-03     1.38292e+03
    7.95568e-03     1.38747e+03
    8.00735e-03     1.39201e+03
    8.05937e-03     1.39654e+03
    8.11172e-03     1.40104e+03
    8.16441e-03     1.40555e+03
    8.21744e-03     1.41003e+03
    8.27081e-03     1.41450e+03
    8.32454e-03     1.41896e+03
    8.37861e-03     1.42340e+03
    8.43303e-03     1.42783e+03
    8.48781e-03     1.43224e+03
    8.54294e-03     1.43663e+03
    8.59844e-03     1.44101e+03
    8.65429e-03     1.44537e+03
    8.71050e-03     1.44971e+03
    8.76708e-03     1.45404e+03
    8.82403e-03     1.45834e+03
    8.88134e-03     1.46263e+03
    8.93903e-03     1.46689e+03
    8.99710e-03     1.47114e+03
    9.05554e-03     1.47537e+03
    9.11436e-03     1.47957e+03
    9.17356e-03     1.48375e+03
    9.23315e-03     1.48791e+03
    9.29312e-03     1.49205e+03
    9.35349e-03     1.49617e+03
    9.41424e-03     1.50026e+03
    9.47539e-03     1.50433e+03
    9.53694e-03     1.50837e+03
    9.59889e-03     1.51239e+03
    9.66124e-03     1.51638e+03
    9.72400e-03     1.52035e+03
    9.78716e-03     1.52429e+03
    9.85073e-03     1.52820e+03
    9.91472e-03     1.53208e+03
    9.97912e-03     1.53594e+03
    1.00439e-02     1.53977e+03
    1.01092e-02     1.54357e+03
    1.01748e-02     1.54733e+03
    1.02409e-02     1.55108e+03
    1.03075e-02     1.55480e+03
    1.03744e-02     1.55847e+03
    1.04418e-02     1.56212e+03
    1.05096e-02     1.56573e+03
    1.05779e-02     1.56931e+03
    1.06466e-02     1.57286e+03
    1.07158e-02     1.57639e+03
    1.07854e-02     1.57987e+03
    1.08554e-02     1.58330e+03
    1.09259e-02     1.58671e+03
    1.09969e-02     1.59009e+03
    1.10683e-02     1.59342e+03
    1.11402e-02     1.59672e+03
    1.12126e-02     1.59999e+03
    1.12854e-02     1.60321e+03
    1.13587e-02     1.60640e+03
    1.14325e-02     1.60954e+03
    1.15068e-02     1.61265e+03
    1.15815e-02     1.61572e+03
    1.16567e-02     1.61874e+03
    1.17324e-02     1.62172e+03
    1.18087e-02     1.62467e+03
    1.18854e-02     1.62756e+03
    1.19626e-02     1.63041e+03
    1.20403e-02     1.63322e+03
    1.21185e-02     1.63598e+03
    1.21972e-02     1.63870e+03
    1.22764e-02     1.64136e+03
    1.23562e-02     1.64400e+03
    1.24364e-02     1.64657e+03
    1.25172e-02     1.64910e+03
    1.25985e-02     1.65158e+03
    1.26803e-02     1.65400e+03
    1.27627e-02     1.65639e+03
    1.28456e-02     1.65872e+03
    1.29290e-02     1.66099e+03
    1.30130e-02     1.66322e+03
    1.30976e-02     1.66540e+03
    1.31826e-02     1.66751e+03
    1.32683e-02     1.66959e+03
    1.33544e-02     1.67159e+03
    1.34412e-02     1.67356e+03
    1.35285e-02     1.67546e+03
    1.36164e-02     1.67731e+03
    1.37048e-02     1.67909e+03
    1.37938e-02     1.68082e+03
    1.38834e-02     1.68250e+03
    1.39736e-02     1.68411e+03
    1.40644e-02     1.68567e+03
    1.41557e-02     1.68716e+03
    1.42477e-02     1.68861e+03
    1.43402e-02     1.68998e+03
    1.44334e-02     1.69130e+03
    1.45271e-02     1.69255e+03
    1.46215e-02     1.69374e+03
    1.47165e-02     1.69487e+03
    1.48121e-02     1.69594e+03
    1.49083e-02     1.69694e+03
    1.50051e-02     1.69786e+03
    1.51026e-02     1.69874e+03
    1.52007e-02     1.69954e+03
    1.52994e-02     1.70027e+03
    1.53988e-02     1.70094e+03
    1.54988e-02     1.70154e+03
    1.55995e-02     1.70207e+03
    1.57008e-02     1.70252e+03
    1.58028e-02     1.70292e+03
    1.59055e-02     1.70324e+03
    1.60088e-02     1.70348e+03
    1.61128e-02     1.70365e+03
    1.62174e-02     1.70375e+03
    1.63228e-02     1.70378e+03
    1.64288e-02     1.70373e+03
    1.65355e-02     1.70361e+03
    1.66429e-02     1.70342e+03
    1.67510e-02     1.70315e+03
    1.68598e-02     1.70280e+03
    1.69693e-02     1.70238e+03
    1.70796e-02     1.70189e+03
    1.71905e-02     1.70131e+03
    1.73022e-02     1.70066e+03
    1.74145e-02     1.69993e+03
    1.75277e-02     1.69913e+03
    1.76415e-02     1.69824e+03
    1.77561e-02     1.69728e+03
    1.78714e-02     1.69623e+03
    1.79875e-02     1.69511e+03
    1.81044e-02     1.69392e+03
    1.82220e-02     1.69264e+03
    1.83403e-02     1.69127e+03
    1.84594e-02     1.68982e+03
    1.85794e-02     1.68831e+03
    1.87000e-02     1.68669e+03
    1.88215e-02     1.68501e+03
    1.89438e-02     1.68324e+03
    1.90668e-02     1.68139e+03
    1.91907e-02     1.67945e+03
    1.93153e-02     1.67743e+03
    1.94408e-02     1.67533e+03
    1.95671e-02     1.67314e+03
    1.96942e-02     1.67086e+03
    1.98221e-02     1.66851e+03
    1.99508e-02     1.66606e+03
    2.00804e-02     1.66353e+03
    2.02109e-02     1.66092e+03
    2.03421e-02     1.65822e+03
    2.04743e-02     1.65545e+03
    2.06073e-02     1.65259e+03
    2.07411e-02     1.64963e+03
    2.08758e-02     1.64660e+03
    2.10114e-02     1.64348e+03
    2.11479e-02     1.64027e+03
    2.12853e-02     1.63699e+03
    2.14236e-02     1.63362e+03
    2.15627e-02     1.63016e+03
    2.17028e-02     1.62662e+03
    2.18437e-02     1.62300e+03
    2.19856e-02     1.61929e+03
    2.21284e-02     1.61551e+03
    2.22722e-02     1.61164e+03
    2.24168e-02     1.60768e+03
    2.25625e-02     1.60364e+03
    2.27090e-02     1.59952e+03
    2.28565e-02     1.59532e+03
    2.30050e-02     1.59103e+03
    2.31544e-02     1.58667e+03
    2.33048e-02     1.58222e+03
    2.34562e-02     1.57770e+03
    2.36086e-02     1.57309e+03
    2.37619e-02     1.56840e+03
    2.39162e-02     1.56363e+03
    2.40716e-02     1.55879e+03
    2.42280e-02     1.55386e+03
    2.43853e-02     1.54886e+03
    2.45437e-02     1.54378e+03
    2.47032e-02     1.53863e+03
    2.48636e-02     1.53340e+03
    2.50251e-02     1.52810e+03
    2.51877e-02     1.52273e+03
    2.53513e-02     1.51728e+03
    2.55159e-02     1.51176e+03
    2.56817e-02     1.50617e+03
    2.58485e-02     1.50051e+03
    2.60164e-02     1.49478e+03
    2.61854e-02     1.48899e+03
    2.63555e-02     1.48313e+03
    2.65267e-02     1.47720e+03
    2.66990e-02     1.47121e+03
    2.68724e-02     1.46516e+03
    2.70470e-02     1.45904e+03
    2.72226e-02     1.45286e+03
    2.73995e-02     1.44663e+03
    2.75774e-02     1.44033e+03
    2.77566e-02     1.43399e+03
    2.79369e-02     1.42758e+03
    2.81183e-02     1.42112e+03
    2.83010e-02     1.41461e+03
    2.84848e-02     1.40804e+03
    2.86698e-02     1.40142e+03
    2.88561e-02     1.39476e+03
    2.90435e-02     1.38805e+03
    2.92321e-02     1.38129e+03
    2.94220e-02     1.37450e+03
    2.96131e-02     1.36765e+03
    2.98055e-02     1.36077e+03
    2.99991e-02     1.35385e+03
    3.01940e-02     1.34689e+03
    3.03901e-02     1.33990e+03
    3.05875e-02     1.33287e+03
    3.07862e-02     1.32581e+03
    3.09861e-02     1.31872e+03
    3.11874e-02     1.31160e+03
    3.13900e-02     1.30446e+03
    3.15939e-02     1.29729e+03
    3.17991e-02     1.29010e+03
    3.20057e-02     1.28289e+03
    3.22135e-02     1.27566e+03
    3.24228e-02     1.26842e+03
    3.26334e-02     1.26116e+03
    3.28454e-02     1.25389e+03
    3.30587e-02     1.24660e+03
    3.32735e-02     1.23931e+03
    3.34896e-02     1.23201e+03
    3.37071e-02     1.22470e+03
    3.39261e-02     1.21740e+03
    3.41464e-02     1.21009e+03
    3.43682e-02     1.20278e+03
    3.45915e-02     1.19549e+03
    3.48162e-02     1.18819e+03
    3.50423e-02     1.18091e+03
    3.52699e-02     1.17362e+03
    3.54990e-02     1.16636e+03
    3.57296e-02     1.15911e+03
    3.59617e-02     1.15187e+03
    3.61953e-02     1.14466e+03
    3.64304e-02     1.13746e+03
    3.66670e-02     1.13028e+03
    3.69052e-02     1.12313e+03
    3.71449e-02     1.11601e+03
    3.73862e-02     1.10891e+03
    3.76290e-02     1.10184e+03
    3.78735e-02     1.09481e+03
    3.81195e-02     1.08781e+03
    3.83671e-02     1.08084e+03
    3.86163e-02     1.07391e+03
    3.88671e-02     1.06702e+03
    3.91196e-02     1.06018e+03
    3.93737e-02     1.05338e+03
    3.96295e-02     1.04662e+03
    3.98869e-02     1.03991e+03
    4.01460e-02     1.03325e+03
    4.04067e-02     1.02664e+03
    4.06692e-02     1.02007e+03
    4.09334e-02     1.01357e+03
    4.11992e-02     1.00711e+03
    4.14669e-02     1.00072e+03
    4.17362e-02     9.94376e+02
    4.20073e-02     9.88091e+02
    4.22802e-02     9.81876e+02
    4.25548e-02     9.75716e+02
    4.28312e-02     9.69620e+02
    4.31094e-02     9.63587e+02
    4.33894e-02     9.57618e+02
    4.36713e-02     9.51721e+02
    4.39550e-02     9.45893e+02
    4.42405e-02     9.40129e+02
    4.45278e-02     9.34428e+02
    4.48171e-02     9.28802e+02
    4.51082e-02     9.23245e+02
    4.54012e-02     9.17759e+02
    4.56961e-02     9.12340e+02
    4.59929e-02     9.06992e+02
    4.62917e-02     9.01718e+02
    4.65923e-02     8.96513e+02
    4.68950e-02     8.91378e+02
    4.71996e-02     8.86321e+02
    4.75062e-02     8.81338e+02
    4.78148e-02     8.76422e+02
    4.81253e-02     8.71584e+02
    4.84379e-02     8.66816e+02
    4.87526e-02     8.62116e+02
    4.90692e-02     8.57489e+02
    4.93880e-02     8.52926e+02
    4.97088e-02     8.48438e+02
    5.00317e-02     8.44018e+02
    5.03566e-02     8.39660e+02
    5.06837e-02     8.35367e+02
    5.10130e-02     8.31144e+02
    5.13443e-02     8.26983e+02
    5.16778e-02     8.22887e+02
    5.20135e-02     8.18855e+02
    5.23514e-02     8.14882e+02
    5.26914e-02     8.10966e+02
    5.30337e-02     8.07110e+02
    5.33782e-02     8.03300e+02
    5.37249e-02     7.99549e+02
    5.40738e-02     7.95850e+02
    5.44251e-02     7.92193e+02
    5.47786e-02     7.88582e+02
    5.51344e-02     7.85019e+02
    5.54926e-02     7.81498e+02
    5.58530e-02     7.78011e+02
    5.62158e-02     7.74566e+02
    5.65810e-02     7.71151e+02
    5.69485e-02     7.67771e+02
    5.73184e-02     7.64414e+02
    5.76907e-02     7.61087e+02
    5.80654e-02     7.57776e+02
    5.84426e-02     7.54483e+02
    5.88222e-02     7.51208e+02
    5.92043e-02     7.47943e+02
    5.95889e-02     7.44690e+02
    5.99759e-02     7.41434e+02
    6.03655e-02     7.38185e+02
    6.07576e-02     7.34933e+02
    6.11523e-02     7.31681e+02
    6.15495e-02     7.28414e+02
    6.19493e-02     7.25133e+02
    6.23517e-02     7.21838e+02
    6.27567e-02     7.18529e+02
    6.31643e-02     7.15193e+02
    6.35746e-02     7.11830e+02
    6.39876e-02     7.08435e+02
    6.44032e-02     7.05005e+02
    6.48215e-02     7.01542e+02
    6.52426e-02     6.98034e+02
    6.56664e-02     6.94486e+02
    6.60929e-02     6.90891e+02
    6.65222e-02     6.87250e+02
    6.69543e-02     6.83550e+02
    6.73892e-02     6.79798e+02
    6.78270e-02     6.75987e+02
    6.82675e-02     6.72116e+02
    6.87110e-02     6.68174e+02
    6.91573e-02     6.64173e+02
    6.96065e-02     6.60100e+02
    7.00586e-02     6.55955e+02
    7.05137e-02     6.51746e+02
    7.09717e-02     6.47459e+02
    7.14327e-02     6.43108e+02
    7.18967e-02     6.38679e+02
    7.23637e-02     6.34173e+02
    7.28338e-02     6.29591e+02
    7.33069e-02     6.24932e+02
    7.37830e-02     6.20202e+02
    7.42623e-02     6.15391e+02
    7.47447e-02     6.10505e+02
    7.52302e-02     6.05550e+02
    7.57188e-02     6.00527e+02
    7.62107e-02     5.95430e+02
    7.67057e-02     5.90260e+02
    7.72039e-02     5.85029e+02
    7.77054e-02     5.79726e+02
    7.82102e-02     5.74365e+02
    7.87182e-02     5.68945e+02
    7.92295e-02     5.63467e+02
    7.97441e-02     5.57932e+02
    8.02621e-02     5.52354e+02
    8.07835e-02     5.46733e+02
    8.13082e-02     5.41069e+02
    8.18363e-02     5.35370e+02
    8.23679e-02     5.29637e+02
    8.29029e-02     5.23882e+02
    8.34414e-02     5.18100e+02
    8.39834e-02     5.12311e+02
    8.45290e-02     5.06510e+02
    8.50780e-02     5.00701e+02
    8.56306e-02     4.94893e+02
    8.61869e-02     4.89098e+02
    8.67467e-02     4.83311e+02
    8.73102e-02     4.77551e+02
    8.78773e-02     4.71812e+02
    8.84481e-02     4.66106e+02
    8.90226e-02     4.60439e+02
    8.96009e-02     4.54813e+02
    9.01829e-02     4.49246e+02
    9.07687e-02     4.43731e+02
    9.13583e-02     4.38274e+02
    9.19517e-02     4.32888e+02
    9.25490e-02     4.27579e+02
    9.31501e-02     4.22340e+02
    9.37552e-02     4.17189e+02
    9.43642e-02     4.12121e+02
    9.49771e-02     4.07145e+02
    9.55940e-02     4.02269e+02
    9.62150e-02     3.97498e+02
    9.68399e-02     3.92831e+02
    9.74690e-02     3.88274e+02
    9.81021e-02     3.83825e+02
    9.87393e-02     3.79497e+02
    9.93807e-02     3.75278e+02
    1.00026e-01     3.71183e+02
    1.00676e-01     3.67202e+02
    1.01330e-01     3.63339e+02
    1.01988e-01     3.59598e+02
    1.02651e-01     3.55983e+02
    1.03317e-01     3.52487e+02
    1.03988e-01     3.49120e+02
    1.04664e-01     3.45878e+02
    1.05344e-01     3.42749e+02
    1.06028e-01     3.39735e+02
    1.06717e-01     3.36837e+02
    1.07410e-01     3.34047e+02
    1.08108e-01     3.31366e+02
    1.08810e-01     3.28787e+02
    1.09517e-01     3.26307e+02
    1.10228e-01     3.23933e+02
    1.10944e-01     3.21645e+02
    1.11665e-01     3.19443e+02
    1.12390e-01     3.17319e+02
    1.13120e-01     3.15270e+02
    1.13855e-01     3.13290e+02
    1.14594e-01     3.11364e+02
    1.15339e-01     3.09492e+02
    1.16088e-01     3.07664e+02
    1.16842e-01     3.05882e+02
    1.17601e-01     3.04128e+02
    1.18365e-01     3.02397e+02
    1.19134e-01     3.00683e+02
    1.19907e-01     2.98973e+02
    1.20686e-01     2.97265e+02
    1.21470e-01     2.95550e+02
    1.22259e-01     2.93819e+02
    1.23053e-01     2.92064e+02
    1.23853e-01     2.90277e+02
    1.24657e-01     2.88453e+02
    1.25467e-01     2.86591e+02
    1.26282e-01     2.84676e+02
    1.27102e-01     2.82707e+02
    1.27928e-01     2.80678e+02
    1.28759e-01     2.78583e+02
    1.29595e-01     2.76414e+02
    1.30437e-01     2.74174e+02
    1.31284e-01     2.71858e+02
    1.32137e-01     2.69468e+02
    1.32995e-01     2.67001e+02
    1.33859e-01     2.64459e+02
    1.34728e-01     2.61839e+02
    1.35604e-01     2.59143e+02
    1.36484e-01     2.56368e+02
    1.37371e-01     2.53525e+02
    1.38263e-01     2.50615e+02
    1.39161e-01     2.47645e+02
    1.40065e-01     2.44621e+02
    1.40975e-01     2.41545e+02
    1.41891e-01     2.38425e+02
    1.42812e-01     2.35264e+02
    1.43740e-01     2.32075e+02
    1.44674e-01     2.28865e+02
    1.45614e-01     2.25642e+02
    1.46559e-01     2.22414e+02
    1.47511e-01     2.19192e+02
    1.48469e-01     2.15983e+02
    1.49434e-01     2.12798e+02
    1.50405e-01     2.09642e+02
    1.51381e-01     2.06523e+02
    1.52365e-01     2.03453e+02
    1.53354e-01     2.00437e+02
    1.54351e-01     1.97486e+02
    1.55353e-01     1.94604e+02
    1.56362e-01     1.91799e+02
    1.57378e-01     1.89076e+02
    1.58400e-01     1.86437e+02
    1.59429e-01     1.83889e+02
    1.60465e-01     1.81435e+02
    1.61507e-01     1.79080e+02
    1.62556e-01     1.76824e+02
    1.63612e-01     1.74669e+02
    1.64675e-01     1.72611e+02
    1.65744e-01     1.70651e+02
    1.66821e-01     1.68789e+02
    1.67905e-01     1.67023e+02
    1.68995e-01     1.65350e+02
    1.70093e-01     1.63764e+02
    1.71198e-01     1.62260e+02
    1.72310e-01     1.60831e+02
    1.73429e-01     1.59472e+02
    1.74556e-01     1.58178e+02
    1.75689e-01     1.56940e+02
    1.76831e-01     1.55752e+02
    1.77979e-01     1.54602e+02
    1.79135e-01     1.53484e+02
    1.80299e-01     1.52389e+02
    1.81470e-01     1.51308e+02
    1.82649e-01     1.50233e+02
    1.83835e-01     1.49155e+02
    1.85029e-01     1.48067e+02
    1.86231e-01     1.46961e+02
    1.87441e-01     1.45828e+02
    1.88658e-01     1.44661e+02
    1.89884e-01     1.43457e+02
    1.91117e-01     1.42211e+02
    1.92359e-01     1.40919e+02
    1.93608e-01     1.39574e+02
    1.94866e-01     1.38178e+02
    1.96131e-01     1.36728e+02
    1.97405e-01     1.35227e+02
    1.98688e-01     1.33676e+02
    1.99978e-01     1.32075e+02
    2.01277e-01     1.30426e+02
    2.02585e-01     1.28738e+02
    2.03901e-01     1.27013e+02
    2.05225e-01     1.25260e+02
    2.06558e-01     1.23484e+02
    2.07900e-01     1.21692e+02
    2.09250e-01     1.19892e+02
    2.10609e-01     1.18092e+02
    2.11977e-01     1.16301e+02
    2.13354e-01     1.14526e+02
    2.14740e-01     1.12774e+02
    2.16135e-01     1.11052e+02
    2.17539e-01     1.09367e+02
    2.18952e-01     1.07727e+02
    2.20374e-01     1.06137e+02
    2.21806e-01     1.04601e+02
    2.23246e-01     1.03121e+02
    2.24696e-01     1.01702e+02
    2.26156e-01     1.00347e+02
    2.27625e-01     9.90542e+01
    2.29104e-01     9.78243e+01
    2.30592e-01     9.66554e+01
    2.32089e-01     9.55457e+01
    2.33597e-01     9.44939e+01
    2.35114e-01     9.34938e+01
    2.36642e-01     9.25412e+01
    2.38179e-01     9.16301e+01
    2.39726e-01     9.07558e+01
    2.41283e-01     8.99116e+01
    2.42850e-01     8.90904e+01
    2.44428e-01     8.82853e+01
    2.46015e-01     8.74898e+01
    2.47613e-01     8.66973e+01
    2.49222e-01     8.59025e+01
    2.50841e-01     8.50984e+01
    2.52470e-01     8.42796e+01
    2.54110e-01     8.34425e+01
    2.55760e-01     8.25834e+01
    2.57422e-01     8.17005e+01
    2.59094e-01     8.07909e+01
    2.60777e-01     7.98547e+01
    2.62471e-01     7.88924e+01
    2.64176e-01     7.79054e+01
    2.65892e-01     7.68956e+01
    2.67619e-01     7.58663e+01
    2.69357e-01     7.48225e+01
    2.71107e-01     7.37677e+01
    2.72868e-01     7.27068e+01
    2.74640e-01     7.16455e+01
    2.76424e-01     7.05897e+01
    2.78219e-01     6.95441e+01
    2.80027e-01     6.85141e+01
    2.81846e-01     6.75041e+01
    2.83676e-01     6.65189e+01
    2.85519e-01     6.55624e+01
    2.87374e-01     6.46366e+01
    2.89240e-01     6.37438e+01
    2.91119e-01     6.28862e+01
    2.93010e-01     6.20636e+01
    2.94913e-01     6.12750e+01
    2.96829e-01     6.05198e+01
    2.98757e-01     5.97961e+01
    3.00698e-01     5.91006e+01
    3.02651e-01     5.84302e+01
    3.04617e-01     5.77817e+01
    3.06595e-01     5.71501e+01
    3.08587e-01     5.65317e+01
    3.10591e-01     5.59223e+01
    3.12609e-01     5.53177e+01
    3.14639e-01     5.47141e+01
    3.16683e-01     5.41076e+01
    3.18740e-01     5.34958e+01
    3.20810e-01     5.28767e+01
    3.22894e-01     5.22480e+01
    3.24992e-01     5.16093e+01
    3.27103e-01     5.09607e+01
    3.29227e-01     5.03027e+01
    3.31366e-01     4.96360e+01
    3.33518e-01     4.89633e+01
    3.35685e-01     4.82872e+01
    3.37865e-01     4.76102e+01
    3.40060e-01     4.69352e+01
    3.42269e-01     4.62655e+01
    3.44492e-01     4.56034e+01
    3.46729e-01     4.49525e+01
    3.48982e-01     4.43153e+01
    3.51248e-01     4.36935e+01
    3.53530e-01     4.30888e+01
    3.55826e-01     4.25019e+01
    3.58138e-01     4.19341e+01
    3.60464e-01     4.13841e+01
    3.62805e-01     4.08520e+01
    3.65162e-01     4.03359e+01
    3.67534e-01     3.98345e+01
    3.69921e-01     3.93456e+01
    3.72324e-01     3.88675e+01
    3.74743e-01     3.83971e+01
    3.77177e-01     3.79326e+01
    3.79627e-01     3.74720e+01
    3.82093e-01     3.70131e+01
    3.84574e-01     3.65544e+01
    3.87072e-01     3.60944e+01
    3.89587e-01     3.56328e+01
    3.92117e-01     3.51695e+01
    3.94664e-01     3.47040e+01
    3.97228e-01     3.42374e+01
    3.99808e-01     3.37707e+01
    4.02405e-01     3.33047e+01
    4.05019e-01     3.28411e+01
    4.07650e-01     3.23818e+01
    4.10298e-01     3.19283e+01
    4.12963e-01     3.14814e+01
    4.15645e-01     3.10429e+01
    4.18345e-01     3.06133e+01
    4.21062e-01     3.01935e+01
    4.23797e-01     2.97837e+01
    4.26550e-01     2.93835e+01
    4.29321e-01     2.89933e+01
    4.32110e-01     2.86116e+01
    4.34916e-01     2.82380e+01
    4.37741e-01     2.78712e+01
    4.40585e-01     2.75099e+01
    4.43447e-01     2.71538e+01
    4.46327e-01     2.68007e+01
    4.49226e-01     2.64508e+01
    4.52144e-01     2.61024e+01
    4.55081e-01     2.57557e+01
    4.58037e-01     2.54105e+01
    4.61012e-01     2.50663e+01
    4.64007e-01     2.47241e+01
    4.67021e-01     2.43835e+01
    4.70054e-01     2.40458e+01
    4.73108e-01     2.37118e+01
    4.76181e-01     2.33812e+01
    4.79274e-01     2.30555e+01
    4.82387e-01     2.27348e+01
    4.85520e-01     2.24201e+01
    4.88674e-01     2.21111e+01
    4.91848e-01     2.18080e+01
    4.95043e-01     2.15102e+01
    4.98259e-01     2.12180e+01
    5.01495e-01     2.09310e+01
    5.04753e-01     2.06483e+01
    5.08031e-01     2.03695e+01
    5.11331e-01     2.00942e+01
    5.14653e-01     1.98222e+01
    5.17995e-01     1.95526e+01
    5.21360e-01     1.92852e+01
    5.24747e-01     1.90203e+01
    5.28155e-01     1.87579e+01
    5.31586e-01     1.84976e+01
    5.35039e-01     1.82401e+01
    5.38514e-01     1.79854e+01
    5.42012e-01     1.77337e+01
    5.45533e-01     1.74854e+01
    5.49076e-01     1.72409e+01
    5.52643e-01     1.70001e+01
    5.56233e-01     1.67628e+01
    5.59846e-01     1.65296e+01
    5.63482e-01     1.63000e+01
    5.67142e-01     1.60739e+01
    5.70826e-01     1.58511e+01
    5.74534e-01     1.56315e+01
    5.78266e-01     1.54148e+01
    5.82022e-01     1.52004e+01
    5.85803e-01     1.49890e+01
    5.89608e-01     1.47797e+01
    5.93437e-01     1.45727e+01
    5.97292e-01     1.43681e+01
    6.01172e-01     1.41658e+01
    6.05077e-01     1.39662e+01
    6.09007e-01     1.37691e+01
    6.12963e-01     1.35747e+01
    6.16945e-01     1.33828e+01
    6.20952e-01     1.31939e+01
    6.24985e-01     1.30077e+01
    6.29045e-01     1.28240e+01
    6.33131e-01     1.26428e+01
    6.37244e-01     1.24642e+01
    6.41383e-01     1.22880e+01
    6.45549e-01     1.21141e+01
    6.49742e-01     1.19427e+01
    6.53963e-01     1.17736e+01
    6.58210e-01     1.16068e+01
    6.62486e-01     1.14422e+01
    6.66789e-01     1.12798e+01
    6.71120e-01     1.11196e+01
    6.75479e-01     1.09616e+01
    6.79867e-01     1.08056e+01
    6.84283e-01     1.06518e+01
    6.88728e-01     1.04999e+01
    6.93202e-01     1.03501e+01
    6.97704e-01     1.02023e+01
    7.02236e-01     1.00565e+01
    7.06798e-01     9.91267e+00
    7.11389e-01     9.77077e+00
    7.16010e-01     9.63078e+00
    7.20661e-01     9.49269e+00
    7.25342e-01     9.35649e+00
    7.30053e-01     9.22212e+00
    7.34795e-01     9.08962e+00
    7.39568e-01     8.95892e+00
    7.44372e-01     8.83001e+00
    7.49207e-01     8.70284e+00
    7.54074e-01     8.57747e+00
    7.58972e-01     8.45379e+00
    7.63902e-01     8.33181e+00
    7.68864e-01     8.21151e+00
    7.73858e-01     8.09286e+00
    7.78884e-01     7.97585e+00
    7.83944e-01     7.86046e+00
    7.89036e-01     7.74666e+00
    7.94161e-01     7.63441e+00
    7.99320e-01     7.52374e+00
    8.04512e-01     7.41457e+00
    8.09737e-01     7.30689e+00
    8.14997e-01     7.20072e+00
    8.20291e-01     7.09603e+00
    8.25619e-01     6.99278e+00
    8.30982e-01     6.89096e+00
    8.36380e-01     6.79056e+00
    8.41812e-01     6.69156e+00
    8.47280e-01     6.59393e+00
    8.52784e-01     6.49768e+00
    8.58323e-01     6.40276e+00
    8.63899e-01     6.30917e+00
    8.69510e-01     6.21687e+00
    8.75158e-01     6.12589e+00
    8.80843e-01     6.03616e+00
    8.86564e-01     5.94771e+00
    8.92323e-01     5.86048e+00
    8.98119e-01     5.77449e+00
    9.03953e-01     5.68972e+00
    9.09825e-01     5.60611e+00
    9.15734e-01     5.52370e+00
    9.21683e-01     5.44245e+00
    9.27669e-01     5.36233e+00
    9.33695e-01     5.28337e+00
    9.39760e-01     5.20550e+00
    9.45864e-01     5.12872e+00
    9.52008e-01     5.05304e+00
    9.58192e-01     4.97844e+00
    9.64416e-01     4.90488e+00
    9.70680e-01     4.83235e+00
    9.76985e-01     4.76088e+00
    9.83332e-01     4.69040e+00
    9.89719e-01     4.62095e+00
    9.96148e-01     4.55247e+00
    1.00262e+00     4.48498e+00
    1.00913e+00     4.41842e+00
    1.01569e+00     4.35285e+00
    1.02228e+00     4.28815e+00
    1.02892e+00     4.22441e+00
    1.03561e+00     4.16161e+00
    1.04233e+00     4.09966e+00
    1.04910e+00     4.03860e+00
    1.05592e+00     3.97844e+00
    1.06278e+00     3.91911e+00
    1.06968e+00     3.86063e+00
    1.07663e+00     3.80299e+00
    1.08362e+00     3.74617e+00
    1.09066e+00     3.69016e+00
    1.09775e+00     3.63498e+00
    1.10488e+00     3.58057e+00
    1.11205e+00     3.52693e+00
    1.11928e+00     3.47410e+00
    1.12655e+00     3.42201e+00
    1.13386e+00     3.37065e+00
    1.14123e+00     3.32007e+00
    1.14864e+00     3.27021e+00
    1.15610e+00     3.22108e+00
    1.16361e+00     3.17267e+00
    1.17117e+00     3.12496e+00
    1.17878e+00     3.07794e+00
    1.18643e+00     3.03160e+00
    1.19414e+00     2.98595e+00
    1.20190e+00     2.94097e+00
    1.20970e+00     2.89662e+00
    1.21756e+00     2.85295e+00
    1.22547e+00     2.80989e+00
    1.23343e+00     2.76747e+00
    1.24144e+00     2.72568e+00
    1.24951e+00     2.68451e+00
    1.25762e+00     2.64391e+00
    1.26579e+00     2.60392e+00
    1.27401e+00     2.56451e+00
    1.28229e+00     2.52570e+00
    1.29062e+00     2.48744e+00
    1.29900e+00     2.44973e+00
    1.30744e+00     2.41258e+00
    1.31593e+00     2.37596e+00
    1.32448e+00     2.33990e+00
    1.33308e+00     2.30434e+00
    1.34174e+00     2.26930e+00
    1.35046e+00     2.23479e+00
    1.35923e+00     2.20076e+00
    1.36806e+00     2.16724e+00
    1.37695e+00     2.13421e+00
    1.38589e+00     2.10167e+00
    1.39489e+00     2.06961e+00
    1.40395e+00     2.03802e+00
    1.41307e+00     2.00689e+00
    1.42225e+00     1.97622e+00
    1.43149e+00     1.94603e+00
    1.44079e+00     1.91627e+00
    1.45015e+00     1.88694e+00
    1.45956e+00     1.85806e+00
    1.46905e+00     1.82961e+00
    1.47859e+00     1.80158e+00
    1.48819e+00     1.77396e+00
    1.49786e+00     1.74676e+00
    1.50759e+00     1.71997e+00
    1.51738e+00     1.69356e+00
    1.52724e+00     1.66757e+00
    1.53716e+00     1.64195e+00
    1.54714e+00     1.61672e+00
    1.55719e+00     1.59187e+00
    1.56731e+00     1.56739e+00
    1.57749e+00     1.54328e+00
    1.58773e+00     1.51952e+00
    1.59805e+00     1.49613e+00
    1.60843e+00     1.47307e+00
    1.61887e+00     1.45036e+00
    1.62939e+00     1.42800e+00
    1.63997e+00     1.40596e+00
    1.65063e+00     1.38426e+00
    1.66135e+00     1.36287e+00
    1.67214e+00     1.34179e+00
    1.68300e+00     1.32105e+00
    1.69393e+00     1.30060e+00
    1.70494e+00     1.28047e+00
    1.71601e+00     1.26063e+00
    1.72716e+00     1.24109e+00
    1.73838e+00     1.22185e+00
    1.74967e+00     1.20290e+00
    1.76103e+00     1.18423e+00
    1.77247e+00     1.16584e+00
    1.78398e+00     1.14773e+00
    1.79557e+00     1.12990e+00
    1.80724e+00     1.11234e+00
    1.81897e+00     1.09504e+00
    1.83079e+00     1.07800e+00
    1.84268e+00     1.06123e+00
    1.85465e+00     1.04471e+00
    1.86670e+00     1.02844e+00
    1.87882e+00     1.01241e+00
    1.89103e+00     9.96644e-01
    1.90331e+00     9.81103e-01
    1.91567e+00     9.65793e-01
    1.92812e+00     9.50729e-01
    1.94064e+00     9.35887e-01
    1.95325e+00     9.21276e-01
    1.96593e+00     9.06885e-01
    1.97870e+00     8.92722e-01
    1.99156e+00     8.78761e-01
    2.00449e+00     8.65017e-01
    2.01751e+00     8.51485e-01
    2.03062e+00     8.38163e-01
    2.04381e+00     8.25035e-01
    2.05708e+00     8.12111e-01
    2.07045e+00     7.99385e-01
    2.08389e+00     7.86835e-01
    2.09743e+00     7.74492e-01
    2.11105e+00     7.62326e-01
    2.12477e+00     7.50353e-01
    2.13857e+00     7.38567e-01
    2.15246e+00     7.26957e-01
    2.16644e+00     7.15512e-01
    2.18051e+00     7.04253e-01
    2.19468e+00     6.93170e-01
    2.20893e+00     6.82246e-01
    2.22328e+00     6.71508e-01
    2.23772e+00     6.60918e-01
    2.25226e+00     6.50501e-01
    2.26689e+00     6.40241e-01
    2.28161e+00     6.30138e-01
    2.29643e+00     6.20193e-01
    2.31135e+00     6.10406e-01
    2.32636e+00     6.00762e-01
    2.34147e+00     5.91274e-01
    2.35668e+00     5.81930e-01
    2.37199e+00     5.72729e-01
    2.38740e+00     5.63680e-01
    2.40290e+00     5.54760e-01
    2.41851e+00     5.45983e-01
    2.43422e+00     5.37345e-01
    2.45003e+00     5.28836e-01
    2.46595e+00     5.20457e-01
    2.48197e+00     5.12215e-01
    2.49809e+00     5.04095e-01
    2.51431e+00     4.96101e-01
    2.53065e+00     4.88234e-01
    2.54708e+00     4.80484e-01
    2.56363e+00     4.72857e-01
    2.58028e+00     4.65346e-01
    2.59704e+00     4.57951e-01
    2.61391e+00     4.50671e-01
    2.63089e+00     4.43501e-01
    2.64798e+00     4.36444e-01
    2.66518e+00     4.29495e-01
    2.68249e+00     4.22654e-01
    2.69991e+00     4.15919e-01
    2.71745e+00     4.09290e-01
    2.73510e+00     4.02763e-01
    2.75287e+00     3.96339e-01
    2.77075e+00     3.90014e-01
    2.78875e+00     3.83790e-01
    2.80686e+00     3.77660e-01
    2.82509e+00     3.71629e-01
    2.84344e+00     3.65691e-01
    2.86191e+00     3.59847e-01
    2.88050e+00     3.54095e-01
    2.89921e+00     3.48433e-01
    2.91805e+00     3.42861e-01
    2.93700e+00     3.37375e-01
    2.95608e+00     3.31977e-01
    2.97528e+00     3.26663e-01
    2.99461e+00     3.21433e-01
    3.01406e+00     3.16285e-01
    3.03364e+00     3.11218e-01
    3.05334e+00     3.06231e-01
    3.07317e+00     3.01322e-01
    3.09314e+00     2.96491e-01
    3.11323e+00     2.91735e-01
    3.13345e+00     2.87055e-01
    3.15380e+00     2.82446e-01
    3.17429e+00     2.77912e-01
    3.19491e+00     2.73447e-01
    3.21566e+00     2.69052e-01
    3.23655e+00     2.64726e-01
    3.25757e+00     2.60468e-01
    3.27873e+00     2.56276e-01
    3.30003e+00     2.52150e-01
    3.32146e+00     2.48088e-01
    3.34304e+00     2.44091e-01
    3.36475e+00     2.40156e-01
    3.38661e+00     2.36283e-01
    3.40861e+00     2.32472e-01
    3.43075e+00     2.28720e-01
    3.45303e+00     2.25028e-01
    3.47546e+00     2.21395e-01
    3.49804e+00     2.17820e-01
    3.52076e+00     2.14301e-01
    3.54363e+00     2.10838e-01
    3.56664e+00     2.07430e-01
    3.58981e+00     2.04076e-01
    3.61313e+00     2.00776e-01
    3.63660e+00     1.97529e-01
    3.66022e+00     1.94333e-01
    3.68400e+00     1.91189e-01
    3.70793e+00     1.88094e-01
    3.73201e+00     1.85049e-01
    3.75625e+00     1.82052e-01
    3.78065e+00     1.79103e-01
    3.80521e+00     1.76202e-01
    3.82993e+00     1.73346e-01
    3.85480e+00     1.70536e-01
    3.87984e+00     1.67771e-01
    3.90504e+00     1.65049e-01
    3.93041e+00     1.62372e-01
    3.95594e+00     1.59736e-01
    3.98163e+00     1.57142e-01
    4.00750e+00     1.54590e-01
    4.03353e+00     1.52078e-01
    4.05973e+00     1.49606e-01
    4.08610e+00     1.47172e-01
    4.11264e+00     1.44778e-01
    4.13935e+00     1.42421e-01
    4.16624e+00     1.40102e-01
    4.19330e+00     1.37820e-01
    4.22054e+00     1.35574e-01
    4.24796e+00     1.33364e-01
    4.27555e+00     1.31189e-01
    4.30332e+00     1.29050e-01
    4.33127e+00     1.26945e-01
    4.35941e+00     1.24874e-01
    4.38772e+00     1.22835e-01
    4.41622e+00     1.20830e-01
    4.44491e+00     1.18857e-01
    4.47378e+00     1.16916e-01
    4.50284e+00     1.15006e-01
    4.53209e+00     1.13127e-01
    4.56153e+00     1.11278e-01
    4.59116e+00     1.09459e-01
    4.62098e+00     1.07670e-01
    4.65100e+00     1.05909e-01
    4.68121e+00     1.04177e-01
    4.71161e+00     1.02473e-01
    4.74222e+00     1.00796e-01
    4.77302e+00     9.91466e-02
    4.80403e+00     9.75239e-02
    4.83523e+00     9.59269e-02
    4.86664e+00     9.43557e-02
    4.89825e+00     9.28100e-02
    4.93007e+00     9.12886e-02
    4.96209e+00     8.97924e-02
    4.99432e+00     8.83195e-02
    5.02676e+00     8.68705e-02
    5.05941e+00     8.54445e-02
    5.09228e+00     8.40416e-02
    5.12535e+00     8.26608e-02
    5.15865e+00     8.13029e-02
    5.19215e+00     7.99662e-02
    5.22588e+00     7.86510e-02
    5.25983e+00     7.73576e-02
    5.29399e+00     7.60845e-02
    5.32838e+00     7.48324e-02
    5.36299e+00     7.36001e-02
    5.39782e+00     7.23884e-02
    5.43289e+00     7.11958e-02
    5.46818e+00     7.00230e-02
    5.50370e+00     6.88690e-02
    5.53944e+00     6.77340e-02
    5.57543e+00     6.66177e-02
    5.61164e+00     6.55191e-02
    5.64809e+00     6.44388e-02
    5.68478e+00     6.33757e-02
    5.72171e+00     6.23301e-02
    5.75887e+00     6.13019e-02
    5.79628e+00     6.02901e-02
    5.83393e+00     5.92955e-02
    5.87182e+00     5.83165e-02
    5.90996e+00     5.73534e-02
    5.94835e+00     5.64064e-02
    5.98699e+00     5.54746e-02
    6.02588e+00     5.45581e-02
    6.06502e+00     5.36567e-02
    6.10442e+00     5.27698e-02
    6.14407e+00     5.18974e-02
    6.18398e+00     5.10389e-02
    6.22414e+00     5.01946e-02
    6.26457e+00     4.93636e-02
    6.30527e+00     4.85464e-02
    6.34622e+00     4.77425e-02
    6.38744e+00     4.69512e-02
    6.42893e+00     4.61729e-02
    6.47069e+00     4.54074e-02
    6.51272e+00     4.46542e-02
    6.55503e+00     4.39133e-02
    6.59761e+00     4.31845e-02
    6.64046e+00     4.24673e-02
    6.68359e+00     4.17622e-02
    6.72701e+00     4.10685e-02
    6.77070e+00     4.03862e-02
    6.81468e+00     3.97153e-02
    6.85895e+00     3.90553e-02
    6.90350e+00     3.84064e-02
    6.94834e+00     3.77677e-02
    6.99348e+00     3.71398e-02
    7.03890e+00     3.65223e-02
    7.08462e+00     3.59149e-02
    7.13064e+00     3.53176e-02
    7.17696e+00     3.47297e-02
    7.22358e+00     3.41522e-02
    7.27050e+00     3.35836e-02
    7.31773e+00     3.30247e-02
    7.36526e+00     3.24747e-02
    7.41310e+00     3.19344e-02
    7.46125e+00     3.14023e-02
    7.50972e+00     3.08794e-02
    7.55850e+00     3.03652e-02
    7.60759e+00     2.98590e-02
    7.65701e+00     2.93614e-02
    7.70675e+00     2.88719e-02
    7.75680e+00     2.83904e-02
    7.80719e+00     2.79169e-02
    7.85790e+00     2.74508e-02
    7.90894e+00     2.69927e-02
    7.96032e+00     2.65416e-02
    8.01202e+00     2.60982e-02
    8.06407e+00     2.56622e-02
    8.11645e+00     2.52331e-02
    8.16917e+00     2.48113e-02
    8.22223e+00     2.43962e-02
    8.27564e+00     2.39880e-02
    8.32939e+00     2.35864e-02
    8.38350e+00     2.31916e-02
    8.43795e+00     2.28034e-02
    8.49276e+00     2.24215e-02
    8.54793e+00     2.20461e-02
    8.60345e+00     2.16769e-02
    8.65933e+00     2.13134e-02
    8.71558e+00     2.09563e-02
    8.77219e+00     2.06054e-02
    8.82917e+00     2.02600e-02
    8.88652e+00     1.99203e-02
    8.94425e+00     1.95865e-02
    9.00234e+00     1.92578e-02
    9.06082e+00     1.89350e-02
    9.11967e+00     1.86177e-02
    9.17891e+00     1.83051e-02
    9.23853e+00     1.79982e-02
    9.29854e+00     1.76962e-02
    9.35894e+00     1.73993e-02
    9.41973e+00     1.71073e-02
    9.48092e+00     1.68201e-02
    9.54250e+00     1.65376e-02
    9.60449e+00     1.62599e-02
    9.66687e+00     1.59868e-02
    9.72967e+00     1.57181e-02
    9.79287e+00     1.54539e-02
    9.85648e+00     1.51940e-02
    9.92050e+00     1.49384e-02
    9.98494e+00     1.46870e-02
    1.00498e+01     1.44397e-02
    1.01151e+01     1.41966e-02
    1.01808e+01     1.39574e-02
    1.02469e+01     1.37223e-02
    1.03135e+01     1.34911e-02
    1.03805e+01     1.32637e-02
    1.04479e+01     1.30400e-02
    1.05157e+01     1.28201e-02
    1.05841e+01     1.26040e-02
    1.06528e+01     1.23913e-02
    1.07220e+01     1.21823e-02
    1.07916e+01     1.19767e-02
    1.08617e+01     1.17746e-02
    1.09323e+01     1.15760e-02
    1.10033e+01     1.13805e-02
    1.10748e+01     1.11885e-02
    1.11467e+01     1.09996e-02
    1.12191e+01     1.08139e-02
    1.12920e+01     1.06313e-02
    1.13653e+01     1.04517e-02
    1.14392e+01     1.02753e-02
    1.15135e+01     1.01018e-02
    1.15883e+01     9.93111e-03
    1.16635e+01     9.76328e-03
    1.17393e+01     9.59833e-03
    1.18155e+01     9.43607e-03
    1.18923e+01     9.27659e-03
    1.19695e+01     9.11971e-03
    1.20473e+01     8.96548e-03
    1.21255e+01     8.81379e-03
    1.22043e+01     8.66465e-03
    1.22836e+01     8.51800e-03
    1.23634e+01     8.37374e-03
    1.24437e+01     8.23188e-03
    1.25245e+01     8.09236e-03
    1.26059e+01     7.95519e-03
    1.26877e+01     7.82025e-03
    1.27701e+01     7.68762e-03
    1.28531e+01     7.55723e-03
    1.29366e+01     7.42903e-03
    1.30206e+01     7.30291e-03
    1.31052e+01     7.17898e-03
    1.31903e+01     7.05710e-03
    1.32760e+01     6.93728e-03
    1.33622e+01     6.81947e-03
    1.34490e+01     6.70365e-03
    1.35364e+01     6.58980e-03
    1.36243e+01     6.47785e-03
    1.37128e+01     6.36783e-03
    1.38019e+01     6.25965e-03
    1.38915e+01     6.15327e-03
    1.39818e+01     6.04873e-03
    1.40726e+01     5.94593e-03
    1.41640e+01     5.84488e-03
    1.42560e+01     5.74552e-03
    1.43486e+01     5.64785e-03
    1.44418e+01     5.55185e-03
    1.45356e+01     5.45744e-03
    1.46300e+01     5.36463e-03
    1.47251e+01     5.27340e-03
    1.48207e+01     5.18368e-03
    1.49170e+01     5.09550e-03
    1.50139e+01     5.00877e-03
    1.51114e+01     4.92351e-03
    1.52095e+01     4.83965e-03
    1.53083e+01     4.75721e-03
    1.54078e+01     4.67616e-03
    1.55079e+01     4.59645e-03
    1.56086e+01     4.51808e-03
    1.57100e+01     4.44102e-03
    1.58120e+01     4.36524e-03
    1.59147e+01     4.29074e-03
    1.60181e+01     4.21750e-03
    1.61221e+01     4.14549e-03
    1.62269e+01     4.07474e-03
    1.63323e+01     4.00515e-03
    1.64384e+01     3.93674e-03
    1.65451e+01     3.86949e-03
    1.66526e+01     3.80338e-03
    1.67608e+01     3.73839e-03
    1.68696e+01     3.67450e-03
    1.69792e+01     3.61171e-03
    1.70895e+01     3.54998e-03
    1.72005e+01     3.48930e-03
    1.73122e+01     3.42966e-03
    1.74247e+01     3.37104e-03
    1.75379e+01     3.31342e-03
    1.76518e+01     3.25677e-03
    1.77665e+01     3.20108e-03
    1.78819e+01     3.14634e-03
    1.79980e+01     3.09253e-03
    1.81149e+01     3.03964e-03
    1.82326e+01     2.98764e-03
    1.83510e+01     2.93654e-03
    1.84702e+01     2.88628e-03
    1.85902e+01     2.83688e-03
    1.87109e+01     2.78831e-03
    1.88325e+01     2.74058e-03
    1.89548e+01     2.69364e-03
    1.90779e+01     2.64750e-03
    1.92019e+01     2.60213e-03
    1.93266e+01     2.55752e-03
    1.94521e+01     2.51365e-03
    1.95785e+01     2.47053e-03
    1.97056e+01     2.42815e-03
    1.98336e+01     2.38647e-03
    1.99625e+01     2.34551e-03
    2.00921e+01     2.30523e-03
    2.02226e+01     2.26564e-03
    2.03540e+01     2.22673e-03
    2.04862e+01     2.18848e-03
    2.06193e+01     2.15087e-03
    2.07532e+01     2.11391e-03
    2.08880e+01     2.07758e-03
    2.10237e+01     2.04188e-03
    2.11603e+01     2.00679e-03
    2.12977e+01     1.97229e-03
    2.14360e+01     1.93839e-03
    2.15753e+01     1.90507e-03
    2.17154e+01     1.87232e-03
    2.18565e+01     1.84014e-03
    2.19985e+01     1.80850e-03
    2.21413e+01     1.77740e-03
    2.22852e+01     1.74684e-03
    2.24299e+01     1.71680e-03
    2.25756e+01     1.68727e-03
    2.27223e+01     1.65825e-03
    2.28698e+01     1.62971e-03
    2.30184e+01     1.60168e-03
    2.31679e+01     1.57411e-03
    2.33184e+01     1.54702e-03
    2.34699e+01     1.52039e-03
    2.36223e+01     1.49421e-03
    2.37758e+01     1.46847e-03
    2.39302e+01     1.44316e-03
    2.40856e+01     1.41828e-03
    2.42421e+01     1.39382e-03
    2.43996e+01     1.36980e-03
    2.45580e+01     1.34616e-03
    2.47176e+01     1.32293e-03
    2.48781e+01     1.30010e-03
    2.50397e+01     1.27765e-03
    2.52024e+01     1.25559e-03
    2.53661e+01     1.23392e-03
    2.55308e+01     1.21259e-03
    2.56967e+01     1.19165e-03
    2.58636e+01     1.17106e-03
    2.60316e+01     1.15082e-03
    2.62007e+01     1.13095e-03
    2.63709e+01     1.11141e-03
    2.65421e+01     1.09219e-03
    2.67146e+01     1.07333e-03
    2.68881e+01     1.05478e-03
    2.70627e+01     1.03654e-03
    2.72385e+01     1.01863e-03
    2.74154e+01     1.00101e-03
    2.75935e+01     9.83715e-04
    2.77728e+01     9.66703e-04
    2.79532e+01     9.49995e-04
    2.81347e+01     9.33562e-04
    2.83175e+01     9.17420e-04
    2.85014e+01     9.01562e-04
    2.86866e+01     8.85965e-04
    2.88729e+01     8.70633e-04
    2.90604e+01     8.55569e-04
    2.92492e+01     8.40773e-04
    2.94392e+01     8.26213e-04
    2.96304e+01     8.11914e-04
    2.98229e+01     7.97851e-04
    3.00166e+01     7.84018e-04
    3.02116e+01     7.70431e-04
    3.04078e+01     7.57072e-04
    3.06053e+01     7.43942e-04
    3.08041e+01     7.31038e-04
    3.10042e+01     7.18360e-04
    3.12056e+01     7.05893e-04
    3.14083e+01     6.93634e-04
    3.16123e+01     6.81597e-04
    3.18176e+01     6.69765e-04
    3.20243e+01     6.58140e-04
    3.22323e+01     6.46705e-04
    3.24417e+01     6.35475e-04
    3.26524e+01     6.24432e-04
    3.28645e+01     6.13589e-04
    3.30780e+01     6.02932e-04
    3.32929e+01     5.92458e-04
    3.35091e+01     5.82165e-04
    3.37268e+01     5.72051e-04
    3.39458e+01     5.62111e-04
    3.41663e+01     5.52343e-04
    3.43883e+01     5.42747e-04
    3.46116e+01     5.33314e-04
    3.48365e+01     5.24047e-04
    3.50627e+01     5.14939e-04
    3.52905e+01     5.05989e-04
    3.55197e+01     4.97193e-04
    3.57505e+01     4.88550e-04
    3.59827e+01     4.80056e-04
    3.62164e+01     4.71707e-04
    3.64516e+01     4.63501e-04
    3.66884e+01     4.55437e-04
    3.69267e+01     4.47511e-04
    3.71666e+01     4.39721e-04
    3.74080e+01     4.32064e-04
    3.76510e+01     4.24537e-04
    3.78956e+01     4.17141e-04
    3.81417e+01     4.09869e-04
    3.83895e+01     4.02724e-04
    3.86388e+01     3.95701e-04
    3.88898e+01     3.88799e-04
    3.91424e+01     3.82017e-04
    3.93967e+01     3.75351e-04
    3.96526e+01     3.68802e-04
    3.99101e+01     3.62365e-04
    4.01694e+01     3.56040e-04
    4.04303e+01     3.49824e-04
    4.06929e+01     3.43717e-04
    4.09572e+01     3.37716e-04
    4.12233e+01     3.31819e-04
    4.14910e+01     3.26026e-04
    4.17605e+01     3.20332e-04
    4.20318e+01     3.14738e-04
    4.23048e+01     3.09242e-04
    4.25796e+01     3.03840e-04
    4.28562e+01     2.98534e-04
    4.31346e+01     2.93319e-04
    4.34147e+01     2.88195e-04
    4.36968e+01     2.83161e-04
    4.39806e+01     2.78213e-04
    4.42663e+01     2.73352e-04
    4.45538e+01     2.68575e-04
    4.48432e+01     2.63880e-04
    4.51345e+01     2.59267e-04
    4.54277e+01     2.54734e-04
    4.57227e+01     2.50279e-04
    4.60197e+01     2.45900e-04
    4.63186e+01     2.41596e-04
    4.66195e+01     2.37367e-04
    4.69223e+01     2.33210e-04
    4.72271e+01     2.29124e-04
    4.75339e+01     2.25110e-04
    4.78426e+01     2.21163e-04
    4.81534e+01     2.17286e-04
    4.84662e+01     2.13476e-04
    4.87810e+01     2.09731e-04
    4.90979e+01     2.06052e-04
    4.94168e+01     2.02436e-04
    4.97378e+01     1.98883e-04
    5.00608e+01     1.95392e-04
    5.03860e+01     1.91963e-04
    5.07133e+01     1.88593e-04
    5.10427e+01     1.85282e-04
    5.13743e+01     1.82029e-04
    5.17080e+01     1.78833e-04
    5.20438e+01     1.75693e-04
    5.23819e+01     1.72608e-04
    5.27221e+01     1.69577e-04
    5.30646e+01     1.66599e-04
    5.34093e+01     1.63674e-04
    5.37562e+01     1.60800e-04
    5.41054e+01     1.57976e-04
    5.44568e+01     1.55202e-04
    5.48106e+01     1.52477e-04
    5.51666e+01     1.49798e-04
    5.55249e+01     1.47168e-04
    5.58856e+01     1.44582e-04
    5.62486e+01     1.42043e-04
    5.66140e+01     1.39547e-04
    5.69817e+01     1.37095e-04
    5.73518e+01     1.34686e-04
    5.77244e+01     1.32318e-04
    5.80993e+01     1.29992e-04
    5.84767e+01     1.27706e-04
    5.88565e+01     1.25459e-04
    5.92388e+01     1.23252e-04
    5.96236e+01     1.21082e-04
    6.00109e+01     1.18952e-04
    6.04007e+01     1.16858e-04
    6.07930e+01     1.14800e-04
    6.11879e+01     1.12778e-04
    6.15854e+01     1.10792e-04
    6.19854e+01     1.08839e-04
    6.23880e+01     1.06921e-04
    6.27933e+01     1.05037e-04
    6.32012e+01     1.03186e-04
    6.36117e+01     1.01367e-04
    6.40249e+01     9.95801e-05
    6.44408e+01     9.78244e-05
    6.48593e+01     9.60983e-05
    6.52806e+01     9.44032e-05
    6.57047e+01     9.27375e-05
    6.61315e+01     9.11009e-05
    6.65610e+01     8.94924e-05
    6.69934e+01     8.79123e-05
    6.74285e+01     8.63592e-05
    6.78665e+01     8.48326e-05
    6.83073e+01     8.33329e-05
    6.87510e+01     8.18594e-05
    6.91976e+01     8.04104e-05
    6.96471e+01     7.89873e-05
    7.00995e+01     7.75877e-05
    7.05548e+01     7.62123e-05
    7.10131e+01     7.48604e-05
    7.14744e+01     7.35310e-05
    7.19386e+01     7.22247e-05
    7.24059e+01     7.09401e-05
    7.28762e+01     6.96771e-05
    7.33496e+01     6.84355e-05
    7.38261e+01     6.72147e-05
    7.43056e+01     6.60149e-05
    7.47883e+01     6.48362e-05
    7.52740e+01     6.36771e-05
    7.57630e+01     6.25389e-05
    7.62551e+01     6.14201e-05
    7.67504e+01     6.03211e-05
    7.72490e+01     5.92414e-05
    7.77507e+01     5.81806e-05
    7.82558e+01     5.71393e-05
    7.87641e+01     5.61162e-05
    7.92757e+01     5.51118e-05
    7.97906e+01     5.41258e-05
    8.03089e+01     5.31577e-05
    8.08306e+01     5.22073e-05
    8.13556e+01     5.12749e-05
    8.18841e+01     5.03595e-05
    8.24160e+01     4.94608e-05
    8.29513e+01     4.85797e-05
    8.34901e+01     4.77147e-05
    8.40324e+01     4.68665e-05
    8.45783e+01     4.60341e-05
    8.51276e+01     4.52177e-05
    8.56806e+01     4.44174e-05
    8.62371e+01     4.36329e-05
    8.67973e+01     4.28632e-05
    8.73611e+01     4.21091e-05
    8.79285e+01     4.13694e-05
    8.84997e+01     4.06452e-05
    8.90745e+01     3.99346e-05
    8.96531e+01     3.92392e-05
    9.02355e+01     3.85573e-05
    9.08216e+01     3.78893e-05
    9.14115e+01     3.72351e-05
    9.20053e+01     3.65936e-05
    9.26029e+01     3.59647e-05
    9.32044e+01     3.53478e-05
    9.38099e+01     3.47429e-05
    9.44192e+01     3.41488e-05
    9.50325e+01     3.35655e-05
    9.56498e+01     3.29925e-05
    9.62711e+01     3.24292e-05
    9.68964e+01     3.18755e-05
    9.75258e+01     3.13310e-05
    9.81593e+01     3.07951e-05
    9.87969e+01     3.02672e-05
    9.94386e+01     2.97470e-05
    1.00085e+02     2.92349e-05
    1.00735e+02     2.87293e-05
    1.01389e+02     2.82307e-05
    1.02048e+02     2.77383e-05
    1.02710e+02     2.72518e-05
    1.03378e+02     2.67714e-05
    1.04049e+02     2.62958e-05
    1.04725e+02     2.58251e-05
    1.05405e+02     2.53596e-05
    1.06090e+02     2.48981e-05
    1.06779e+02     2.44408e-05
    1.07473e+02     2.39872e-05
    1.08171e+02     2.35366e-05
    1.08873e+02     2.30894e-05
    1.09580e+02     2.26452e-05
    1.10292e+02     2.22033e-05
    1.11009e+02     2.17640e-05
    1.11730e+02     2.13267e-05
