    1.05035e-05     4.14578e+00
    1.05717e-05     4.17165e+00
    1.06404e-05     4.19770e+00
    1.07095e-05     4.22390e+00
    1.07791e-05     4.25028e+00
    1.08491e-05     4.27680e+00
    1.09196e-05     4.30351e+00
    1.09905e-05     4.33036e+00
    1.10619e-05     4.35740e+00
    1.11337e-05     4.38457e+00
    1.12060e-05     4.41194e+00
    1.12788e-05     4.43948e+00
    1.13521e-05     4.46721e+00
    1.14258e-05     4.49508e+00
    1.15001e-05     4.52317e+00
    1.15748e-05     4.55140e+00
    1.16499e-05     4.57978e+00
    1.17256e-05     4.60838e+00
    1.18018e-05     4.63716e+00
    1.18784e-05     4.66608e+00
    1.19556e-05     4.69522e+00
    1.20332e-05     4.72451e+00
    1.21114e-05     4.75401e+00
    1.21901e-05     4.78370e+00
    1.22693e-05     4.81357e+00
    1.23490e-05     4.84361e+00
    1.24292e-05     4.87384e+00
    1.25099e-05     4.90425e+00
    1.25912e-05     4.93488e+00
    1.26730e-05     4.96569e+00
    1.27553e-05     4.99668e+00
    1.28381e-05     5.02785e+00
    1.29215e-05     5.05924e+00
    1.30054e-05     5.09081e+00
    1.30899e-05     5.12259e+00
    1.31749e-05     5.15456e+00
    1.32605e-05     5.18674e+00
    1.33467e-05     5.21914e+00
    1.34334e-05     5.25172e+00
    1.35206e-05     5.28448e+00
    1.36084e-05     5.31746e+00
    1.36968e-05     5.35065e+00
    1.37858e-05     5.38407e+00
    1.38753e-05     5.41766e+00
    1.39655e-05     5.45150e+00
    1.40562e-05     5.48552e+00
    1.41475e-05     5.51976e+00
    1.42394e-05     5.55422e+00
    1.43319e-05     5.58889e+00
    1.44250e-05     5.62378e+00
    1.45187e-05     5.65889e+00
    1.46130e-05     5.69421e+00
    1.47079e-05     5.72974e+00
    1.48034e-05     5.76550e+00
    1.48996e-05     5.80150e+00
    1.49964e-05     5.83772e+00
    1.50938e-05     5.87416e+00
    1.51918e-05     5.91081e+00
    1.52905e-05     5.94771e+00
    1.53898e-05     5.98483e+00
    1.54898e-05     6.02220e+00
    1.55904e-05     6.05979e+00
    1.56917e-05     6.09762e+00
    1.57936e-05     6.13568e+00
    1.58962e-05     6.17398e+00
    1.59994e-05     6.21250e+00
    1.61034e-05     6.25131e+00
    1.62080e-05     6.29033e+00
    1.63132e-05     6.32956e+00
    1.64192e-05     6.36908e+00
    1.65259e-05     6.40886e+00
    1.66332e-05     6.44885e+00
    1.67412e-05     6.48909e+00
    1.68500e-05     6.52961e+00
    1.69594e-05     6.57035e+00
    1.70696e-05     6.61138e+00
    1.71805e-05     6.65266e+00
    1.72921e-05     6.69418e+00
    1.74044e-05     6.73596e+00
    1.75174e-05     6.77799e+00
    1.76312e-05     6.82030e+00
    1.77458e-05     6.86291e+00
    1.78610e-05     6.90572e+00
    1.79770e-05     6.94882e+00
    1.80938e-05     6.99220e+00
    1.82113e-05     7.03584e+00
    1.83296e-05     7.07976e+00
    1.84487e-05     7.12397e+00
    1.85685e-05     7.16842e+00
    1.86891e-05     7.21316e+00
    1.88105e-05     7.25819e+00
    1.89327e-05     7.30350e+00
    1.90557e-05     7.34910e+00
    1.91795e-05     7.39498e+00
    1.93041e-05     7.44115e+00
    1.94294e-05     7.48756e+00
    1.95557e-05     7.53434e+00
    1.96827e-05     7.58136e+00
    1.98105e-05     7.62866e+00
    1.99392e-05     7.67629e+00
    2.00687e-05     7.72420e+00
    2.01991e-05     7.77243e+00
    2.03303e-05     7.82094e+00
    2.04623e-05     7.86974e+00
    2.05953e-05     7.91890e+00
    2.07290e-05     7.96830e+00
    2.08637e-05     8.01806e+00
    2.09992e-05     8.06810e+00
    2.11356e-05     8.11845e+00
    2.12729e-05     8.16913e+00
    2.14111e-05     8.22013e+00
    2.15501e-05     8.27139e+00
    2.16901e-05     8.32303e+00
    2.18310e-05     8.37499e+00
    2.19728e-05     8.42725e+00
    2.21155e-05     8.47984e+00
    2.22592e-05     8.53277e+00
    2.24038e-05     8.58604e+00
    2.25493e-05     8.63963e+00
    2.26958e-05     8.69355e+00
    2.28432e-05     8.74781e+00
    2.29916e-05     8.80242e+00
    2.31409e-05     8.85735e+00
    2.32912e-05     8.91263e+00
    2.34425e-05     8.96825e+00
    2.35948e-05     9.02424e+00
    2.37481e-05     9.08059e+00
    2.39023e-05     9.13725e+00
    2.40576e-05     9.19430e+00
    2.42138e-05     9.25167e+00
    2.43711e-05     9.30942e+00
    2.45294e-05     9.36753e+00
    2.46888e-05     9.42605e+00
    2.48491e-05     9.48486e+00
    2.50105e-05     9.54406e+00
    2.51730e-05     9.60365e+00
    2.53365e-05     9.66360e+00
    2.55011e-05     9.72393e+00
    2.56667e-05     9.78461e+00
    2.58334e-05     9.84568e+00
    2.60012e-05     9.90713e+00
    2.61701e-05     9.96898e+00
    2.63401e-05     1.00312e+01
    2.65112e-05     1.00938e+01
    2.66834e-05     1.01569e+01
    2.68567e-05     1.02202e+01
    2.70312e-05     1.02841e+01
    2.72068e-05     1.03483e+01
    2.73835e-05     1.04128e+01
    2.75614e-05     1.04778e+01
    2.77404e-05     1.05432e+01
    2.79206e-05     1.06090e+01
    2.81019e-05     1.06752e+01
    2.82845e-05     1.07419e+01
    2.84682e-05     1.08089e+01
    2.86531e-05     1.08764e+01
    2.88392e-05     1.09443e+01
    2.90266e-05     1.10126e+01
    2.92151e-05     1.10813e+01
    2.94049e-05     1.11505e+01
    2.95959e-05     1.12201e+01
    2.97881e-05     1.12901e+01
    2.99816e-05     1.13606e+01
    3.01764e-05     1.14315e+01
    3.03724e-05     1.15028e+01
    3.05697e-05     1.15746e+01
    3.07682e-05     1.16468e+01
    3.09681e-05     1.17196e+01
    3.11692e-05     1.17927e+01
    3.13717e-05     1.18663e+01
    3.15755e-05     1.19404e+01
    3.17806e-05     1.20149e+01
    3.19870e-05     1.20899e+01
    3.21948e-05     1.21654e+01
    3.24039e-05     1.22413e+01
    3.26144e-05     1.23177e+01
    3.28262e-05     1.23946e+01
    3.30395e-05     1.24720e+01
    3.32541e-05     1.25499e+01
    3.34701e-05     1.26282e+01
    3.36875e-05     1.27070e+01
    3.39063e-05     1.27863e+01
    3.41265e-05     1.28661e+01
    3.43482e-05     1.29465e+01
    3.45713e-05     1.30273e+01
    3.47959e-05     1.31086e+01
    3.50219e-05     1.31904e+01
    3.52494e-05     1.32727e+01
    3.54783e-05     1.33555e+01
    3.57088e-05     1.34389e+01
    3.59407e-05     1.35228e+01
    3.61742e-05     1.36072e+01
    3.64092e-05     1.36921e+01
    3.66457e-05     1.37776e+01
    3.68837e-05     1.38636e+01
    3.71233e-05     1.39501e+01
    3.73644e-05     1.40371e+01
    3.76071e-05     1.41248e+01
    3.78514e-05     1.42129e+01
    3.80973e-05     1.43017e+01
    3.83447e-05     1.43909e+01
    3.85938e-05     1.44808e+01
    3.88445e-05     1.45711e+01
    3.90968e-05     1.46621e+01
    3.93507e-05     1.47536e+01
    3.96064e-05     1.48457e+01
    3.98636e-05     1.49384e+01
    4.01226e-05     1.50316e+01
    4.03832e-05     1.51255e+01
    4.06455e-05     1.52199e+01
    4.09095e-05     1.53149e+01
    4.11752e-05     1.54105e+01
    4.14427e-05     1.55067e+01
    4.17119e-05     1.56035e+01
    4.19828e-05     1.57008e+01
    4.22555e-05     1.57989e+01
    4.25300e-05     1.58975e+01
    4.28062e-05     1.59967e+01
    4.30843e-05     1.60965e+01
    4.33642e-05     1.61970e+01
    4.36458e-05     1.62981e+01
    4.39293e-05     1.63998e+01
    4.42147e-05     1.65022e+01
    4.45019e-05     1.66052e+01
    4.47909e-05     1.67088e+01
    4.50819e-05     1.68131e+01
    4.53747e-05     1.69180e+01
    4.56694e-05     1.70236e+01
    4.59661e-05     1.71299e+01
    4.62647e-05     1.72368e+01
    4.65652e-05     1.73443e+01
    4.68677e-05     1.74526e+01
    4.71721e-05     1.75616e+01
    4.74785e-05     1.76711e+01
    4.77869e-05     1.77814e+01
    4.80973e-05     1.78924e+01
    4.84097e-05     1.80041e+01
    4.87242e-05     1.81165e+01
    4.90406e-05     1.82295e+01
    4.93592e-05     1.83433e+01
    4.96798e-05     1.84578e+01
    5.00025e-05     1.85730e+01
    5.03273e-05     1.86889e+01
    5.06542e-05     1.88056e+01
    5.09832e-05     1.89229e+01
    5.13144e-05     1.90410e+01
    5.16477e-05     1.91598e+01
    5.19832e-05     1.92795e+01
    5.23208e-05     1.93997e+01
    5.26607e-05     1.95208e+01
    5.30028e-05     1.96427e+01
    5.33470e-05     1.97652e+01
    5.36936e-05     1.98886e+01
    5.40423e-05     2.00127e+01
    5.43934e-05     2.01376e+01
    5.47467e-05     2.02633e+01
    5.51023e-05     2.03897e+01
    5.54602e-05     2.05170e+01
    5.58205e-05     2.06450e+01
    5.61830e-05     2.07739e+01
    5.65480e-05     2.09035e+01
    5.69153e-05     2.10340e+01
    5.72850e-05     2.11652e+01
    5.76571e-05     2.12974e+01
    5.80316e-05     2.14303e+01
    5.84085e-05     2.15640e+01
    5.87879e-05     2.16986e+01
    5.91698e-05     2.18341e+01
    5.95541e-05     2.19703e+01
    5.99410e-05     2.21075e+01
    6.03303e-05     2.22454e+01
    6.07222e-05     2.23843e+01
    6.11166e-05     2.25240e+01
    6.15136e-05     2.26646e+01
    6.19132e-05     2.28061e+01
    6.23153e-05     2.29484e+01
    6.27201e-05     2.30916e+01
    6.31275e-05     2.32357e+01
    6.35376e-05     2.33808e+01
    6.39503e-05     2.35267e+01
    6.43657e-05     2.36735e+01
    6.47838e-05     2.38212e+01
    6.52046e-05     2.39699e+01
    6.56281e-05     2.41195e+01
    6.60544e-05     2.42700e+01
    6.64835e-05     2.44215e+01
    6.69153e-05     2.45738e+01
    6.73499e-05     2.47272e+01
    6.77874e-05     2.48815e+01
    6.82277e-05     2.50368e+01
    6.86709e-05     2.51930e+01
    6.91170e-05     2.53502e+01
    6.95659e-05     2.55084e+01
    7.00178e-05     2.56676e+01
    7.04726e-05     2.58278e+01
    7.09304e-05     2.59889e+01
    7.13911e-05     2.61511e+01
    7.18548e-05     2.63143e+01
    7.23215e-05     2.64785e+01
    7.27913e-05     2.66437e+01
    7.32641e-05     2.68100e+01
    7.37400e-05     2.69773e+01
    7.42190e-05     2.71456e+01
    7.47011e-05     2.73150e+01
    7.51863e-05     2.74854e+01
    7.56747e-05     2.76570e+01
    7.61663e-05     2.78296e+01
    7.66610e-05     2.80032e+01
    7.71589e-05     2.81779e+01
    7.76601e-05     2.83538e+01
    7.81646e-05     2.85307e+01
    7.86723e-05     2.87087e+01
    7.91833e-05     2.88879e+01
    7.96977e-05     2.90682e+01
    8.02153e-05     2.92495e+01
    8.07364e-05     2.94321e+01
    8.12608e-05     2.96157e+01
    8.17886e-05     2.98005e+01
    8.23199e-05     2.99865e+01
    8.28546e-05     3.01736e+01
    8.33928e-05     3.03619e+01
    8.39345e-05     3.05514e+01
    8.44797e-05     3.07420e+01
    8.50284e-05     3.09339e+01
    8.55807e-05     3.11269e+01
    8.61366e-05     3.13211e+01
    8.66961e-05     3.15166e+01
    8.72593e-05     3.17133e+01
    8.78261e-05     3.19111e+01
    8.83966e-05     3.21103e+01
    8.89707e-05     3.23107e+01
    8.95487e-05     3.25123e+01
    9.01303e-05     3.27151e+01
    9.07158e-05     3.29193e+01
    9.13050e-05     3.31247e+01
    9.18981e-05     3.33314e+01
    9.24950e-05     3.35393e+01
    9.30958e-05     3.37486e+01
    9.37005e-05     3.39592e+01
    9.43092e-05     3.41711e+01
    9.49218e-05     3.43842e+01
    9.55383e-05     3.45988e+01
    9.61589e-05     3.48146e+01
    9.67835e-05     3.50318e+01
    9.74122e-05     3.52504e+01
    9.80449e-05     3.54703e+01
    9.86818e-05     3.56915e+01
    9.93228e-05     3.59142e+01
    9.99679e-05     3.61383e+01
    1.00617e-04     3.63636e+01
    1.01271e-04     3.65906e+01
    1.01929e-04     3.68190e+01
    1.02591e-04     3.70487e+01
    1.03257e-04     3.72796e+01
    1.03928e-04     3.75124e+01
    1.04603e-04     3.77463e+01
    1.05282e-04     3.79817e+01
    1.05966e-04     3.82187e+01
    1.06655e-04     3.84574e+01
    1.07347e-04     3.86971e+01
    1.08045e-04     3.89387e+01
    1.08746e-04     3.91814e+01
    1.09453e-04     3.94260e+01
    1.10164e-04     3.96720e+01
    1.10879e-04     3.99194e+01
    1.11599e-04     4.01683e+01
    1.12324e-04     4.04189e+01
    1.13054e-04     4.06712e+01
    1.13788e-04     4.09248e+01
    1.14527e-04     4.11800e+01
    1.15271e-04     4.14369e+01
    1.16020e-04     4.16955e+01
    1.16774e-04     4.19557e+01
    1.17532e-04     4.22172e+01
    1.18296e-04     4.24807e+01
    1.19064e-04     4.27455e+01
    1.19837e-04     4.30120e+01
    1.20616e-04     4.32805e+01
    1.21399e-04     4.35503e+01
    1.22188e-04     4.38220e+01
    1.22982e-04     4.40955e+01
    1.23780e-04     4.43702e+01
    1.24584e-04     4.46470e+01
    1.25394e-04     4.49257e+01
    1.26208e-04     4.52057e+01
    1.27028e-04     4.54877e+01
    1.27853e-04     4.57714e+01
    1.28684e-04     4.60570e+01
    1.29519e-04     4.63440e+01
    1.30361e-04     4.66333e+01
    1.31208e-04     4.69242e+01
    1.32060e-04     4.72167e+01
    1.32918e-04     4.75113e+01
    1.33781e-04     4.78075e+01
    1.34650e-04     4.81056e+01
    1.35525e-04     4.84058e+01
    1.36405e-04     4.87076e+01
    1.37291e-04     4.90113e+01
    1.38183e-04     4.93171e+01
    1.39080e-04     4.96245e+01
    1.39984e-04     4.99341e+01
    1.40893e-04     5.02454e+01
    1.41808e-04     5.05588e+01
    1.42729e-04     5.08741e+01
    1.43656e-04     5.11913e+01
    1.44589e-04     5.15105e+01
    1.45529e-04     5.18320e+01
    1.46474e-04     5.21551e+01
    1.47425e-04     5.24802e+01
    1.48383e-04     5.28076e+01
    1.49347e-04     5.31368e+01
    1.50317e-04     5.34682e+01
    1.51293e-04     5.38015e+01
    1.52276e-04     5.41370e+01
    1.53265e-04     5.44745e+01
    1.54261e-04     5.48143e+01
    1.55263e-04     5.51560e+01
    1.56271e-04     5.54998e+01
    1.57286e-04     5.58457e+01
    1.58308e-04     5.61940e+01
    1.59336e-04     5.65442e+01
    1.60371e-04     5.68967e+01
    1.61413e-04     5.72515e+01
    1.62461e-04     5.76083e+01
    1.63517e-04     5.79675e+01
    1.64579e-04     5.83289e+01
    1.65648e-04     5.86925e+01
    1.66724e-04     5.90584e+01
    1.67807e-04     5.94264e+01
    1.68897e-04     5.97969e+01
    1.69994e-04     6.01696e+01
    1.71098e-04     6.05446e+01
    1.72209e-04     6.09219e+01
    1.73328e-04     6.13017e+01
    1.74454e-04     6.16839e+01
    1.75587e-04     6.20682e+01
    1.76728e-04     6.24553e+01
    1.77875e-04     6.28442e+01
    1.79031e-04     6.32361e+01
    1.80194e-04     6.36302e+01
    1.81364e-04     6.40267e+01
    1.82542e-04     6.44257e+01
    1.83728e-04     6.48273e+01
    1.84921e-04     6.52312e+01
    1.86123e-04     6.56380e+01
    1.87332e-04     6.60470e+01
    1.88548e-04     6.64582e+01
    1.89773e-04     6.68725e+01
    1.91006e-04     6.72894e+01
    1.92246e-04     6.77083e+01
    1.93495e-04     6.81304e+01
    1.94752e-04     6.85549e+01
    1.96017e-04     6.89820e+01
    1.97290e-04     6.94118e+01
    1.98572e-04     6.98444e+01
    1.99862e-04     7.02796e+01
    2.01160e-04     7.07174e+01
    2.02467e-04     7.11580e+01
    2.03782e-04     7.16013e+01
    2.05105e-04     7.20470e+01
    2.06438e-04     7.24961e+01
    2.07779e-04     7.29478e+01
    2.09128e-04     7.34019e+01
    2.10487e-04     7.38592e+01
    2.11854e-04     7.43193e+01
    2.13230e-04     7.47821e+01
    2.14615e-04     7.52479e+01
    2.16009e-04     7.57165e+01
    2.17412e-04     7.61880e+01
    2.18824e-04     7.66624e+01
    2.20246e-04     7.71400e+01
    2.21676e-04     7.76202e+01
    2.23116e-04     7.81036e+01
    2.24565e-04     7.85898e+01
    2.26024e-04     7.90792e+01
    2.27492e-04     7.95715e+01
    2.28970e-04     8.00670e+01
    2.30457e-04     8.05654e+01
    2.31954e-04     8.10670e+01
    2.33461e-04     8.15719e+01
    2.34977e-04     8.20794e+01
    2.36504e-04     8.25907e+01
    2.38040e-04     8.31046e+01
    2.39586e-04     8.36218e+01
    2.41142e-04     8.41424e+01
    2.42709e-04     8.46663e+01
    2.44285e-04     8.51931e+01
    2.45872e-04     8.57232e+01
    2.47469e-04     8.62567e+01
    2.49076e-04     8.67934e+01
    2.50694e-04     8.73335e+01
    2.52323e-04     8.78773e+01
    2.53962e-04     8.84240e+01
    2.55611e-04     8.89740e+01
    2.57272e-04     8.95278e+01
    2.58943e-04     9.00848e+01
    2.60625e-04     9.06453e+01
    2.62318e-04     9.12093e+01
    2.64022e-04     9.17769e+01
    2.65737e-04     9.23477e+01
    2.67463e-04     9.29223e+01
    2.69200e-04     9.35001e+01
    2.70949e-04     9.40818e+01
    2.72709e-04     9.46670e+01
    2.74480e-04     9.52557e+01
    2.76263e-04     9.58482e+01
    2.78057e-04     9.64442e+01
    2.79863e-04     9.70439e+01
    2.81681e-04     9.76475e+01
    2.83511e-04     9.82548e+01
    2.85353e-04     9.88659e+01
    2.87206e-04     9.94805e+01
    2.89072e-04     1.00099e+02
    2.90949e-04     1.00721e+02
    2.92839e-04     1.01347e+02
    2.94741e-04     1.01978e+02
    2.96656e-04     1.02612e+02
    2.98583e-04     1.03249e+02
    3.00522e-04     1.03891e+02
    3.02474e-04     1.04537e+02
    3.04439e-04     1.05187e+02
    3.06417e-04     1.05840e+02
    3.08407e-04     1.06498e+02
    3.10410e-04     1.07160e+02
    3.12426e-04     1.07825e+02
    3.14456e-04     1.08496e+02
    3.16498e-04     1.09169e+02
    3.18554e-04     1.09848e+02
    3.20623e-04     1.10530e+02
    3.22706e-04     1.11217e+02
    3.24802e-04     1.11907e+02
    3.26912e-04     1.12602e+02
    3.29035e-04     1.13302e+02
    3.31173e-04     1.14006e+02
    3.33324e-04     1.14713e+02
    3.35489e-04     1.15426e+02
    3.37668e-04     1.16142e+02
    3.39861e-04     1.16863e+02
    3.42069e-04     1.17589e+02
    3.44291e-04     1.18319e+02
    3.46527e-04     1.19053e+02
    3.48778e-04     1.19792e+02
    3.51044e-04     1.20536e+02
    3.53324e-04     1.21284e+02
    3.55619e-04     1.22037e+02
    3.57929e-04     1.22794e+02
    3.60254e-04     1.23556e+02
    3.62594e-04     1.24322e+02
    3.64949e-04     1.25094e+02
    3.67320e-04     1.25870e+02
    3.69706e-04     1.26651e+02
    3.72107e-04     1.27436e+02
    3.74524e-04     1.28226e+02
    3.76957e-04     1.29021e+02
    3.79405e-04     1.29821e+02
    3.81870e-04     1.30626e+02
    3.84350e-04     1.31436e+02
    3.86847e-04     1.32251e+02
    3.89360e-04     1.33070e+02
    3.91889e-04     1.33895e+02
    3.94434e-04     1.34725e+02
    3.96996e-04     1.35559e+02
    3.99575e-04     1.36399e+02
    4.02171e-04     1.37245e+02
    4.04783e-04     1.38095e+02
    4.07412e-04     1.38950e+02
    4.10059e-04     1.39811e+02
    4.12722e-04     1.40677e+02
    4.15403e-04     1.41548e+02
    4.18101e-04     1.42425e+02
    4.20817e-04     1.43307e+02
    4.23550e-04     1.44194e+02
    4.26302e-04     1.45087e+02
    4.29071e-04     1.45985e+02
    4.31858e-04     1.46889e+02
    4.34663e-04     1.47798e+02
    4.37486e-04     1.48712e+02
    4.40328e-04     1.49633e+02
    4.43188e-04     1.50559e+02
    4.46067e-04     1.51490e+02
    4.48964e-04     1.52427e+02
    4.51881e-04     1.53370e+02
    4.54816e-04     1.54319e+02
    4.57770e-04     1.55273e+02
    4.60744e-04     1.56233e+02
    4.63736e-04     1.57199e+02
    4.66749e-04     1.58171e+02
    4.69780e-04     1.59148e+02
    4.72832e-04     1.60132e+02
    4.75903e-04     1.61121e+02
    4.78994e-04     1.62117e+02
    4.82106e-04     1.63118e+02
    4.85237e-04     1.64126e+02
    4.88389e-04     1.65140e+02
    4.91562e-04     1.66160e+02
    4.94754e-04     1.67185e+02
    4.97968e-04     1.68217e+02
    5.01203e-04     1.69256e+02
    5.04458e-04     1.70300e+02
    5.07735e-04     1.71351e+02
    5.11033e-04     1.72408e+02
    5.14353e-04     1.73472e+02
    5.17694e-04     1.74543e+02
    5.21056e-04     1.75619e+02
    5.24441e-04     1.76702e+02
    5.27847e-04     1.77791e+02
    5.31276e-04     1.78888e+02
    5.34727e-04     1.79991e+02
    5.38200e-04     1.81100e+02
    5.41696e-04     1.82216e+02
    5.45215e-04     1.83339e+02
    5.48756e-04     1.84468e+02
    5.52321e-04     1.85605e+02
    5.55908e-04     1.86748e+02
    5.59519e-04     1.87898e+02
    5.63154e-04     1.89055e+02
    5.66812e-04     1.90219e+02
    5.70493e-04     1.91390e+02
    5.74199e-04     1.92568e+02
    5.77929e-04     1.93753e+02
    5.81683e-04     1.94945e+02
    5.85461e-04     1.96144e+02
    5.89264e-04     1.97351e+02
    5.93092e-04     1.98565e+02
    5.96944e-04     1.99786e+02
    6.00822e-04     2.01014e+02
    6.04724e-04     2.02249e+02
    6.08652e-04     2.03492e+02
    6.12606e-04     2.04743e+02
    6.16585e-04     2.06000e+02
    6.20590e-04     2.07266e+02
    6.24621e-04     2.08538e+02
    6.28678e-04     2.09819e+02
    6.32762e-04     2.11107e+02
    6.36872e-04     2.12403e+02
    6.41009e-04     2.13706e+02
    6.45173e-04     2.15017e+02
    6.49363e-04     2.16336e+02
    6.53581e-04     2.17662e+02
    6.57827e-04     2.18998e+02
    6.62100e-04     2.20340e+02
    6.66400e-04     2.21690e+02
    6.70729e-04     2.23049e+02
    6.75086e-04     2.24416e+02
    6.79471e-04     2.25790e+02
    6.83884e-04     2.27173e+02
    6.88327e-04     2.28565e+02
    6.92798e-04     2.29964e+02
    6.97298e-04     2.31371e+02
    7.01827e-04     2.32787e+02
    7.06386e-04     2.34212e+02
    7.10974e-04     2.35644e+02
    7.15592e-04     2.37085e+02
    7.20241e-04     2.38535e+02
    7.24919e-04     2.39993e+02
    7.29628e-04     2.41460e+02
    7.34367e-04     2.42934e+02
    7.39137e-04     2.44418e+02
    7.43938e-04     2.45911e+02
    7.48770e-04     2.47412e+02
    7.53634e-04     2.48922e+02
    7.58529e-04     2.50441e+02
    7.63456e-04     2.51968e+02
    7.68416e-04     2.53505e+02
    7.73407e-04     2.55051e+02
    7.78431e-04     2.56606e+02
    7.83487e-04     2.58169e+02
    7.88576e-04     2.59742e+02
    7.93698e-04     2.61324e+02
    7.98854e-04     2.62916e+02
    8.04043e-04     2.64516e+02
    8.09265e-04     2.66126e+02
    8.14522e-04     2.67746e+02
    8.19813e-04     2.69375e+02
    8.25138e-04     2.71013e+02
    8.30498e-04     2.72661e+02
    8.35892e-04     2.74318e+02
    8.41322e-04     2.75985e+02
    8.46787e-04     2.77662e+02
    8.52287e-04     2.79349e+02
    8.57823e-04     2.81045e+02
    8.63395e-04     2.82751e+02
    8.69003e-04     2.84467e+02
    8.74648e-04     2.86193e+02
    8.80329e-04     2.87929e+02
    8.86048e-04     2.89675e+02
    8.91803e-04     2.91430e+02
    8.97596e-04     2.93196e+02
    9.03426e-04     2.94972e+02
    9.09294e-04     2.96758e+02
    9.15201e-04     2.98555e+02
    9.21145e-04     3.00361e+02
    9.27129e-04     3.02178e+02
    9.33151e-04     3.04005e+02
    9.39212e-04     3.05843e+02
    9.45313e-04     3.07692e+02
    9.51453e-04     3.09550e+02
    9.57633e-04     3.11420e+02
    9.63854e-04     3.13300e+02
    9.70115e-04     3.15191e+02
    9.76416e-04     3.17092e+02
    9.82758e-04     3.19004e+02
    9.89142e-04     3.20927e+02
    9.95567e-04     3.22862e+02
    1.00203e-03     3.24806e+02
    1.00854e-03     3.26762e+02
    1.01509e-03     3.28729e+02
    1.02169e-03     3.30710e+02
    1.02832e-03     3.32697e+02
    1.03500e-03     3.34698e+02
    1.04173e-03     3.36712e+02
    1.04849e-03     3.38734e+02
    1.05530e-03     3.40768e+02
    1.06216e-03     3.42817e+02
    1.06906e-03     3.44874e+02
    1.07600e-03     3.46942e+02
    1.08299e-03     3.49024e+02
    1.09003e-03     3.51118e+02
    1.09711e-03     3.53222e+02
    1.10423e-03     3.55335e+02
    1.11140e-03     3.57462e+02
    1.11862e-03     3.59602e+02
    1.12589e-03     3.61755e+02
    1.13320e-03     3.63917e+02
    1.14056e-03     3.66092e+02
    1.14797e-03     3.68280e+02
    1.15543e-03     3.70480e+02
    1.16293e-03     3.72690e+02
    1.17049e-03     3.74915e+02
    1.17809e-03     3.77151e+02
    1.18574e-03     3.79399e+02
    1.19345e-03     3.81662e+02
    1.20120e-03     3.83935e+02
    1.20900e-03     3.86220e+02
    1.21685e-03     3.88517e+02
    1.22476e-03     3.90830e+02
    1.23271e-03     3.93152e+02
    1.24072e-03     3.95489e+02
    1.24878e-03     3.97838e+02
    1.25689e-03     4.00200e+02
    1.26505e-03     4.02574e+02
    1.27327e-03     4.04962e+02
    1.28154e-03     4.07363e+02
    1.28987e-03     4.09778e+02
    1.29825e-03     4.12205e+02
    1.30668e-03     4.14645e+02
    1.31517e-03     4.17098e+02
    1.32371e-03     4.19563e+02
    1.33231e-03     4.22043e+02
    1.34096e-03     4.24535e+02
    1.34967e-03     4.27041e+02
    1.35844e-03     4.29561e+02
    1.36726e-03     4.32093e+02
    1.37614e-03     4.34640e+02
    1.38508e-03     4.37200e+02
    1.39408e-03     4.39774e+02
    1.40313e-03     4.42360e+02
    1.41225e-03     4.44963e+02
    1.42142e-03     4.47577e+02
    1.43065e-03     4.50205e+02
    1.43995e-03     4.52849e+02
    1.44930e-03     4.55504e+02
    1.45871e-03     4.58173e+02
    1.46819e-03     4.60858e+02
    1.47773e-03     4.63558e+02
    1.48732e-03     4.66268e+02
    1.49699e-03     4.68997e+02
    1.50671e-03     4.71736e+02
    1.51650e-03     4.74492e+02
    1.52635e-03     4.77261e+02
    1.53626e-03     4.80044e+02
    1.54624e-03     4.82842e+02
    1.55628e-03     4.85653e+02
    1.56639e-03     4.88481e+02
    1.57657e-03     4.91324e+02
    1.58681e-03     4.94181e+02
    1.59711e-03     4.97049e+02
    1.60749e-03     4.99937e+02
    1.61793e-03     5.02837e+02
    1.62844e-03     5.05753e+02
    1.63902e-03     5.08684e+02
    1.64966e-03     5.11627e+02
    1.66038e-03     5.14588e+02
    1.67116e-03     5.17563e+02
    1.68202e-03     5.20554e+02
    1.69295e-03     5.23561e+02
    1.70394e-03     5.26579e+02
    1.71501e-03     5.29615e+02
    1.72615e-03     5.32667e+02
    1.73736e-03     5.35732e+02
    1.74865e-03     5.38815e+02
    1.76001e-03     5.41912e+02
    1.77144e-03     5.45024e+02
    1.78294e-03     5.48149e+02
    1.79453e-03     5.51295e+02
    1.80618e-03     5.54451e+02
    1.81791e-03     5.57624e+02
    1.82972e-03     5.60814e+02
    1.84161e-03     5.64021e+02
    1.85357e-03     5.67241e+02
    1.86561e-03     5.70477e+02
    1.87773e-03     5.73729e+02
    1.88992e-03     5.76995e+02
    1.90220e-03     5.80279e+02
    1.91456e-03     5.83580e+02
    1.92699e-03     5.86893e+02
    1.93951e-03     5.90225e+02
    1.95211e-03     5.93572e+02
    1.96479e-03     5.96936e+02
    1.97755e-03     6.00314e+02
    1.99040e-03     6.03710e+02
    2.00332e-03     6.07118e+02
    2.01634e-03     6.10548e+02
    2.02943e-03     6.13989e+02
    2.04262e-03     6.17452e+02
    2.05588e-03     6.20925e+02
    2.06924e-03     6.24420e+02
    2.08268e-03     6.27928e+02
    2.09621e-03     6.31453e+02
    2.10982e-03     6.34993e+02
    2.12353e-03     6.38551e+02
    2.13732e-03     6.42123e+02
    2.15120e-03     6.45713e+02
    2.16518e-03     6.49322e+02
    2.17924e-03     6.52943e+02
    2.19340e-03     6.56584e+02
    2.20764e-03     6.60238e+02
    2.22198e-03     6.63910e+02
    2.23642e-03     6.67601e+02
    2.25094e-03     6.71304e+02
    2.26557e-03     6.75028e+02
    2.28028e-03     6.78765e+02
    2.29509e-03     6.82520e+02
    2.31000e-03     6.86292e+02
    2.32501e-03     6.90082e+02
    2.34011e-03     6.93886e+02
    2.35531e-03     6.97708e+02
    2.37061e-03     7.01547e+02
    2.38601e-03     7.05403e+02
    2.40150e-03     7.09272e+02
    2.41710e-03     7.13161e+02
    2.43280e-03     7.17066e+02
    2.44861e-03     7.20990e+02
    2.46451e-03     7.24929e+02
    2.48052e-03     7.28885e+02
    2.49663e-03     7.32857e+02
    2.51285e-03     7.36847e+02
    2.52917e-03     7.40854e+02
    2.54560e-03     7.44877e+02
    2.56213e-03     7.48916e+02
    2.57878e-03     7.52975e+02
    2.59553e-03     7.57048e+02
    2.61239e-03     7.61139e+02
    2.62936e-03     7.65246e+02
    2.64643e-03     7.69368e+02
    2.66362e-03     7.73510e+02
    2.68093e-03     7.77669e+02
    2.69834e-03     7.81842e+02
    2.71587e-03     7.86035e+02
    2.73351e-03     7.90243e+02
    2.75126e-03     7.94465e+02
    2.76914e-03     7.98709e+02
    2.78712e-03     8.02964e+02
    2.80523e-03     8.07242e+02
    2.82345e-03     8.11533e+02
    2.84179e-03     8.15840e+02
    2.86025e-03     8.20167e+02
    2.87883e-03     8.24507e+02
    2.89752e-03     8.28863e+02
    2.91635e-03     8.33241e+02
    2.93529e-03     8.37630e+02
    2.95436e-03     8.42039e+02
    2.97355e-03     8.46464e+02
    2.99286e-03     8.50904e+02
    3.01230e-03     8.55361e+02
    3.03187e-03     8.59836e+02
    3.05156e-03     8.64326e+02
    3.07138e-03     8.68833e+02
    3.09133e-03     8.73356e+02
    3.11141e-03     8.77894e+02
    3.13162e-03     8.82450e+02
    3.15196e-03     8.87024e+02
    3.17244e-03     8.91612e+02
    3.19304e-03     8.96215e+02
    3.21379e-03     9.00838e+02
    3.23466e-03     9.05475e+02
    3.25567e-03     9.10126e+02
    3.27682e-03     9.14796e+02
    3.29810e-03     9.19480e+02
    3.31953e-03     9.24182e+02
    3.34109e-03     9.28899e+02
    3.36279e-03     9.33630e+02
    3.38463e-03     9.38377e+02
    3.40662e-03     9.43143e+02
    3.42875e-03     9.47923e+02
    3.45102e-03     9.52718e+02
    3.47344e-03     9.57529e+02
    3.49600e-03     9.62355e+02
    3.51871e-03     9.67196e+02
    3.54156e-03     9.72054e+02
    3.56457e-03     9.76927e+02
    3.58772e-03     9.81813e+02
    3.61102e-03     9.86716e+02
    3.63448e-03     9.91635e+02
    3.65809e-03     9.96568e+02
    3.68185e-03     1.00152e+03
    3.70576e-03     1.00648e+03
    3.72984e-03     1.01146e+03
    3.75406e-03     1.01645e+03
    3.77845e-03     1.02146e+03
    3.80299e-03     1.02648e+03
    3.82769e-03     1.03152e+03
    3.85256e-03     1.03657e+03
    3.87758e-03     1.04163e+03
    3.90277e-03     1.04671e+03
    3.92812e-03     1.05180e+03
    3.95363e-03     1.05691e+03
    3.97931e-03     1.06203e+03
    4.00516e-03     1.06717e+03
    4.03118e-03     1.07232e+03
    4.05736e-03     1.07747e+03
    4.08372e-03     1.08265e+03
    4.11024e-03     1.08784e+03
    4.13694e-03     1.09304e+03
    4.16381e-03     1.09825e+03
    4.19086e-03     1.10348e+03
    4.21808e-03     1.10872e+03
    4.24548e-03     1.11397e+03
    4.27306e-03     1.11924e+03
    4.30081e-03     1.12451e+03
    4.32875e-03     1.12980e+03
    4.35687e-03     1.13511e+03
    4.38517e-03     1.14042e+03
    4.41365e-03     1.14575e+03
    4.44232e-03     1.15109e+03
    4.47118e-03     1.15643e+03
    4.50022e-03     1.16180e+03
    4.52945e-03     1.16717e+03
    4.55887e-03     1.17255e+03
    4.58848e-03     1.17795e+03
    4.61829e-03     1.18335e+03
    4.64829e-03     1.18877e+03
    4.67848e-03     1.19420e+03
    4.70887e-03     1.19963e+03
    4.73946e-03     1.20508e+03
    4.77024e-03     1.21054e+03
    4.80123e-03     1.21601e+03
    4.83241e-03     1.22148e+03
    4.86380e-03     1.22697e+03
    4.89539e-03     1.23246e+03
    4.92719e-03     1.23796e+03
    4.95920e-03     1.24348e+03
    4.99141e-03     1.24900e+03
    5.02383e-03     1.25453e+03
    5.05646e-03     1.26007e+03
    5.08931e-03     1.26561e+03
    5.12237e-03     1.27117e+03
    5.15564e-03     1.27673e+03
    5.18913e-03     1.28230e+03
    5.22283e-03     1.28788e+03
    5.25676e-03     1.29346e+03
    5.29091e-03     1.29906e+03
    5.32527e-03     1.30465e+03
    5.35986e-03     1.31026e+03
    5.39468e-03     1.31588e+03
    5.42972e-03     1.32150e+03
    5.46499e-03     1.32713e+03
    5.50049e-03     1.33276e+03
    5.53622e-03     1.33840e+03
    5.57218e-03     1.34404e+03
    5.60837e-03     1.34969e+03
    5.64480e-03     1.35535e+03
    5.68147e-03     1.36101e+03
    5.71837e-03     1.36667e+03
    5.75551e-03     1.37233e+03
    5.79290e-03     1.37800e+03
    5.83053e-03     1.38368e+03
    5.86840e-03     1.38935e+03
    5.90652e-03     1.39502e+03
    5.94489e-03     1.40070e+03
    5.98350e-03     1.40638e+03
    6.02237e-03     1.41206e+03
    6.06149e-03     1.41774e+03
    6.10086e-03     1.42342e+03
    6.14049e-03     1.42910e+03
    6.18037e-03     1.43478e+03
    6.22052e-03     1.44047e+03
    6.26092e-03     1.44615e+03
    6.30159e-03     1.45183e+03
    6.34252e-03     1.45751e+03
    6.38372e-03     1.46319e+03
    6.42519e-03     1.46887e+03
    6.46692e-03     1.47454e+03
    6.50893e-03     1.48022e+03
    6.55121e-03     1.48589e+03
    6.59376e-03     1.49156e+03
    6.63659e-03     1.49723e+03
    6.67970e-03     1.50290e+03
    6.72309e-03     1.50856e+03
    6.76676e-03     1.51422e+03
    6.81071e-03     1.51987e+03
    6.85495e-03     1.52552e+03
    6.89948e-03     1.53116e+03
    6.94429e-03     1.53680e+03
    6.98940e-03     1.54243e+03
    7.03480e-03     1.54805e+03
    7.08050e-03     1.55367e+03
    7.12649e-03     1.55928e+03
    7.17278e-03     1.56488e+03
    7.21937e-03     1.57048e+03
    7.26626e-03     1.57606e+03
    7.31346e-03     1.58164e+03
    7.36097e-03     1.58720e+03
    7.40878e-03     1.59275e+03
    7.45690e-03     1.59830e+03
    7.50534e-03     1.60383e+03
    7.55409e-03     1.60935e+03
    7.60316e-03     1.61486e+03
    7.65255e-03     1.62036e+03
    7.70225e-03     1.62585e+03
    7.75228e-03     1.63132e+03
    7.80264e-03     1.63679e+03
    7.85332e-03     1.64224e+03
    7.90433e-03     1.64767e+03
    7.95568e-03     1.65309e+03
    8.00735e-03     1.65850e+03
    8.05937e-03     1.66389e+03
    8.11172e-03     1.66927e+03
    8.16441e-03     1.67463e+03
    8.21744e-03     1.67997e+03
    8.27081e-03     1.68530e+03
    8.32454e-03     1.69061e+03
    8.37861e-03     1.69590e+03
    8.43303e-03     1.70118e+03
    8.48781e-03     1.70643e+03
    8.54294e-03     1.71167e+03
    8.59844e-03     1.71688e+03
    8.65429e-03     1.72208e+03
    8.71050e-03     1.72725e+03
    8.76708e-03     1.73240e+03
    8.82403e-03     1.73753e+03
    8.88134e-03     1.74264e+03
    8.93903e-03     1.74772e+03
    8.99710e-03     1.75278e+03
    9.05554e-03     1.75782e+03
    9.11436e-03     1.76282e+03
    9.17356e-03     1.76781e+03
    9.23315e-03     1.77276e+03
    9.29312e-03     1.77770e+03
    9.35349e-03     1.78260e+03
    9.41424e-03     1.78747e+03
    9.47539e-03     1.79232e+03
    9.53694e-03     1.79714e+03
    9.59889e-03     1.80192e+03
    9.66124e-03     1.80668e+03
    9.72400e-03     1.81141e+03
    9.78716e-03     1.81610e+03
    9.85073e-03     1.82076e+03
    9.91472e-03     1.82539e+03
    9.97912e-03     1.82999e+03
    1.00439e-02     1.83455e+03
    1.01092e-02     1.83908e+03
    1.01748e-02     1.84356e+03
    1.02409e-02     1.84802e+03
    1.03075e-02     1.85245e+03
    1.03744e-02     1.85683e+03
    1.04418e-02     1.86117e+03
    1.05096e-02     1.86548e+03
    1.05779e-02     1.86975e+03
    1.06466e-02     1.87398e+03
    1.07158e-02     1.87818e+03
    1.07854e-02     1.88232e+03
    1.08554e-02     1.88641e+03
    1.09259e-02     1.89048e+03
    1.09969e-02     1.89450e+03
    1.10683e-02     1.89847e+03
    1.11402e-02     1.90241e+03
    1.12126e-02     1.90630e+03
    1.12854e-02     1.91014e+03
    1.13587e-02     1.91393e+03
    1.14325e-02     1.91768e+03
    1.15068e-02     1.92139e+03
    1.15815e-02     1.92504e+03
    1.16567e-02     1.92863e+03
    1.17324e-02     1.93218e+03
    1.18087e-02     1.93570e+03
    1.18854e-02     1.93915e+03
    1.19626e-02     1.94255e+03
    1.20403e-02     1.94589e+03
    1.21185e-02     1.94918e+03
    1.21972e-02     1.95242e+03
    1.22764e-02     1.95559e+03
    1.23562e-02     1.95873e+03
    1.24364e-02     1.96179e+03
    1.25172e-02     1.96481e+03
    1.25985e-02     1.96776e+03
    1.26803e-02     1.97065e+03
    1.27627e-02     1.97349e+03
    1.28456e-02     1.97627e+03
    1.29290e-02     1.97898e+03
    1.30130e-02     1.98163e+03
    1.30976e-02     1.98423e+03
    1.31826e-02     1.98675e+03
    1.32683e-02     1.98922e+03
    1.33544e-02     1.99161e+03
    1.34412e-02     1.99395e+03
    1.35285e-02     1.99621e+03
    1.36164e-02     1.99842e+03
    1.37048e-02     2.00055e+03
    1.37938e-02     2.00260e+03
    1.38834e-02     2.00460e+03
    1.39736e-02     2.00653e+03
    1.40644e-02     2.00838e+03
    1.41557e-02     2.01016e+03
    1.42477e-02     2.01188e+03
    1.43402e-02     2.01352e+03
    1.44334e-02     2.01509e+03
    1.45271e-02     2.01658e+03
    1.46215e-02     2.01800e+03
    1.47165e-02     2.01935e+03
    1.48121e-02     2.02061e+03
    1.49083e-02     2.02180e+03
    1.50051e-02     2.02291e+03
    1.51026e-02     2.02395e+03
    1.52007e-02     2.02491e+03
    1.52994e-02     2.02578e+03
    1.53988e-02     2.02658e+03
    1.54988e-02     2.02729e+03
    1.55995e-02     2.02792e+03
    1.57008e-02     2.02846e+03
    1.58028e-02     2.02893e+03
    1.59055e-02     2.02931e+03
    1.60088e-02     2.02961e+03
    1.61128e-02     2.02981e+03
    1.62174e-02     2.02992e+03
    1.63228e-02     2.02997e+03
    1.64288e-02     2.02990e+03
    1.65355e-02     2.02976e+03
    1.66429e-02     2.02952e+03
    1.67510e-02     2.02921e+03
    1.68598e-02     2.02879e+03
    1.69693e-02     2.02829e+03
    1.70796e-02     2.02771e+03
    1.71905e-02     2.02701e+03
    1.73022e-02     2.02624e+03
    1.74145e-02     2.02537e+03
    1.75277e-02     2.02442e+03
    1.76415e-02     2.02336e+03
    1.77561e-02     2.02221e+03
    1.78714e-02     2.02097e+03
    1.79875e-02     2.01964e+03
    1.81044e-02     2.01821e+03
    1.82220e-02     2.01668e+03
    1.83403e-02     2.01506e+03
    1.84594e-02     2.01333e+03
    1.85794e-02     2.01152e+03
    1.87000e-02     2.00960e+03
    1.88215e-02     2.00760e+03
    1.89438e-02     2.00549e+03
    1.90668e-02     2.00328e+03
    1.91907e-02     2.00098e+03
    1.93153e-02     1.99857e+03
    1.94408e-02     1.99606e+03
    1.95671e-02     1.99345e+03
    1.96942e-02     1.99074e+03
    1.98221e-02     1.98793e+03
    1.99508e-02     1.98501e+03
    2.00804e-02     1.98201e+03
    2.02109e-02     1.97890e+03
    2.03421e-02     1.97568e+03
    2.04743e-02     1.97238e+03
    2.06073e-02     1.96896e+03
    2.07411e-02     1.96544e+03
    2.08758e-02     1.96183e+03
    2.10114e-02     1.95811e+03
    2.11479e-02     1.95430e+03
    2.12853e-02     1.95039e+03
    2.14236e-02     1.94637e+03
    2.15627e-02     1.94225e+03
    2.17028e-02     1.93803e+03
    2.18437e-02     1.93371e+03
    2.19856e-02     1.92930e+03
    2.21284e-02     1.92479e+03
    2.22722e-02     1.92017e+03
    2.24168e-02     1.91546e+03
    2.25625e-02     1.91065e+03
    2.27090e-02     1.90574e+03
    2.28565e-02     1.90073e+03
    2.30050e-02     1.89563e+03
    2.31544e-02     1.89043e+03
    2.33048e-02     1.88513e+03
    2.34562e-02     1.87974e+03
    2.36086e-02     1.87425e+03
    2.37619e-02     1.86866e+03
    2.39162e-02     1.86298e+03
    2.40716e-02     1.85721e+03
    2.42280e-02     1.85134e+03
    2.43853e-02     1.84538e+03
    2.45437e-02     1.83933e+03
    2.47032e-02     1.83320e+03
    2.48636e-02     1.82696e+03
    2.50251e-02     1.82065e+03
    2.51877e-02     1.81424e+03
    2.53513e-02     1.80775e+03
    2.55159e-02     1.80118e+03
    2.56817e-02     1.79452e+03
    2.58485e-02     1.78778e+03
    2.60164e-02     1.78095e+03
    2.61854e-02     1.77405e+03
    2.63555e-02     1.76707e+03
    2.65267e-02     1.76001e+03
    2.66990e-02     1.75287e+03
    2.68724e-02     1.74565e+03
    2.70470e-02     1.73837e+03
    2.72226e-02     1.73100e+03
    2.73995e-02     1.72358e+03
    2.75774e-02     1.71608e+03
    2.77566e-02     1.70851e+03
    2.79369e-02     1.70088e+03
    2.81183e-02     1.69318e+03
    2.83010e-02     1.68543e+03
    2.84848e-02     1.67760e+03
    2.86698e-02     1.66972e+03
    2.88561e-02     1.66178e+03
    2.90435e-02     1.65379e+03
    2.92321e-02     1.64573e+03
    2.94220e-02     1.63764e+03
    2.96131e-02     1.62948e+03
    2.98055e-02     1.62128e+03
    2.99991e-02     1.61303e+03
    3.01940e-02     1.60474e+03
    3.03901e-02     1.59641e+03
    3.05875e-02     1.58804e+03
    3.07862e-02     1.57963e+03
    3.09861e-02     1.57118e+03
    3.11874e-02     1.56270e+03
    3.13900e-02     1.55419e+03
    3.15939e-02     1.54565e+03
    3.17991e-02     1.53709e+03
    3.20057e-02     1.52849e+03
    3.22135e-02     1.51988e+03
    3.24228e-02     1.51125e+03
    3.26334e-02     1.50260e+03
    3.28454e-02     1.49394e+03
    3.30587e-02     1.48525e+03
    3.32735e-02     1.47657e+03
    3.34896e-02     1.46787e+03
    3.37071e-02     1.45917e+03
    3.39261e-02     1.45046e+03
    3.41464e-02     1.44176e+03
    3.43682e-02     1.43305e+03
    3.45915e-02     1.42436e+03
    3.48162e-02     1.41566e+03
    3.50423e-02     1.40698e+03
    3.52699e-02     1.39831e+03
    3.54990e-02     1.38965e+03
    3.57296e-02     1.38101e+03
    3.59617e-02     1.37239e+03
    3.61953e-02     1.36380e+03
    3.64304e-02     1.35522e+03
    3.66670e-02     1.34667e+03
    3.69052e-02     1.33814e+03
    3.71449e-02     1.32966e+03
    3.73862e-02     1.32120e+03
    3.76290e-02     1.31278e+03
    3.78735e-02     1.30440e+03
    3.81195e-02     1.29606e+03
    3.83671e-02     1.28776e+03
    3.86163e-02     1.27951e+03
    3.88671e-02     1.27130e+03
    3.91196e-02     1.26315e+03
    3.93737e-02     1.25504e+03
    3.96295e-02     1.24699e+03
    3.98869e-02     1.23900e+03
    4.01460e-02     1.23106e+03
    4.04067e-02     1.22318e+03
    4.06692e-02     1.21536e+03
    4.09334e-02     1.20761e+03
    4.11992e-02     1.19992e+03
    4.14669e-02     1.19230e+03
    4.17362e-02     1.18474e+03
    4.20073e-02     1.17726e+03
    4.22802e-02     1.16985e+03
    4.25548e-02     1.16251e+03
    4.28312e-02     1.15525e+03
    4.31094e-02     1.14806e+03
    4.33894e-02     1.14095e+03
    4.36713e-02     1.13392e+03
    4.39550e-02     1.12698e+03
    4.42405e-02     1.12011e+03
    4.45278e-02     1.11332e+03
    4.48171e-02     1.10662e+03
    4.51082e-02     1.09999e+03
    4.54012e-02     1.09346e+03
    4.56961e-02     1.08700e+03
    4.59929e-02     1.08063e+03
    4.62917e-02     1.07435e+03
    4.65923e-02     1.06815e+03
    4.68950e-02     1.06203e+03
    4.71996e-02     1.05600e+03
    4.75062e-02     1.05007e+03
    4.78148e-02     1.04421e+03
    4.81253e-02     1.03844e+03
    4.84379e-02     1.03276e+03
    4.87526e-02     1.02716e+03
    4.90692e-02     1.02165e+03
    4.93880e-02     1.01621e+03
    4.97088e-02     1.01087e+03
    5.00317e-02     1.00560e+03
    5.03566e-02     1.00041e+03
    5.06837e-02     9.95293e+02
    5.10130e-02     9.90262e+02
    5.13443e-02     9.85304e+02
    5.16778e-02     9.80424e+02
    5.20135e-02     9.75621e+02
    5.23514e-02     9.70887e+02
    5.26914e-02     9.66221e+02
    5.30337e-02     9.61627e+02
    5.33782e-02     9.57088e+02
    5.37249e-02     9.52618e+02
    5.40738e-02     9.48211e+02
    5.44251e-02     9.43854e+02
    5.47786e-02     9.39552e+02
    5.51344e-02     9.35307e+02
    5.54926e-02     9.31112e+02
    5.58530e-02     9.26957e+02
    5.62158e-02     9.22853e+02
    5.65810e-02     9.18784e+02
    5.69485e-02     9.14756e+02
    5.73184e-02     9.10757e+02
    5.76907e-02     9.06792e+02
    5.80654e-02     9.02848e+02
    5.84426e-02     8.98925e+02
    5.88222e-02     8.95022e+02
    5.92043e-02     8.91133e+02
    5.95889e-02     8.87257e+02
    5.99759e-02     8.83378e+02
    6.03655e-02     8.79506e+02
    6.07576e-02     8.75632e+02
    6.11523e-02     8.71757e+02
    6.15495e-02     8.67865e+02
    6.19493e-02     8.63956e+02
    6.23517e-02     8.60030e+02
    6.27567e-02     8.56087e+02
    6.31643e-02     8.52112e+02
    6.35746e-02     8.48106e+02
    6.39876e-02     8.44061e+02
    6.44032e-02     8.39974e+02
    6.48215e-02     8.35849e+02
    6.52426e-02     8.31669e+02
    6.56664e-02     8.27441e+02
    6.60929e-02     8.23158e+02
    6.65222e-02     8.18820e+02
    6.69543e-02     8.14412e+02
    6.73892e-02     8.09941e+02
    6.78270e-02     8.05401e+02
    6.82675e-02     8.00789e+02
    6.87110e-02     7.96092e+02
    6.91573e-02     7.91325e+02
    6.96065e-02     7.86473e+02
    7.00586e-02     7.81534e+02
    7.05137e-02     7.76520e+02
    7.09717e-02     7.71412e+02
    7.14327e-02     7.66227e+02
    7.18967e-02     7.60951e+02
    7.23637e-02     7.55582e+02
    7.28338e-02     7.50122e+02
    7.33069e-02     7.44571e+02
    7.37830e-02     7.38937e+02
    7.42623e-02     7.33205e+02
    7.47447e-02     7.27383e+02
    7.52302e-02     7.21479e+02
    7.57188e-02     7.15494e+02
    7.62107e-02     7.09422e+02
    7.67057e-02     7.03262e+02
    7.72039e-02     6.97029e+02
    7.77054e-02     6.90711e+02
    7.82102e-02     6.84324e+02
    7.87182e-02     6.77866e+02
    7.92295e-02     6.71339e+02
    7.97441e-02     6.64745e+02
    8.02621e-02     6.58099e+02
    8.07835e-02     6.51402e+02
    8.13082e-02     6.44654e+02
    8.18363e-02     6.37864e+02
    8.23679e-02     6.31033e+02
    8.29029e-02     6.24176e+02
    8.34414e-02     6.17288e+02
    8.39834e-02     6.10391e+02
    8.45290e-02     6.03478e+02
    8.50780e-02     5.96557e+02
    8.56306e-02     5.89637e+02
    8.61869e-02     5.82734e+02
    8.67467e-02     5.75839e+02
    8.73102e-02     5.68976e+02
    8.78773e-02     5.62137e+02
    8.84481e-02     5.55339e+02
    8.90226e-02     5.48588e+02
    8.96009e-02     5.41885e+02
    9.01829e-02     5.35252e+02
    9.07687e-02     5.28681e+02
    9.13583e-02     5.22180e+02
    9.19517e-02     5.15762e+02
    9.25490e-02     5.09437e+02
    9.31501e-02     5.03195e+02
    9.37552e-02     4.97058e+02
    9.43642e-02     4.91019e+02
    9.49771e-02     4.85091e+02
    9.55940e-02     4.79281e+02
    9.62150e-02     4.73597e+02
    9.68399e-02     4.68036e+02
    9.74690e-02     4.62607e+02
    9.81021e-02     4.57307e+02
    9.87393e-02     4.52150e+02
    9.93807e-02     4.47123e+02
    1.00026e-01     4.42243e+02
    1.00676e-01     4.37501e+02
    1.01330e-01     4.32898e+02
    1.01988e-01     4.28441e+02
    1.02651e-01     4.24134e+02
    1.03317e-01     4.19968e+02
    1.03988e-01     4.15957e+02
    1.04664e-01     4.12094e+02
    1.05344e-01     4.08367e+02
    1.06028e-01     4.04775e+02
    1.06717e-01     4.01322e+02
    1.07410e-01     3.97998e+02
    1.08108e-01     3.94805e+02
    1.08810e-01     3.91732e+02
    1.09517e-01     3.88776e+02
    1.10228e-01     3.85948e+02
    1.10944e-01     3.83222e+02
    1.11665e-01     3.80599e+02
    1.12390e-01     3.78069e+02
    1.13120e-01     3.75627e+02
    1.13855e-01     3.73267e+02
    1.14594e-01     3.70973e+02
    1.15339e-01     3.68743e+02
    1.16088e-01     3.66565e+02
    1.16842e-01     3.64441e+02
    1.17601e-01     3.62352e+02
    1.18365e-01     3.60289e+02
    1.19134e-01     3.58247e+02
    1.19907e-01     3.56209e+02
    1.20686e-01     3.54174e+02
    1.21470e-01     3.52132e+02
    1.22259e-01     3.50069e+02
    1.23053e-01     3.47978e+02
    1.23853e-01     3.45849e+02
    1.24657e-01     3.43676e+02
    1.25467e-01     3.41457e+02
    1.26282e-01     3.39176e+02
    1.27102e-01     3.36830e+02
    1.27928e-01     3.34413e+02
    1.28759e-01     3.31916e+02
    1.29595e-01     3.29332e+02
    1.30437e-01     3.26663e+02
    1.31284e-01     3.23904e+02
    1.32137e-01     3.21057e+02
    1.32995e-01     3.18117e+02
    1.33859e-01     3.15088e+02
    1.34728e-01     3.11966e+02
    1.35604e-01     3.08754e+02
    1.36484e-01     3.05449e+02
    1.37371e-01     3.02061e+02
    1.38263e-01     2.98594e+02
    1.39161e-01     2.95056e+02
    1.40065e-01     2.91452e+02
    1.40975e-01     2.87788e+02
    1.41891e-01     2.84070e+02
    1.42812e-01     2.80305e+02
    1.43740e-01     2.76505e+02
    1.44674e-01     2.72680e+02
    1.45614e-01     2.68840e+02
    1.46559e-01     2.64994e+02
    1.47511e-01     2.61156e+02
    1.48469e-01     2.57332e+02
    1.49434e-01     2.53536e+02
    1.50405e-01     2.49776e+02
    1.51381e-01     2.46060e+02
    1.52365e-01     2.42403e+02
    1.53354e-01     2.38810e+02
    1.54351e-01     2.35293e+02
    1.55353e-01     2.31860e+02
    1.56362e-01     2.28518e+02
    1.57378e-01     2.25273e+02
    1.58400e-01     2.22130e+02
    1.59429e-01     2.19094e+02
    1.60465e-01     2.16170e+02
    1.61507e-01     2.13364e+02
    1.62556e-01     2.10676e+02
    1.63612e-01     2.08108e+02
    1.64675e-01     2.05657e+02
    1.65744e-01     2.03322e+02
    1.66821e-01     2.01103e+02
    1.67905e-01     1.98999e+02
    1.68995e-01     1.97005e+02
    1.70093e-01     1.95116e+02
    1.71198e-01     1.93324e+02
    1.72310e-01     1.91622e+02
    1.73429e-01     1.90002e+02
    1.74556e-01     1.88461e+02
    1.75689e-01     1.86986e+02
    1.76831e-01     1.85570e+02
    1.77979e-01     1.84199e+02
    1.79135e-01     1.82867e+02
    1.80299e-01     1.81563e+02
    1.81470e-01     1.80275e+02
    1.82649e-01     1.78994e+02
    1.83835e-01     1.77710e+02
    1.85029e-01     1.76414e+02
    1.86231e-01     1.75096e+02
    1.87441e-01     1.73746e+02
    1.88658e-01     1.72355e+02
    1.89884e-01     1.70921e+02
    1.91117e-01     1.69436e+02
    1.92359e-01     1.67897e+02
    1.93608e-01     1.66295e+02
    1.94866e-01     1.64631e+02
    1.96131e-01     1.62904e+02
    1.97405e-01     1.61116e+02
    1.98688e-01     1.59268e+02
    1.99978e-01     1.57360e+02
    2.01277e-01     1.55396e+02
    2.02585e-01     1.53384e+02
    2.03901e-01     1.51329e+02
    2.05225e-01     1.49241e+02
    2.06558e-01     1.47125e+02
    2.07900e-01     1.44990e+02
    2.09250e-01     1.42845e+02
    2.10609e-01     1.40701e+02
    2.11977e-01     1.38566e+02
    2.13354e-01     1.36451e+02
    2.14740e-01     1.34363e+02
    2.16135e-01     1.32312e+02
    2.17539e-01     1.30305e+02
    2.18952e-01     1.28351e+02
    2.20374e-01     1.26456e+02
    2.21806e-01     1.24626e+02
    2.23246e-01     1.22863e+02
    2.24696e-01     1.21173e+02
    2.26156e-01     1.19557e+02
    2.27625e-01     1.18018e+02
    2.29104e-01     1.16552e+02
    2.30592e-01     1.15160e+02
    2.32089e-01     1.13837e+02
    2.33597e-01     1.12584e+02
    2.35114e-01     1.11393e+02
    2.36642e-01     1.10258e+02
    2.38179e-01     1.09172e+02
    2.39726e-01     1.08131e+02
    2.41283e-01     1.07125e+02
    2.42850e-01     1.06146e+02
    2.44428e-01     1.05187e+02
    2.46015e-01     1.04239e+02
    2.47613e-01     1.03295e+02
    2.49222e-01     1.02348e+02
    2.50841e-01     1.01390e+02
    2.52470e-01     1.00414e+02
    2.54110e-01     9.94171e+01
    2.55760e-01     9.83935e+01
    2.57422e-01     9.73417e+01
    2.59094e-01     9.62579e+01
    2.60777e-01     9.51424e+01
    2.62471e-01     9.39960e+01
    2.64176e-01     9.28200e+01
    2.65892e-01     9.16168e+01
    2.67619e-01     9.03905e+01
    2.69357e-01     8.91469e+01
    2.71107e-01     8.78901e+01
    2.72868e-01     8.66261e+01
    2.74640e-01     8.53617e+01
    2.76424e-01     8.41037e+01
    2.78219e-01     8.28579e+01
    2.80027e-01     8.16308e+01
    2.81846e-01     8.04274e+01
    2.83676e-01     7.92536e+01
    2.85519e-01     7.81140e+01
    2.87374e-01     7.70109e+01
    2.89240e-01     7.59472e+01
    2.91119e-01     7.49254e+01
    2.93010e-01     7.39453e+01
    2.94913e-01     7.30057e+01
    2.96829e-01     7.21060e+01
    2.98757e-01     7.12437e+01
    3.00698e-01     7.04151e+01
    3.02651e-01     6.96163e+01
    3.04617e-01     6.88437e+01
    3.06595e-01     6.80912e+01
    3.08587e-01     6.73544e+01
    3.10591e-01     6.66283e+01
    3.12609e-01     6.59079e+01
    3.14639e-01     6.51888e+01
    3.16683e-01     6.44662e+01
    3.18740e-01     6.37372e+01
    3.20810e-01     6.29997e+01
    3.22894e-01     6.22506e+01
    3.24992e-01     6.14896e+01
    3.27103e-01     6.07169e+01
    3.29227e-01     5.99328e+01
    3.31366e-01     5.91386e+01
    3.33518e-01     5.83371e+01
    3.35685e-01     5.75315e+01
    3.37865e-01     5.67249e+01
    3.40060e-01     5.59206e+01
    3.42269e-01     5.51228e+01
    3.44492e-01     5.43339e+01
    3.46729e-01     5.35584e+01
    3.48982e-01     5.27992e+01
    3.51248e-01     5.20584e+01
    3.53530e-01     5.13379e+01
    3.55826e-01     5.06387e+01
    3.58138e-01     4.99621e+01
    3.60464e-01     4.93068e+01
    3.62805e-01     4.86728e+01
    3.65162e-01     4.80579e+01
    3.67534e-01     4.74606e+01
    3.69921e-01     4.68781e+01
    3.72324e-01     4.63084e+01
    3.74743e-01     4.57480e+01
    3.77177e-01     4.51946e+01
    3.79627e-01     4.46458e+01
    3.82093e-01     4.40990e+01
    3.84574e-01     4.35525e+01
    3.87072e-01     4.30045e+01
    3.89587e-01     4.24545e+01
    3.92117e-01     4.19025e+01
    3.94664e-01     4.13479e+01
    3.97228e-01     4.07919e+01
    3.99808e-01     4.02359e+01
    4.02405e-01     3.96807e+01
    4.05019e-01     3.91284e+01
    4.07650e-01     3.85811e+01
    4.10298e-01     3.80408e+01
    4.12963e-01     3.75083e+01
    4.15645e-01     3.69859e+01
    4.18345e-01     3.64741e+01
    4.21062e-01     3.59738e+01
    4.23797e-01     3.54856e+01
    4.26550e-01     3.50089e+01
    4.29321e-01     3.45439e+01
    4.32110e-01     3.40892e+01
    4.34916e-01     3.36440e+01
    4.37741e-01     3.32070e+01
    4.40585e-01     3.27766e+01
    4.43447e-01     3.23522e+01
    4.46327e-01     3.19315e+01
    4.49226e-01     3.15146e+01
    4.52144e-01     3.10996e+01
    4.55081e-01     3.06865e+01
    4.58037e-01     3.02752e+01
    4.61012e-01     2.98651e+01
    4.64007e-01     2.94574e+01
    4.67021e-01     2.90516e+01
    4.70054e-01     2.86493e+01
    4.73108e-01     2.82512e+01
    4.76181e-01     2.78574e+01
    4.79274e-01     2.74693e+01
    4.82387e-01     2.70873e+01
    4.85520e-01     2.67123e+01
    4.88674e-01     2.63442e+01
    4.91848e-01     2.59831e+01
    4.95043e-01     2.56283e+01
    4.98259e-01     2.52801e+01
    5.01495e-01     2.49381e+01
    5.04753e-01     2.46013e+01
    5.08031e-01     2.42692e+01
    5.11331e-01     2.39411e+01
    5.14653e-01     2.36170e+01
    5.17995e-01     2.32958e+01
    5.21360e-01     2.29773e+01
    5.24747e-01     2.26617e+01
    5.28155e-01     2.23490e+01
    5.31586e-01     2.20389e+01
    5.35039e-01     2.17321e+01
    5.38514e-01     2.14286e+01
    5.42012e-01     2.11288e+01
    5.45533e-01     2.08329e+01
    5.49076e-01     2.05416e+01
    5.52643e-01     2.02546e+01
    5.56233e-01     1.99719e+01
    5.59846e-01     1.96941e+01
    5.63482e-01     1.94206e+01
    5.67142e-01     1.91512e+01
    5.70826e-01     1.88857e+01
    5.74534e-01     1.86240e+01
    5.78266e-01     1.83658e+01
    5.82022e-01     1.81105e+01
    5.85803e-01     1.78586e+01
    5.89608e-01     1.76092e+01
    5.93437e-01     1.73626e+01
    5.97292e-01     1.71188e+01
    6.01172e-01     1.68778e+01
    6.05077e-01     1.66399e+01
    6.09007e-01     1.64052e+01
    6.12963e-01     1.61735e+01
    6.16945e-01     1.59449e+01
    6.20952e-01     1.57198e+01
    6.24985e-01     1.54979e+01
    6.29045e-01     1.52791e+01
    6.33131e-01     1.50632e+01
    6.37244e-01     1.48504e+01
    6.41383e-01     1.46404e+01
    6.45549e-01     1.44333e+01
    6.49742e-01     1.42291e+01
    6.53963e-01     1.40276e+01
    6.58210e-01     1.38288e+01
    6.62486e-01     1.36327e+01
    6.66789e-01     1.34393e+01
    6.71120e-01     1.32484e+01
    6.75479e-01     1.30601e+01
    6.79867e-01     1.28743e+01
    6.84283e-01     1.26910e+01
    6.88728e-01     1.25101e+01
    6.93202e-01     1.23316e+01
    6.97704e-01     1.21555e+01
    7.02236e-01     1.19818e+01
    7.06798e-01     1.18104e+01
    7.11389e-01     1.16413e+01
    7.16010e-01     1.14745e+01
    7.20661e-01     1.13100e+01
    7.25342e-01     1.11477e+01
    7.30053e-01     1.09876e+01
    7.34795e-01     1.08298e+01
    7.39568e-01     1.06741e+01
    7.44372e-01     1.05205e+01
    7.49207e-01     1.03690e+01
    7.54074e-01     1.02196e+01
    7.58972e-01     1.00722e+01
    7.63902e-01     9.92689e+00
    7.68864e-01     9.78356e+00
    7.73858e-01     9.64220e+00
    7.78884e-01     9.50279e+00
    7.83944e-01     9.36530e+00
    7.89036e-01     9.22972e+00
    7.94161e-01     9.09598e+00
    7.99320e-01     8.96412e+00
    8.04512e-01     8.83405e+00
    8.09737e-01     8.70575e+00
    8.14997e-01     8.57926e+00
    8.20291e-01     8.45452e+00
    8.25619e-01     8.33151e+00
    8.30982e-01     8.21020e+00
    8.36380e-01     8.09057e+00
    8.41812e-01     7.97262e+00
    8.47280e-01     7.85630e+00
    8.52784e-01     7.74163e+00
    8.58323e-01     7.62853e+00
    8.63899e-01     7.51702e+00
    8.69510e-01     7.40706e+00
    8.75158e-01     7.29866e+00
    8.80843e-01     7.19175e+00
    8.86564e-01     7.08637e+00
    8.92323e-01     6.98244e+00
    8.98119e-01     6.87998e+00
    9.03953e-01     6.77899e+00
    9.09825e-01     6.67937e+00
    9.15734e-01     6.58118e+00
    9.21683e-01     6.48437e+00
    9.27669e-01     6.38892e+00
    9.33695e-01     6.29484e+00
    9.39760e-01     6.20206e+00
    9.45864e-01     6.11059e+00
    9.52008e-01     6.02041e+00
    9.58192e-01     5.93153e+00
    9.64416e-01     5.84389e+00
    9.70680e-01     5.75748e+00
    9.76985e-01     5.67233e+00
    9.83332e-01     5.58836e+00
    9.89719e-01     5.50560e+00
    9.96148e-01     5.42402e+00
    1.00262e+00     5.34360e+00
    1.00913e+00     5.26431e+00
    1.01569e+00     5.18618e+00
    1.02228e+00     5.10910e+00
    1.02892e+00     5.03315e+00
    1.03561e+00     4.95833e+00
    1.04233e+00     4.88451e+00
    1.04910e+00     4.81177e+00
    1.05592e+00     4.74009e+00
    1.06278e+00     4.66940e+00
    1.06968e+00     4.59972e+00
    1.07663e+00     4.53105e+00
    1.08362e+00     4.46335e+00
    1.09066e+00     4.39662e+00
    1.09775e+00     4.33088e+00
    1.10488e+00     4.26605e+00
    1.11205e+00     4.20215e+00
    1.11928e+00     4.13920e+00
    1.12655e+00     4.07714e+00
    1.13386e+00     4.01594e+00
    1.14123e+00     3.95568e+00
    1.14864e+00     3.89628e+00
    1.15610e+00     3.83773e+00
    1.16361e+00     3.78006e+00
    1.17117e+00     3.72322e+00
    1.17878e+00     3.66720e+00
    1.18643e+00     3.61199e+00
    1.19414e+00     3.55760e+00
    1.20190e+00     3.50400e+00
    1.20970e+00     3.45116e+00
    1.21756e+00     3.39913e+00
    1.22547e+00     3.34783e+00
    1.23343e+00     3.29729e+00
    1.24144e+00     3.24749e+00
    1.24951e+00     3.19845e+00
    1.25762e+00     3.15008e+00
    1.26579e+00     3.10243e+00
    1.27401e+00     3.05547e+00
    1.28229e+00     3.00923e+00
    1.29062e+00     2.96365e+00
    1.29900e+00     2.91871e+00
    1.30744e+00     2.87446e+00
    1.31593e+00     2.83082e+00
    1.32448e+00     2.78786e+00
    1.33308e+00     2.74549e+00
    1.34174e+00     2.70374e+00
    1.35046e+00     2.66262e+00
    1.35923e+00     2.62208e+00
    1.36806e+00     2.58214e+00
    1.37695e+00     2.54280e+00
    1.38589e+00     2.50403e+00
    1.39489e+00     2.46582e+00
    1.40395e+00     2.42819e+00
    1.41307e+00     2.39109e+00
    1.42225e+00     2.35456e+00
    1.43149e+00     2.31859e+00
    1.44079e+00     2.28313e+00
    1.45015e+00     2.24818e+00
    1.45956e+00     2.21377e+00
    1.46905e+00     2.17988e+00
    1.47859e+00     2.14648e+00
    1.48819e+00     2.11357e+00
    1.49786e+00     2.08117e+00
    1.50759e+00     2.04925e+00
    1.51738e+00     2.01779e+00
    1.52724e+00     1.98682e+00
    1.53716e+00     1.95630e+00
    1.54714e+00     1.92623e+00
    1.55719e+00     1.89663e+00
    1.56731e+00     1.86746e+00
    1.57749e+00     1.83873e+00
    1.58773e+00     1.81042e+00
    1.59805e+00     1.78256e+00
    1.60843e+00     1.75508e+00
    1.61887e+00     1.72802e+00
    1.62939e+00     1.70138e+00
    1.63997e+00     1.67513e+00
    1.65063e+00     1.64927e+00
    1.66135e+00     1.62379e+00
    1.67214e+00     1.59867e+00
    1.68300e+00     1.57396e+00
    1.69393e+00     1.54959e+00
    1.70494e+00     1.52561e+00
    1.71601e+00     1.50197e+00
    1.72716e+00     1.47869e+00
    1.73838e+00     1.45577e+00
    1.74967e+00     1.43319e+00
    1.76103e+00     1.41094e+00
    1.77247e+00     1.38903e+00
    1.78398e+00     1.36746e+00
    1.79557e+00     1.34621e+00
    1.80724e+00     1.32529e+00
    1.81897e+00     1.30468e+00
    1.83079e+00     1.28438e+00
    1.84268e+00     1.26440e+00
    1.85465e+00     1.24472e+00
    1.86670e+00     1.22533e+00
    1.87882e+00     1.20623e+00
    1.89103e+00     1.18745e+00
    1.90331e+00     1.16893e+00
    1.91567e+00     1.15069e+00
    1.92812e+00     1.13274e+00
    1.94064e+00     1.11506e+00
    1.95325e+00     1.09765e+00
    1.96593e+00     1.08050e+00
    1.97870e+00     1.06363e+00
    1.99156e+00     1.04700e+00
    2.00449e+00     1.03062e+00
    2.01751e+00     1.01450e+00
    2.03062e+00     9.98625e-01
    2.04381e+00     9.82983e-01
    2.05708e+00     9.67585e-01
    2.07045e+00     9.52423e-01
    2.08389e+00     9.37470e-01
    2.09743e+00     9.22764e-01
    2.11105e+00     9.08269e-01
    2.12477e+00     8.94004e-01
    2.13857e+00     8.79962e-01
    2.15246e+00     8.66129e-01
    2.16644e+00     8.52493e-01
    2.18051e+00     8.39078e-01
    2.19468e+00     8.25874e-01
    2.20893e+00     8.12859e-01
    2.22328e+00     8.00065e-01
    2.23772e+00     7.87447e-01
    2.25226e+00     7.75036e-01
    2.26689e+00     7.62812e-01
    2.28161e+00     7.50774e-01
    2.29643e+00     7.38926e-01
    2.31135e+00     7.27265e-01
    2.32636e+00     7.15775e-01
    2.34147e+00     7.04470e-01
    2.35668e+00     6.93337e-01
    2.37199e+00     6.82374e-01
    2.38740e+00     6.71594e-01
    2.40290e+00     6.60966e-01
    2.41851e+00     6.50508e-01
    2.43422e+00     6.40217e-01
    2.45003e+00     6.30079e-01
    2.46595e+00     6.20096e-01
    2.48197e+00     6.10275e-01
    2.49809e+00     6.00601e-01
    2.51431e+00     5.91077e-01
    2.53065e+00     5.81703e-01
    2.54708e+00     5.72471e-01
    2.56363e+00     5.63383e-01
    2.58028e+00     5.54434e-01
    2.59704e+00     5.45623e-01
    2.61391e+00     5.36949e-01
    2.63089e+00     5.28407e-01
    2.64798e+00     5.19999e-01
    2.66518e+00     5.11720e-01
    2.68249e+00     5.03568e-01
    2.69991e+00     4.95544e-01
    2.71745e+00     4.87646e-01
    2.73510e+00     4.79870e-01
    2.75287e+00     4.72216e-01
    2.77075e+00     4.64680e-01
    2.78875e+00     4.57264e-01
    2.80686e+00     4.49961e-01
    2.82509e+00     4.42775e-01
    2.84344e+00     4.35701e-01
    2.86191e+00     4.28737e-01
    2.88050e+00     4.21884e-01
    2.89921e+00     4.15138e-01
    2.91805e+00     4.08500e-01
    2.93700e+00     4.01964e-01
    2.95608e+00     3.95532e-01
    2.97528e+00     3.89201e-01
    2.99461e+00     3.82969e-01
    3.01406e+00     3.76836e-01
    3.03364e+00     3.70800e-01
    3.05334e+00     3.64857e-01
    3.07317e+00     3.59009e-01
    3.09314e+00     3.53253e-01
    3.11323e+00     3.47586e-01
    3.13345e+00     3.42010e-01
    3.15380e+00     3.36519e-01
    3.17429e+00     3.31116e-01
    3.19491e+00     3.25797e-01
    3.21566e+00     3.20561e-01
    3.23655e+00     3.15407e-01
    3.25757e+00     3.10333e-01
    3.27873e+00     3.05338e-01
    3.30003e+00     3.00422e-01
    3.32146e+00     2.95583e-01
    3.34304e+00     2.90821e-01
    3.36475e+00     2.86132e-01
    3.38661e+00     2.81518e-01
    3.40861e+00     2.76977e-01
    3.43075e+00     2.72508e-01
    3.45303e+00     2.68109e-01
    3.47546e+00     2.63780e-01
    3.49804e+00     2.59520e-01
    3.52076e+00     2.55327e-01
    3.54363e+00     2.51202e-01
    3.56664e+00     2.47141e-01
    3.58981e+00     2.43146e-01
    3.61313e+00     2.39214e-01
    3.63660e+00     2.35345e-01
    3.66022e+00     2.31537e-01
    3.68400e+00     2.27791e-01
    3.70793e+00     2.24103e-01
    3.73201e+00     2.20475e-01
    3.75625e+00     2.16905e-01
    3.78065e+00     2.13392e-01
    3.80521e+00     2.09935e-01
    3.82993e+00     2.06532e-01
    3.85480e+00     2.03184e-01
    3.87984e+00     1.99890e-01
    3.90504e+00     1.96647e-01
    3.93041e+00     1.93457e-01
    3.95594e+00     1.90317e-01
    3.98163e+00     1.87227e-01
    4.00750e+00     1.84186e-01
    4.03353e+00     1.81193e-01
    4.05973e+00     1.78247e-01
    4.08610e+00     1.75348e-01
    4.11264e+00     1.72495e-01
    4.13935e+00     1.69687e-01
    4.16624e+00     1.66923e-01
    4.19330e+00     1.64205e-01
    4.22054e+00     1.61529e-01
    4.24796e+00     1.58896e-01
    4.27555e+00     1.56305e-01
    4.30332e+00     1.53756e-01
    4.33127e+00     1.51248e-01
    4.35941e+00     1.48780e-01
    4.38772e+00     1.46351e-01
    4.41622e+00     1.43962e-01
    4.44491e+00     1.41611e-01
    4.47378e+00     1.39299e-01
    4.50284e+00     1.37023e-01
    4.53209e+00     1.34784e-01
    4.56153e+00     1.32582e-01
    4.59116e+00     1.30414e-01
    4.62098e+00     1.28283e-01
    4.65100e+00     1.26185e-01
    4.68121e+00     1.24121e-01
    4.71161e+00     1.22090e-01
    4.74222e+00     1.20093e-01
    4.77302e+00     1.18128e-01
    4.80403e+00     1.16194e-01
    4.83523e+00     1.14292e-01
    4.86664e+00     1.12420e-01
    4.89825e+00     1.10578e-01
    4.93007e+00     1.08765e-01
    4.96209e+00     1.06983e-01
    4.99432e+00     1.05228e-01
    5.02676e+00     1.03501e-01
    5.05941e+00     1.01802e-01
    5.09228e+00     1.00131e-01
    5.12535e+00     9.84858e-02
    5.15865e+00     9.68679e-02
    5.19215e+00     9.52753e-02
    5.22588e+00     9.37083e-02
    5.25983e+00     9.21672e-02
    5.29399e+00     9.06504e-02
    5.32838e+00     8.91587e-02
    5.36299e+00     8.76904e-02
    5.39782e+00     8.62467e-02
    5.43289e+00     8.48258e-02
    5.46818e+00     8.34285e-02
    5.50370e+00     8.20536e-02
    5.53944e+00     8.07013e-02
    5.57543e+00     7.93712e-02
    5.61164e+00     7.80623e-02
    5.64809e+00     7.67752e-02
    5.68478e+00     7.55086e-02
    5.72171e+00     7.42629e-02
    5.75887e+00     7.30379e-02
    5.79628e+00     7.18323e-02
    5.83393e+00     7.06473e-02
    5.87182e+00     6.94808e-02
    5.90996e+00     6.83334e-02
    5.94835e+00     6.72051e-02
    5.98699e+00     6.60949e-02
    6.02588e+00     6.50029e-02
    6.06502e+00     6.39289e-02
    6.10442e+00     6.28723e-02
    6.14407e+00     6.18329e-02
    6.18398e+00     6.08100e-02
    6.22414e+00     5.98041e-02
    6.26457e+00     5.88140e-02
    6.30527e+00     5.78403e-02
    6.34622e+00     5.68826e-02
    6.38744e+00     5.59398e-02
    6.42893e+00     5.50125e-02
    6.47069e+00     5.41004e-02
    6.51272e+00     5.32031e-02
    6.55503e+00     5.23203e-02
    6.59761e+00     5.14520e-02
    6.64046e+00     5.05975e-02
    6.68359e+00     4.97573e-02
    6.72701e+00     4.89309e-02
    6.77070e+00     4.81180e-02
    6.81468e+00     4.73186e-02
    6.85895e+00     4.65322e-02
    6.90350e+00     4.57591e-02
    6.94834e+00     4.49982e-02
    6.99348e+00     4.42500e-02
    7.03890e+00     4.35143e-02
    7.08462e+00     4.27906e-02
    7.13064e+00     4.20789e-02
    7.17696e+00     4.13785e-02
    7.22358e+00     4.06904e-02
    7.27050e+00     4.00129e-02
    7.31773e+00     3.93471e-02
    7.36526e+00     3.86918e-02
    7.41310e+00     3.80481e-02
    7.46125e+00     3.74142e-02
    7.50972e+00     3.67911e-02
    7.55850e+00     3.61784e-02
    7.60759e+00     3.55754e-02
    7.65701e+00     3.49825e-02
    7.70675e+00     3.43993e-02
    7.75680e+00     3.38256e-02
    7.80719e+00     3.32614e-02
    7.85790e+00     3.27061e-02
    7.90894e+00     3.21603e-02
    7.96032e+00     3.16228e-02
    8.01202e+00     3.10946e-02
    8.06407e+00     3.05751e-02
    8.11645e+00     3.00639e-02
    8.16917e+00     2.95613e-02
    8.22223e+00     2.90667e-02
    8.27564e+00     2.85803e-02
    8.32939e+00     2.81019e-02
    8.38350e+00     2.76315e-02
    8.43795e+00     2.71690e-02
    8.49276e+00     2.67139e-02
    8.54793e+00     2.62667e-02
    8.60345e+00     2.58268e-02
    8.65933e+00     2.53937e-02
    8.71558e+00     2.49683e-02
    8.77219e+00     2.45501e-02
    8.82917e+00     2.41387e-02
    8.88652e+00     2.37339e-02
    8.94425e+00     2.33362e-02
    9.00234e+00     2.29446e-02
    9.06082e+00     2.25600e-02
    9.11967e+00     2.21819e-02
    9.17891e+00     2.18095e-02
    9.23853e+00     2.14439e-02
    9.29854e+00     2.10841e-02
    9.35894e+00     2.07303e-02
    9.41973e+00     2.03823e-02
    9.48092e+00     2.00402e-02
    9.54250e+00     1.97037e-02
    9.60449e+00     1.93728e-02
    9.66687e+00     1.90473e-02
    9.72967e+00     1.87272e-02
    9.79287e+00     1.84124e-02
    9.85648e+00     1.81028e-02
    9.92050e+00     1.77982e-02
    9.98494e+00     1.74987e-02
    1.00498e+01     1.72041e-02
    1.01151e+01     1.69144e-02
    1.01808e+01     1.66295e-02
    1.02469e+01     1.63493e-02
    1.03135e+01     1.60739e-02
    1.03805e+01     1.58029e-02
    1.04479e+01     1.55365e-02
    1.05157e+01     1.52744e-02
    1.05841e+01     1.50169e-02
    1.06528e+01     1.47635e-02
    1.07220e+01     1.45145e-02
    1.07916e+01     1.42696e-02
    1.08617e+01     1.40288e-02
    1.09323e+01     1.37921e-02
    1.10033e+01     1.35593e-02
    1.10748e+01     1.33304e-02
    1.11467e+01     1.31054e-02
    1.12191e+01     1.28841e-02
    1.12920e+01     1.26666e-02
    1.13653e+01     1.24527e-02
    1.14392e+01     1.22425e-02
    1.15135e+01     1.20357e-02
    1.15883e+01     1.18324e-02
    1.16635e+01     1.16324e-02
    1.17393e+01     1.14359e-02
    1.18155e+01     1.12426e-02
    1.18923e+01     1.10525e-02
    1.19695e+01     1.08656e-02
    1.20473e+01     1.06819e-02
    1.21255e+01     1.05011e-02
    1.22043e+01     1.03235e-02
    1.22836e+01     1.01487e-02
    1.23634e+01     9.97685e-03
    1.24437e+01     9.80783e-03
    1.25245e+01     9.64159e-03
    1.26059e+01     9.47817e-03
    1.26877e+01     9.31740e-03
    1.27701e+01     9.15937e-03
    1.28531e+01     9.00402e-03
    1.29366e+01     8.85128e-03
    1.30206e+01     8.70102e-03
    1.31052e+01     8.55335e-03
    1.31903e+01     8.40814e-03
    1.32760e+01     8.26539e-03
    1.33622e+01     8.12503e-03
    1.34490e+01     7.98703e-03
    1.35364e+01     7.85138e-03
    1.36243e+01     7.71800e-03
    1.37128e+01     7.58691e-03
    1.38019e+01     7.45802e-03
    1.38915e+01     7.33128e-03
    1.39818e+01     7.20672e-03
    1.40726e+01     7.08424e-03
    1.41640e+01     6.96385e-03
    1.42560e+01     6.84546e-03
    1.43486e+01     6.72910e-03
    1.44418e+01     6.61472e-03
    1.45356e+01     6.50224e-03
    1.46300e+01     6.39166e-03
    1.47251e+01     6.28297e-03
    1.48207e+01     6.17607e-03
    1.49170e+01     6.07101e-03
    1.50139e+01     5.96768e-03
    1.51114e+01     5.86609e-03
    1.52095e+01     5.76617e-03
    1.53083e+01     5.66795e-03
    1.54078e+01     5.57139e-03
    1.55079e+01     5.47641e-03
    1.56086e+01     5.38304e-03
    1.57100e+01     5.29123e-03
    1.58120e+01     5.20095e-03
    1.59147e+01     5.11218e-03
    1.60181e+01     5.02492e-03
    1.61221e+01     4.93913e-03
    1.62269e+01     4.85482e-03
    1.63323e+01     4.77191e-03
    1.64384e+01     4.69041e-03
    1.65451e+01     4.61028e-03
    1.66526e+01     4.53151e-03
    1.67608e+01     4.45408e-03
    1.68696e+01     4.37796e-03
    1.69792e+01     4.30316e-03
    1.70895e+01     4.22960e-03
    1.72005e+01     4.15731e-03
    1.73122e+01     4.08625e-03
    1.74247e+01     4.01641e-03
    1.75379e+01     3.94776e-03
    1.76518e+01     3.88026e-03
    1.77665e+01     3.81390e-03
    1.78819e+01     3.74869e-03
    1.79980e+01     3.68458e-03
    1.81149e+01     3.62157e-03
    1.82326e+01     3.55961e-03
    1.83510e+01     3.49872e-03
    1.84702e+01     3.43885e-03
    1.85902e+01     3.37999e-03
    1.87109e+01     3.32212e-03
    1.88325e+01     3.26525e-03
    1.89548e+01     3.20933e-03
    1.90779e+01     3.15435e-03
    1.92019e+01     3.10029e-03
    1.93266e+01     3.04714e-03
    1.94521e+01     2.99487e-03
    1.95785e+01     2.94350e-03
    1.97056e+01     2.89300e-03
    1.98336e+01     2.84335e-03
    1.99625e+01     2.79454e-03
    2.00921e+01     2.74656e-03
    2.02226e+01     2.69938e-03
    2.03540e+01     2.65303e-03
    2.04862e+01     2.60745e-03
    2.06193e+01     2.56264e-03
    2.07532e+01     2.51861e-03
    2.08880e+01     2.47532e-03
    2.10237e+01     2.43279e-03
    2.11603e+01     2.39098e-03
    2.12977e+01     2.34988e-03
    2.14360e+01     2.30948e-03
    2.15753e+01     2.26979e-03
    2.17154e+01     2.23076e-03
    2.18565e+01     2.19242e-03
    2.19985e+01     2.15473e-03
    2.21413e+01     2.11768e-03
    2.22852e+01     2.08126e-03
    2.24299e+01     2.04547e-03
    2.25756e+01     2.01028e-03
    2.27223e+01     1.97571e-03
    2.28698e+01     1.94171e-03
    2.30184e+01     1.90831e-03
    2.31679e+01     1.87546e-03
    2.33184e+01     1.84319e-03
    2.34699e+01     1.81146e-03
    2.36223e+01     1.78026e-03
    2.37758e+01     1.74960e-03
    2.39302e+01     1.71944e-03
    2.40856e+01     1.68980e-03
    2.42421e+01     1.66066e-03
    2.43996e+01     1.63204e-03
    2.45580e+01     1.60388e-03
    2.47176e+01     1.57620e-03
    2.48781e+01     1.54899e-03
    2.50397e+01     1.52225e-03
    2.52024e+01     1.49596e-03
    2.53661e+01     1.47014e-03
    2.55308e+01     1.44474e-03
    2.56967e+01     1.41979e-03
    2.58636e+01     1.39525e-03
    2.60316e+01     1.37114e-03
    2.62007e+01     1.34746e-03
    2.63709e+01     1.32418e-03
    2.65421e+01     1.30128e-03
    2.67146e+01     1.27881e-03
    2.68881e+01     1.25671e-03
    2.70627e+01     1.23498e-03
    2.72385e+01     1.21364e-03
    2.74154e+01     1.19265e-03
    2.75935e+01     1.17204e-03
    2.77728e+01     1.15177e-03
    2.79532e+01     1.13187e-03
    2.81347e+01     1.11229e-03
    2.83175e+01     1.09306e-03
    2.85014e+01     1.07416e-03
    2.86866e+01     1.05558e-03
    2.88729e+01     1.03731e-03
    2.90604e+01     1.01936e-03
    2.92492e+01     1.00173e-03
    2.94392e+01     9.84386e-04
    2.96304e+01     9.67350e-04
    2.98229e+01     9.50595e-04
    3.00166e+01     9.34114e-04
    3.02116e+01     9.17926e-04
    3.04078e+01     9.02010e-04
    3.06053e+01     8.86366e-04
    3.08041e+01     8.70992e-04
    3.10042e+01     8.55886e-04
    3.12056e+01     8.41032e-04
    3.14083e+01     8.26427e-04
    3.16123e+01     8.12084e-04
    3.18176e+01     7.97988e-04
    3.20243e+01     7.84137e-04
    3.22323e+01     7.70514e-04
    3.24417e+01     7.57133e-04
    3.26524e+01     7.43976e-04
    3.28645e+01     7.31058e-04
    3.30780e+01     7.18360e-04
    3.32929e+01     7.05881e-04
    3.35091e+01     6.93617e-04
    3.37268e+01     6.81567e-04
    3.39458e+01     6.69724e-04
    3.41663e+01     6.58086e-04
    3.43883e+01     6.46653e-04
    3.46116e+01     6.35415e-04
    3.48365e+01     6.24373e-04
    3.50627e+01     6.13521e-04
    3.52905e+01     6.02858e-04
    3.55197e+01     5.92378e-04
    3.57505e+01     5.82080e-04
    3.59827e+01     5.71960e-04
    3.62164e+01     5.62013e-04
    3.64516e+01     5.52236e-04
    3.66884e+01     5.42628e-04
    3.69267e+01     5.33185e-04
    3.71666e+01     5.23903e-04
    3.74080e+01     5.14780e-04
    3.76510e+01     5.05813e-04
    3.78956e+01     4.97000e-04
    3.81417e+01     4.88336e-04
    3.83895e+01     4.79824e-04
    3.86388e+01     4.71455e-04
    3.88898e+01     4.63233e-04
    3.91424e+01     4.55152e-04
    3.93967e+01     4.47210e-04
    3.96526e+01     4.39407e-04
    3.99101e+01     4.31737e-04
    4.01694e+01     4.24202e-04
    4.04303e+01     4.16796e-04
    4.06929e+01     4.09520e-04
    4.09572e+01     4.02370e-04
    4.12233e+01     3.95344e-04
    4.14910e+01     3.88441e-04
    4.17605e+01     3.81657e-04
    4.20318e+01     3.74993e-04
    4.23048e+01     3.68444e-04
    4.25796e+01     3.62009e-04
    4.28562e+01     3.55686e-04
    4.31346e+01     3.49474e-04
    4.34147e+01     3.43368e-04
    4.36968e+01     3.37371e-04
    4.39806e+01     3.31475e-04
    4.42663e+01     3.25684e-04
    4.45538e+01     3.19992e-04
    4.48432e+01     3.14398e-04
    4.51345e+01     3.08902e-04
    4.54277e+01     3.03501e-04
    4.57227e+01     2.98193e-04
    4.60197e+01     2.92977e-04
    4.63186e+01     2.87849e-04
    4.66195e+01     2.82810e-04
    4.69223e+01     2.77857e-04
    4.72271e+01     2.72989e-04
    4.75339e+01     2.68205e-04
    4.78426e+01     2.63504e-04
    4.81534e+01     2.58885e-04
    4.84662e+01     2.54344e-04
    4.87810e+01     2.49882e-04
    4.90979e+01     2.45499e-04
    4.94168e+01     2.41191e-04
    4.97378e+01     2.36958e-04
    5.00608e+01     2.32799e-04
    5.03860e+01     2.28713e-04
    5.07133e+01     2.24698e-04
    5.10427e+01     2.20753e-04
    5.13743e+01     2.16878e-04
    5.17080e+01     2.13070e-04
    5.20438e+01     2.09329e-04
    5.23819e+01     2.05653e-04
    5.27221e+01     2.02042e-04
    5.30646e+01     1.98494e-04
    5.34093e+01     1.95009e-04
    5.37562e+01     1.91585e-04
    5.41054e+01     1.88220e-04
    5.44568e+01     1.84914e-04
    5.48106e+01     1.81668e-04
    5.51666e+01     1.78476e-04
    5.55249e+01     1.75342e-04
    5.58856e+01     1.72262e-04
    5.62486e+01     1.69236e-04
    5.66140e+01     1.66263e-04
    5.69817e+01     1.63341e-04
    5.73518e+01     1.60470e-04
    5.77244e+01     1.57650e-04
    5.80993e+01     1.54878e-04
    5.84767e+01     1.52154e-04
    5.88565e+01     1.49477e-04
    5.92388e+01     1.46847e-04
    5.96236e+01     1.44263e-04
    6.00109e+01     1.41724e-04
    6.04007e+01     1.39229e-04
    6.07930e+01     1.36778e-04
    6.11879e+01     1.34369e-04
    6.15854e+01     1.32002e-04
    6.19854e+01     1.29676e-04
    6.23880e+01     1.27391e-04
    6.27933e+01     1.25146e-04
    6.32012e+01     1.22941e-04
    6.36117e+01     1.20773e-04
    6.40249e+01     1.18644e-04
    6.44408e+01     1.16552e-04
    6.48593e+01     1.14496e-04
    6.52806e+01     1.12476e-04
    6.57047e+01     1.10492e-04
    6.61315e+01     1.08542e-04
    6.65610e+01     1.06625e-04
    6.69934e+01     1.04743e-04
    6.74285e+01     1.02892e-04
    6.78665e+01     1.01073e-04
    6.83073e+01     9.92866e-05
    6.87510e+01     9.75309e-05
    6.91976e+01     9.58046e-05
    6.96471e+01     9.41089e-05
    7.00995e+01     9.24415e-05
    7.05548e+01     9.08028e-05
    7.10131e+01     8.91920e-05
    7.14744e+01     8.76081e-05
    7.19386e+01     8.60517e-05
    7.24059e+01     8.45212e-05
    7.28762e+01     8.30163e-05
    7.33496e+01     8.15371e-05
    7.38261e+01     8.00825e-05
    7.43056e+01     7.86531e-05
    7.47883e+01     7.72488e-05
    7.52740e+01     7.58678e-05
    7.57630e+01     7.45116e-05
    7.62551e+01     7.31786e-05
    7.67504e+01     7.18692e-05
    7.72490e+01     7.05828e-05
    7.77507e+01     6.93189e-05
    7.82558e+01     6.80783e-05
    7.87641e+01     6.68594e-05
    7.92757e+01     6.56626e-05
    7.97906e+01     6.44879e-05
    8.03089e+01     6.33345e-05
    8.08306e+01     6.22021e-05
    8.13556e+01     6.10912e-05
    8.18841e+01     6.00005e-05
    8.24160e+01     5.89298e-05
    8.29513e+01     5.78801e-05
    8.34901e+01     5.68494e-05
    8.40324e+01     5.58388e-05
    8.45783e+01     5.48471e-05
    8.51276e+01     5.38744e-05
    8.56806e+01     5.29209e-05
    8.62371e+01     5.19862e-05
    8.67973e+01     5.10691e-05
    8.73611e+01     5.01706e-05
    8.79285e+01     4.92894e-05
    8.84997e+01     4.84265e-05
    8.90745e+01     4.75799e-05
    8.96531e+01     4.67513e-05
    9.02355e+01     4.59389e-05
    9.08216e+01     4.51431e-05
    9.14115e+01     4.43636e-05
    9.20053e+01     4.35993e-05
    9.26029e+01     4.28500e-05
    9.32044e+01     4.21150e-05
    9.38099e+01     4.13942e-05
    9.44192e+01     4.06864e-05
    9.50325e+01     3.99915e-05
    9.56498e+01     3.93087e-05
    9.62711e+01     3.86376e-05
    9.68964e+01     3.79779e-05
    9.75258e+01     3.73291e-05
    9.81593e+01     3.66906e-05
    9.87969e+01     3.60617e-05
    9.94386e+01     3.54419e-05
    1.00085e+02     3.48318e-05
    1.00735e+02     3.42294e-05
    1.01389e+02     3.36353e-05
    1.02048e+02     3.30487e-05
    1.02710e+02     3.24690e-05
    1.03378e+02     3.18966e-05
    1.04049e+02     3.13300e-05
    1.04725e+02     3.07692e-05
    1.05405e+02     3.02145e-05
    1.06090e+02     2.96647e-05
    1.06779e+02     2.91199e-05
    1.07473e+02     2.85794e-05
    1.08171e+02     2.80425e-05
    1.08873e+02     2.75098e-05
    1.09580e+02     2.69804e-05
    1.10292e+02     2.64540e-05
    1.11009e+02     2.59307e-05
    1.11730e+02     2.54096e-05
