    1.05035e-05     2.51058e+00
    1.05717e-05     2.52625e+00
    1.06404e-05     2.54202e+00
    1.07095e-05     2.55789e+00
    1.07791e-05     2.57386e+00
    1.08491e-05     2.58993e+00
    1.09196e-05     2.60610e+00
    1.09905e-05     2.62236e+00
    1.10619e-05     2.63873e+00
    1.11337e-05     2.65519e+00
    1.12060e-05     2.67176e+00
    1.12788e-05     2.68844e+00
    1.13521e-05     2.70523e+00
    1.14258e-05     2.72211e+00
    1.15001e-05     2.73912e+00
    1.15748e-05     2.75622e+00
    1.16499e-05     2.77340e+00
    1.17256e-05     2.79072e+00
    1.18018e-05     2.80815e+00
    1.18784e-05     2.82566e+00
    1.19556e-05     2.84331e+00
    1.20332e-05     2.86105e+00
    1.21114e-05     2.87891e+00
    1.21901e-05     2.89689e+00
    1.22693e-05     2.91498e+00
    1.23490e-05     2.93317e+00
    1.24292e-05     2.95148e+00
    1.25099e-05     2.96989e+00
    1.25912e-05     2.98844e+00
    1.26730e-05     3.00710e+00
    1.27553e-05     3.02587e+00
    1.28381e-05     3.04474e+00
    1.29215e-05     3.06375e+00
    1.30054e-05     3.08287e+00
    1.30899e-05     3.10212e+00
    1.31749e-05     3.12147e+00
    1.32605e-05     3.14096e+00
    1.33467e-05     3.16058e+00
    1.34334e-05     3.18031e+00
    1.35206e-05     3.20015e+00
    1.36084e-05     3.22012e+00
    1.36968e-05     3.24022e+00
    1.37858e-05     3.26046e+00
    1.38753e-05     3.28080e+00
    1.39655e-05     3.30129e+00
    1.40562e-05     3.32190e+00
    1.41475e-05     3.34263e+00
    1.42394e-05     3.36350e+00
    1.43319e-05     3.38450e+00
    1.44250e-05     3.40562e+00
    1.45187e-05     3.42688e+00
    1.46130e-05     3.44827e+00
    1.47079e-05     3.46979e+00
    1.48034e-05     3.49144e+00
    1.48996e-05     3.51325e+00
    1.49964e-05     3.53518e+00
    1.50938e-05     3.55724e+00
    1.51918e-05     3.57944e+00
    1.52905e-05     3.60179e+00
    1.53898e-05     3.62427e+00
    1.54898e-05     3.64690e+00
    1.55904e-05     3.66966e+00
    1.56917e-05     3.69257e+00
    1.57936e-05     3.71561e+00
    1.58962e-05     3.73881e+00
    1.59994e-05     3.76214e+00
    1.61034e-05     3.78564e+00
    1.62080e-05     3.80927e+00
    1.63132e-05     3.83303e+00
    1.64192e-05     3.85696e+00
    1.65259e-05     3.88105e+00
    1.66332e-05     3.90526e+00
    1.67412e-05     3.92963e+00
    1.68500e-05     3.95417e+00
    1.69594e-05     3.97884e+00
    1.70696e-05     4.00369e+00
    1.71805e-05     4.02868e+00
    1.72921e-05     4.05383e+00
    1.74044e-05     4.07913e+00
    1.75174e-05     4.10458e+00
    1.76312e-05     4.13021e+00
    1.77458e-05     4.15601e+00
    1.78610e-05     4.18193e+00
    1.79770e-05     4.20803e+00
    1.80938e-05     4.23431e+00
    1.82113e-05     4.26073e+00
    1.83296e-05     4.28733e+00
    1.84487e-05     4.31410e+00
    1.85685e-05     4.34102e+00
    1.86891e-05     4.36811e+00
    1.88105e-05     4.39538e+00
    1.89327e-05     4.42282e+00
    1.90557e-05     4.45043e+00
    1.91795e-05     4.47822e+00
    1.93041e-05     4.50618e+00
    1.94294e-05     4.53428e+00
    1.95557e-05     4.56261e+00
    1.96827e-05     4.59108e+00
    1.98105e-05     4.61973e+00
    1.99392e-05     4.64857e+00
    2.00687e-05     4.67758e+00
    2.01991e-05     4.70679e+00
    2.03303e-05     4.73617e+00
    2.04623e-05     4.76572e+00
    2.05953e-05     4.79549e+00
    2.07290e-05     4.82541e+00
    2.08637e-05     4.85554e+00
    2.09992e-05     4.88584e+00
    2.11356e-05     4.91633e+00
    2.12729e-05     4.94702e+00
    2.14111e-05     4.97791e+00
    2.15501e-05     5.00895e+00
    2.16901e-05     5.04022e+00
    2.18310e-05     5.07169e+00
    2.19728e-05     5.10333e+00
    2.21155e-05     5.13518e+00
    2.22592e-05     5.16724e+00
    2.24038e-05     5.19949e+00
    2.25493e-05     5.23194e+00
    2.26958e-05     5.26460e+00
    2.28432e-05     5.29746e+00
    2.29916e-05     5.33053e+00
    2.31409e-05     5.36379e+00
    2.32912e-05     5.39727e+00
    2.34425e-05     5.43095e+00
    2.35948e-05     5.46486e+00
    2.37481e-05     5.49898e+00
    2.39023e-05     5.53329e+00
    2.40576e-05     5.56784e+00
    2.42138e-05     5.60258e+00
    2.43711e-05     5.63756e+00
    2.45294e-05     5.67275e+00
    2.46888e-05     5.70818e+00
    2.48491e-05     5.74380e+00
    2.50105e-05     5.77965e+00
    2.51730e-05     5.81574e+00
    2.53365e-05     5.85204e+00
    2.55011e-05     5.88857e+00
    2.56667e-05     5.92532e+00
    2.58334e-05     5.96230e+00
    2.60012e-05     5.99952e+00
    2.61701e-05     6.03697e+00
    2.63401e-05     6.07466e+00
    2.65112e-05     6.11259e+00
    2.66834e-05     6.15074e+00
    2.68567e-05     6.18913e+00
    2.70312e-05     6.22777e+00
    2.72068e-05     6.26665e+00
    2.73835e-05     6.30576e+00
    2.75614e-05     6.34512e+00
    2.77404e-05     6.38472e+00
    2.79206e-05     6.42457e+00
    2.81019e-05     6.46466e+00
    2.82845e-05     6.50503e+00
    2.84682e-05     6.54562e+00
    2.86531e-05     6.58647e+00
    2.88392e-05     6.62758e+00
    2.90266e-05     6.66895e+00
    2.92151e-05     6.71057e+00
    2.94049e-05     6.75245e+00
    2.95959e-05     6.79460e+00
    2.97881e-05     6.83701e+00
    2.99816e-05     6.87967e+00
    3.01764e-05     6.92263e+00
    3.03724e-05     6.96584e+00
    3.05697e-05     7.00931e+00
    3.07682e-05     7.05304e+00
    3.09681e-05     7.09708e+00
    3.11692e-05     7.14137e+00
    3.13717e-05     7.18595e+00
    3.15755e-05     7.23081e+00
    3.17806e-05     7.27595e+00
    3.19870e-05     7.32136e+00
    3.21948e-05     7.36707e+00
    3.24039e-05     7.41305e+00
    3.26144e-05     7.45932e+00
    3.28262e-05     7.50588e+00
    3.30395e-05     7.55274e+00
    3.32541e-05     7.59989e+00
    3.34701e-05     7.64733e+00
    3.36875e-05     7.69506e+00
    3.39063e-05     7.74309e+00
    3.41265e-05     7.79141e+00
    3.43482e-05     7.84005e+00
    3.45713e-05     7.88899e+00
    3.47959e-05     7.93823e+00
    3.50219e-05     7.98777e+00
    3.52494e-05     8.03764e+00
    3.54783e-05     8.08778e+00
    3.57088e-05     8.13827e+00
    3.59407e-05     8.18905e+00
    3.61742e-05     8.24017e+00
    3.64092e-05     8.29162e+00
    3.66457e-05     8.34336e+00
    3.68837e-05     8.39543e+00
    3.71233e-05     8.44784e+00
    3.73644e-05     8.50054e+00
    3.76071e-05     8.55361e+00
    3.78514e-05     8.60700e+00
    3.80973e-05     8.66074e+00
    3.83447e-05     8.71478e+00
    3.85938e-05     8.76919e+00
    3.88445e-05     8.82393e+00
    3.90968e-05     8.87900e+00
    3.93507e-05     8.93442e+00
    3.96064e-05     8.99021e+00
    3.98636e-05     9.04631e+00
    4.01226e-05     9.10279e+00
    4.03832e-05     9.15961e+00
    4.06455e-05     9.21678e+00
    4.09095e-05     9.27431e+00
    4.11752e-05     9.33219e+00
    4.14427e-05     9.39046e+00
    4.17119e-05     9.44907e+00
    4.19828e-05     9.50805e+00
    4.22555e-05     9.56740e+00
    4.25300e-05     9.62710e+00
    4.28062e-05     9.68718e+00
    4.30843e-05     9.74766e+00
    4.33642e-05     9.80850e+00
    4.36458e-05     9.86971e+00
    4.39293e-05     9.93132e+00
    4.42147e-05     9.99330e+00
    4.45019e-05     1.00557e+01
    4.47909e-05     1.01184e+01
    4.50819e-05     1.01816e+01
    4.53747e-05     1.02451e+01
    4.56694e-05     1.03091e+01
    4.59661e-05     1.03734e+01
    4.62647e-05     1.04382e+01
    4.65652e-05     1.05033e+01
    4.68677e-05     1.05689e+01
    4.71721e-05     1.06348e+01
    4.74785e-05     1.07012e+01
    4.77869e-05     1.07680e+01
    4.80973e-05     1.08352e+01
    4.84097e-05     1.09028e+01
    4.87242e-05     1.09709e+01
    4.90406e-05     1.10394e+01
    4.93592e-05     1.11083e+01
    4.96798e-05     1.11776e+01
    5.00025e-05     1.12474e+01
    5.03273e-05     1.13176e+01
    5.06542e-05     1.13882e+01
    5.09832e-05     1.14593e+01
    5.13144e-05     1.15308e+01
    5.16477e-05     1.16027e+01
    5.19832e-05     1.16752e+01
    5.23208e-05     1.17480e+01
    5.26607e-05     1.18213e+01
    5.30028e-05     1.18951e+01
    5.33470e-05     1.19693e+01
    5.36936e-05     1.20440e+01
    5.40423e-05     1.21192e+01
    5.43934e-05     1.21948e+01
    5.47467e-05     1.22709e+01
    5.51023e-05     1.23475e+01
    5.54602e-05     1.24246e+01
    5.58205e-05     1.25021e+01
    5.61830e-05     1.25801e+01
    5.65480e-05     1.26586e+01
    5.69153e-05     1.27377e+01
    5.72850e-05     1.28171e+01
    5.76571e-05     1.28972e+01
    5.80316e-05     1.29777e+01
    5.84085e-05     1.30586e+01
    5.87879e-05     1.31401e+01
    5.91698e-05     1.32222e+01
    5.95541e-05     1.33047e+01
    5.99410e-05     1.33877e+01
    6.03303e-05     1.34713e+01
    6.07222e-05     1.35554e+01
    6.11166e-05     1.36400e+01
    6.15136e-05     1.37251e+01
    6.19132e-05     1.38108e+01
    6.23153e-05     1.38970e+01
    6.27201e-05     1.39837e+01
    6.31275e-05     1.40710e+01
    6.35376e-05     1.41588e+01
    6.39503e-05     1.42472e+01
    6.43657e-05     1.43361e+01
    6.47838e-05     1.44256e+01
    6.52046e-05     1.45156e+01
    6.56281e-05     1.46062e+01
    6.60544e-05     1.46973e+01
    6.64835e-05     1.47890e+01
    6.69153e-05     1.48813e+01
    6.73499e-05     1.49742e+01
    6.77874e-05     1.50676e+01
    6.82277e-05     1.51617e+01
    6.86709e-05     1.52563e+01
    6.91170e-05     1.53515e+01
    6.95659e-05     1.54473e+01
    7.00178e-05     1.55437e+01
    7.04726e-05     1.56407e+01
    7.09304e-05     1.57383e+01
    7.13911e-05     1.58365e+01
    7.18548e-05     1.59353e+01
    7.23215e-05     1.60347e+01
    7.27913e-05     1.61348e+01
    7.32641e-05     1.62355e+01
    7.37400e-05     1.63368e+01
    7.42190e-05     1.64387e+01
    7.47011e-05     1.65413e+01
    7.51863e-05     1.66445e+01
    7.56747e-05     1.67484e+01
    7.61663e-05     1.68529e+01
    7.66610e-05     1.69580e+01
    7.71589e-05     1.70639e+01
    7.76601e-05     1.71703e+01
    7.81646e-05     1.72775e+01
    7.86723e-05     1.73853e+01
    7.91833e-05     1.74938e+01
    7.96977e-05     1.76030e+01
    8.02153e-05     1.77128e+01
    8.07364e-05     1.78233e+01
    8.12608e-05     1.79345e+01
    8.17886e-05     1.80464e+01
    8.23199e-05     1.81591e+01
    8.28546e-05     1.82724e+01
    8.33928e-05     1.83864e+01
    8.39345e-05     1.85012e+01
    8.44797e-05     1.86166e+01
    8.50284e-05     1.87328e+01
    8.55807e-05     1.88497e+01
    8.61366e-05     1.89673e+01
    8.66961e-05     1.90857e+01
    8.72593e-05     1.92048e+01
    8.78261e-05     1.93246e+01
    8.83966e-05     1.94452e+01
    8.89707e-05     1.95666e+01
    8.95487e-05     1.96887e+01
    9.01303e-05     1.98115e+01
    9.07158e-05     1.99351e+01
    9.13050e-05     2.00595e+01
    9.18981e-05     2.01847e+01
    9.24950e-05     2.03106e+01
    9.30958e-05     2.04373e+01
    9.37005e-05     2.05649e+01
    9.43092e-05     2.06931e+01
    9.49218e-05     2.08222e+01
    9.55383e-05     2.09522e+01
    9.61589e-05     2.10829e+01
    9.67835e-05     2.12144e+01
    9.74122e-05     2.13468e+01
    9.80449e-05     2.14799e+01
    9.86818e-05     2.16139e+01
    9.93228e-05     2.17487e+01
    9.99679e-05     2.18844e+01
    1.00617e-04     2.20209e+01
    1.01271e-04     2.21584e+01
    1.01929e-04     2.22967e+01
    1.02591e-04     2.24358e+01
    1.03257e-04     2.25756e+01
    1.03928e-04     2.27166e+01
    1.04603e-04     2.28583e+01
    1.05282e-04     2.30008e+01
    1.05966e-04     2.31443e+01
    1.06655e-04     2.32889e+01
    1.07347e-04     2.34340e+01
    1.08045e-04     2.35803e+01
    1.08746e-04     2.37273e+01
    1.09453e-04     2.38754e+01
    1.10164e-04     2.40244e+01
    1.10879e-04     2.41742e+01
    1.11599e-04     2.43249e+01
    1.12324e-04     2.44767e+01
    1.13054e-04     2.46295e+01
    1.13788e-04     2.47830e+01
    1.14527e-04     2.49376e+01
    1.15271e-04     2.50932e+01
    1.16020e-04     2.52498e+01
    1.16774e-04     2.54073e+01
    1.17532e-04     2.55657e+01
    1.18296e-04     2.57253e+01
    1.19064e-04     2.58856e+01
    1.19837e-04     2.60470e+01
    1.20616e-04     2.62096e+01
    1.21399e-04     2.63730e+01
    1.22188e-04     2.65375e+01
    1.22982e-04     2.67032e+01
    1.23780e-04     2.68695e+01
    1.24584e-04     2.70371e+01
    1.25394e-04     2.72059e+01
    1.26208e-04     2.73755e+01
    1.27028e-04     2.75462e+01
    1.27853e-04     2.77180e+01
    1.28684e-04     2.78910e+01
    1.29519e-04     2.80648e+01
    1.30361e-04     2.82400e+01
    1.31208e-04     2.84161e+01
    1.32060e-04     2.85933e+01
    1.32918e-04     2.87717e+01
    1.33781e-04     2.89510e+01
    1.34650e-04     2.91316e+01
    1.35525e-04     2.93134e+01
    1.36405e-04     2.94961e+01
    1.37291e-04     2.96800e+01
    1.38183e-04     2.98652e+01
    1.39080e-04     3.00514e+01
    1.39984e-04     3.02389e+01
    1.40893e-04     3.04274e+01
    1.41808e-04     3.06172e+01
    1.42729e-04     3.08081e+01
    1.43656e-04     3.10002e+01
    1.44589e-04     3.11935e+01
    1.45529e-04     3.13882e+01
    1.46474e-04     3.15838e+01
    1.47425e-04     3.17807e+01
    1.48383e-04     3.19790e+01
    1.49347e-04     3.21784e+01
    1.50317e-04     3.23790e+01
    1.51293e-04     3.25808e+01
    1.52276e-04     3.27840e+01
    1.53265e-04     3.29884e+01
    1.54261e-04     3.31942e+01
    1.55263e-04     3.34011e+01
    1.56271e-04     3.36093e+01
    1.57286e-04     3.38188e+01
    1.58308e-04     3.40297e+01
    1.59336e-04     3.42418e+01
    1.60371e-04     3.44552e+01
    1.61413e-04     3.46701e+01
    1.62461e-04     3.48861e+01
    1.63517e-04     3.51037e+01
    1.64579e-04     3.53225e+01
    1.65648e-04     3.55427e+01
    1.66724e-04     3.57643e+01
    1.67807e-04     3.59872e+01
    1.68897e-04     3.62115e+01
    1.69994e-04     3.64373e+01
    1.71098e-04     3.66643e+01
    1.72209e-04     3.68928e+01
    1.73328e-04     3.71228e+01
    1.74454e-04     3.73542e+01
    1.75587e-04     3.75870e+01
    1.76728e-04     3.78214e+01
    1.77875e-04     3.80569e+01
    1.79031e-04     3.82942e+01
    1.80194e-04     3.85329e+01
    1.81364e-04     3.87730e+01
    1.82542e-04     3.90146e+01
    1.83728e-04     3.92578e+01
    1.84921e-04     3.95024e+01
    1.86123e-04     3.97487e+01
    1.87332e-04     3.99965e+01
    1.88548e-04     4.02455e+01
    1.89773e-04     4.04963e+01
    1.91006e-04     4.07488e+01
    1.92246e-04     4.10025e+01
    1.93495e-04     4.12581e+01
    1.94752e-04     4.15152e+01
    1.96017e-04     4.17738e+01
    1.97290e-04     4.20341e+01
    1.98572e-04     4.22960e+01
    1.99862e-04     4.25596e+01
    2.01160e-04     4.28247e+01
    2.02467e-04     4.30916e+01
    2.03782e-04     4.33600e+01
    2.05105e-04     4.36299e+01
    2.06438e-04     4.39019e+01
    2.07779e-04     4.41754e+01
    2.09128e-04     4.44504e+01
    2.10487e-04     4.47273e+01
    2.11854e-04     4.50059e+01
    2.13230e-04     4.52862e+01
    2.14615e-04     4.55682e+01
    2.16009e-04     4.58520e+01
    2.17412e-04     4.61376e+01
    2.18824e-04     4.64249e+01
    2.20246e-04     4.67141e+01
    2.21676e-04     4.70049e+01
    2.23116e-04     4.72976e+01
    2.24565e-04     4.75920e+01
    2.26024e-04     4.78884e+01
    2.27492e-04     4.81865e+01
    2.28970e-04     4.84866e+01
    2.30457e-04     4.87884e+01
    2.31954e-04     4.90922e+01
    2.33461e-04     4.93979e+01
    2.34977e-04     4.97053e+01
    2.36504e-04     5.00149e+01
    2.38040e-04     5.03261e+01
    2.39586e-04     5.06393e+01
    2.41142e-04     5.09545e+01
    2.42709e-04     5.12718e+01
    2.44285e-04     5.15908e+01
    2.45872e-04     5.19119e+01
    2.47469e-04     5.22349e+01
    2.49076e-04     5.25600e+01
    2.50694e-04     5.28870e+01
    2.52323e-04     5.32163e+01
    2.53962e-04     5.35474e+01
    2.55611e-04     5.38805e+01
    2.57272e-04     5.42158e+01
    2.58943e-04     5.45531e+01
    2.60625e-04     5.48926e+01
    2.62318e-04     5.52341e+01
    2.64022e-04     5.55778e+01
    2.65737e-04     5.59235e+01
    2.67463e-04     5.62714e+01
    2.69200e-04     5.66214e+01
    2.70949e-04     5.69736e+01
    2.72709e-04     5.73280e+01
    2.74480e-04     5.76845e+01
    2.76263e-04     5.80433e+01
    2.78057e-04     5.84043e+01
    2.79863e-04     5.87674e+01
    2.81681e-04     5.91329e+01
    2.83511e-04     5.95007e+01
    2.85353e-04     5.98707e+01
    2.87206e-04     6.02429e+01
    2.89072e-04     6.06176e+01
    2.90949e-04     6.09944e+01
    2.92839e-04     6.13735e+01
    2.94741e-04     6.17551e+01
    2.96656e-04     6.21391e+01
    2.98583e-04     6.25253e+01
    3.00522e-04     6.29139e+01
    3.02474e-04     6.33048e+01
    3.04439e-04     6.36984e+01
    3.06417e-04     6.40943e+01
    3.08407e-04     6.44925e+01
    3.10410e-04     6.48932e+01
    3.12426e-04     6.52964e+01
    3.14456e-04     6.57022e+01
    3.16498e-04     6.61102e+01
    3.18554e-04     6.65210e+01
    3.20623e-04     6.69341e+01
    3.22706e-04     6.73500e+01
    3.24802e-04     6.77683e+01
    3.26912e-04     6.81892e+01
    3.29035e-04     6.86127e+01
    3.31173e-04     6.90389e+01
    3.33324e-04     6.94676e+01
    3.35489e-04     6.98990e+01
    3.37668e-04     7.03329e+01
    3.39861e-04     7.07695e+01
    3.42069e-04     7.12089e+01
    3.44291e-04     7.16510e+01
    3.46527e-04     7.20957e+01
    3.48778e-04     7.25433e+01
    3.51044e-04     7.29936e+01
    3.53324e-04     7.34466e+01
    3.55619e-04     7.39023e+01
    3.57929e-04     7.43610e+01
    3.60254e-04     7.48225e+01
    3.62594e-04     7.52866e+01
    3.64949e-04     7.57536e+01
    3.67320e-04     7.62235e+01
    3.69706e-04     7.66964e+01
    3.72107e-04     7.71720e+01
    3.74524e-04     7.76506e+01
    3.76957e-04     7.81321e+01
    3.79405e-04     7.86165e+01
    3.81870e-04     7.91040e+01
    3.84350e-04     7.95942e+01
    3.86847e-04     8.00877e+01
    3.89360e-04     8.05841e+01
    3.91889e-04     8.10836e+01
    3.94434e-04     8.15860e+01
    3.96996e-04     8.20915e+01
    3.99575e-04     8.26001e+01
    4.02171e-04     8.31120e+01
    4.04783e-04     8.36269e+01
    4.07412e-04     8.41450e+01
    4.10059e-04     8.46663e+01
    4.12722e-04     8.51905e+01
    4.15403e-04     8.57182e+01
    4.18101e-04     8.62489e+01
    4.20817e-04     8.67831e+01
    4.23550e-04     8.73204e+01
    4.26302e-04     8.78610e+01
    4.29071e-04     8.84050e+01
    4.31858e-04     8.89522e+01
    4.34663e-04     8.95028e+01
    4.37486e-04     9.00565e+01
    4.40328e-04     9.06140e+01
    4.43188e-04     9.11746e+01
    4.46067e-04     9.17386e+01
    4.48964e-04     9.23060e+01
    4.51881e-04     9.28771e+01
    4.54816e-04     9.34516e+01
    4.57770e-04     9.40294e+01
    4.60744e-04     9.46109e+01
    4.63736e-04     9.51956e+01
    4.66749e-04     9.57842e+01
    4.69780e-04     9.63762e+01
    4.72832e-04     9.69718e+01
    4.75903e-04     9.75710e+01
    4.78994e-04     9.81739e+01
    4.82106e-04     9.87805e+01
    4.85237e-04     9.93906e+01
    4.88389e-04     1.00004e+02
    4.91562e-04     1.00622e+02
    4.94754e-04     1.01243e+02
    4.97968e-04     1.01868e+02
    5.01203e-04     1.02497e+02
    5.04458e-04     1.03130e+02
    5.07735e-04     1.03766e+02
    5.11033e-04     1.04406e+02
    5.14353e-04     1.05051e+02
    5.17694e-04     1.05699e+02
    5.21056e-04     1.06350e+02
    5.24441e-04     1.07006e+02
    5.27847e-04     1.07666e+02
    5.31276e-04     1.08330e+02
    5.34727e-04     1.08998e+02
    5.38200e-04     1.09670e+02
    5.41696e-04     1.10345e+02
    5.45215e-04     1.11025e+02
    5.48756e-04     1.11709e+02
    5.52321e-04     1.12398e+02
    5.55908e-04     1.13090e+02
    5.59519e-04     1.13786e+02
    5.63154e-04     1.14487e+02
    5.66812e-04     1.15192e+02
    5.70493e-04     1.15901e+02
    5.74199e-04     1.16614e+02
    5.77929e-04     1.17332e+02
    5.81683e-04     1.18054e+02
    5.85461e-04     1.18780e+02
    5.89264e-04     1.19511e+02
    5.93092e-04     1.20246e+02
    5.96944e-04     1.20985e+02
    6.00822e-04     1.21729e+02
    6.04724e-04     1.22477e+02
    6.08652e-04     1.23230e+02
    6.12606e-04     1.23987e+02
    6.16585e-04     1.24749e+02
    6.20590e-04     1.25515e+02
    6.24621e-04     1.26286e+02
    6.28678e-04     1.27061e+02
    6.32762e-04     1.27841e+02
    6.36872e-04     1.28626e+02
    6.41009e-04     1.29415e+02
    6.45173e-04     1.30209e+02
    6.49363e-04     1.31008e+02
    6.53581e-04     1.31811e+02
    6.57827e-04     1.32620e+02
    6.62100e-04     1.33433e+02
    6.66400e-04     1.34250e+02
    6.70729e-04     1.35073e+02
    6.75086e-04     1.35901e+02
    6.79471e-04     1.36733e+02
    6.83884e-04     1.37570e+02
    6.88327e-04     1.38413e+02
    6.92798e-04     1.39260e+02
    6.97298e-04     1.40113e+02
    7.01827e-04     1.40970e+02
    7.06386e-04     1.41833e+02
    7.10974e-04     1.42700e+02
    7.15592e-04     1.43573e+02
    7.20241e-04     1.44451e+02
    7.24919e-04     1.45334e+02
    7.29628e-04     1.46222e+02
    7.34367e-04     1.47115e+02
    7.39137e-04     1.48014e+02
    7.43938e-04     1.48918e+02
    7.48770e-04     1.49827e+02
    7.53634e-04     1.50741e+02
    7.58529e-04     1.51661e+02
    7.63456e-04     1.52586e+02
    7.68416e-04     1.53517e+02
    7.73407e-04     1.54453e+02
    7.78431e-04     1.55394e+02
    7.83487e-04     1.56341e+02
    7.88576e-04     1.57293e+02
    7.93698e-04     1.58252e+02
    7.98854e-04     1.59215e+02
    8.04043e-04     1.60185e+02
    8.09265e-04     1.61159e+02
    8.14522e-04     1.62140e+02
    8.19813e-04     1.63127e+02
    8.25138e-04     1.64119e+02
    8.30498e-04     1.65117e+02
    8.35892e-04     1.66120e+02
    8.41322e-04     1.67130e+02
    8.46787e-04     1.68145e+02
    8.52287e-04     1.69167e+02
    8.57823e-04     1.70194e+02
    8.63395e-04     1.71227e+02
    8.69003e-04     1.72266e+02
    8.74648e-04     1.73311e+02
    8.80329e-04     1.74363e+02
    8.86048e-04     1.75420e+02
    8.91803e-04     1.76483e+02
    8.97596e-04     1.77552e+02
    9.03426e-04     1.78628e+02
    9.09294e-04     1.79709e+02
    9.15201e-04     1.80797e+02
    9.21145e-04     1.81891e+02
    9.27129e-04     1.82992e+02
    9.33151e-04     1.84098e+02
    9.39212e-04     1.85211e+02
    9.45313e-04     1.86330e+02
    9.51453e-04     1.87456e+02
    9.57633e-04     1.88588e+02
    9.63854e-04     1.89727e+02
    9.70115e-04     1.90872e+02
    9.76416e-04     1.92023e+02
    9.82758e-04     1.93181e+02
    9.89142e-04     1.94346e+02
    9.95567e-04     1.95517e+02
    1.00203e-03     1.96694e+02
    1.00854e-03     1.97879e+02
    1.01509e-03     1.99070e+02
    1.02169e-03     2.00270e+02
    1.02832e-03     2.01473e+02
    1.03500e-03     2.02685e+02
    1.04173e-03     2.03905e+02
    1.04849e-03     2.05129e+02
    1.05530e-03     2.06361e+02
    1.06216e-03     2.07601e+02
    1.06906e-03     2.08847e+02
    1.07600e-03     2.10100e+02
    1.08299e-03     2.11360e+02
    1.09003e-03     2.12628e+02
    1.09711e-03     2.13902e+02
    1.10423e-03     2.15182e+02
    1.11140e-03     2.16470e+02
    1.11862e-03     2.17766e+02
    1.12589e-03     2.19070e+02
    1.13320e-03     2.20379e+02
    1.14056e-03     2.21696e+02
    1.14797e-03     2.23021e+02
    1.15543e-03     2.24353e+02
    1.16293e-03     2.25692e+02
    1.17049e-03     2.27040e+02
    1.17809e-03     2.28393e+02
    1.18574e-03     2.29755e+02
    1.19345e-03     2.31125e+02
    1.20120e-03     2.32502e+02
    1.20900e-03     2.33885e+02
    1.21685e-03     2.35276e+02
    1.22476e-03     2.36677e+02
    1.23271e-03     2.38083e+02
    1.24072e-03     2.39498e+02
    1.24878e-03     2.40921e+02
    1.25689e-03     2.42351e+02
    1.26505e-03     2.43789e+02
    1.27327e-03     2.45235e+02
    1.28154e-03     2.46689e+02
    1.28987e-03     2.48152e+02
    1.29825e-03     2.49621e+02
    1.30668e-03     2.51098e+02
    1.31517e-03     2.52584e+02
    1.32371e-03     2.54077e+02
    1.33231e-03     2.55579e+02
    1.34096e-03     2.57088e+02
    1.34967e-03     2.58606e+02
    1.35844e-03     2.60132e+02
    1.36726e-03     2.61665e+02
    1.37614e-03     2.63207e+02
    1.38508e-03     2.64758e+02
    1.39408e-03     2.66317e+02
    1.40313e-03     2.67883e+02
    1.41225e-03     2.69459e+02
    1.42142e-03     2.71041e+02
    1.43065e-03     2.72633e+02
    1.43995e-03     2.74234e+02
    1.44930e-03     2.75842e+02
    1.45871e-03     2.77458e+02
    1.46819e-03     2.79084e+02
    1.47773e-03     2.80719e+02
    1.48732e-03     2.82360e+02
    1.49699e-03     2.84013e+02
    1.50671e-03     2.85672e+02
    1.51650e-03     2.87341e+02
    1.52635e-03     2.89018e+02
    1.53626e-03     2.90703e+02
    1.54624e-03     2.92397e+02
    1.55628e-03     2.94100e+02
    1.56639e-03     2.95812e+02
    1.57657e-03     2.97534e+02
    1.58681e-03     2.99264e+02
    1.59711e-03     3.01001e+02
    1.60749e-03     3.02749e+02
    1.61793e-03     3.04506e+02
    1.62844e-03     3.06271e+02
    1.63902e-03     3.08046e+02
    1.64966e-03     3.09829e+02
    1.66038e-03     3.11622e+02
    1.67116e-03     3.13423e+02
    1.68202e-03     3.15235e+02
    1.69295e-03     3.17056e+02
    1.70394e-03     3.18883e+02
    1.71501e-03     3.20722e+02
    1.72615e-03     3.22570e+02
    1.73736e-03     3.24426e+02
    1.74865e-03     3.26293e+02
    1.76001e-03     3.28169e+02
    1.77144e-03     3.30053e+02
    1.78294e-03     3.31946e+02
    1.79453e-03     3.33851e+02
    1.80618e-03     3.35762e+02
    1.81791e-03     3.37684e+02
    1.82972e-03     3.39615e+02
    1.84161e-03     3.41557e+02
    1.85357e-03     3.43507e+02
    1.86561e-03     3.45466e+02
    1.87773e-03     3.47436e+02
    1.88992e-03     3.49414e+02
    1.90220e-03     3.51403e+02
    1.91456e-03     3.53402e+02
    1.92699e-03     3.55408e+02
    1.93951e-03     3.57426e+02
    1.95211e-03     3.59453e+02
    1.96479e-03     3.61490e+02
    1.97755e-03     3.63535e+02
    1.99040e-03     3.65592e+02
    2.00332e-03     3.67656e+02
    2.01634e-03     3.69733e+02
    2.02943e-03     3.71817e+02
    2.04262e-03     3.73914e+02
    2.05588e-03     3.76017e+02
    2.06924e-03     3.78133e+02
    2.08268e-03     3.80258e+02
    2.09621e-03     3.82392e+02
    2.10982e-03     3.84536e+02
    2.12353e-03     3.86691e+02
    2.13732e-03     3.88854e+02
    2.15120e-03     3.91028e+02
    2.16518e-03     3.93213e+02
    2.17924e-03     3.95406e+02
    2.19340e-03     3.97611e+02
    2.20764e-03     3.99824e+02
    2.22198e-03     4.02047e+02
    2.23642e-03     4.04283e+02
    2.25094e-03     4.06525e+02
    2.26557e-03     4.08780e+02
    2.28028e-03     4.11044e+02
    2.29509e-03     4.13317e+02
    2.31000e-03     4.15602e+02
    2.32501e-03     4.17897e+02
    2.34011e-03     4.20200e+02
    2.35531e-03     4.22515e+02
    2.37061e-03     4.24840e+02
    2.38601e-03     4.27175e+02
    2.40150e-03     4.29518e+02
    2.41710e-03     4.31873e+02
    2.43280e-03     4.34238e+02
    2.44861e-03     4.36614e+02
    2.46451e-03     4.38999e+02
    2.48052e-03     4.41394e+02
    2.49663e-03     4.43800e+02
    2.51285e-03     4.46216e+02
    2.52917e-03     4.48643e+02
    2.54560e-03     4.51079e+02
    2.56213e-03     4.53525e+02
    2.57878e-03     4.55983e+02
    2.59553e-03     4.58450e+02
    2.61239e-03     4.60927e+02
    2.62936e-03     4.63414e+02
    2.64643e-03     4.65911e+02
    2.66362e-03     4.68419e+02
    2.68093e-03     4.70937e+02
    2.69834e-03     4.73464e+02
    2.71587e-03     4.76003e+02
    2.73351e-03     4.78552e+02
    2.75126e-03     4.81109e+02
    2.76914e-03     4.83679e+02
    2.78712e-03     4.86255e+02
    2.80523e-03     4.88846e+02
    2.82345e-03     4.91444e+02
    2.84179e-03     4.94053e+02
    2.86025e-03     4.96673e+02
    2.87883e-03     4.99301e+02
    2.89752e-03     5.01939e+02
    2.91635e-03     5.04590e+02
    2.93529e-03     5.07248e+02
    2.95436e-03     5.09918e+02
    2.97355e-03     5.12598e+02
    2.99286e-03     5.15287e+02
    3.01230e-03     5.17985e+02
    3.03187e-03     5.20695e+02
    3.05156e-03     5.23415e+02
    3.07138e-03     5.26144e+02
    3.09133e-03     5.28883e+02
    3.11141e-03     5.31631e+02
    3.13162e-03     5.34390e+02
    3.15196e-03     5.37160e+02
    3.17244e-03     5.39939e+02
    3.19304e-03     5.42726e+02
    3.21379e-03     5.45526e+02
    3.23466e-03     5.48333e+02
    3.25567e-03     5.51150e+02
    3.27682e-03     5.53978e+02
    3.29810e-03     5.56814e+02
    3.31953e-03     5.59662e+02
    3.34109e-03     5.62518e+02
    3.36279e-03     5.65383e+02
    3.38463e-03     5.68258e+02
    3.40662e-03     5.71144e+02
    3.42875e-03     5.74039e+02
    3.45102e-03     5.76942e+02
    3.47344e-03     5.79856e+02
    3.49600e-03     5.82778e+02
    3.51871e-03     5.85710e+02
    3.54156e-03     5.88652e+02
    3.56457e-03     5.91603e+02
    3.58772e-03     5.94562e+02
    3.61102e-03     5.97531e+02
    3.63448e-03     6.00510e+02
    3.65809e-03     6.03497e+02
    3.68185e-03     6.06495e+02
    3.70576e-03     6.09499e+02
    3.72984e-03     6.12515e+02
    3.75406e-03     6.15538e+02
    3.77845e-03     6.18571e+02
    3.80299e-03     6.21611e+02
    3.82769e-03     6.24662e+02
    3.85256e-03     6.27721e+02
    3.87758e-03     6.30788e+02
    3.90277e-03     6.33863e+02
    3.92812e-03     6.36947e+02
    3.95363e-03     6.40039e+02
    3.97931e-03     6.43140e+02
    4.00516e-03     6.46250e+02
    4.03118e-03     6.49368e+02
    4.05736e-03     6.52492e+02
    4.08372e-03     6.55627e+02
    4.11024e-03     6.58767e+02
    4.13694e-03     6.61916e+02
    4.16381e-03     6.65074e+02
    4.19086e-03     6.68240e+02
    4.21808e-03     6.71413e+02
    4.24548e-03     6.74594e+02
    4.27306e-03     6.77782e+02
    4.30081e-03     6.80977e+02
    4.32875e-03     6.84181e+02
    4.35687e-03     6.87393e+02
    4.38517e-03     6.90610e+02
    4.41365e-03     6.93835e+02
    4.44232e-03     6.97069e+02
    4.47118e-03     7.00308e+02
    4.50022e-03     7.03555e+02
    4.52945e-03     7.06808e+02
    4.55887e-03     7.10068e+02
    4.58848e-03     7.13335e+02
    4.61829e-03     7.16609e+02
    4.64829e-03     7.19891e+02
    4.67848e-03     7.23176e+02
    4.70887e-03     7.26469e+02
    4.73946e-03     7.29768e+02
    4.77024e-03     7.33072e+02
    4.80123e-03     7.36383e+02
    4.83241e-03     7.39699e+02
    4.86380e-03     7.43020e+02
    4.89539e-03     7.46347e+02
    4.92719e-03     7.49680e+02
    4.95920e-03     7.53019e+02
    4.99141e-03     7.56362e+02
    5.02383e-03     7.59710e+02
    5.05646e-03     7.63064e+02
    5.08931e-03     7.66423e+02
    5.12237e-03     7.69787e+02
    5.15564e-03     7.73155e+02
    5.18913e-03     7.76529e+02
    5.22283e-03     7.79906e+02
    5.25676e-03     7.83288e+02
    5.29091e-03     7.86677e+02
    5.32527e-03     7.90067e+02
    5.35986e-03     7.93463e+02
    5.39468e-03     7.96863e+02
    5.42972e-03     8.00267e+02
    5.46499e-03     8.03676e+02
    5.50049e-03     8.07087e+02
    5.53622e-03     8.10502e+02
    5.57218e-03     8.13920e+02
    5.60837e-03     8.17340e+02
    5.64480e-03     8.20765e+02
    5.68147e-03     8.24192e+02
    5.71837e-03     8.27621e+02
    5.75551e-03     8.31051e+02
    5.79290e-03     8.34485e+02
    5.83053e-03     8.37920e+02
    5.86840e-03     8.41354e+02
    5.90652e-03     8.44792e+02
    5.94489e-03     8.48231e+02
    5.98350e-03     8.51668e+02
    6.02237e-03     8.55109e+02
    6.06149e-03     8.58550e+02
    6.10086e-03     8.61990e+02
    6.14049e-03     8.65430e+02
    6.18037e-03     8.68870e+02
    6.22052e-03     8.72312e+02
    6.26092e-03     8.75751e+02
    6.30159e-03     8.79193e+02
    6.34252e-03     8.82633e+02
    6.38372e-03     8.86072e+02
    6.42519e-03     8.89512e+02
    6.46692e-03     8.92947e+02
    6.50893e-03     8.96386e+02
    6.55121e-03     8.99820e+02
    6.59376e-03     9.03254e+02
    6.63659e-03     9.06686e+02
    6.67970e-03     9.10118e+02
    6.72309e-03     9.13546e+02
    6.76676e-03     9.16972e+02
    6.81071e-03     9.20396e+02
    6.85495e-03     9.23816e+02
    6.89948e-03     9.27234e+02
    6.94429e-03     9.30647e+02
    6.98940e-03     9.34057e+02
    7.03480e-03     9.37463e+02
    7.08050e-03     9.40866e+02
    7.12649e-03     9.44262e+02
    7.17278e-03     9.47655e+02
    7.21937e-03     9.51041e+02
    7.26626e-03     9.54422e+02
    7.31346e-03     9.57799e+02
    7.36097e-03     9.61169e+02
    7.40878e-03     9.64532e+02
    7.45690e-03     9.67889e+02
    7.50534e-03     9.71241e+02
    7.55409e-03     9.74584e+02
    7.60316e-03     9.77922e+02
    7.65255e-03     9.81253e+02
    7.70225e-03     9.84575e+02
    7.75228e-03     9.87889e+02
    7.80264e-03     9.91199e+02
    7.85332e-03     9.94499e+02
    7.90433e-03     9.97788e+02
    7.95568e-03     1.00107e+03
    8.00735e-03     1.00435e+03
    8.05937e-03     1.00761e+03
    8.11172e-03     1.01087e+03
    8.16441e-03     1.01411e+03
    8.21744e-03     1.01735e+03
    8.27081e-03     1.02058e+03
    8.32454e-03     1.02379e+03
    8.37861e-03     1.02700e+03
    8.43303e-03     1.03019e+03
    8.48781e-03     1.03337e+03
    8.54294e-03     1.03654e+03
    8.59844e-03     1.03970e+03
    8.65429e-03     1.04285e+03
    8.71050e-03     1.04598e+03
    8.76708e-03     1.04910e+03
    8.82403e-03     1.05221e+03
    8.88134e-03     1.05530e+03
    8.93903e-03     1.05838e+03
    8.99710e-03     1.06144e+03
    9.05554e-03     1.06449e+03
    9.11436e-03     1.06752e+03
    9.17356e-03     1.07054e+03
    9.23315e-03     1.07354e+03
    9.29312e-03     1.07653e+03
    9.35349e-03     1.07950e+03
    9.41424e-03     1.08245e+03
    9.47539e-03     1.08538e+03
    9.53694e-03     1.08830e+03
    9.59889e-03     1.09120e+03
    9.66124e-03     1.09408e+03
    9.72400e-03     1.09694e+03
    9.78716e-03     1.09979e+03
    9.85073e-03     1.10261e+03
    9.91472e-03     1.10541e+03
    9.97912e-03     1.10820e+03
    1.00439e-02     1.11096e+03
    1.01092e-02     1.11370e+03
    1.01748e-02     1.11642e+03
    1.02409e-02     1.11912e+03
    1.03075e-02     1.12180e+03
    1.03744e-02     1.12445e+03
    1.04418e-02     1.12708e+03
    1.05096e-02     1.12969e+03
    1.05779e-02     1.13228e+03
    1.06466e-02     1.13483e+03
    1.07158e-02     1.13738e+03
    1.07854e-02     1.13989e+03
    1.08554e-02     1.14237e+03
    1.09259e-02     1.14483e+03
    1.09969e-02     1.14726e+03
    1.10683e-02     1.14967e+03
    1.11402e-02     1.15205e+03
    1.12126e-02     1.15441e+03
    1.12854e-02     1.15673e+03
    1.13587e-02     1.15903e+03
    1.14325e-02     1.16130e+03
    1.15068e-02     1.16355e+03
    1.15815e-02     1.16575e+03
    1.16567e-02     1.16793e+03
    1.17324e-02     1.17008e+03
    1.18087e-02     1.17221e+03
    1.18854e-02     1.17430e+03
    1.19626e-02     1.17636e+03
    1.20403e-02     1.17838e+03
    1.21185e-02     1.18038e+03
    1.21972e-02     1.18233e+03
    1.22764e-02     1.18426e+03
    1.23562e-02     1.18616e+03
    1.24364e-02     1.18801e+03
    1.25172e-02     1.18984e+03
    1.25985e-02     1.19163e+03
    1.26803e-02     1.19338e+03
    1.27627e-02     1.19510e+03
    1.28456e-02     1.19678e+03
    1.29290e-02     1.19842e+03
    1.30130e-02     1.20003e+03
    1.30976e-02     1.20160e+03
    1.31826e-02     1.20313e+03
    1.32683e-02     1.20462e+03
    1.33544e-02     1.20607e+03
    1.34412e-02     1.20749e+03
    1.35285e-02     1.20886e+03
    1.36164e-02     1.21019e+03
    1.37048e-02     1.21148e+03
    1.37938e-02     1.21273e+03
    1.38834e-02     1.21394e+03
    1.39736e-02     1.21510e+03
    1.40644e-02     1.21623e+03
    1.41557e-02     1.21730e+03
    1.42477e-02     1.21834e+03
    1.43402e-02     1.21934e+03
    1.44334e-02     1.22029e+03
    1.45271e-02     1.22119e+03
    1.46215e-02     1.22205e+03
    1.47165e-02     1.22287e+03
    1.48121e-02     1.22363e+03
    1.49083e-02     1.22435e+03
    1.50051e-02     1.22503e+03
    1.51026e-02     1.22566e+03
    1.52007e-02     1.22624e+03
    1.52994e-02     1.22676e+03
    1.53988e-02     1.22724e+03
    1.54988e-02     1.22768e+03
    1.55995e-02     1.22806e+03
    1.57008e-02     1.22839e+03
    1.58028e-02     1.22867e+03
    1.59055e-02     1.22890e+03
    1.60088e-02     1.22908e+03
    1.61128e-02     1.22920e+03
    1.62174e-02     1.22927e+03
    1.63228e-02     1.22930e+03
    1.64288e-02     1.22926e+03
    1.65355e-02     1.22917e+03
    1.66429e-02     1.22903e+03
    1.67510e-02     1.22884e+03
    1.68598e-02     1.22859e+03
    1.69693e-02     1.22828e+03
    1.70796e-02     1.22793e+03
    1.71905e-02     1.22751e+03
    1.73022e-02     1.22704e+03
    1.74145e-02     1.22651e+03
    1.75277e-02     1.22594e+03
    1.76415e-02     1.22530e+03
    1.77561e-02     1.22460e+03
    1.78714e-02     1.22385e+03
    1.79875e-02     1.22304e+03
    1.81044e-02     1.22218e+03
    1.82220e-02     1.22125e+03
    1.83403e-02     1.22027e+03
    1.84594e-02     1.21922e+03
    1.85794e-02     1.21813e+03
    1.87000e-02     1.21697e+03
    1.88215e-02     1.21575e+03
    1.89438e-02     1.21448e+03
    1.90668e-02     1.21314e+03
    1.91907e-02     1.21174e+03
    1.93153e-02     1.21028e+03
    1.94408e-02     1.20876e+03
    1.95671e-02     1.20719e+03
    1.96942e-02     1.20554e+03
    1.98221e-02     1.20384e+03
    1.99508e-02     1.20208e+03
    2.00804e-02     1.20025e+03
    2.02109e-02     1.19837e+03
    2.03421e-02     1.19642e+03
    2.04743e-02     1.19442e+03
    2.06073e-02     1.19236e+03
    2.07411e-02     1.19022e+03
    2.08758e-02     1.18803e+03
    2.10114e-02     1.18579e+03
    2.11479e-02     1.18347e+03
    2.12853e-02     1.18111e+03
    2.14236e-02     1.17867e+03
    2.15627e-02     1.17618e+03
    2.17028e-02     1.17362e+03
    2.18437e-02     1.17101e+03
    2.19856e-02     1.16834e+03
    2.21284e-02     1.16560e+03
    2.22722e-02     1.16281e+03
    2.24168e-02     1.15995e+03
    2.25625e-02     1.15704e+03
    2.27090e-02     1.15407e+03
    2.28565e-02     1.15104e+03
    2.30050e-02     1.14794e+03
    2.31544e-02     1.14480e+03
    2.33048e-02     1.14159e+03
    2.34562e-02     1.13832e+03
    2.36086e-02     1.13500e+03
    2.37619e-02     1.13162e+03
    2.39162e-02     1.12817e+03
    2.40716e-02     1.12468e+03
    2.42280e-02     1.12113e+03
    2.43853e-02     1.11752e+03
    2.45437e-02     1.11385e+03
    2.47032e-02     1.11014e+03
    2.48636e-02     1.10636e+03
    2.50251e-02     1.10254e+03
    2.51877e-02     1.09866e+03
    2.53513e-02     1.09473e+03
    2.55159e-02     1.09075e+03
    2.56817e-02     1.08672e+03
    2.58485e-02     1.08263e+03
    2.60164e-02     1.07850e+03
    2.61854e-02     1.07432e+03
    2.63555e-02     1.07009e+03
    2.65267e-02     1.06582e+03
    2.66990e-02     1.06149e+03
    2.68724e-02     1.05712e+03
    2.70470e-02     1.05271e+03
    2.72226e-02     1.04825e+03
    2.73995e-02     1.04376e+03
    2.75774e-02     1.03921e+03
    2.77566e-02     1.03463e+03
    2.79369e-02     1.03001e+03
    2.81183e-02     1.02535e+03
    2.83010e-02     1.02065e+03
    2.84848e-02     1.01592e+03
    2.86698e-02     1.01114e+03
    2.88561e-02     1.00633e+03
    2.90435e-02     1.00149e+03
    2.92321e-02     9.96615e+02
    2.94220e-02     9.91712e+02
    2.96131e-02     9.86775e+02
    2.98055e-02     9.81807e+02
    2.99991e-02     9.76813e+02
    3.01940e-02     9.71793e+02
    3.03901e-02     9.66747e+02
    3.05875e-02     9.61679e+02
    3.07862e-02     9.56583e+02
    3.09861e-02     9.51466e+02
    3.11874e-02     9.46334e+02
    3.13900e-02     9.41179e+02
    3.15939e-02     9.36010e+02
    3.17991e-02     9.30822e+02
    3.20057e-02     9.25619e+02
    3.22135e-02     9.20403e+02
    3.24228e-02     9.15174e+02
    3.26334e-02     9.09936e+02
    3.28454e-02     9.04691e+02
    3.30587e-02     8.99431e+02
    3.32735e-02     8.94172e+02
    3.34896e-02     8.88907e+02
    3.37071e-02     8.83636e+02
    3.39261e-02     8.78364e+02
    3.41464e-02     8.73092e+02
    3.43682e-02     8.67819e+02
    3.45915e-02     8.62556e+02
    3.48162e-02     8.57290e+02
    3.50423e-02     8.52035e+02
    3.52699e-02     8.46779e+02
    3.54990e-02     8.41537e+02
    3.57296e-02     8.36308e+02
    3.59617e-02     8.31088e+02
    3.61953e-02     8.25882e+02
    3.64304e-02     8.20688e+02
    3.66670e-02     8.15508e+02
    3.69052e-02     8.10348e+02
    3.71449e-02     8.05210e+02
    3.73862e-02     8.00087e+02
    3.76290e-02     7.94987e+02
    3.78735e-02     7.89913e+02
    3.81195e-02     7.84862e+02
    3.83671e-02     7.79835e+02
    3.86163e-02     7.74837e+02
    3.88671e-02     7.69868e+02
    3.91196e-02     7.64930e+02
    3.93737e-02     7.60020e+02
    3.96295e-02     7.55146e+02
    3.98869e-02     7.50306e+02
    4.01460e-02     7.45500e+02
    4.04067e-02     7.40728e+02
    4.06692e-02     7.35994e+02
    4.09334e-02     7.31298e+02
    4.11992e-02     7.26641e+02
    4.14669e-02     7.22027e+02
    4.17362e-02     7.17451e+02
    4.20073e-02     7.12917e+02
    4.22802e-02     7.08433e+02
    4.25548e-02     7.03988e+02
    4.28312e-02     6.99590e+02
    4.31094e-02     6.95237e+02
    4.33894e-02     6.90930e+02
    4.36713e-02     6.86675e+02
    4.39550e-02     6.82471e+02
    4.42405e-02     6.78312e+02
    4.45278e-02     6.74199e+02
    4.48171e-02     6.70139e+02
    4.51082e-02     6.66130e+02
    4.54012e-02     6.62172e+02
    4.56961e-02     6.58262e+02
    4.59929e-02     6.54403e+02
    4.62917e-02     6.50598e+02
    4.65923e-02     6.46843e+02
    4.68950e-02     6.43138e+02
    4.71996e-02     6.39489e+02
    4.75062e-02     6.35893e+02
    4.78148e-02     6.32347e+02
    4.81253e-02     6.28856e+02
    4.84379e-02     6.25416e+02
    4.87526e-02     6.22025e+02
    4.90692e-02     6.18686e+02
    4.93880e-02     6.15394e+02
    4.97088e-02     6.12156e+02
    5.00317e-02     6.08967e+02
    5.03566e-02     6.05823e+02
    5.06837e-02     6.02725e+02
    5.10130e-02     5.99678e+02
    5.13443e-02     5.96676e+02
    5.16778e-02     5.93721e+02
    5.20135e-02     5.90812e+02
    5.23514e-02     5.87945e+02
    5.26914e-02     5.85120e+02
    5.30337e-02     5.82338e+02
    5.33782e-02     5.79589e+02
    5.37249e-02     5.76882e+02
    5.40738e-02     5.74213e+02
    5.44251e-02     5.71575e+02
    5.47786e-02     5.68969e+02
    5.51344e-02     5.66399e+02
    5.54926e-02     5.63858e+02
    5.58530e-02     5.61342e+02
    5.62158e-02     5.58857e+02
    5.65810e-02     5.56393e+02
    5.69485e-02     5.53954e+02
    5.73184e-02     5.51532e+02
    5.76907e-02     5.49131e+02
    5.80654e-02     5.46742e+02
    5.84426e-02     5.44367e+02
    5.88222e-02     5.42003e+02
    5.92043e-02     5.39648e+02
    5.95889e-02     5.37301e+02
    5.99759e-02     5.34952e+02
    6.03655e-02     5.32607e+02
    6.07576e-02     5.30261e+02
    6.11523e-02     5.27915e+02
    6.15495e-02     5.25557e+02
    6.19493e-02     5.23190e+02
    6.23517e-02     5.20813e+02
    6.27567e-02     5.18425e+02
    6.31643e-02     5.16018e+02
    6.35746e-02     5.13592e+02
    6.39876e-02     5.11142e+02
    6.44032e-02     5.08668e+02
    6.48215e-02     5.06169e+02
    6.52426e-02     5.03638e+02
    6.56664e-02     5.01078e+02
    6.60929e-02     4.98484e+02
    6.65222e-02     4.95857e+02
    6.69543e-02     4.93188e+02
    6.73892e-02     4.90480e+02
    6.78270e-02     4.87731e+02
    6.82675e-02     4.84938e+02
    6.87110e-02     4.82094e+02
    6.91573e-02     4.79207e+02
    6.96065e-02     4.76268e+02
    7.00586e-02     4.73278e+02
    7.05137e-02     4.70241e+02
    7.09717e-02     4.67148e+02
    7.14327e-02     4.64008e+02
    7.18967e-02     4.60813e+02
    7.23637e-02     4.57562e+02
    7.28338e-02     4.54256e+02
    7.33069e-02     4.50894e+02
    7.37830e-02     4.47482e+02
    7.42623e-02     4.44011e+02
    7.47447e-02     4.40485e+02
    7.52302e-02     4.36910e+02
    7.57188e-02     4.33286e+02
    7.62107e-02     4.29609e+02
    7.67057e-02     4.25878e+02
    7.72039e-02     4.22104e+02
    7.77054e-02     4.18278e+02
    7.82102e-02     4.14410e+02
    7.87182e-02     4.10499e+02
    7.92295e-02     4.06547e+02
    7.97441e-02     4.02553e+02
    8.02621e-02     3.98528e+02
    8.07835e-02     3.94473e+02
    8.13082e-02     3.90386e+02
    8.18363e-02     3.86274e+02
    8.23679e-02     3.82138e+02
    8.29029e-02     3.77986e+02
    8.34414e-02     3.73814e+02
    8.39834e-02     3.69638e+02
    8.45290e-02     3.65452e+02
    8.50780e-02     3.61260e+02
    8.56306e-02     3.57070e+02
    8.61869e-02     3.52889e+02
    8.67467e-02     3.48714e+02
    8.73102e-02     3.44558e+02
    8.78773e-02     3.40416e+02
    8.84481e-02     3.36300e+02
    8.90226e-02     3.32211e+02
    8.96009e-02     3.28152e+02
    9.01829e-02     3.24135e+02
    9.07687e-02     3.20156e+02
    9.13583e-02     3.16219e+02
    9.19517e-02     3.12333e+02
    9.25490e-02     3.08502e+02
    9.31501e-02     3.04722e+02
    9.37552e-02     3.01006e+02
    9.43642e-02     2.97349e+02
    9.49771e-02     2.93759e+02
    9.55940e-02     2.90241e+02
    9.62150e-02     2.86799e+02
    9.68399e-02     2.83431e+02
    9.74690e-02     2.80143e+02
    9.81021e-02     2.76934e+02
    9.87393e-02     2.73811e+02
    9.93807e-02     2.70767e+02
    1.00026e-01     2.67812e+02
    1.00676e-01     2.64940e+02
    1.01330e-01     2.62152e+02
    1.01988e-01     2.59454e+02
    1.02651e-01     2.56845e+02
    1.03317e-01     2.54323e+02
    1.03988e-01     2.51894e+02
    1.04664e-01     2.49554e+02
    1.05344e-01     2.47297e+02
    1.06028e-01     2.45122e+02
    1.06717e-01     2.43031e+02
    1.07410e-01     2.41018e+02
    1.08108e-01     2.39084e+02
    1.08810e-01     2.37223e+02
    1.09517e-01     2.35433e+02
    1.10228e-01     2.33720e+02
    1.10944e-01     2.32070e+02
    1.11665e-01     2.30481e+02
    1.12390e-01     2.28949e+02
    1.13120e-01     2.27470e+02
    1.13855e-01     2.26042e+02
    1.14594e-01     2.24652e+02
    1.15339e-01     2.23302e+02
    1.16088e-01     2.21983e+02
    1.16842e-01     2.20697e+02
    1.17601e-01     2.19431e+02
    1.18365e-01     2.18182e+02
    1.19134e-01     2.16946e+02
    1.19907e-01     2.15712e+02
    1.20686e-01     2.14479e+02
    1.21470e-01     2.13242e+02
    1.22259e-01     2.11993e+02
    1.23053e-01     2.10727e+02
    1.23853e-01     2.09438e+02
    1.24657e-01     2.08122e+02
    1.25467e-01     2.06778e+02
    1.26282e-01     2.05397e+02
    1.27102e-01     2.03976e+02
    1.27928e-01     2.02512e+02
    1.28759e-01     2.01000e+02
    1.29595e-01     1.99435e+02
    1.30437e-01     1.97819e+02
    1.31284e-01     1.96148e+02
    1.32137e-01     1.94424e+02
    1.32995e-01     1.92644e+02
    1.33859e-01     1.90810e+02
    1.34728e-01     1.88919e+02
    1.35604e-01     1.86974e+02
    1.36484e-01     1.84972e+02
    1.37371e-01     1.82921e+02
    1.38263e-01     1.80821e+02
    1.39161e-01     1.78679e+02
    1.40065e-01     1.76496e+02
    1.40975e-01     1.74277e+02
    1.41891e-01     1.72026e+02
    1.42812e-01     1.69746e+02
    1.43740e-01     1.67445e+02
    1.44674e-01     1.65128e+02
    1.45614e-01     1.62803e+02
    1.46559e-01     1.60474e+02
    1.47511e-01     1.58149e+02
    1.48469e-01     1.55834e+02
    1.49434e-01     1.53535e+02
    1.50405e-01     1.51258e+02
    1.51381e-01     1.49008e+02
    1.52365e-01     1.46793e+02
    1.53354e-01     1.44617e+02
    1.54351e-01     1.42488e+02
    1.55353e-01     1.40409e+02
    1.56362e-01     1.38385e+02
    1.57378e-01     1.36420e+02
    1.58400e-01     1.34516e+02
    1.59429e-01     1.32678e+02
    1.60465e-01     1.30907e+02
    1.61507e-01     1.29208e+02
    1.62556e-01     1.27580e+02
    1.63612e-01     1.26025e+02
    1.64675e-01     1.24541e+02
    1.65744e-01     1.23127e+02
    1.66821e-01     1.21783e+02
    1.67905e-01     1.20509e+02
    1.68995e-01     1.19301e+02
    1.70093e-01     1.18157e+02
    1.71198e-01     1.17072e+02
    1.72310e-01     1.16041e+02
    1.73429e-01     1.15061e+02
    1.74556e-01     1.14127e+02
    1.75689e-01     1.13234e+02
    1.76831e-01     1.12376e+02
    1.77979e-01     1.11547e+02
    1.79135e-01     1.10740e+02
    1.80299e-01     1.09950e+02
    1.81470e-01     1.09170e+02
    1.82649e-01     1.08395e+02
    1.83835e-01     1.07617e+02
    1.85029e-01     1.06832e+02
    1.86231e-01     1.06034e+02
    1.87441e-01     1.05216e+02
    1.88658e-01     1.04374e+02
    1.89884e-01     1.03506e+02
    1.91117e-01     1.02606e+02
    1.92359e-01     1.01674e+02
    1.93608e-01     1.00704e+02
    1.94866e-01     9.96967e+01
    1.96131e-01     9.86507e+01
    1.97405e-01     9.75677e+01
    1.98688e-01     9.64486e+01
    1.99978e-01     9.52930e+01
    2.01277e-01     9.41038e+01
    2.02585e-01     9.28854e+01
    2.03901e-01     9.16413e+01
    2.05225e-01     9.03765e+01
    2.06558e-01     8.90952e+01
    2.07900e-01     8.78021e+01
    2.09250e-01     8.65034e+01
    2.10609e-01     8.52048e+01
    2.11977e-01     8.39122e+01
    2.13354e-01     8.26314e+01
    2.14740e-01     8.13672e+01
    2.16135e-01     8.01248e+01
    2.17539e-01     7.89095e+01
    2.18952e-01     7.77259e+01
    2.20374e-01     7.65785e+01
    2.21806e-01     7.54703e+01
    2.23246e-01     7.44027e+01
    2.24696e-01     7.33791e+01
    2.26156e-01     7.24010e+01
    2.27625e-01     7.14686e+01
    2.29104e-01     7.05811e+01
    2.30592e-01     6.97378e+01
    2.32089e-01     6.89371e+01
    2.33597e-01     6.81782e+01
    2.35114e-01     6.74567e+01
    2.36642e-01     6.67693e+01
    2.38179e-01     6.61120e+01
    2.39726e-01     6.54812e+01
    2.41283e-01     6.48721e+01
    2.42850e-01     6.42795e+01
    2.44428e-01     6.36986e+01
    2.46015e-01     6.31247e+01
    2.47613e-01     6.25529e+01
    2.49222e-01     6.19795e+01
    2.50841e-01     6.13993e+01
    2.52470e-01     6.08085e+01
    2.54110e-01     6.02045e+01
    2.55760e-01     5.95847e+01
    2.57422e-01     5.89477e+01
    2.59094e-01     5.82914e+01
    2.60777e-01     5.76159e+01
    2.62471e-01     5.69216e+01
    2.64176e-01     5.62095e+01
    2.65892e-01     5.54809e+01
    2.67619e-01     5.47383e+01
    2.69357e-01     5.39851e+01
    2.71107e-01     5.32241e+01
    2.72868e-01     5.24586e+01
    2.74640e-01     5.16929e+01
    2.76424e-01     5.09311e+01
    2.78219e-01     5.01767e+01
    2.80027e-01     4.94336e+01
    2.81846e-01     4.87049e+01
    2.83676e-01     4.79940e+01
    2.85519e-01     4.73039e+01
    2.87374e-01     4.66359e+01
    2.89240e-01     4.59917e+01
    2.91119e-01     4.53730e+01
    2.93010e-01     4.47795e+01
    2.94913e-01     4.42105e+01
    2.96829e-01     4.36656e+01
    2.98757e-01     4.31434e+01
    3.00698e-01     4.26416e+01
    3.02651e-01     4.21579e+01
    3.04617e-01     4.16900e+01
    3.06595e-01     4.12343e+01
    3.08587e-01     4.07882e+01
    3.10591e-01     4.03484e+01
    3.12609e-01     3.99122e+01
    3.14639e-01     3.94767e+01
    3.16683e-01     3.90391e+01
    3.18740e-01     3.85977e+01
    3.20810e-01     3.81510e+01
    3.22894e-01     3.76974e+01
    3.24992e-01     3.72366e+01
    3.27103e-01     3.67686e+01
    3.29227e-01     3.62939e+01
    3.31366e-01     3.58129e+01
    3.33518e-01     3.53275e+01
    3.35685e-01     3.48397e+01
    3.37865e-01     3.43512e+01
    3.40060e-01     3.38642e+01
    3.42269e-01     3.33810e+01
    3.44492e-01     3.29033e+01
    3.46729e-01     3.24337e+01
    3.48982e-01     3.19739e+01
    3.51248e-01     3.15253e+01
    3.53530e-01     3.10890e+01
    3.55826e-01     3.06655e+01
    3.58138e-01     3.02558e+01
    3.60464e-01     2.98590e+01
    3.62805e-01     2.94751e+01
    3.65162e-01     2.91027e+01
    3.67534e-01     2.87410e+01
    3.69921e-01     2.83882e+01
    3.72324e-01     2.80432e+01
    3.74743e-01     2.77039e+01
    3.77177e-01     2.73687e+01
    3.79627e-01     2.70364e+01
    3.82093e-01     2.67053e+01
    3.84574e-01     2.63743e+01
    3.87072e-01     2.60425e+01
    3.89587e-01     2.57094e+01
    3.92117e-01     2.53751e+01
    3.94664e-01     2.50393e+01
    3.97228e-01     2.47026e+01
    3.99808e-01     2.43658e+01
    4.02405e-01     2.40296e+01
    4.05019e-01     2.36952e+01
    4.07650e-01     2.33638e+01
    4.10298e-01     2.30366e+01
    4.12963e-01     2.27141e+01
    4.15645e-01     2.23978e+01
    4.18345e-01     2.20878e+01
    4.21062e-01     2.17849e+01
    4.23797e-01     2.14892e+01
    4.26550e-01     2.12005e+01
    4.29321e-01     2.09190e+01
    4.32110e-01     2.06436e+01
    4.34916e-01     2.03740e+01
    4.37741e-01     2.01094e+01
    4.40585e-01     1.98487e+01
    4.43447e-01     1.95917e+01
    4.46327e-01     1.93369e+01
    4.49226e-01     1.90845e+01
    4.52144e-01     1.88332e+01
    4.55081e-01     1.85830e+01
    4.58037e-01     1.83339e+01
    4.61012e-01     1.80856e+01
    4.64007e-01     1.78387e+01
    4.67021e-01     1.75929e+01
    4.70054e-01     1.73493e+01
    4.73108e-01     1.71083e+01
    4.76181e-01     1.68698e+01
    4.79274e-01     1.66347e+01
    4.82387e-01     1.64034e+01
    4.85520e-01     1.61763e+01
    4.88674e-01     1.59534e+01
    4.91848e-01     1.57347e+01
    4.95043e-01     1.55198e+01
    4.98259e-01     1.53090e+01
    5.01495e-01     1.51019e+01
    5.04753e-01     1.48979e+01
    5.08031e-01     1.46968e+01
    5.11331e-01     1.44981e+01
    5.14653e-01     1.43019e+01
    5.17995e-01     1.41074e+01
    5.21360e-01     1.39145e+01
    5.24747e-01     1.37233e+01
    5.28155e-01     1.35340e+01
    5.31586e-01     1.33462e+01
    5.35039e-01     1.31604e+01
    5.38514e-01     1.29766e+01
    5.42012e-01     1.27950e+01
    5.45533e-01     1.26159e+01
    5.49076e-01     1.24395e+01
    5.52643e-01     1.22657e+01
    5.56233e-01     1.20945e+01
    5.59846e-01     1.19263e+01
    5.63482e-01     1.17606e+01
    5.67142e-01     1.15975e+01
    5.70826e-01     1.14367e+01
    5.74534e-01     1.12782e+01
    5.78266e-01     1.11219e+01
    5.82022e-01     1.09673e+01
    5.85803e-01     1.08147e+01
    5.89608e-01     1.06637e+01
    5.93437e-01     1.05143e+01
    5.97292e-01     1.03667e+01
    6.01172e-01     1.02208e+01
    6.05077e-01     1.00767e+01
    6.09007e-01     9.93456e+00
    6.12963e-01     9.79426e+00
    6.16945e-01     9.65585e+00
    6.20952e-01     9.51955e+00
    6.24985e-01     9.38514e+00
    6.29045e-01     9.25264e+00
    6.33131e-01     9.12193e+00
    6.37244e-01     8.99303e+00
    6.41383e-01     8.86587e+00
    6.45549e-01     8.74046e+00
    6.49742e-01     8.61678e+00
    6.53963e-01     8.49477e+00
    6.58210e-01     8.37439e+00
    6.62486e-01     8.25565e+00
    6.66789e-01     8.13851e+00
    6.71120e-01     8.02293e+00
    6.75479e-01     7.90890e+00
    6.79867e-01     7.79637e+00
    6.84283e-01     7.68534e+00
    6.88728e-01     7.57580e+00
    6.93202e-01     7.46772e+00
    6.97704e-01     7.36107e+00
    7.02236e-01     7.25587e+00
    7.06798e-01     7.15208e+00
    7.11389e-01     7.04970e+00
    7.16010e-01     6.94870e+00
    7.20661e-01     6.84907e+00
    7.25342e-01     6.75080e+00
    7.30053e-01     6.65385e+00
    7.34795e-01     6.55824e+00
    7.39568e-01     6.46394e+00
    7.44372e-01     6.37094e+00
    7.49207e-01     6.27918e+00
    7.54074e-01     6.18872e+00
    7.58972e-01     6.09949e+00
    7.63902e-01     6.01148e+00
    7.68864e-01     5.92468e+00
    7.73858e-01     5.83908e+00
    7.78884e-01     5.75465e+00
    7.83944e-01     5.67140e+00
    7.89036e-01     5.58929e+00
    7.94161e-01     5.50830e+00
    7.99320e-01     5.42845e+00
    8.04512e-01     5.34968e+00
    8.09737e-01     5.27199e+00
    8.14997e-01     5.19539e+00
    8.20291e-01     5.11985e+00
    8.25619e-01     5.04536e+00
    8.30982e-01     4.97189e+00
    8.36380e-01     4.89945e+00
    8.41812e-01     4.82802e+00
    8.47280e-01     4.75758e+00
    8.52784e-01     4.68814e+00
    8.58323e-01     4.61965e+00
    8.63899e-01     4.55212e+00
    8.69510e-01     4.48553e+00
    8.75158e-01     4.41989e+00
    8.80843e-01     4.35515e+00
    8.86564e-01     4.29133e+00
    8.92323e-01     4.22839e+00
    8.98119e-01     4.16635e+00
    9.03953e-01     4.10519e+00
    9.09825e-01     4.04486e+00
    9.15734e-01     3.98540e+00
    9.21683e-01     3.92678e+00
    9.27669e-01     3.86897e+00
    9.33695e-01     3.81200e+00
    9.39760e-01     3.75582e+00
    9.45864e-01     3.70042e+00
    9.52008e-01     3.64581e+00
    9.58192e-01     3.59199e+00
    9.64416e-01     3.53892e+00
    9.70680e-01     3.48659e+00
    9.76985e-01     3.43502e+00
    9.83332e-01     3.38417e+00
    9.89719e-01     3.33406e+00
    9.96148e-01     3.28465e+00
    1.00262e+00     3.23596e+00
    1.00913e+00     3.18793e+00
    1.01569e+00     3.14062e+00
    1.02228e+00     3.09394e+00
    1.02892e+00     3.04795e+00
    1.03561e+00     3.00264e+00
    1.04233e+00     2.95794e+00
    1.04910e+00     2.91389e+00
    1.05592e+00     2.87048e+00
    1.06278e+00     2.82767e+00
    1.06968e+00     2.78548e+00
    1.07663e+00     2.74389e+00
    1.08362e+00     2.70290e+00
    1.09066e+00     2.66249e+00
    1.09775e+00     2.62267e+00
    1.10488e+00     2.58342e+00
    1.11205e+00     2.54472e+00
    1.11928e+00     2.50660e+00
    1.12655e+00     2.46902e+00
    1.13386e+00     2.43195e+00
    1.14123e+00     2.39546e+00
    1.14864e+00     2.35949e+00
    1.15610e+00     2.32404e+00
    1.16361e+00     2.28911e+00
    1.17117e+00     2.25469e+00
    1.17878e+00     2.22076e+00
    1.18643e+00     2.18733e+00
    1.19414e+00     2.15439e+00
    1.20190e+00     2.12194e+00
    1.20970e+00     2.08994e+00
    1.21756e+00     2.05843e+00
    1.22547e+00     2.02736e+00
    1.23343e+00     1.99676e+00
    1.24144e+00     1.96660e+00
    1.24951e+00     1.93690e+00
    1.25762e+00     1.90761e+00
    1.26579e+00     1.87875e+00
    1.27401e+00     1.85032e+00
    1.28229e+00     1.82231e+00
    1.29062e+00     1.79471e+00
    1.29900e+00     1.76750e+00
    1.30744e+00     1.74070e+00
    1.31593e+00     1.71428e+00
    1.32448e+00     1.68826e+00
    1.33308e+00     1.66260e+00
    1.34174e+00     1.63732e+00
    1.35046e+00     1.61242e+00
    1.35923e+00     1.58787e+00
    1.36806e+00     1.56368e+00
    1.37695e+00     1.53986e+00
    1.38589e+00     1.51638e+00
    1.39489e+00     1.49324e+00
    1.40395e+00     1.47045e+00
    1.41307e+00     1.44799e+00
    1.42225e+00     1.42586e+00
    1.43149e+00     1.40408e+00
    1.44079e+00     1.38261e+00
    1.45015e+00     1.36145e+00
    1.45956e+00     1.34061e+00
    1.46905e+00     1.32008e+00
    1.47859e+00     1.29986e+00
    1.48819e+00     1.27993e+00
    1.49786e+00     1.26030e+00
    1.50759e+00     1.24097e+00
    1.51738e+00     1.22192e+00
    1.52724e+00     1.20317e+00
    1.53716e+00     1.18469e+00
    1.54714e+00     1.16648e+00
    1.55719e+00     1.14855e+00
    1.56731e+00     1.13089e+00
    1.57749e+00     1.11349e+00
    1.58773e+00     1.09635e+00
    1.59805e+00     1.07947e+00
    1.60843e+00     1.06283e+00
    1.61887e+00     1.04645e+00
    1.62939e+00     1.03032e+00
    1.63997e+00     1.01441e+00
    1.65063e+00     9.98756e-01
    1.66135e+00     9.83325e-01
    1.67214e+00     9.68118e-01
    1.68300e+00     9.53151e-01
    1.69393e+00     9.38396e-01
    1.70494e+00     9.23875e-01
    1.71601e+00     9.09556e-01
    1.72716e+00     8.95460e-01
    1.73838e+00     8.81579e-01
    1.74967e+00     8.67902e-01
    1.76103e+00     8.54430e-01
    1.77247e+00     8.41164e-01
    1.78398e+00     8.28099e-01
    1.79557e+00     8.15230e-01
    1.80724e+00     8.02564e-01
    1.81897e+00     7.90083e-01
    1.83079e+00     7.77788e-01
    1.84268e+00     7.65688e-01
    1.85465e+00     7.53769e-01
    1.86670e+00     7.42029e-01
    1.87882e+00     7.30464e-01
    1.89103e+00     7.19088e-01
    1.90331e+00     7.07875e-01
    1.91567e+00     6.96829e-01
    1.92812e+00     6.85960e-01
    1.94064e+00     6.75251e-01
    1.95325e+00     6.64709e-01
    1.96593e+00     6.54326e-01
    1.97870e+00     6.44107e-01
    1.99156e+00     6.34035e-01
    2.00449e+00     6.24118e-01
    2.01751e+00     6.14355e-01
    2.03062e+00     6.04743e-01
    2.04381e+00     5.95270e-01
    2.05708e+00     5.85945e-01
    2.07045e+00     5.76764e-01
    2.08389e+00     5.67709e-01
    2.09743e+00     5.58803e-01
    2.11105e+00     5.50025e-01
    2.12477e+00     5.41387e-01
    2.13857e+00     5.32883e-01
    2.15246e+00     5.24506e-01
    2.16644e+00     5.16249e-01
    2.18051e+00     5.08125e-01
    2.19468e+00     5.00129e-01
    2.20893e+00     4.92247e-01
    2.22328e+00     4.84499e-01
    2.23772e+00     4.76859e-01
    2.25226e+00     4.69342e-01
    2.26689e+00     4.61940e-01
    2.28161e+00     4.54650e-01
    2.29643e+00     4.47475e-01
    2.31135e+00     4.40414e-01
    2.32636e+00     4.33456e-01
    2.34147e+00     4.26610e-01
    2.35668e+00     4.19868e-01
    2.37199e+00     4.13229e-01
    2.38740e+00     4.06700e-01
    2.40290e+00     4.00265e-01
    2.41851e+00     3.93932e-01
    2.43422e+00     3.87700e-01
    2.45003e+00     3.81560e-01
    2.46595e+00     3.75515e-01
    2.48197e+00     3.69568e-01
    2.49809e+00     3.63709e-01
    2.51431e+00     3.57941e-01
    2.53065e+00     3.52265e-01
    2.54708e+00     3.46674e-01
    2.56363e+00     3.41171e-01
    2.58028e+00     3.35752e-01
    2.59704e+00     3.30416e-01
    2.61391e+00     3.25163e-01
    2.63089e+00     3.19990e-01
    2.64798e+00     3.14898e-01
    2.66518e+00     3.09885e-01
    2.68249e+00     3.04949e-01
    2.69991e+00     3.00090e-01
    2.71745e+00     2.95307e-01
    2.73510e+00     2.90598e-01
    2.75287e+00     2.85962e-01
    2.77075e+00     2.81399e-01
    2.78875e+00     2.76908e-01
    2.80686e+00     2.72485e-01
    2.82509e+00     2.68134e-01
    2.84344e+00     2.63850e-01
    2.86191e+00     2.59633e-01
    2.88050e+00     2.55483e-01
    2.89921e+00     2.51397e-01
    2.91805e+00     2.47378e-01
    2.93700e+00     2.43419e-01
    2.95608e+00     2.39524e-01
    2.97528e+00     2.35690e-01
    2.99461e+00     2.31917e-01
    3.01406e+00     2.28203e-01
    3.03364e+00     2.24547e-01
    3.05334e+00     2.20948e-01
    3.07317e+00     2.17407e-01
    3.09314e+00     2.13921e-01
    3.11323e+00     2.10490e-01
    3.13345e+00     2.07113e-01
    3.15380e+00     2.03788e-01
    3.17429e+00     2.00516e-01
    3.19491e+00     1.97295e-01
    3.21566e+00     1.94124e-01
    3.23655e+00     1.91003e-01
    3.25757e+00     1.87930e-01
    3.27873e+00     1.84905e-01
    3.30003e+00     1.81928e-01
    3.32146e+00     1.78998e-01
    3.34304e+00     1.76114e-01
    3.36475e+00     1.73275e-01
    3.38661e+00     1.70480e-01
    3.40861e+00     1.67730e-01
    3.43075e+00     1.65024e-01
    3.45303e+00     1.62360e-01
    3.47546e+00     1.59739e-01
    3.49804e+00     1.57159e-01
    3.52076e+00     1.54620e-01
    3.54363e+00     1.52121e-01
    3.56664e+00     1.49663e-01
    3.58981e+00     1.47243e-01
    3.61313e+00     1.44862e-01
    3.63660e+00     1.42519e-01
    3.66022e+00     1.40213e-01
    3.68400e+00     1.37945e-01
    3.70793e+00     1.35711e-01
    3.73201e+00     1.33514e-01
    3.75625e+00     1.31352e-01
    3.78065e+00     1.29225e-01
    3.80521e+00     1.27131e-01
    3.82993e+00     1.25071e-01
    3.85480e+00     1.23043e-01
    3.87984e+00     1.21048e-01
    3.90504e+00     1.19085e-01
    3.93041e+00     1.17153e-01
    3.95594e+00     1.15251e-01
    3.98163e+00     1.13380e-01
    4.00750e+00     1.11538e-01
    4.03353e+00     1.09726e-01
    4.05973e+00     1.07942e-01
    4.08610e+00     1.06186e-01
    4.11264e+00     1.04459e-01
    4.13935e+00     1.02758e-01
    4.16624e+00     1.01085e-01
    4.19330e+00     9.94382e-02
    4.22054e+00     9.78178e-02
    4.24796e+00     9.62236e-02
    4.27555e+00     9.46545e-02
    4.30332e+00     9.31107e-02
    4.33127e+00     9.15919e-02
    4.35941e+00     9.00974e-02
    4.38772e+00     8.86268e-02
    4.41622e+00     8.71798e-02
    4.44491e+00     8.57562e-02
    4.47378e+00     8.43558e-02
    4.50284e+00     8.29776e-02
    4.53209e+00     8.16219e-02
    4.56153e+00     8.02881e-02
    4.59116e+00     7.89756e-02
    4.62098e+00     7.76848e-02
    4.65100e+00     7.64143e-02
    4.68121e+00     7.51647e-02
    4.71161e+00     7.39349e-02
    4.74222e+00     7.27253e-02
    4.77302e+00     7.15352e-02
    4.80403e+00     7.03644e-02
    4.83523e+00     6.92122e-02
    4.86664e+00     6.80785e-02
    4.89825e+00     6.69633e-02
    4.93007e+00     6.58656e-02
    4.96209e+00     6.47860e-02
    4.99432e+00     6.37234e-02
    5.02676e+00     6.26779e-02
    5.05941e+00     6.16490e-02
    5.09228e+00     6.06368e-02
    5.12535e+00     5.96405e-02
    5.15865e+00     5.86608e-02
    5.19215e+00     5.76964e-02
    5.22588e+00     5.67474e-02
    5.25983e+00     5.58142e-02
    5.29399e+00     5.48957e-02
    5.32838e+00     5.39923e-02
    5.36299e+00     5.31031e-02
    5.39782e+00     5.22289e-02
    5.43289e+00     5.13684e-02
    5.46818e+00     5.05223e-02
    5.50370e+00     4.96896e-02
    5.53944e+00     4.88707e-02
    5.57543e+00     4.80653e-02
    5.61164e+00     4.72726e-02
    5.64809e+00     4.64932e-02
    5.68478e+00     4.57261e-02
    5.72171e+00     4.49718e-02
    5.75887e+00     4.42299e-02
    5.79628e+00     4.34999e-02
    5.83393e+00     4.27823e-02
    5.87182e+00     4.20759e-02
    5.90996e+00     4.13810e-02
    5.94835e+00     4.06977e-02
    5.98699e+00     4.00255e-02
    6.02588e+00     3.93642e-02
    6.06502e+00     3.87138e-02
    6.10442e+00     3.80739e-02
    6.14407e+00     3.74445e-02
    6.18398e+00     3.68251e-02
    6.22414e+00     3.62159e-02
    6.26457e+00     3.56163e-02
    6.30527e+00     3.50267e-02
    6.34622e+00     3.44467e-02
    6.38744e+00     3.38758e-02
    6.42893e+00     3.33142e-02
    6.47069e+00     3.27619e-02
    6.51272e+00     3.22185e-02
    6.55503e+00     3.16839e-02
    6.59761e+00     3.11581e-02
    6.64046e+00     3.06406e-02
    6.68359e+00     3.01318e-02
    6.72701e+00     2.96313e-02
    6.77070e+00     2.91390e-02
    6.81468e+00     2.86550e-02
    6.85895e+00     2.81787e-02
    6.90350e+00     2.77106e-02
    6.94834e+00     2.72498e-02
    6.99348e+00     2.67967e-02
    7.03890e+00     2.63512e-02
    7.08462e+00     2.59130e-02
    7.13064e+00     2.54820e-02
    7.17696e+00     2.50578e-02
    7.22358e+00     2.46411e-02
    7.27050e+00     2.42308e-02
    7.31773e+00     2.38277e-02
    7.36526e+00     2.34308e-02
    7.41310e+00     2.30410e-02
    7.46125e+00     2.26571e-02
    7.50972e+00     2.22798e-02
    7.55850e+00     2.19087e-02
    7.60759e+00     2.15436e-02
    7.65701e+00     2.11846e-02
    7.70675e+00     2.08314e-02
    7.75680e+00     2.04839e-02
    7.80719e+00     2.01423e-02
    7.85790e+00     1.98060e-02
    7.90894e+00     1.94755e-02
    7.96032e+00     1.91500e-02
    8.01202e+00     1.88301e-02
    8.06407e+00     1.85155e-02
    8.11645e+00     1.82059e-02
    8.16917e+00     1.79016e-02
    8.22223e+00     1.76021e-02
    8.27564e+00     1.73075e-02
    8.32939e+00     1.70178e-02
    8.38350e+00     1.67330e-02
    8.43795e+00     1.64529e-02
    8.49276e+00     1.61773e-02
    8.54793e+00     1.59065e-02
    8.60345e+00     1.56401e-02
    8.65933e+00     1.53778e-02
    8.71558e+00     1.51202e-02
    8.77219e+00     1.48670e-02
    8.82917e+00     1.46178e-02
    8.88652e+00     1.43726e-02
    8.94425e+00     1.41318e-02
    9.00234e+00     1.38947e-02
    9.06082e+00     1.36618e-02
    9.11967e+00     1.34328e-02
    9.17891e+00     1.32073e-02
    9.23853e+00     1.29859e-02
    9.29854e+00     1.27680e-02
    9.35894e+00     1.25537e-02
    9.41973e+00     1.23430e-02
    9.48092e+00     1.21358e-02
    9.54250e+00     1.19321e-02
    9.60449e+00     1.17317e-02
    9.66687e+00     1.15346e-02
    9.72967e+00     1.13408e-02
    9.79287e+00     1.11501e-02
    9.85648e+00     1.09626e-02
    9.92050e+00     1.07782e-02
    9.98494e+00     1.05968e-02
    1.00498e+01     1.04184e-02
    1.01151e+01     1.02430e-02
    1.01808e+01     1.00704e-02
    1.02469e+01     9.90074e-03
    1.03135e+01     9.73393e-03
    1.03805e+01     9.56986e-03
    1.04479e+01     9.40849e-03
    1.05157e+01     9.24980e-03
    1.05841e+01     9.09388e-03
    1.06528e+01     8.94044e-03
    1.07220e+01     8.78962e-03
    1.07916e+01     8.64130e-03
    1.08617e+01     8.49548e-03
    1.09323e+01     8.35216e-03
    1.10033e+01     8.21117e-03
    1.10748e+01     8.07259e-03
    1.11467e+01     7.93631e-03
    1.12191e+01     7.80232e-03
    1.12920e+01     7.67060e-03
    1.13653e+01     7.54103e-03
    1.14392e+01     7.41373e-03
    1.15135e+01     7.28851e-03
    1.15883e+01     7.16539e-03
    1.16635e+01     7.04429e-03
    1.17393e+01     6.92529e-03
    1.18155e+01     6.80821e-03
    1.18923e+01     6.69315e-03
    1.19695e+01     6.57996e-03
    1.20473e+01     6.46868e-03
    1.21255e+01     6.35923e-03
    1.22043e+01     6.25163e-03
    1.22836e+01     6.14582e-03
    1.23634e+01     6.04174e-03
    1.24437e+01     5.93938e-03
    1.25245e+01     5.83871e-03
    1.26059e+01     5.73975e-03
    1.26877e+01     5.64239e-03
    1.27701e+01     5.54669e-03
    1.28531e+01     5.45261e-03
    1.29366e+01     5.36011e-03
    1.30206e+01     5.26912e-03
    1.31052e+01     5.17970e-03
    1.31903e+01     5.09176e-03
    1.32760e+01     5.00532e-03
    1.33622e+01     4.92031e-03
    1.34490e+01     4.83675e-03
    1.35364e+01     4.75460e-03
    1.36243e+01     4.67383e-03
    1.37128e+01     4.59445e-03
    1.38019e+01     4.51640e-03
    1.38915e+01     4.43964e-03
    1.39818e+01     4.36421e-03
    1.40726e+01     4.29004e-03
    1.41640e+01     4.21714e-03
    1.42560e+01     4.14544e-03
    1.43486e+01     4.07498e-03
    1.44418e+01     4.00571e-03
    1.45356e+01     3.93760e-03
    1.46300e+01     3.87063e-03
    1.47251e+01     3.80481e-03
    1.48207e+01     3.74008e-03
    1.49170e+01     3.67645e-03
    1.50139e+01     3.61388e-03
    1.51114e+01     3.55236e-03
    1.52095e+01     3.49185e-03
    1.53083e+01     3.43237e-03
    1.54078e+01     3.37390e-03
    1.55079e+01     3.31638e-03
    1.56086e+01     3.25983e-03
    1.57100e+01     3.20424e-03
    1.58120e+01     3.14956e-03
    1.59147e+01     3.09581e-03
    1.60181e+01     3.04297e-03
    1.61221e+01     2.99101e-03
    1.62269e+01     2.93996e-03
    1.63323e+01     2.88975e-03
    1.64384e+01     2.84039e-03
    1.65451e+01     2.79187e-03
    1.66526e+01     2.74417e-03
    1.67608e+01     2.69728e-03
    1.68696e+01     2.65119e-03
    1.69792e+01     2.60589e-03
    1.70895e+01     2.56134e-03
    1.72005e+01     2.51756e-03
    1.73122e+01     2.47453e-03
    1.74247e+01     2.43224e-03
    1.75379e+01     2.39066e-03
    1.76518e+01     2.34979e-03
    1.77665e+01     2.30961e-03
    1.78819e+01     2.27011e-03
    1.79980e+01     2.23129e-03
    1.81149e+01     2.19313e-03
    1.82326e+01     2.15561e-03
    1.83510e+01     2.11874e-03
    1.84702e+01     2.08248e-03
    1.85902e+01     2.04684e-03
    1.87109e+01     2.01180e-03
    1.88325e+01     1.97735e-03
    1.89548e+01     1.94349e-03
    1.90779e+01     1.91019e-03
    1.92019e+01     1.87746e-03
    1.93266e+01     1.84527e-03
    1.94521e+01     1.81362e-03
    1.95785e+01     1.78251e-03
    1.97056e+01     1.75193e-03
    1.98336e+01     1.72186e-03
    1.99625e+01     1.69230e-03
    2.00921e+01     1.66325e-03
    2.02226e+01     1.63468e-03
    2.03540e+01     1.60661e-03
    2.04862e+01     1.57901e-03
    2.06193e+01     1.55187e-03
    2.07532e+01     1.52521e-03
    2.08880e+01     1.49900e-03
    2.10237e+01     1.47324e-03
    2.11603e+01     1.44792e-03
    2.12977e+01     1.42303e-03
    2.14360e+01     1.39857e-03
    2.15753e+01     1.37453e-03
    2.17154e+01     1.35089e-03
    2.18565e+01     1.32768e-03
    2.19985e+01     1.30485e-03
    2.21413e+01     1.28241e-03
    2.22852e+01     1.26036e-03
    2.24299e+01     1.23869e-03
    2.25756e+01     1.21738e-03
    2.27223e+01     1.19644e-03
    2.28698e+01     1.17585e-03
    2.30184e+01     1.15563e-03
    2.31679e+01     1.13573e-03
    2.33184e+01     1.11619e-03
    2.34699e+01     1.09697e-03
    2.36223e+01     1.07808e-03
    2.37758e+01     1.05952e-03
    2.39302e+01     1.04125e-03
    2.40856e+01     1.02330e-03
    2.42421e+01     1.00566e-03
    2.43996e+01     9.88322e-04
    2.45580e+01     9.71268e-04
    2.47176e+01     9.54505e-04
    2.48781e+01     9.38031e-04
    2.50397e+01     9.21840e-04
    2.52024e+01     9.05917e-04
    2.53661e+01     8.90282e-04
    2.55308e+01     8.74897e-04
    2.56967e+01     8.59790e-04
    2.58636e+01     8.44930e-04
    2.60316e+01     8.30330e-04
    2.62007e+01     8.15988e-04
    2.63709e+01     8.01891e-04
    2.65421e+01     7.88024e-04
    2.67146e+01     7.74415e-04
    2.68881e+01     7.61032e-04
    2.70627e+01     7.47876e-04
    2.72385e+01     7.34950e-04
    2.74154e+01     7.22237e-04
    2.75935e+01     7.09760e-04
    2.77728e+01     6.97485e-04
    2.79532e+01     6.85431e-04
    2.81347e+01     6.73573e-04
    2.83175e+01     6.61927e-04
    2.85014e+01     6.50486e-04
    2.86866e+01     6.39232e-04
    2.88729e+01     6.28170e-04
    2.90604e+01     6.17301e-04
    2.92492e+01     6.06625e-04
    2.94392e+01     5.96120e-04
    2.96304e+01     5.85803e-04
    2.98229e+01     5.75657e-04
    3.00166e+01     5.65677e-04
    3.02116e+01     5.55874e-04
    3.04078e+01     5.46235e-04
    3.06053e+01     5.36761e-04
    3.08041e+01     5.27451e-04
    3.10042e+01     5.18304e-04
    3.12056e+01     5.09308e-04
    3.14083e+01     5.00464e-04
    3.16123e+01     4.91778e-04
    3.18176e+01     4.83242e-04
    3.20243e+01     4.74854e-04
    3.22323e+01     4.66604e-04
    3.24417e+01     4.58501e-04
    3.26524e+01     4.50533e-04
    3.28645e+01     4.42711e-04
    3.30780e+01     4.35021e-04
    3.32929e+01     4.27464e-04
    3.35091e+01     4.20037e-04
    3.37268e+01     4.12740e-04
    3.39458e+01     4.05568e-04
    3.41663e+01     3.98521e-04
    3.43883e+01     3.91597e-04
    3.46116e+01     3.84791e-04
    3.48365e+01     3.78105e-04
    3.50627e+01     3.71533e-04
    3.52905e+01     3.65076e-04
    3.55197e+01     3.58730e-04
    3.57505e+01     3.52493e-04
    3.59827e+01     3.46365e-04
    3.62164e+01     3.40341e-04
    3.64516e+01     3.34421e-04
    3.66884e+01     3.28602e-04
    3.69267e+01     3.22884e-04
    3.71666e+01     3.17263e-04
    3.74080e+01     3.11738e-04
    3.76510e+01     3.06308e-04
    3.78956e+01     3.00971e-04
    3.81417e+01     2.95725e-04
    3.83895e+01     2.90569e-04
    3.86388e+01     2.85502e-04
    3.88898e+01     2.80522e-04
    3.91424e+01     2.75629e-04
    3.93967e+01     2.70819e-04
    3.96526e+01     2.66094e-04
    3.99101e+01     2.61450e-04
    4.01694e+01     2.56886e-04
    4.04303e+01     2.52401e-04
    4.06929e+01     2.47995e-04
    4.09572e+01     2.43665e-04
    4.12233e+01     2.39411e-04
    4.14910e+01     2.35231e-04
    4.17605e+01     2.31122e-04
    4.20318e+01     2.27087e-04
    4.23048e+01     2.23121e-04
    4.25796e+01     2.19224e-04
    4.28562e+01     2.15395e-04
    4.31346e+01     2.11633e-04
    4.34147e+01     2.07935e-04
    4.36968e+01     2.04303e-04
    4.39806e+01     2.00733e-04
    4.42663e+01     1.97226e-04
    4.45538e+01     1.93779e-04
    4.48432e+01     1.90392e-04
    4.51345e+01     1.87064e-04
    4.54277e+01     1.83793e-04
    4.57227e+01     1.80579e-04
    4.60197e+01     1.77419e-04
    4.63186e+01     1.74314e-04
    4.66195e+01     1.71263e-04
    4.69223e+01     1.68263e-04
    4.72271e+01     1.65315e-04
    4.75339e+01     1.62419e-04
    4.78426e+01     1.59571e-04
    4.81534e+01     1.56774e-04
    4.84662e+01     1.54025e-04
    4.87810e+01     1.51323e-04
    4.90979e+01     1.48668e-04
    4.94168e+01     1.46060e-04
    4.97378e+01     1.43496e-04
    5.00608e+01     1.40977e-04
    5.03860e+01     1.38503e-04
    5.07133e+01     1.36071e-04
    5.10427e+01     1.33683e-04
    5.13743e+01     1.31336e-04
    5.17080e+01     1.29030e-04
    5.20438e+01     1.26764e-04
    5.23819e+01     1.24538e-04
    5.27221e+01     1.22351e-04
    5.30646e+01     1.20203e-04
    5.34093e+01     1.18092e-04
    5.37562e+01     1.16019e-04
    5.41054e+01     1.13981e-04
    5.44568e+01     1.11980e-04
    5.48106e+01     1.10013e-04
    5.51666e+01     1.08081e-04
    5.55249e+01     1.06183e-04
    5.58856e+01     1.04318e-04
    5.62486e+01     1.02485e-04
    5.66140e+01     1.00684e-04
    5.69817e+01     9.89155e-05
    5.73518e+01     9.71769e-05
    5.77244e+01     9.54688e-05
    5.80993e+01     9.37904e-05
    5.84767e+01     9.21408e-05
    5.88565e+01     9.05198e-05
    5.92388e+01     8.89271e-05
    5.96236e+01     8.73622e-05
    6.00109e+01     8.58246e-05
    6.04007e+01     8.43138e-05
    6.07930e+01     8.28291e-05
    6.11879e+01     8.13703e-05
    6.15854e+01     7.99372e-05
    6.19854e+01     7.85286e-05
    6.23880e+01     7.71449e-05
    6.27933e+01     7.57854e-05
    6.32012e+01     7.44500e-05
    6.36117e+01     7.31374e-05
    6.40249e+01     7.18480e-05
    6.44408e+01     7.05813e-05
    6.48593e+01     6.93358e-05
    6.52806e+01     6.81128e-05
    6.57047e+01     6.69110e-05
    6.61315e+01     6.57301e-05
    6.65610e+01     6.45696e-05
    6.69934e+01     6.34295e-05
    6.74285e+01     6.23090e-05
    6.78665e+01     6.12075e-05
    6.83073e+01     6.01255e-05
    6.87510e+01     5.90623e-05
    6.91976e+01     5.80169e-05
    6.96471e+01     5.69900e-05
    7.00995e+01     5.59803e-05
    7.05548e+01     5.49879e-05
    7.10131e+01     5.40125e-05
    7.14744e+01     5.30533e-05
    7.19386e+01     5.21108e-05
    7.24059e+01     5.11839e-05
    7.28762e+01     5.02726e-05
    7.33496e+01     4.93769e-05
    7.38261e+01     4.84960e-05
    7.43056e+01     4.76304e-05
    7.47883e+01     4.67799e-05
    7.52740e+01     4.59437e-05
    7.57630e+01     4.51224e-05
    7.62551e+01     4.43151e-05
    7.67504e+01     4.35222e-05
    7.72490e+01     4.27432e-05
    7.77507e+01     4.19778e-05
    7.82558e+01     4.12266e-05
    7.87641e+01     4.04884e-05
    7.92757e+01     3.97637e-05
    7.97906e+01     3.90523e-05
    8.03089e+01     3.83538e-05
    8.08306e+01     3.76681e-05
    8.13556e+01     3.69953e-05
    8.18841e+01     3.63348e-05
    8.24160e+01     3.56864e-05
    8.29513e+01     3.50507e-05
    8.34901e+01     3.44266e-05
    8.40324e+01     3.38146e-05
    8.45783e+01     3.32140e-05
    8.51276e+01     3.26250e-05
    8.56806e+01     3.20476e-05
    8.62371e+01     3.14816e-05
    8.67973e+01     3.09262e-05
    8.73611e+01     3.03821e-05
    8.79285e+01     2.98484e-05
    8.84997e+01     2.93259e-05
    8.90745e+01     2.88132e-05
    8.96531e+01     2.83115e-05
    9.02355e+01     2.78195e-05
    9.08216e+01     2.73375e-05
    9.14115e+01     2.68655e-05
    9.20053e+01     2.64027e-05
    9.26029e+01     2.59489e-05
    9.32044e+01     2.55038e-05
    9.38099e+01     2.50673e-05
    9.44192e+01     2.46387e-05
    9.50325e+01     2.42178e-05
    9.56498e+01     2.38044e-05
    9.62711e+01     2.33980e-05
    9.68964e+01     2.29985e-05
    9.75258e+01     2.26056e-05
    9.81593e+01     2.22189e-05
    9.87969e+01     2.18381e-05
    9.94386e+01     2.14627e-05
    1.00085e+02     2.10933e-05
    1.00735e+02     2.07285e-05
    1.01389e+02     2.03687e-05
    1.02048e+02     2.00135e-05
    1.02710e+02     1.96624e-05
    1.03378e+02     1.93158e-05
    1.04049e+02     1.89727e-05
    1.04725e+02     1.86331e-05
    1.05405e+02     1.82972e-05
    1.06090e+02     1.79642e-05
    1.06779e+02     1.76343e-05
    1.07473e+02     1.73070e-05
    1.08171e+02     1.69819e-05
    1.08873e+02     1.66592e-05
    1.09580e+02     1.63387e-05
    1.10292e+02     1.60199e-05
    1.11009e+02     1.57030e-05
    1.11730e+02     1.53874e-05
