    1.05035e-05     4.57072e+00
    1.05717e-05     4.59924e+00
    1.06404e-05     4.62797e+00
    1.07095e-05     4.65685e+00
    1.07791e-05     4.68593e+00
    1.08491e-05     4.71517e+00
    1.09196e-05     4.74462e+00
    1.09905e-05     4.77422e+00
    1.10619e-05     4.80403e+00
    1.11337e-05     4.83399e+00
    1.12060e-05     4.86416e+00
    1.12788e-05     4.89453e+00
    1.13521e-05     4.92509e+00
    1.14258e-05     4.95582e+00
    1.15001e-05     4.98679e+00
    1.15748e-05     5.01792e+00
    1.16499e-05     5.04921e+00
    1.17256e-05     5.08074e+00
    1.18018e-05     5.11246e+00
    1.18784e-05     5.14435e+00
    1.19556e-05     5.17648e+00
    1.20332e-05     5.20877e+00
    1.21114e-05     5.24130e+00
    1.21901e-05     5.27403e+00
    1.22693e-05     5.30696e+00
    1.23490e-05     5.34008e+00
    1.24292e-05     5.37341e+00
    1.25099e-05     5.40694e+00
    1.25912e-05     5.44071e+00
    1.26730e-05     5.47467e+00
    1.27553e-05     5.50884e+00
    1.28381e-05     5.54320e+00
    1.29215e-05     5.57781e+00
    1.30054e-05     5.61261e+00
    1.30899e-05     5.64766e+00
    1.31749e-05     5.68290e+00
    1.32605e-05     5.71838e+00
    1.33467e-05     5.75410e+00
    1.34334e-05     5.79002e+00
    1.35206e-05     5.82614e+00
    1.36084e-05     5.86250e+00
    1.36968e-05     5.89910e+00
    1.37858e-05     5.93593e+00
    1.38753e-05     5.97297e+00
    1.39655e-05     6.01028e+00
    1.40562e-05     6.04779e+00
    1.41475e-05     6.08554e+00
    1.42394e-05     6.12353e+00
    1.43319e-05     6.16175e+00
    1.44250e-05     6.20022e+00
    1.45187e-05     6.23892e+00
    1.46130e-05     6.27786e+00
    1.47079e-05     6.31704e+00
    1.48034e-05     6.35646e+00
    1.48996e-05     6.39615e+00
    1.49964e-05     6.43609e+00
    1.50938e-05     6.47626e+00
    1.51918e-05     6.51667e+00
    1.52905e-05     6.55735e+00
    1.53898e-05     6.59828e+00
    1.54898e-05     6.63948e+00
    1.55904e-05     6.68091e+00
    1.56917e-05     6.72263e+00
    1.57936e-05     6.76458e+00
    1.58962e-05     6.80681e+00
    1.59994e-05     6.84928e+00
    1.61034e-05     6.89206e+00
    1.62080e-05     6.93508e+00
    1.63132e-05     6.97834e+00
    1.64192e-05     7.02192e+00
    1.65259e-05     7.06577e+00
    1.66332e-05     7.10985e+00
    1.67412e-05     7.15422e+00
    1.68500e-05     7.19890e+00
    1.69594e-05     7.24381e+00
    1.70696e-05     7.28905e+00
    1.71805e-05     7.33455e+00
    1.72921e-05     7.38034e+00
    1.74044e-05     7.42640e+00
    1.75174e-05     7.47273e+00
    1.76312e-05     7.51939e+00
    1.77458e-05     7.56635e+00
    1.78610e-05     7.61355e+00
    1.79770e-05     7.66107e+00
    1.80938e-05     7.70891e+00
    1.82113e-05     7.75701e+00
    1.83296e-05     7.80544e+00
    1.84487e-05     7.85417e+00
    1.85685e-05     7.90319e+00
    1.86891e-05     7.95251e+00
    1.88105e-05     8.00216e+00
    1.89327e-05     8.05211e+00
    1.90557e-05     8.10238e+00
    1.91795e-05     8.15297e+00
    1.93041e-05     8.20387e+00
    1.94294e-05     8.25504e+00
    1.95557e-05     8.30661e+00
    1.96827e-05     8.35845e+00
    1.98105e-05     8.41060e+00
    1.99392e-05     8.46311e+00
    2.00687e-05     8.51593e+00
    2.01991e-05     8.56910e+00
    2.03303e-05     8.62259e+00
    2.04623e-05     8.67639e+00
    2.05953e-05     8.73059e+00
    2.07290e-05     8.78505e+00
    2.08637e-05     8.83991e+00
    2.09992e-05     8.89508e+00
    2.11356e-05     8.95059e+00
    2.12729e-05     9.00646e+00
    2.14111e-05     9.06269e+00
    2.15501e-05     9.11921e+00
    2.16901e-05     9.17614e+00
    2.18310e-05     9.23342e+00
    2.19728e-05     9.29104e+00
    2.21155e-05     9.34902e+00
    2.22592e-05     9.40738e+00
    2.24038e-05     9.46611e+00
    2.25493e-05     9.52519e+00
    2.26958e-05     9.58464e+00
    2.28432e-05     9.64446e+00
    2.29916e-05     9.70467e+00
    2.31409e-05     9.76523e+00
    2.32912e-05     9.82618e+00
    2.34425e-05     9.88750e+00
    2.35948e-05     9.94923e+00
    2.37481e-05     1.00113e+01
    2.39023e-05     1.00738e+01
    2.40576e-05     1.01367e+01
    2.42138e-05     1.02000e+01
    2.43711e-05     1.02636e+01
    2.45294e-05     1.03277e+01
    2.46888e-05     1.03922e+01
    2.48491e-05     1.04571e+01
    2.50105e-05     1.05223e+01
    2.51730e-05     1.05880e+01
    2.53365e-05     1.06541e+01
    2.55011e-05     1.07206e+01
    2.56667e-05     1.07875e+01
    2.58334e-05     1.08549e+01
    2.60012e-05     1.09226e+01
    2.61701e-05     1.09908e+01
    2.63401e-05     1.10594e+01
    2.65112e-05     1.11285e+01
    2.66834e-05     1.11979e+01
    2.68567e-05     1.12678e+01
    2.70312e-05     1.13382e+01
    2.72068e-05     1.14090e+01
    2.73835e-05     1.14802e+01
    2.75614e-05     1.15518e+01
    2.77404e-05     1.16239e+01
    2.79206e-05     1.16965e+01
    2.81019e-05     1.17695e+01
    2.82845e-05     1.18429e+01
    2.84682e-05     1.19168e+01
    2.86531e-05     1.19912e+01
    2.88392e-05     1.20661e+01
    2.90266e-05     1.21414e+01
    2.92151e-05     1.22172e+01
    2.94049e-05     1.22934e+01
    2.95959e-05     1.23701e+01
    2.97881e-05     1.24473e+01
    2.99816e-05     1.25250e+01
    3.01764e-05     1.26032e+01
    3.03724e-05     1.26819e+01
    3.05697e-05     1.27610e+01
    3.07682e-05     1.28407e+01
    3.09681e-05     1.29208e+01
    3.11692e-05     1.30015e+01
    3.13717e-05     1.30826e+01
    3.15755e-05     1.31643e+01
    3.17806e-05     1.32465e+01
    3.19870e-05     1.33291e+01
    3.21948e-05     1.34124e+01
    3.24039e-05     1.34961e+01
    3.26144e-05     1.35803e+01
    3.28262e-05     1.36651e+01
    3.30395e-05     1.37504e+01
    3.32541e-05     1.38362e+01
    3.34701e-05     1.39226e+01
    3.36875e-05     1.40095e+01
    3.39063e-05     1.40969e+01
    3.41265e-05     1.41849e+01
    3.43482e-05     1.42735e+01
    3.45713e-05     1.43626e+01
    3.47959e-05     1.44522e+01
    3.50219e-05     1.45424e+01
    3.52494e-05     1.46332e+01
    3.54783e-05     1.47245e+01
    3.57088e-05     1.48164e+01
    3.59407e-05     1.49088e+01
    3.61742e-05     1.50019e+01
    3.64092e-05     1.50956e+01
    3.66457e-05     1.51898e+01
    3.68837e-05     1.52846e+01
    3.71233e-05     1.53800e+01
    3.73644e-05     1.54759e+01
    3.76071e-05     1.55725e+01
    3.78514e-05     1.56698e+01
    3.80973e-05     1.57676e+01
    3.83447e-05     1.58660e+01
    3.85938e-05     1.59650e+01
    3.88445e-05     1.60647e+01
    3.90968e-05     1.61650e+01
    3.93507e-05     1.62658e+01
    3.96064e-05     1.63674e+01
    3.98636e-05     1.64696e+01
    4.01226e-05     1.65724e+01
    4.03832e-05     1.66758e+01
    4.06455e-05     1.67799e+01
    4.09095e-05     1.68846e+01
    4.11752e-05     1.69900e+01
    4.14427e-05     1.70961e+01
    4.17119e-05     1.72028e+01
    4.19828e-05     1.73102e+01
    4.22555e-05     1.74182e+01
    4.25300e-05     1.75269e+01
    4.28062e-05     1.76363e+01
    4.30843e-05     1.77464e+01
    4.33642e-05     1.78572e+01
    4.36458e-05     1.79686e+01
    4.39293e-05     1.80808e+01
    4.42147e-05     1.81936e+01
    4.45019e-05     1.83072e+01
    4.47909e-05     1.84214e+01
    4.50819e-05     1.85364e+01
    4.53747e-05     1.86521e+01
    4.56694e-05     1.87685e+01
    4.59661e-05     1.88857e+01
    4.62647e-05     1.90036e+01
    4.65652e-05     1.91221e+01
    4.68677e-05     1.92415e+01
    4.71721e-05     1.93616e+01
    4.74785e-05     1.94824e+01
    4.77869e-05     1.96040e+01
    4.80973e-05     1.97264e+01
    4.84097e-05     1.98495e+01
    4.87242e-05     1.99734e+01
    4.90406e-05     2.00981e+01
    4.93592e-05     2.02235e+01
    4.96798e-05     2.03497e+01
    5.00025e-05     2.04767e+01
    5.03273e-05     2.06046e+01
    5.06542e-05     2.07331e+01
    5.09832e-05     2.08625e+01
    5.13144e-05     2.09927e+01
    5.16477e-05     2.11237e+01
    5.19832e-05     2.12556e+01
    5.23208e-05     2.13882e+01
    5.26607e-05     2.15217e+01
    5.30028e-05     2.16560e+01
    5.33470e-05     2.17912e+01
    5.36936e-05     2.19272e+01
    5.40423e-05     2.20640e+01
    5.43934e-05     2.22017e+01
    5.47467e-05     2.23402e+01
    5.51023e-05     2.24796e+01
    5.54602e-05     2.26200e+01
    5.58205e-05     2.27611e+01
    5.61830e-05     2.29032e+01
    5.65480e-05     2.30461e+01
    5.69153e-05     2.31900e+01
    5.72850e-05     2.33347e+01
    5.76571e-05     2.34803e+01
    5.80316e-05     2.36269e+01
    5.84085e-05     2.37743e+01
    5.87879e-05     2.39227e+01
    5.91698e-05     2.40721e+01
    5.95541e-05     2.42223e+01
    5.99410e-05     2.43735e+01
    6.03303e-05     2.45256e+01
    6.07222e-05     2.46787e+01
    6.11166e-05     2.48327e+01
    6.15136e-05     2.49877e+01
    6.19132e-05     2.51437e+01
    6.23153e-05     2.53006e+01
    6.27201e-05     2.54585e+01
    6.31275e-05     2.56174e+01
    6.35376e-05     2.57773e+01
    6.39503e-05     2.59381e+01
    6.43657e-05     2.61000e+01
    6.47838e-05     2.62629e+01
    6.52046e-05     2.64268e+01
    6.56281e-05     2.65917e+01
    6.60544e-05     2.67577e+01
    6.64835e-05     2.69247e+01
    6.69153e-05     2.70927e+01
    6.73499e-05     2.72618e+01
    6.77874e-05     2.74319e+01
    6.82277e-05     2.76030e+01
    6.86709e-05     2.77753e+01
    6.91170e-05     2.79486e+01
    6.95659e-05     2.81230e+01
    7.00178e-05     2.82985e+01
    7.04726e-05     2.84751e+01
    7.09304e-05     2.86528e+01
    7.13911e-05     2.88316e+01
    7.18548e-05     2.90115e+01
    7.23215e-05     2.91925e+01
    7.27913e-05     2.93747e+01
    7.32641e-05     2.95580e+01
    7.37400e-05     2.97424e+01
    7.42190e-05     2.99280e+01
    7.47011e-05     3.01148e+01
    7.51863e-05     3.03027e+01
    7.56747e-05     3.04918e+01
    7.61663e-05     3.06821e+01
    7.66610e-05     3.08735e+01
    7.71589e-05     3.10662e+01
    7.76601e-05     3.12600e+01
    7.81646e-05     3.14551e+01
    7.86723e-05     3.16514e+01
    7.91833e-05     3.18489e+01
    7.96977e-05     3.20476e+01
    8.02153e-05     3.22476e+01
    8.07364e-05     3.24488e+01
    8.12608e-05     3.26513e+01
    8.17886e-05     3.28550e+01
    8.23199e-05     3.30601e+01
    8.28546e-05     3.32664e+01
    8.33928e-05     3.34740e+01
    8.39345e-05     3.36829e+01
    8.44797e-05     3.38931e+01
    8.50284e-05     3.41046e+01
    8.55807e-05     3.43174e+01
    8.61366e-05     3.45315e+01
    8.66961e-05     3.47470e+01
    8.72593e-05     3.49639e+01
    8.78261e-05     3.51820e+01
    8.83966e-05     3.54017e+01
    8.89707e-05     3.56225e+01
    8.95487e-05     3.58449e+01
    9.01303e-05     3.60684e+01
    9.07158e-05     3.62935e+01
    9.13050e-05     3.65200e+01
    9.18981e-05     3.67479e+01
    9.24950e-05     3.69771e+01
    9.30958e-05     3.72078e+01
    9.37005e-05     3.74400e+01
    9.43092e-05     3.76736e+01
    9.49218e-05     3.79086e+01
    9.55383e-05     3.81451e+01
    9.61589e-05     3.83831e+01
    9.67835e-05     3.86225e+01
    9.74122e-05     3.88635e+01
    9.80449e-05     3.91060e+01
    9.86818e-05     3.93499e+01
    9.93228e-05     3.95954e+01
    9.99679e-05     3.98425e+01
    1.00617e-04     4.00909e+01
    1.01271e-04     4.03412e+01
    1.01929e-04     4.05930e+01
    1.02591e-04     4.08461e+01
    1.03257e-04     4.11008e+01
    1.03928e-04     4.13574e+01
    1.04603e-04     4.16153e+01
    1.05282e-04     4.18749e+01
    1.05966e-04     4.21361e+01
    1.06655e-04     4.23993e+01
    1.07347e-04     4.26635e+01
    1.08045e-04     4.29299e+01
    1.08746e-04     4.31975e+01
    1.09453e-04     4.34672e+01
    1.10164e-04     4.37384e+01
    1.10879e-04     4.40111e+01
    1.11599e-04     4.42856e+01
    1.12324e-04     4.45618e+01
    1.13054e-04     4.48400e+01
    1.13788e-04     4.51196e+01
    1.14527e-04     4.54010e+01
    1.15271e-04     4.56842e+01
    1.16020e-04     4.59693e+01
    1.16774e-04     4.62561e+01
    1.17532e-04     4.65445e+01
    1.18296e-04     4.68350e+01
    1.19064e-04     4.71269e+01
    1.19837e-04     4.74208e+01
    1.20616e-04     4.77167e+01
    1.21399e-04     4.80142e+01
    1.22188e-04     4.83138e+01
    1.22982e-04     4.86153e+01
    1.23780e-04     4.89181e+01
    1.24584e-04     4.92233e+01
    1.25394e-04     4.95305e+01
    1.26208e-04     4.98393e+01
    1.27028e-04     5.01502e+01
    1.27853e-04     5.04630e+01
    1.28684e-04     5.07779e+01
    1.29519e-04     5.10942e+01
    1.30361e-04     5.14132e+01
    1.31208e-04     5.17339e+01
    1.32060e-04     5.20564e+01
    1.32918e-04     5.23812e+01
    1.33781e-04     5.27077e+01
    1.34650e-04     5.30364e+01
    1.35525e-04     5.33674e+01
    1.36405e-04     5.37001e+01
    1.37291e-04     5.40350e+01
    1.38183e-04     5.43721e+01
    1.39080e-04     5.47110e+01
    1.39984e-04     5.50524e+01
    1.40893e-04     5.53956e+01
    1.41808e-04     5.57411e+01
    1.42729e-04     5.60886e+01
    1.43656e-04     5.64384e+01
    1.44589e-04     5.67903e+01
    1.45529e-04     5.71447e+01
    1.46474e-04     5.75010e+01
    1.47425e-04     5.78594e+01
    1.48383e-04     5.82204e+01
    1.49347e-04     5.85834e+01
    1.50317e-04     5.89487e+01
    1.51293e-04     5.93161e+01
    1.52276e-04     5.96860e+01
    1.53265e-04     6.00582e+01
    1.54261e-04     6.04327e+01
    1.55263e-04     6.08095e+01
    1.56271e-04     6.11885e+01
    1.57286e-04     6.15699e+01
    1.58308e-04     6.19539e+01
    1.59336e-04     6.23400e+01
    1.60371e-04     6.27286e+01
    1.61413e-04     6.31198e+01
    1.62461e-04     6.35131e+01
    1.63517e-04     6.39092e+01
    1.64579e-04     6.43076e+01
    1.65648e-04     6.47084e+01
    1.66724e-04     6.51118e+01
    1.67807e-04     6.55176e+01
    1.68897e-04     6.59261e+01
    1.69994e-04     6.63370e+01
    1.71098e-04     6.67504e+01
    1.72209e-04     6.71664e+01
    1.73328e-04     6.75851e+01
    1.74454e-04     6.80065e+01
    1.75587e-04     6.84302e+01
    1.76728e-04     6.88570e+01
    1.77875e-04     6.92858e+01
    1.79031e-04     6.97178e+01
    1.80194e-04     7.01523e+01
    1.81364e-04     7.05895e+01
    1.82542e-04     7.10293e+01
    1.83728e-04     7.14721e+01
    1.84921e-04     7.19174e+01
    1.86123e-04     7.23659e+01
    1.87332e-04     7.28169e+01
    1.88548e-04     7.32702e+01
    1.89773e-04     7.37269e+01
    1.91006e-04     7.41865e+01
    1.92246e-04     7.46484e+01
    1.93495e-04     7.51138e+01
    1.94752e-04     7.55818e+01
    1.96017e-04     7.60526e+01
    1.97290e-04     7.65265e+01
    1.98572e-04     7.70035e+01
    1.99862e-04     7.74832e+01
    2.01160e-04     7.79659e+01
    2.02467e-04     7.84517e+01
    2.03782e-04     7.89405e+01
    2.05105e-04     7.94318e+01
    2.06438e-04     7.99270e+01
    2.07779e-04     8.04249e+01
    2.09128e-04     8.09256e+01
    2.10487e-04     8.14298e+01
    2.11854e-04     8.19370e+01
    2.13230e-04     8.24473e+01
    2.14615e-04     8.29608e+01
    2.16009e-04     8.34774e+01
    2.17412e-04     8.39973e+01
    2.18824e-04     8.45203e+01
    2.20246e-04     8.50468e+01
    2.21676e-04     8.55762e+01
    2.23116e-04     8.61092e+01
    2.24565e-04     8.66453e+01
    2.26024e-04     8.71848e+01
    2.27492e-04     8.77276e+01
    2.28970e-04     8.82739e+01
    2.30457e-04     8.88234e+01
    2.31954e-04     8.93764e+01
    2.33461e-04     8.99330e+01
    2.34977e-04     9.04926e+01
    2.36504e-04     9.10562e+01
    2.38040e-04     9.16229e+01
    2.39586e-04     9.21931e+01
    2.41142e-04     9.27670e+01
    2.42709e-04     9.33446e+01
    2.44285e-04     9.39254e+01
    2.45872e-04     9.45098e+01
    2.47469e-04     9.50980e+01
    2.49076e-04     9.56898e+01
    2.50694e-04     9.62852e+01
    2.52323e-04     9.68847e+01
    2.53962e-04     9.74875e+01
    2.55611e-04     9.80938e+01
    2.57272e-04     9.87044e+01
    2.58943e-04     9.93185e+01
    2.60625e-04     9.99365e+01
    2.62318e-04     1.00558e+02
    2.64022e-04     1.01184e+02
    2.65737e-04     1.01813e+02
    2.67463e-04     1.02447e+02
    2.69200e-04     1.03084e+02
    2.70949e-04     1.03725e+02
    2.72709e-04     1.04370e+02
    2.74480e-04     1.05019e+02
    2.76263e-04     1.05673e+02
    2.78057e-04     1.06330e+02
    2.79863e-04     1.06991e+02
    2.81681e-04     1.07656e+02
    2.83511e-04     1.08326e+02
    2.85353e-04     1.09000e+02
    2.87206e-04     1.09677e+02
    2.89072e-04     1.10359e+02
    2.90949e-04     1.11045e+02
    2.92839e-04     1.11736e+02
    2.94741e-04     1.12430e+02
    2.96656e-04     1.13129e+02
    2.98583e-04     1.13833e+02
    3.00522e-04     1.14540e+02
    3.02474e-04     1.15252e+02
    3.04439e-04     1.15968e+02
    3.06417e-04     1.16689e+02
    3.08407e-04     1.17414e+02
    3.10410e-04     1.18143e+02
    3.12426e-04     1.18877e+02
    3.14456e-04     1.19616e+02
    3.16498e-04     1.20359e+02
    3.18554e-04     1.21107e+02
    3.20623e-04     1.21859e+02
    3.22706e-04     1.22616e+02
    3.24802e-04     1.23378e+02
    3.26912e-04     1.24144e+02
    3.29035e-04     1.24915e+02
    3.31173e-04     1.25691e+02
    3.33324e-04     1.26472e+02
    3.35489e-04     1.27257e+02
    3.37668e-04     1.28047e+02
    3.39861e-04     1.28842e+02
    3.42069e-04     1.29642e+02
    3.44291e-04     1.30447e+02
    3.46527e-04     1.31256e+02
    3.48778e-04     1.32071e+02
    3.51044e-04     1.32891e+02
    3.53324e-04     1.33716e+02
    3.55619e-04     1.34545e+02
    3.57929e-04     1.35380e+02
    3.60254e-04     1.36220e+02
    3.62594e-04     1.37066e+02
    3.64949e-04     1.37916e+02
    3.67320e-04     1.38771e+02
    3.69706e-04     1.39632e+02
    3.72107e-04     1.40498e+02
    3.74524e-04     1.41369e+02
    3.76957e-04     1.42246e+02
    3.79405e-04     1.43128e+02
    3.81870e-04     1.44015e+02
    3.84350e-04     1.44908e+02
    3.86847e-04     1.45806e+02
    3.89360e-04     1.46710e+02
    3.91889e-04     1.47619e+02
    3.94434e-04     1.48534e+02
    3.96996e-04     1.49454e+02
    3.99575e-04     1.50380e+02
    4.02171e-04     1.51312e+02
    4.04783e-04     1.52250e+02
    4.07412e-04     1.53193e+02
    4.10059e-04     1.54142e+02
    4.12722e-04     1.55096e+02
    4.15403e-04     1.56057e+02
    4.18101e-04     1.57023e+02
    4.20817e-04     1.57996e+02
    4.23550e-04     1.58974e+02
    4.26302e-04     1.59958e+02
    4.29071e-04     1.60949e+02
    4.31858e-04     1.61945e+02
    4.34663e-04     1.62947e+02
    4.37486e-04     1.63955e+02
    4.40328e-04     1.64970e+02
    4.43188e-04     1.65991e+02
    4.46067e-04     1.67018e+02
    4.48964e-04     1.68051e+02
    4.51881e-04     1.69090e+02
    4.54816e-04     1.70136e+02
    4.57770e-04     1.71188e+02
    4.60744e-04     1.72247e+02
    4.63736e-04     1.73312e+02
    4.66749e-04     1.74383e+02
    4.69780e-04     1.75461e+02
    4.72832e-04     1.76545e+02
    4.75903e-04     1.77636e+02
    4.78994e-04     1.78734e+02
    4.82106e-04     1.79838e+02
    4.85237e-04     1.80949e+02
    4.88389e-04     1.82066e+02
    4.91562e-04     1.83191e+02
    4.94754e-04     1.84322e+02
    4.97968e-04     1.85460e+02
    5.01203e-04     1.86605e+02
    5.04458e-04     1.87756e+02
    5.07735e-04     1.88915e+02
    5.11033e-04     1.90080e+02
    5.14353e-04     1.91253e+02
    5.17694e-04     1.92433e+02
    5.21056e-04     1.93620e+02
    5.24441e-04     1.94814e+02
    5.27847e-04     1.96015e+02
    5.31276e-04     1.97224e+02
    5.34727e-04     1.98440e+02
    5.38200e-04     1.99662e+02
    5.41696e-04     2.00893e+02
    5.45215e-04     2.02131e+02
    5.48756e-04     2.03376e+02
    5.52321e-04     2.04629e+02
    5.55908e-04     2.05889e+02
    5.59519e-04     2.07157e+02
    5.63154e-04     2.08433e+02
    5.66812e-04     2.09716e+02
    5.70493e-04     2.11007e+02
    5.74199e-04     2.12306e+02
    5.77929e-04     2.13612e+02
    5.81683e-04     2.14927e+02
    5.85461e-04     2.16249e+02
    5.89264e-04     2.17579e+02
    5.93092e-04     2.18918e+02
    5.96944e-04     2.20264e+02
    6.00822e-04     2.21618e+02
    6.04724e-04     2.22980e+02
    6.08652e-04     2.24350e+02
    6.12606e-04     2.25729e+02
    6.16585e-04     2.27115e+02
    6.20590e-04     2.28511e+02
    6.24621e-04     2.29913e+02
    6.28678e-04     2.31325e+02
    6.32762e-04     2.32745e+02
    6.36872e-04     2.34174e+02
    6.41009e-04     2.35611e+02
    6.45173e-04     2.37057e+02
    6.49363e-04     2.38510e+02
    6.53581e-04     2.39973e+02
    6.57827e-04     2.41445e+02
    6.62100e-04     2.42925e+02
    6.66400e-04     2.44414e+02
    6.70729e-04     2.45912e+02
    6.75086e-04     2.47419e+02
    6.79471e-04     2.48934e+02
    6.83884e-04     2.50458e+02
    6.88327e-04     2.51993e+02
    6.92798e-04     2.53535e+02
    6.97298e-04     2.55087e+02
    7.01827e-04     2.56648e+02
    7.06386e-04     2.58218e+02
    7.10974e-04     2.59798e+02
    7.15592e-04     2.61386e+02
    7.20241e-04     2.62985e+02
    7.24919e-04     2.64592e+02
    7.29628e-04     2.66209e+02
    7.34367e-04     2.67835e+02
    7.39137e-04     2.69471e+02
    7.43938e-04     2.71117e+02
    7.48770e-04     2.72772e+02
    7.53634e-04     2.74437e+02
    7.58529e-04     2.76111e+02
    7.63456e-04     2.77795e+02
    7.68416e-04     2.79490e+02
    7.73407e-04     2.81194e+02
    7.78431e-04     2.82908e+02
    7.83487e-04     2.84632e+02
    7.88576e-04     2.86366e+02
    7.93698e-04     2.88110e+02
    7.98854e-04     2.89864e+02
    8.04043e-04     2.91629e+02
    8.09265e-04     2.93404e+02
    8.14522e-04     2.95190e+02
    8.19813e-04     2.96986e+02
    8.25138e-04     2.98792e+02
    8.30498e-04     3.00609e+02
    8.35892e-04     3.02435e+02
    8.41322e-04     3.04274e+02
    8.46787e-04     3.06123e+02
    8.52287e-04     3.07982e+02
    8.57823e-04     3.09852e+02
    8.63395e-04     3.11733e+02
    8.69003e-04     3.13625e+02
    8.74648e-04     3.15528e+02
    8.80329e-04     3.17441e+02
    8.86048e-04     3.19367e+02
    8.91803e-04     3.21302e+02
    8.97596e-04     3.23249e+02
    9.03426e-04     3.25207e+02
    9.09294e-04     3.27176e+02
    9.15201e-04     3.29156e+02
    9.21145e-04     3.31148e+02
    9.27129e-04     3.33151e+02
    9.33151e-04     3.35166e+02
    9.39212e-04     3.37192e+02
    9.45313e-04     3.39230e+02
    9.51453e-04     3.41279e+02
    9.57633e-04     3.43340e+02
    9.63854e-04     3.45413e+02
    9.70115e-04     3.47498e+02
    9.76416e-04     3.49594e+02
    9.82758e-04     3.51702e+02
    9.89142e-04     3.53823e+02
    9.95567e-04     3.55955e+02
    1.00203e-03     3.58098e+02
    1.00854e-03     3.60255e+02
    1.01509e-03     3.62424e+02
    1.02169e-03     3.64607e+02
    1.02832e-03     3.66799e+02
    1.03500e-03     3.69004e+02
    1.04173e-03     3.71225e+02
    1.04849e-03     3.73454e+02
    1.05530e-03     3.75697e+02
    1.06216e-03     3.77955e+02
    1.06906e-03     3.80224e+02
    1.07600e-03     3.82504e+02
    1.08299e-03     3.84798e+02
    1.09003e-03     3.87107e+02
    1.09711e-03     3.89427e+02
    1.10423e-03     3.91757e+02
    1.11140e-03     3.94102e+02
    1.11862e-03     3.96461e+02
    1.12589e-03     3.98835e+02
    1.13320e-03     4.01218e+02
    1.14056e-03     4.03616e+02
    1.14797e-03     4.06029e+02
    1.15543e-03     4.08454e+02
    1.16293e-03     4.10890e+02
    1.17049e-03     4.13344e+02
    1.17809e-03     4.15809e+02
    1.18574e-03     4.18287e+02
    1.19345e-03     4.20783e+02
    1.20120e-03     4.23288e+02
    1.20900e-03     4.25807e+02
    1.21685e-03     4.28340e+02
    1.22476e-03     4.30890e+02
    1.23271e-03     4.33450e+02
    1.24072e-03     4.36027e+02
    1.24878e-03     4.38617e+02
    1.25689e-03     4.41221e+02
    1.26505e-03     4.43838e+02
    1.27327e-03     4.46470e+02
    1.28154e-03     4.49118e+02
    1.28987e-03     4.51781e+02
    1.29825e-03     4.54456e+02
    1.30668e-03     4.57146e+02
    1.31517e-03     4.59850e+02
    1.32371e-03     4.62569e+02
    1.33231e-03     4.65303e+02
    1.34096e-03     4.68050e+02
    1.34967e-03     4.70813e+02
    1.35844e-03     4.73591e+02
    1.36726e-03     4.76383e+02
    1.37614e-03     4.79190e+02
    1.38508e-03     4.82013e+02
    1.39408e-03     4.84851e+02
    1.40313e-03     4.87702e+02
    1.41225e-03     4.90572e+02
    1.42142e-03     4.93453e+02
    1.43065e-03     4.96350e+02
    1.43995e-03     4.99266e+02
    1.44930e-03     5.02193e+02
    1.45871e-03     5.05135e+02
    1.46819e-03     5.08096e+02
    1.47773e-03     5.11072e+02
    1.48732e-03     5.14060e+02
    1.49699e-03     5.17069e+02
    1.50671e-03     5.20089e+02
    1.51650e-03     5.23128e+02
    1.52635e-03     5.26180e+02
    1.53626e-03     5.29249e+02
    1.54624e-03     5.32333e+02
    1.55628e-03     5.35433e+02
    1.56639e-03     5.38550e+02
    1.57657e-03     5.41685e+02
    1.58681e-03     5.44834e+02
    1.59711e-03     5.47996e+02
    1.60749e-03     5.51180e+02
    1.61793e-03     5.54378e+02
    1.62844e-03     5.57592e+02
    1.63902e-03     5.60824e+02
    1.64966e-03     5.64069e+02
    1.66038e-03     5.67333e+02
    1.67116e-03     5.70613e+02
    1.68202e-03     5.73911e+02
    1.69295e-03     5.77226e+02
    1.70394e-03     5.80554e+02
    1.71501e-03     5.83901e+02
    1.72615e-03     5.87265e+02
    1.73736e-03     5.90645e+02
    1.74865e-03     5.94043e+02
    1.76001e-03     5.97458e+02
    1.77144e-03     6.00889e+02
    1.78294e-03     6.04335e+02
    1.79453e-03     6.07803e+02
    1.80618e-03     6.11283e+02
    1.81791e-03     6.14781e+02
    1.82972e-03     6.18298e+02
    1.84161e-03     6.21833e+02
    1.85357e-03     6.25383e+02
    1.86561e-03     6.28950e+02
    1.87773e-03     6.32536e+02
    1.88992e-03     6.36137e+02
    1.90220e-03     6.39758e+02
    1.91456e-03     6.43397e+02
    1.92699e-03     6.47050e+02
    1.93951e-03     6.50723e+02
    1.95211e-03     6.54414e+02
    1.96479e-03     6.58122e+02
    1.97755e-03     6.61846e+02
    1.99040e-03     6.65591e+02
    2.00332e-03     6.69348e+02
    2.01634e-03     6.73129e+02
    2.02943e-03     6.76923e+02
    2.04262e-03     6.80741e+02
    2.05588e-03     6.84570e+02
    2.06924e-03     6.88423e+02
    2.08268e-03     6.92291e+02
    2.09621e-03     6.96177e+02
    2.10982e-03     7.00079e+02
    2.12353e-03     7.04003e+02
    2.13732e-03     7.07941e+02
    2.15120e-03     7.11898e+02
    2.16518e-03     7.15878e+02
    2.17924e-03     7.19870e+02
    2.19340e-03     7.23883e+02
    2.20764e-03     7.27913e+02
    2.22198e-03     7.31961e+02
    2.23642e-03     7.36030e+02
    2.25094e-03     7.40113e+02
    2.26557e-03     7.44218e+02
    2.28028e-03     7.48339e+02
    2.29509e-03     7.52478e+02
    2.31000e-03     7.56637e+02
    2.32501e-03     7.60815e+02
    2.34011e-03     7.65009e+02
    2.35531e-03     7.69223e+02
    2.37061e-03     7.73456e+02
    2.38601e-03     7.77707e+02
    2.40150e-03     7.81973e+02
    2.41710e-03     7.86260e+02
    2.43280e-03     7.90566e+02
    2.44861e-03     7.94892e+02
    2.46451e-03     7.99234e+02
    2.48052e-03     8.03595e+02
    2.49663e-03     8.07975e+02
    2.51285e-03     8.12374e+02
    2.52917e-03     8.16791e+02
    2.54560e-03     8.21227e+02
    2.56213e-03     8.25680e+02
    2.57878e-03     8.30155e+02
    2.59553e-03     8.34646e+02
    2.61239e-03     8.39155e+02
    2.62936e-03     8.43684e+02
    2.64643e-03     8.48229e+02
    2.66362e-03     8.52795e+02
    2.68093e-03     8.57380e+02
    2.69834e-03     8.61981e+02
    2.71587e-03     8.66603e+02
    2.73351e-03     8.71243e+02
    2.75126e-03     8.75898e+02
    2.76914e-03     8.80577e+02
    2.78712e-03     8.85268e+02
    2.80523e-03     8.89984e+02
    2.82345e-03     8.94715e+02
    2.84179e-03     8.99464e+02
    2.86025e-03     9.04234e+02
    2.87883e-03     9.09019e+02
    2.89752e-03     9.13822e+02
    2.91635e-03     9.18648e+02
    2.93529e-03     9.23487e+02
    2.95436e-03     9.28348e+02
    2.97355e-03     9.33227e+02
    2.99286e-03     9.38122e+02
    3.01230e-03     9.43035e+02
    3.03187e-03     9.47969e+02
    3.05156e-03     9.52920e+02
    3.07138e-03     9.57888e+02
    3.09133e-03     9.62875e+02
    3.11141e-03     9.67879e+02
    3.13162e-03     9.72902e+02
    3.15196e-03     9.77943e+02
    3.17244e-03     9.83003e+02
    3.19304e-03     9.88078e+02
    3.21379e-03     9.93174e+02
    3.23466e-03     9.98286e+02
    3.25567e-03     1.00341e+03
    3.27682e-03     1.00856e+03
    3.29810e-03     1.01373e+03
    3.31953e-03     1.01891e+03
    3.34109e-03     1.02411e+03
    3.36279e-03     1.02933e+03
    3.38463e-03     1.03456e+03
    3.40662e-03     1.03982e+03
    3.42875e-03     1.04509e+03
    3.45102e-03     1.05037e+03
    3.47344e-03     1.05568e+03
    3.49600e-03     1.06100e+03
    3.51871e-03     1.06633e+03
    3.54156e-03     1.07169e+03
    3.56457e-03     1.07706e+03
    3.58772e-03     1.08245e+03
    3.61102e-03     1.08785e+03
    3.63448e-03     1.09328e+03
    3.65809e-03     1.09872e+03
    3.68185e-03     1.10417e+03
    3.70576e-03     1.10964e+03
    3.72984e-03     1.11513e+03
    3.75406e-03     1.12064e+03
    3.77845e-03     1.12616e+03
    3.80299e-03     1.13169e+03
    3.82769e-03     1.13725e+03
    3.85256e-03     1.14282e+03
    3.87758e-03     1.14840e+03
    3.90277e-03     1.15400e+03
    3.92812e-03     1.15961e+03
    3.95363e-03     1.16524e+03
    3.97931e-03     1.17089e+03
    4.00516e-03     1.17655e+03
    4.03118e-03     1.18223e+03
    4.05736e-03     1.18792e+03
    4.08372e-03     1.19362e+03
    4.11024e-03     1.19934e+03
    4.13694e-03     1.20507e+03
    4.16381e-03     1.21082e+03
    4.19086e-03     1.21659e+03
    4.21808e-03     1.22236e+03
    4.24548e-03     1.22815e+03
    4.27306e-03     1.23396e+03
    4.30081e-03     1.23977e+03
    4.32875e-03     1.24561e+03
    4.35687e-03     1.25146e+03
    4.38517e-03     1.25731e+03
    4.41365e-03     1.26318e+03
    4.44232e-03     1.26907e+03
    4.47118e-03     1.27497e+03
    4.50022e-03     1.28088e+03
    4.52945e-03     1.28680e+03
    4.55887e-03     1.29274e+03
    4.58848e-03     1.29869e+03
    4.61829e-03     1.30465e+03
    4.64829e-03     1.31062e+03
    4.67848e-03     1.31660e+03
    4.70887e-03     1.32260e+03
    4.73946e-03     1.32860e+03
    4.77024e-03     1.33462e+03
    4.80123e-03     1.34065e+03
    4.83241e-03     1.34668e+03
    4.86380e-03     1.35273e+03
    4.89539e-03     1.35879e+03
    4.92719e-03     1.36485e+03
    4.95920e-03     1.37093e+03
    4.99141e-03     1.37702e+03
    5.02383e-03     1.38311e+03
    5.05646e-03     1.38922e+03
    5.08931e-03     1.39534e+03
    5.12237e-03     1.40146e+03
    5.15564e-03     1.40759e+03
    5.18913e-03     1.41374e+03
    5.22283e-03     1.41988e+03
    5.25676e-03     1.42604e+03
    5.29091e-03     1.43221e+03
    5.32527e-03     1.43838e+03
    5.35986e-03     1.44457e+03
    5.39468e-03     1.45075e+03
    5.42972e-03     1.45695e+03
    5.46499e-03     1.46316e+03
    5.50049e-03     1.46937e+03
    5.53622e-03     1.47559e+03
    5.57218e-03     1.48181e+03
    5.60837e-03     1.48804e+03
    5.64480e-03     1.49427e+03
    5.68147e-03     1.50051e+03
    5.71837e-03     1.50675e+03
    5.75551e-03     1.51300e+03
    5.79290e-03     1.51925e+03
    5.83053e-03     1.52550e+03
    5.86840e-03     1.53176e+03
    5.90652e-03     1.53801e+03
    5.94489e-03     1.54427e+03
    5.98350e-03     1.55053e+03
    6.02237e-03     1.55680e+03
    6.06149e-03     1.56306e+03
    6.10086e-03     1.56932e+03
    6.14049e-03     1.57559e+03
    6.18037e-03     1.58185e+03
    6.22052e-03     1.58812e+03
    6.26092e-03     1.59438e+03
    6.30159e-03     1.60064e+03
    6.34252e-03     1.60691e+03
    6.38372e-03     1.61317e+03
    6.42519e-03     1.61943e+03
    6.46692e-03     1.62568e+03
    6.50893e-03     1.63194e+03
    6.55121e-03     1.63820e+03
    6.59376e-03     1.64445e+03
    6.63659e-03     1.65070e+03
    6.67970e-03     1.65695e+03
    6.72309e-03     1.66319e+03
    6.76676e-03     1.66942e+03
    6.81071e-03     1.67566e+03
    6.85495e-03     1.68188e+03
    6.89948e-03     1.68811e+03
    6.94429e-03     1.69432e+03
    6.98940e-03     1.70053e+03
    7.03480e-03     1.70673e+03
    7.08050e-03     1.71292e+03
    7.12649e-03     1.71911e+03
    7.17278e-03     1.72528e+03
    7.21937e-03     1.73145e+03
    7.26626e-03     1.73760e+03
    7.31346e-03     1.74375e+03
    7.36097e-03     1.74989e+03
    7.40878e-03     1.75601e+03
    7.45690e-03     1.76212e+03
    7.50534e-03     1.76823e+03
    7.55409e-03     1.77431e+03
    7.60316e-03     1.78039e+03
    7.65255e-03     1.78645e+03
    7.70225e-03     1.79250e+03
    7.75228e-03     1.79853e+03
    7.80264e-03     1.80456e+03
    7.85332e-03     1.81057e+03
    7.90433e-03     1.81656e+03
    7.95568e-03     1.82254e+03
    8.00735e-03     1.82849e+03
    8.05937e-03     1.83444e+03
    8.11172e-03     1.84037e+03
    8.16441e-03     1.84628e+03
    8.21744e-03     1.85217e+03
    8.27081e-03     1.85804e+03
    8.32454e-03     1.86390e+03
    8.37861e-03     1.86973e+03
    8.43303e-03     1.87555e+03
    8.48781e-03     1.88134e+03
    8.54294e-03     1.88711e+03
    8.59844e-03     1.89286e+03
    8.65429e-03     1.89859e+03
    8.71050e-03     1.90429e+03
    8.76708e-03     1.90997e+03
    8.82403e-03     1.91563e+03
    8.88134e-03     1.92126e+03
    8.93903e-03     1.92686e+03
    8.99710e-03     1.93244e+03
    9.05554e-03     1.93799e+03
    9.11436e-03     1.94351e+03
    9.17356e-03     1.94901e+03
    9.23315e-03     1.95447e+03
    9.29312e-03     1.95991e+03
    9.35349e-03     1.96532e+03
    9.41424e-03     1.97069e+03
    9.47539e-03     1.97603e+03
    9.53694e-03     1.98134e+03
    9.59889e-03     1.98662e+03
    9.66124e-03     1.99186e+03
    9.72400e-03     1.99708e+03
    9.78716e-03     2.00225e+03
    9.85073e-03     2.00739e+03
    9.91472e-03     2.01249e+03
    9.97912e-03     2.01756e+03
    1.00439e-02     2.02259e+03
    1.01092e-02     2.02759e+03
    1.01748e-02     2.03253e+03
    1.02409e-02     2.03745e+03
    1.03075e-02     2.04233e+03
    1.03744e-02     2.04715e+03
    1.04418e-02     2.05194e+03
    1.05096e-02     2.05669e+03
    1.05779e-02     2.06140e+03
    1.06466e-02     2.06606e+03
    1.07158e-02     2.07069e+03
    1.07854e-02     2.07526e+03
    1.08554e-02     2.07977e+03
    1.09259e-02     2.08425e+03
    1.09969e-02     2.08869e+03
    1.10683e-02     2.09307e+03
    1.11402e-02     2.09740e+03
    1.12126e-02     2.10170e+03
    1.12854e-02     2.10593e+03
    1.13587e-02     2.11011e+03
    1.14325e-02     2.11424e+03
    1.15068e-02     2.11833e+03
    1.15815e-02     2.12235e+03
    1.16567e-02     2.12632e+03
    1.17324e-02     2.13023e+03
    1.18087e-02     2.13411e+03
    1.18854e-02     2.13791e+03
    1.19626e-02     2.14166e+03
    1.20403e-02     2.14534e+03
    1.21185e-02     2.14897e+03
    1.21972e-02     2.15254e+03
    1.22764e-02     2.15604e+03
    1.23562e-02     2.15950e+03
    1.24364e-02     2.16288e+03
    1.25172e-02     2.16620e+03
    1.25985e-02     2.16946e+03
    1.26803e-02     2.17264e+03
    1.27627e-02     2.17578e+03
    1.28456e-02     2.17883e+03
    1.29290e-02     2.18182e+03
    1.30130e-02     2.18475e+03
    1.30976e-02     2.18762e+03
    1.31826e-02     2.19039e+03
    1.32683e-02     2.19312e+03
    1.33544e-02     2.19575e+03
    1.34412e-02     2.19833e+03
    1.35285e-02     2.20083e+03
    1.36164e-02     2.20326e+03
    1.37048e-02     2.20560e+03
    1.37938e-02     2.20787e+03
    1.38834e-02     2.21007e+03
    1.39736e-02     2.21220e+03
    1.40644e-02     2.21424e+03
    1.41557e-02     2.21620e+03
    1.42477e-02     2.21810e+03
    1.43402e-02     2.21990e+03
    1.44334e-02     2.22164e+03
    1.45271e-02     2.22328e+03
    1.46215e-02     2.22484e+03
    1.47165e-02     2.22633e+03
    1.48121e-02     2.22773e+03
    1.49083e-02     2.22904e+03
    1.50051e-02     2.23026e+03
    1.51026e-02     2.23141e+03
    1.52007e-02     2.23246e+03
    1.52994e-02     2.23342e+03
    1.53988e-02     2.23430e+03
    1.54988e-02     2.23508e+03
    1.55995e-02     2.23578e+03
    1.57008e-02     2.23638e+03
    1.58028e-02     2.23690e+03
    1.59055e-02     2.23732e+03
    1.60088e-02     2.23764e+03
    1.61128e-02     2.23786e+03
    1.62174e-02     2.23799e+03
    1.63228e-02     2.23804e+03
    1.64288e-02     2.23797e+03
    1.65355e-02     2.23781e+03
    1.66429e-02     2.23755e+03
    1.67510e-02     2.23720e+03
    1.68598e-02     2.23674e+03
    1.69693e-02     2.23619e+03
    1.70796e-02     2.23554e+03
    1.71905e-02     2.23478e+03
    1.73022e-02     2.23393e+03
    1.74145e-02     2.23297e+03
    1.75277e-02     2.23192e+03
    1.76415e-02     2.23075e+03
    1.77561e-02     2.22949e+03
    1.78714e-02     2.22812e+03
    1.79875e-02     2.22665e+03
    1.81044e-02     2.22508e+03
    1.82220e-02     2.22339e+03
    1.83403e-02     2.22160e+03
    1.84594e-02     2.21970e+03
    1.85794e-02     2.21771e+03
    1.87000e-02     2.21559e+03
    1.88215e-02     2.21337e+03
    1.89438e-02     2.21105e+03
    1.90668e-02     2.20862e+03
    1.91907e-02     2.20608e+03
    1.93153e-02     2.20342e+03
    1.94408e-02     2.20066e+03
    1.95671e-02     2.19778e+03
    1.96942e-02     2.19479e+03
    1.98221e-02     2.19170e+03
    1.99508e-02     2.18848e+03
    2.00804e-02     2.18516e+03
    2.02109e-02     2.18174e+03
    2.03421e-02     2.17819e+03
    2.04743e-02     2.17454e+03
    2.06073e-02     2.17078e+03
    2.07411e-02     2.16690e+03
    2.08758e-02     2.16291e+03
    2.10114e-02     2.15882e+03
    2.11479e-02     2.15461e+03
    2.12853e-02     2.15030e+03
    2.14236e-02     2.14587e+03
    2.15627e-02     2.14133e+03
    2.17028e-02     2.13668e+03
    2.18437e-02     2.13192e+03
    2.19856e-02     2.12705e+03
    2.21284e-02     2.12208e+03
    2.22722e-02     2.11699e+03
    2.24168e-02     2.11179e+03
    2.25625e-02     2.10649e+03
    2.27090e-02     2.10108e+03
    2.28565e-02     2.09555e+03
    2.30050e-02     2.08993e+03
    2.31544e-02     2.08420e+03
    2.33048e-02     2.07835e+03
    2.34562e-02     2.07241e+03
    2.36086e-02     2.06636e+03
    2.37619e-02     2.06020e+03
    2.39162e-02     2.05393e+03
    2.40716e-02     2.04757e+03
    2.42280e-02     2.04110e+03
    2.43853e-02     2.03453e+03
    2.45437e-02     2.02786e+03
    2.47032e-02     2.02110e+03
    2.48636e-02     2.01423e+03
    2.50251e-02     2.00726e+03
    2.51877e-02     2.00020e+03
    2.53513e-02     1.99305e+03
    2.55159e-02     1.98580e+03
    2.56817e-02     1.97846e+03
    2.58485e-02     1.97103e+03
    2.60164e-02     1.96350e+03
    2.61854e-02     1.95589e+03
    2.63555e-02     1.94819e+03
    2.65267e-02     1.94041e+03
    2.66990e-02     1.93253e+03
    2.68724e-02     1.92458e+03
    2.70470e-02     1.91655e+03
    2.72226e-02     1.90843e+03
    2.73995e-02     1.90025e+03
    2.75774e-02     1.89198e+03
    2.77566e-02     1.88364e+03
    2.79369e-02     1.87522e+03
    2.81183e-02     1.86673e+03
    2.83010e-02     1.85818e+03
    2.84848e-02     1.84956e+03
    2.86698e-02     1.84087e+03
    2.88561e-02     1.83212e+03
    2.90435e-02     1.82330e+03
    2.92321e-02     1.81442e+03
    2.94220e-02     1.80549e+03
    2.96131e-02     1.79651e+03
    2.98055e-02     1.78746e+03
    2.99991e-02     1.77837e+03
    3.01940e-02     1.76923e+03
    3.03901e-02     1.76004e+03
    3.05875e-02     1.75082e+03
    3.07862e-02     1.74154e+03
    3.09861e-02     1.73222e+03
    3.11874e-02     1.72288e+03
    3.13900e-02     1.71349e+03
    3.15939e-02     1.70408e+03
    3.17991e-02     1.69464e+03
    3.20057e-02     1.68517e+03
    3.22135e-02     1.67567e+03
    3.24228e-02     1.66615e+03
    3.26334e-02     1.65661e+03
    3.28454e-02     1.64706e+03
    3.30587e-02     1.63749e+03
    3.32735e-02     1.62791e+03
    3.34896e-02     1.61833e+03
    3.37071e-02     1.60873e+03
    3.39261e-02     1.59913e+03
    3.41464e-02     1.58954e+03
    3.43682e-02     1.57994e+03
    3.45915e-02     1.57035e+03
    3.48162e-02     1.56077e+03
    3.50423e-02     1.55120e+03
    3.52699e-02     1.54163e+03
    3.54990e-02     1.53209e+03
    3.57296e-02     1.52257e+03
    3.59617e-02     1.51307e+03
    3.61953e-02     1.50359e+03
    3.64304e-02     1.49413e+03
    3.66670e-02     1.48470e+03
    3.69052e-02     1.47530e+03
    3.71449e-02     1.46595e+03
    3.73862e-02     1.45662e+03
    3.76290e-02     1.44734e+03
    3.78735e-02     1.43810e+03
    3.81195e-02     1.42891e+03
    3.83671e-02     1.41975e+03
    3.86163e-02     1.41065e+03
    3.88671e-02     1.40161e+03
    3.91196e-02     1.39262e+03
    3.93737e-02     1.38368e+03
    3.96295e-02     1.37481e+03
    3.98869e-02     1.36599e+03
    4.01460e-02     1.35725e+03
    4.04067e-02     1.34856e+03
    4.06692e-02     1.33994e+03
    4.09334e-02     1.33139e+03
    4.11992e-02     1.32291e+03
    4.14669e-02     1.31451e+03
    4.17362e-02     1.30618e+03
    4.20073e-02     1.29792e+03
    4.22802e-02     1.28976e+03
    4.25548e-02     1.28167e+03
    4.28312e-02     1.27366e+03
    4.31094e-02     1.26574e+03
    4.33894e-02     1.25790e+03
    4.36713e-02     1.25015e+03
    4.39550e-02     1.24249e+03
    4.42405e-02     1.23492e+03
    4.45278e-02     1.22743e+03
    4.48171e-02     1.22004e+03
    4.51082e-02     1.21274e+03
    4.54012e-02     1.20554e+03
    4.56961e-02     1.19842e+03
    4.59929e-02     1.19140e+03
    4.62917e-02     1.18447e+03
    4.65923e-02     1.17763e+03
    4.68950e-02     1.17089e+03
    4.71996e-02     1.16424e+03
    4.75062e-02     1.15770e+03
    4.78148e-02     1.15124e+03
    4.81253e-02     1.14488e+03
    4.84379e-02     1.13862e+03
    4.87526e-02     1.13245e+03
    4.90692e-02     1.12637e+03
    4.93880e-02     1.12038e+03
    4.97088e-02     1.11448e+03
    5.00317e-02     1.10867e+03
    5.03566e-02     1.10295e+03
    5.06837e-02     1.09731e+03
    5.10130e-02     1.09176e+03
    5.13443e-02     1.08630e+03
    5.16778e-02     1.08092e+03
    5.20135e-02     1.07562e+03
    5.23514e-02     1.07040e+03
    5.26914e-02     1.06526e+03
    5.30337e-02     1.06019e+03
    5.33782e-02     1.05519e+03
    5.37249e-02     1.05026e+03
    5.40738e-02     1.04540e+03
    5.44251e-02     1.04060e+03
    5.47786e-02     1.03586e+03
    5.51344e-02     1.03118e+03
    5.54926e-02     1.02655e+03
    5.58530e-02     1.02197e+03
    5.62158e-02     1.01745e+03
    5.65810e-02     1.01296e+03
    5.69485e-02     1.00852e+03
    5.73184e-02     1.00411e+03
    5.76907e-02     9.99739e+02
    5.80654e-02     9.95390e+02
    5.84426e-02     9.91065e+02
    5.88222e-02     9.86762e+02
    5.92043e-02     9.82474e+02
    5.95889e-02     9.78201e+02
    5.99759e-02     9.73924e+02
    6.03655e-02     9.69655e+02
    6.07576e-02     9.65384e+02
    6.11523e-02     9.61112e+02
    6.15495e-02     9.56821e+02
    6.19493e-02     9.52511e+02
    6.23517e-02     9.48183e+02
    6.27567e-02     9.43836e+02
    6.31643e-02     9.39454e+02
    6.35746e-02     9.35037e+02
    6.39876e-02     9.30577e+02
    6.44032e-02     9.26072e+02
    6.48215e-02     9.21523e+02
    6.52426e-02     9.16915e+02
    6.56664e-02     9.12254e+02
    6.60929e-02     9.07532e+02
    6.65222e-02     9.02749e+02
    6.69543e-02     8.97889e+02
    6.73892e-02     8.92960e+02
    6.78270e-02     8.87954e+02
    6.82675e-02     8.82870e+02
    6.87110e-02     8.77692e+02
    6.91573e-02     8.72436e+02
    6.96065e-02     8.67086e+02
    7.00586e-02     8.61642e+02
    7.05137e-02     8.56113e+02
    7.09717e-02     8.50481e+02
    7.14327e-02     8.44765e+02
    7.18967e-02     8.38948e+02
    7.23637e-02     8.33029e+02
    7.28338e-02     8.27010e+02
    7.33069e-02     8.20890e+02
    7.37830e-02     8.14678e+02
    7.42623e-02     8.08358e+02
    7.47447e-02     8.01940e+02
    7.52302e-02     7.95431e+02
    7.57188e-02     7.88832e+02
    7.62107e-02     7.82138e+02
    7.67057e-02     7.75346e+02
    7.72039e-02     7.68475e+02
    7.77054e-02     7.61509e+02
    7.82102e-02     7.54467e+02
    7.87182e-02     7.47347e+02
    7.92295e-02     7.40152e+02
    7.97441e-02     7.32881e+02
    8.02621e-02     7.25554e+02
    8.07835e-02     7.18170e+02
    8.13082e-02     7.10731e+02
    8.18363e-02     7.03245e+02
    8.23679e-02     6.95714e+02
    8.29029e-02     6.88154e+02
    8.34414e-02     6.80560e+02
    8.39834e-02     6.72956e+02
    8.45290e-02     6.65335e+02
    8.50780e-02     6.57704e+02
    8.56306e-02     6.50075e+02
    8.61869e-02     6.42464e+02
    8.67467e-02     6.34862e+02
    8.73102e-02     6.27296e+02
    8.78773e-02     6.19756e+02
    8.84481e-02     6.12261e+02
    8.90226e-02     6.04818e+02
    8.96009e-02     5.97428e+02
    9.01829e-02     5.90115e+02
    9.07687e-02     5.82870e+02
    9.13583e-02     5.75703e+02
    9.19517e-02     5.68628e+02
    9.25490e-02     5.61654e+02
    9.31501e-02     5.54772e+02
    9.37552e-02     5.48007e+02
    9.43642e-02     5.41348e+02
    9.49771e-02     5.34813e+02
    9.55940e-02     5.28408e+02
    9.62150e-02     5.22141e+02
    9.68399e-02     5.16010e+02
    9.74690e-02     5.10024e+02
    9.81021e-02     5.04181e+02
    9.87393e-02     4.98496e+02
    9.93807e-02     4.92953e+02
    1.00026e-01     4.87573e+02
    1.00676e-01     4.82344e+02
    1.01330e-01     4.77270e+02
    1.01988e-01     4.72357e+02
    1.02651e-01     4.67608e+02
    1.03317e-01     4.63015e+02
    1.03988e-01     4.58593e+02
    1.04664e-01     4.54334e+02
    1.05344e-01     4.50224e+02
    1.06028e-01     4.46265e+02
    1.06717e-01     4.42458e+02
    1.07410e-01     4.38793e+02
    1.08108e-01     4.35272e+02
    1.08810e-01     4.31885e+02
    1.09517e-01     4.28626e+02
    1.10228e-01     4.25507e+02
    1.10944e-01     4.22502e+02
    1.11665e-01     4.19610e+02
    1.12390e-01     4.16821e+02
    1.13120e-01     4.14129e+02
    1.13855e-01     4.11527e+02
    1.14594e-01     4.08998e+02
    1.15339e-01     4.06539e+02
    1.16088e-01     4.04138e+02
    1.16842e-01     4.01796e+02
    1.17601e-01     3.99493e+02
    1.18365e-01     3.97219e+02
    1.19134e-01     3.94968e+02
    1.19907e-01     3.92721e+02
    1.20686e-01     3.90477e+02
    1.21470e-01     3.88225e+02
    1.22259e-01     3.85951e+02
    1.23053e-01     3.83646e+02
    1.23853e-01     3.81299e+02
    1.24657e-01     3.78903e+02
    1.25467e-01     3.76456e+02
    1.26282e-01     3.73942e+02
    1.27102e-01     3.71355e+02
    1.27928e-01     3.68690e+02
    1.28759e-01     3.65937e+02
    1.29595e-01     3.63089e+02
    1.30437e-01     3.60146e+02
    1.31284e-01     3.57104e+02
    1.32137e-01     3.53965e+02
    1.32995e-01     3.50725e+02
    1.33859e-01     3.47385e+02
    1.34728e-01     3.43943e+02
    1.35604e-01     3.40401e+02
    1.36484e-01     3.36757e+02
    1.37371e-01     3.33023e+02
    1.38263e-01     3.29200e+02
    1.39161e-01     3.25299e+02
    1.40065e-01     3.21326e+02
    1.40975e-01     3.17286e+02
    1.41891e-01     3.13187e+02
    1.42812e-01     3.09036e+02
    1.43740e-01     3.04847e+02
    1.44674e-01     3.00630e+02
    1.45614e-01     2.96396e+02
    1.46559e-01     2.92156e+02
    1.47511e-01     2.87924e+02
    1.48469e-01     2.83709e+02
    1.49434e-01     2.79524e+02
    1.50405e-01     2.75378e+02
    1.51381e-01     2.71281e+02
    1.52365e-01     2.67249e+02
    1.53354e-01     2.63288e+02
    1.54351e-01     2.59411e+02
    1.55353e-01     2.55626e+02
    1.56362e-01     2.51941e+02
    1.57378e-01     2.48364e+02
    1.58400e-01     2.44898e+02
    1.59429e-01     2.41551e+02
    1.60465e-01     2.38328e+02
    1.61507e-01     2.35233e+02
    1.62556e-01     2.32270e+02
    1.63612e-01     2.29439e+02
    1.64675e-01     2.26737e+02
    1.65744e-01     2.24162e+02
    1.66821e-01     2.21716e+02
    1.67905e-01     2.19396e+02
    1.68995e-01     2.17198e+02
    1.70093e-01     2.15115e+02
    1.71198e-01     2.13139e+02
    1.72310e-01     2.11263e+02
    1.73429e-01     2.09478e+02
    1.74556e-01     2.07778e+02
    1.75689e-01     2.06152e+02
    1.76831e-01     2.04591e+02
    1.77979e-01     2.03080e+02
    1.79135e-01     2.01611e+02
    1.80299e-01     2.00173e+02
    1.81470e-01     1.98753e+02
    1.82649e-01     1.97341e+02
    1.83835e-01     1.95926e+02
    1.85029e-01     1.94497e+02
    1.86231e-01     1.93043e+02
    1.87441e-01     1.91554e+02
    1.88658e-01     1.90022e+02
    1.89884e-01     1.88441e+02
    1.91117e-01     1.86803e+02
    1.92359e-01     1.85106e+02
    1.93608e-01     1.83340e+02
    1.94866e-01     1.81506e+02
    1.96131e-01     1.79602e+02
    1.97405e-01     1.77630e+02
    1.98688e-01     1.75593e+02
    1.99978e-01     1.73489e+02
    2.01277e-01     1.71324e+02
    2.02585e-01     1.69106e+02
    2.03901e-01     1.66841e+02
    2.05225e-01     1.64538e+02
    2.06558e-01     1.62205e+02
    2.07900e-01     1.59851e+02
    2.09250e-01     1.57487e+02
    2.10609e-01     1.55122e+02
    2.11977e-01     1.52769e+02
    2.13354e-01     1.50437e+02
    2.14740e-01     1.48136e+02
    2.16135e-01     1.45874e+02
    2.17539e-01     1.43661e+02
    2.18952e-01     1.41506e+02
    2.20374e-01     1.39418e+02
    2.21806e-01     1.37400e+02
    2.23246e-01     1.35456e+02
    2.24696e-01     1.33593e+02
    2.26156e-01     1.31812e+02
    2.27625e-01     1.30114e+02
    2.29104e-01     1.28499e+02
    2.30592e-01     1.26963e+02
    2.32089e-01     1.25506e+02
    2.33597e-01     1.24124e+02
    2.35114e-01     1.22810e+02
    2.36642e-01     1.21559e+02
    2.38179e-01     1.20362e+02
    2.39726e-01     1.19214e+02
    2.41283e-01     1.18105e+02
    2.42850e-01     1.17026e+02
    2.44428e-01     1.15969e+02
    2.46015e-01     1.14924e+02
    2.47613e-01     1.13883e+02
    2.49222e-01     1.12839e+02
    2.50841e-01     1.11783e+02
    2.52470e-01     1.10707e+02
    2.54110e-01     1.09607e+02
    2.55760e-01     1.08479e+02
    2.57422e-01     1.07319e+02
    2.59094e-01     1.06124e+02
    2.60777e-01     1.04894e+02
    2.62471e-01     1.03631e+02
    2.64176e-01     1.02334e+02
    2.65892e-01     1.01008e+02
    2.67619e-01     9.96555e+01
    2.69357e-01     9.82844e+01
    2.71107e-01     9.68988e+01
    2.72868e-01     9.55053e+01
    2.74640e-01     9.41113e+01
    2.76424e-01     9.27244e+01
    2.78219e-01     9.13509e+01
    2.80027e-01     8.99979e+01
    2.81846e-01     8.86712e+01
    2.83676e-01     8.73771e+01
    2.85519e-01     8.61207e+01
    2.87374e-01     8.49045e+01
    2.89240e-01     8.37318e+01
    2.91119e-01     8.26052e+01
    2.93010e-01     8.15247e+01
    2.94913e-01     8.04888e+01
    2.96829e-01     7.94969e+01
    2.98757e-01     7.85462e+01
    3.00698e-01     7.76326e+01
    3.02651e-01     7.67520e+01
    3.04617e-01     7.59002e+01
    3.06595e-01     7.50705e+01
    3.08587e-01     7.42583e+01
    3.10591e-01     7.34577e+01
    3.12609e-01     7.26635e+01
    3.14639e-01     7.18706e+01
    3.16683e-01     7.10740e+01
    3.18740e-01     7.02703e+01
    3.20810e-01     6.94571e+01
    3.22894e-01     6.86313e+01
    3.24992e-01     6.77923e+01
    3.27103e-01     6.69403e+01
    3.29227e-01     6.60760e+01
    3.31366e-01     6.52003e+01
    3.33518e-01     6.43166e+01
    3.35685e-01     6.34285e+01
    3.37865e-01     6.25392e+01
    3.40060e-01     6.16525e+01
    3.42269e-01     6.07728e+01
    3.44492e-01     5.99031e+01
    3.46729e-01     5.90482e+01
    3.48982e-01     5.82112e+01
    3.51248e-01     5.73944e+01
    3.53530e-01     5.66001e+01
    3.55826e-01     5.58292e+01
    3.58138e-01     5.50832e+01
    3.60464e-01     5.43608e+01
    3.62805e-01     5.36618e+01
    3.65162e-01     5.29839e+01
    3.67534e-01     5.23253e+01
    3.69921e-01     5.16831e+01
    3.72324e-01     5.10550e+01
    3.74743e-01     5.04372e+01
    3.77177e-01     4.98271e+01
    3.79627e-01     4.92220e+01
    3.82093e-01     4.86192e+01
    3.84574e-01     4.80167e+01
    3.87072e-01     4.74124e+01
    3.89587e-01     4.68061e+01
    3.92117e-01     4.61975e+01
    3.94664e-01     4.55860e+01
    3.97228e-01     4.49731e+01
    3.99808e-01     4.43600e+01
    4.02405e-01     4.37479e+01
    4.05019e-01     4.31391e+01
    4.07650e-01     4.25357e+01
    4.10298e-01     4.19400e+01
    4.12963e-01     4.13529e+01
    4.15645e-01     4.07770e+01
    4.18345e-01     4.02127e+01
    4.21062e-01     3.96612e+01
    4.23797e-01     3.91229e+01
    4.26550e-01     3.85973e+01
    4.29321e-01     3.80847e+01
    4.32110e-01     3.75833e+01
    4.34916e-01     3.70925e+01
    4.37741e-01     3.66107e+01
    4.40585e-01     3.61362e+01
    4.43447e-01     3.56683e+01
    4.46327e-01     3.52045e+01
    4.49226e-01     3.47449e+01
    4.52144e-01     3.42873e+01
    4.55081e-01     3.38318e+01
    4.58037e-01     3.33784e+01
    4.61012e-01     3.29263e+01
    4.64007e-01     3.24768e+01
    4.67021e-01     3.20294e+01
    4.70054e-01     3.15858e+01
    4.73108e-01     3.11470e+01
    4.76181e-01     3.07128e+01
    4.79274e-01     3.02849e+01
    4.82387e-01     2.98637e+01
    4.85520e-01     2.94504e+01
    4.88674e-01     2.90445e+01
    4.91848e-01     2.86463e+01
    4.95043e-01     2.82552e+01
    4.98259e-01     2.78713e+01
    5.01495e-01     2.74943e+01
    5.04753e-01     2.71229e+01
    5.08031e-01     2.67567e+01
    5.11331e-01     2.63950e+01
    5.14653e-01     2.60378e+01
    5.17995e-01     2.56836e+01
    5.21360e-01     2.53324e+01
    5.24747e-01     2.49845e+01
    5.28155e-01     2.46397e+01
    5.31586e-01     2.42979e+01
    5.35039e-01     2.39597e+01
    5.38514e-01     2.36250e+01
    5.42012e-01     2.32944e+01
    5.45533e-01     2.29682e+01
    5.49076e-01     2.26471e+01
    5.52643e-01     2.23307e+01
    5.56233e-01     2.20191e+01
    5.59846e-01     2.17128e+01
    5.63482e-01     2.14112e+01
    5.67142e-01     2.11142e+01
    5.70826e-01     2.08215e+01
    5.74534e-01     2.05330e+01
    5.78266e-01     2.02483e+01
    5.82022e-01     1.99668e+01
    5.85803e-01     1.96891e+01
    5.89608e-01     1.94141e+01
    5.93437e-01     1.91422e+01
    5.97292e-01     1.88735e+01
    6.01172e-01     1.86078e+01
    6.05077e-01     1.83455e+01
    6.09007e-01     1.80867e+01
    6.12963e-01     1.78313e+01
    6.16945e-01     1.75793e+01
    6.20952e-01     1.73311e+01
    6.24985e-01     1.70864e+01
    6.29045e-01     1.68452e+01
    6.33131e-01     1.66072e+01
    6.37244e-01     1.63726e+01
    6.41383e-01     1.61411e+01
    6.45549e-01     1.59127e+01
    6.49742e-01     1.56876e+01
    6.53963e-01     1.54654e+01
    6.58210e-01     1.52463e+01
    6.62486e-01     1.50301e+01
    6.66789e-01     1.48168e+01
    6.71120e-01     1.46064e+01
    6.75479e-01     1.43988e+01
    6.79867e-01     1.41939e+01
    6.84283e-01     1.39918e+01
    6.88728e-01     1.37924e+01
    6.93202e-01     1.35956e+01
    6.97704e-01     1.34014e+01
    7.02236e-01     1.32099e+01
    7.06798e-01     1.30210e+01
    7.11389e-01     1.28346e+01
    7.16010e-01     1.26507e+01
    7.20661e-01     1.24693e+01
    7.25342e-01     1.22904e+01
    7.30053e-01     1.21139e+01
    7.34795e-01     1.19398e+01
    7.39568e-01     1.17681e+01
    7.44372e-01     1.15988e+01
    7.49207e-01     1.14318e+01
    7.54074e-01     1.12671e+01
    7.58972e-01     1.11046e+01
    7.63902e-01     1.09444e+01
    7.68864e-01     1.07864e+01
    7.73858e-01     1.06305e+01
    7.78884e-01     1.04768e+01
    7.83944e-01     1.03252e+01
    7.89036e-01     1.01758e+01
    7.94161e-01     1.00283e+01
    7.99320e-01     9.88294e+00
    8.04512e-01     9.73954e+00
    8.09737e-01     9.59809e+00
    8.14997e-01     9.45863e+00
    8.20291e-01     9.32111e+00
    8.25619e-01     9.18549e+00
    8.30982e-01     9.05174e+00
    8.36380e-01     8.91986e+00
    8.41812e-01     8.78981e+00
    8.47280e-01     8.66157e+00
    8.52784e-01     8.53514e+00
    8.58323e-01     8.41046e+00
    8.63899e-01     8.28752e+00
    8.69510e-01     8.16628e+00
    8.75158e-01     8.04677e+00
    8.80843e-01     7.92891e+00
    8.86564e-01     7.81272e+00
    8.92323e-01     7.69814e+00
    8.98119e-01     7.58518e+00
    9.03953e-01     7.47383e+00
    9.09825e-01     7.36401e+00
    9.15734e-01     7.25575e+00
    9.21683e-01     7.14902e+00
    9.27669e-01     7.04378e+00
    9.33695e-01     6.94006e+00
    9.39760e-01     6.83777e+00
    9.45864e-01     6.73692e+00
    9.52008e-01     6.63750e+00
    9.58192e-01     6.53951e+00
    9.64416e-01     6.44289e+00
    9.70680e-01     6.34762e+00
    9.76985e-01     6.25374e+00
    9.83332e-01     6.16116e+00
    9.89719e-01     6.06993e+00
    9.96148e-01     5.97998e+00
    1.00262e+00     5.89132e+00
    1.00913e+00     5.80390e+00
    1.01569e+00     5.71776e+00
    1.02228e+00     5.63278e+00
    1.02892e+00     5.54905e+00
    1.03561e+00     5.46656e+00
    1.04233e+00     5.38518e+00
    1.04910e+00     5.30498e+00
    1.05592e+00     5.22595e+00
    1.06278e+00     5.14802e+00
    1.06968e+00     5.07120e+00
    1.07663e+00     4.99548e+00
    1.08362e+00     4.92084e+00
    1.09066e+00     4.84728e+00
    1.09775e+00     4.77479e+00
    1.10488e+00     4.70333e+00
    1.11205e+00     4.63287e+00
    1.11928e+00     4.56347e+00
    1.12655e+00     4.49505e+00
    1.13386e+00     4.42757e+00
    1.14123e+00     4.36114e+00
    1.14864e+00     4.29565e+00
    1.15610e+00     4.23110e+00
    1.16361e+00     4.16752e+00
    1.17117e+00     4.10485e+00
    1.17878e+00     4.04308e+00
    1.18643e+00     3.98221e+00
    1.19414e+00     3.92225e+00
    1.20190e+00     3.86316e+00
    1.20970e+00     3.80490e+00
    1.21756e+00     3.74754e+00
    1.22547e+00     3.69098e+00
    1.23343e+00     3.63526e+00
    1.24144e+00     3.58036e+00
    1.24951e+00     3.52629e+00
    1.25762e+00     3.47296e+00
    1.26579e+00     3.42043e+00
    1.27401e+00     3.36866e+00
    1.28229e+00     3.31767e+00
    1.29062e+00     3.26742e+00
    1.29900e+00     3.21788e+00
    1.30744e+00     3.16909e+00
    1.31593e+00     3.12098e+00
    1.32448e+00     3.07362e+00
    1.33308e+00     3.02690e+00
    1.34174e+00     2.98088e+00
    1.35046e+00     2.93554e+00
    1.35923e+00     2.89085e+00
    1.36806e+00     2.84681e+00
    1.37695e+00     2.80343e+00
    1.38589e+00     2.76069e+00
    1.39489e+00     2.71857e+00
    1.40395e+00     2.67708e+00
    1.41307e+00     2.63618e+00
    1.42225e+00     2.59590e+00
    1.43149e+00     2.55624e+00
    1.44079e+00     2.51715e+00
    1.45015e+00     2.47862e+00
    1.45956e+00     2.44069e+00
    1.46905e+00     2.40332e+00
    1.47859e+00     2.36650e+00
    1.48819e+00     2.33021e+00
    1.49786e+00     2.29449e+00
    1.50759e+00     2.25930e+00
    1.51738e+00     2.22461e+00
    1.52724e+00     2.19046e+00
    1.53716e+00     2.15682e+00
    1.54714e+00     2.12367e+00
    1.55719e+00     2.09103e+00
    1.56731e+00     2.05888e+00
    1.57749e+00     2.02720e+00
    1.58773e+00     1.99599e+00
    1.59805e+00     1.96527e+00
    1.60843e+00     1.93497e+00
    1.61887e+00     1.90514e+00
    1.62939e+00     1.87577e+00
    1.63997e+00     1.84683e+00
    1.65063e+00     1.81832e+00
    1.66135e+00     1.79022e+00
    1.67214e+00     1.76254e+00
    1.68300e+00     1.73529e+00
    1.69393e+00     1.70843e+00
    1.70494e+00     1.68199e+00
    1.71601e+00     1.65592e+00
    1.72716e+00     1.63026e+00
    1.73838e+00     1.60499e+00
    1.74967e+00     1.58009e+00
    1.76103e+00     1.55556e+00
    1.77247e+00     1.53141e+00
    1.78398e+00     1.50762e+00
    1.79557e+00     1.48419e+00
    1.80724e+00     1.46113e+00
    1.81897e+00     1.43841e+00
    1.83079e+00     1.41603e+00
    1.84268e+00     1.39400e+00
    1.85465e+00     1.37230e+00
    1.86670e+00     1.35093e+00
    1.87882e+00     1.32987e+00
    1.89103e+00     1.30916e+00
    1.90331e+00     1.28875e+00
    1.91567e+00     1.26863e+00
    1.92812e+00     1.24885e+00
    1.94064e+00     1.22935e+00
    1.95325e+00     1.21016e+00
    1.96593e+00     1.19125e+00
    1.97870e+00     1.17265e+00
    1.99156e+00     1.15431e+00
    2.00449e+00     1.13626e+00
    2.01751e+00     1.11848e+00
    2.03062e+00     1.10098e+00
    2.04381e+00     1.08374e+00
    2.05708e+00     1.06676e+00
    2.07045e+00     1.05005e+00
    2.08389e+00     1.03356e+00
    2.09743e+00     1.01735e+00
    2.11105e+00     1.00137e+00
    2.12477e+00     9.85640e-01
    2.13857e+00     9.70158e-01
    2.15246e+00     9.54907e-01
    2.16644e+00     9.39873e-01
    2.18051e+00     9.25084e-01
    2.19468e+00     9.10526e-01
    2.20893e+00     8.96177e-01
    2.22328e+00     8.82071e-01
    2.23772e+00     8.68161e-01
    2.25226e+00     8.54477e-01
    2.26689e+00     8.41000e-01
    2.28161e+00     8.27729e-01
    2.29643e+00     8.14666e-01
    2.31135e+00     8.01810e-01
    2.32636e+00     7.89142e-01
    2.34147e+00     7.76679e-01
    2.35668e+00     7.64404e-01
    2.37199e+00     7.52318e-01
    2.38740e+00     7.40432e-01
    2.40290e+00     7.28715e-01
    2.41851e+00     7.17186e-01
    2.43422e+00     7.05840e-01
    2.45003e+00     6.94662e-01
    2.46595e+00     6.83655e-01
    2.48197e+00     6.72829e-01
    2.49809e+00     6.62162e-01
    2.51431e+00     6.51662e-01
    2.53065e+00     6.41328e-01
    2.54708e+00     6.31149e-01
    2.56363e+00     6.21130e-01
    2.58028e+00     6.11264e-01
    2.59704e+00     6.01550e-01
    2.61391e+00     5.91986e-01
    2.63089e+00     5.82569e-01
    2.64798e+00     5.73298e-01
    2.66518e+00     5.64171e-01
    2.68249e+00     5.55184e-01
    2.69991e+00     5.46338e-01
    2.71745e+00     5.37630e-01
    2.73510e+00     5.29057e-01
    2.75287e+00     5.20618e-01
    2.77075e+00     5.12310e-01
    2.78875e+00     5.04133e-01
    2.80686e+00     4.96082e-01
    2.82509e+00     4.88160e-01
    2.84344e+00     4.80360e-01
    2.86191e+00     4.72683e-01
    2.88050e+00     4.65127e-01
    2.89921e+00     4.57690e-01
    2.91805e+00     4.50372e-01
    2.93700e+00     4.43165e-01
    2.95608e+00     4.36074e-01
    2.97528e+00     4.29094e-01
    2.99461e+00     4.22224e-01
    3.01406e+00     4.15462e-01
    3.03364e+00     4.08806e-01
    3.05334e+00     4.02255e-01
    3.07317e+00     3.95807e-01
    3.09314e+00     3.89461e-01
    3.11323e+00     3.83214e-01
    3.13345e+00     3.77066e-01
    3.15380e+00     3.71012e-01
    3.17429e+00     3.65056e-01
    3.19491e+00     3.59191e-01
    3.21566e+00     3.53418e-01
    3.23655e+00     3.47736e-01
    3.25757e+00     3.42142e-01
    3.27873e+00     3.36635e-01
    3.30003e+00     3.31215e-01
    3.32146e+00     3.25881e-01
    3.34304e+00     3.20630e-01
    3.36475e+00     3.15461e-01
    3.38661e+00     3.10374e-01
    3.40861e+00     3.05367e-01
    3.43075e+00     3.00440e-01
    3.45303e+00     2.95590e-01
    3.47546e+00     2.90818e-01
    3.49804e+00     2.86121e-01
    3.52076e+00     2.81498e-01
    3.54363e+00     2.76950e-01
    3.56664e+00     2.72473e-01
    3.58981e+00     2.68068e-01
    3.61313e+00     2.63734e-01
    3.63660e+00     2.59467e-01
    3.66022e+00     2.55269e-01
    3.68400e+00     2.51140e-01
    3.70793e+00     2.47074e-01
    3.73201e+00     2.43074e-01
    3.75625e+00     2.39138e-01
    3.78065e+00     2.35264e-01
    3.80521e+00     2.31453e-01
    3.82993e+00     2.27702e-01
    3.85480e+00     2.24010e-01
    3.87984e+00     2.20378e-01
    3.90504e+00     2.16803e-01
    3.93041e+00     2.13286e-01
    3.95594e+00     2.09824e-01
    3.98163e+00     2.06417e-01
    4.00750e+00     2.03065e-01
    4.03353e+00     1.99765e-01
    4.05973e+00     1.96517e-01
    4.08610e+00     1.93321e-01
    4.11264e+00     1.90176e-01
    4.13935e+00     1.87079e-01
    4.16624e+00     1.84033e-01
    4.19330e+00     1.81036e-01
    4.22054e+00     1.78085e-01
    4.24796e+00     1.75183e-01
    4.27555e+00     1.72326e-01
    4.30332e+00     1.69516e-01
    4.33127e+00     1.66751e-01
    4.35941e+00     1.64030e-01
    4.38772e+00     1.61352e-01
    4.41622e+00     1.58718e-01
    4.44491e+00     1.56126e-01
    4.47378e+00     1.53577e-01
    4.50284e+00     1.51068e-01
    4.53209e+00     1.48599e-01
    4.56153e+00     1.46171e-01
    4.59116e+00     1.43782e-01
    4.62098e+00     1.41432e-01
    4.65100e+00     1.39119e-01
    4.68121e+00     1.36844e-01
    4.71161e+00     1.34605e-01
    4.74222e+00     1.32402e-01
    4.77302e+00     1.30236e-01
    4.80403e+00     1.28104e-01
    4.83523e+00     1.26006e-01
    4.86664e+00     1.23943e-01
    4.89825e+00     1.21912e-01
    4.93007e+00     1.19914e-01
    4.96209e+00     1.17948e-01
    4.99432e+00     1.16014e-01
    5.02676e+00     1.14110e-01
    5.05941e+00     1.12237e-01
    5.09228e+00     1.10394e-01
    5.12535e+00     1.08581e-01
    5.15865e+00     1.06797e-01
    5.19215e+00     1.05041e-01
    5.22588e+00     1.03313e-01
    5.25983e+00     1.01614e-01
    5.29399e+00     9.99421e-02
    5.32838e+00     9.82975e-02
    5.36299e+00     9.66787e-02
    5.39782e+00     9.50870e-02
    5.43289e+00     9.35205e-02
    5.46818e+00     9.19800e-02
    5.50370e+00     9.04641e-02
    5.53944e+00     8.89731e-02
    5.57543e+00     8.75068e-02
    5.61164e+00     8.60637e-02
    5.64809e+00     8.46447e-02
    5.68478e+00     8.32482e-02
    5.72171e+00     8.18748e-02
    5.75887e+00     8.05242e-02
    5.79628e+00     7.91951e-02
    5.83393e+00     7.78887e-02
    5.87182e+00     7.66026e-02
    5.90996e+00     7.53376e-02
    5.94835e+00     7.40936e-02
    5.98699e+00     7.28697e-02
    6.02588e+00     7.16657e-02
    6.06502e+00     7.04817e-02
    6.10442e+00     6.93168e-02
    6.14407e+00     6.81708e-02
    6.18398e+00     6.70431e-02
    6.22414e+00     6.59340e-02
    6.26457e+00     6.48425e-02
    6.30527e+00     6.37689e-02
    6.34622e+00     6.27130e-02
    6.38744e+00     6.16736e-02
    6.42893e+00     6.06512e-02
    6.47069e+00     5.96457e-02
    6.51272e+00     5.86564e-02
    6.55503e+00     5.76831e-02
    6.59761e+00     5.67258e-02
    6.64046e+00     5.57837e-02
    6.68359e+00     5.48574e-02
    6.72701e+00     5.39463e-02
    6.77070e+00     5.30500e-02
    6.81468e+00     5.21688e-02
    6.85895e+00     5.13017e-02
    6.90350e+00     5.04494e-02
    6.94834e+00     4.96105e-02
    6.99348e+00     4.87856e-02
    7.03890e+00     4.79745e-02
    7.08462e+00     4.71767e-02
    7.13064e+00     4.63920e-02
    7.17696e+00     4.56198e-02
    7.22358e+00     4.48612e-02
    7.27050e+00     4.41143e-02
    7.31773e+00     4.33802e-02
    7.36526e+00     4.26578e-02
    7.41310e+00     4.19480e-02
    7.46125e+00     4.12491e-02
    7.50972e+00     4.05622e-02
    7.55850e+00     3.98867e-02
    7.60759e+00     3.92218e-02
    7.65701e+00     3.85682e-02
    7.70675e+00     3.79252e-02
    7.75680e+00     3.72927e-02
    7.80719e+00     3.66707e-02
    7.85790e+00     3.60585e-02
    7.90894e+00     3.54567e-02
    7.96032e+00     3.48641e-02
    8.01202e+00     3.42818e-02
    8.06407e+00     3.37091e-02
    8.11645e+00     3.31454e-02
    8.16917e+00     3.25913e-02
    8.22223e+00     3.20461e-02
    8.27564e+00     3.15098e-02
    8.32939e+00     3.09824e-02
    8.38350e+00     3.04637e-02
    8.43795e+00     2.99538e-02
    8.49276e+00     2.94521e-02
    8.54793e+00     2.89590e-02
    8.60345e+00     2.84740e-02
    8.65933e+00     2.79965e-02
    8.71558e+00     2.75276e-02
    8.77219e+00     2.70665e-02
    8.82917e+00     2.66129e-02
    8.88652e+00     2.61666e-02
    8.94425e+00     2.57281e-02
    9.00234e+00     2.52964e-02
    9.06082e+00     2.48724e-02
    9.11967e+00     2.44556e-02
    9.17891e+00     2.40449e-02
    9.23853e+00     2.36419e-02
    9.29854e+00     2.32452e-02
    9.35894e+00     2.28551e-02
    9.41973e+00     2.24715e-02
    9.48092e+00     2.20943e-02
    9.54250e+00     2.17233e-02
    9.60449e+00     2.13585e-02
    9.66687e+00     2.09997e-02
    9.72967e+00     2.06468e-02
    9.79287e+00     2.02997e-02
    9.85648e+00     1.99583e-02
    9.92050e+00     1.96225e-02
    9.98494e+00     1.92923e-02
    1.00498e+01     1.89676e-02
    1.01151e+01     1.86482e-02
    1.01808e+01     1.83340e-02
    1.02469e+01     1.80251e-02
    1.03135e+01     1.77214e-02
    1.03805e+01     1.74227e-02
    1.04479e+01     1.71289e-02
    1.05157e+01     1.68400e-02
    1.05841e+01     1.65562e-02
    1.06528e+01     1.62768e-02
    1.07220e+01     1.60022e-02
    1.07916e+01     1.57322e-02
    1.08617e+01     1.54667e-02
    1.09323e+01     1.52058e-02
    1.10033e+01     1.49491e-02
    1.10748e+01     1.46968e-02
    1.11467e+01     1.44487e-02
    1.12191e+01     1.42048e-02
    1.12920e+01     1.39650e-02
    1.13653e+01     1.37291e-02
    1.14392e+01     1.34973e-02
    1.15135e+01     1.32693e-02
    1.15883e+01     1.30452e-02
    1.16635e+01     1.28247e-02
    1.17393e+01     1.26081e-02
    1.18155e+01     1.23949e-02
    1.18923e+01     1.21854e-02
    1.19695e+01     1.19794e-02
    1.20473e+01     1.17768e-02
    1.21255e+01     1.15775e-02
    1.22043e+01     1.13816e-02
    1.22836e+01     1.11890e-02
    1.23634e+01     1.09995e-02
    1.24437e+01     1.08131e-02
    1.25245e+01     1.06299e-02
    1.26059e+01     1.04497e-02
    1.26877e+01     1.02724e-02
    1.27701e+01     1.00982e-02
    1.28531e+01     9.92694e-03
    1.29366e+01     9.75853e-03
    1.30206e+01     9.59287e-03
    1.31052e+01     9.43007e-03
    1.31903e+01     9.26997e-03
    1.32760e+01     9.11259e-03
    1.33622e+01     8.95784e-03
    1.34490e+01     8.80570e-03
    1.35364e+01     8.65614e-03
    1.36243e+01     8.50910e-03
    1.37128e+01     8.36457e-03
    1.38019e+01     8.22247e-03
    1.38915e+01     8.08273e-03
    1.39818e+01     7.94541e-03
    1.40726e+01     7.81038e-03
    1.41640e+01     7.67764e-03
    1.42560e+01     7.54712e-03
    1.43486e+01     7.41883e-03
    1.44418e+01     7.29273e-03
    1.45356e+01     7.16872e-03
    1.46300e+01     7.04680e-03
    1.47251e+01     6.92697e-03
    1.48207e+01     6.80912e-03
    1.49170e+01     6.69329e-03
    1.50139e+01     6.57936e-03
    1.51114e+01     6.46736e-03
    1.52095e+01     6.35720e-03
    1.53083e+01     6.24892e-03
    1.54078e+01     6.14246e-03
    1.55079e+01     6.03775e-03
    1.56086e+01     5.93480e-03
    1.57100e+01     5.83358e-03
    1.58120e+01     5.73404e-03
    1.59147e+01     5.63618e-03
    1.60181e+01     5.53997e-03
    1.61221e+01     5.44539e-03
    1.62269e+01     5.35244e-03
    1.63323e+01     5.26103e-03
    1.64384e+01     5.17117e-03
    1.65451e+01     5.08283e-03
    1.66526e+01     4.99599e-03
    1.67608e+01     4.91062e-03
    1.68696e+01     4.82670e-03
    1.69792e+01     4.74423e-03
    1.70895e+01     4.66313e-03
    1.72005e+01     4.58343e-03
    1.73122e+01     4.50509e-03
    1.74247e+01     4.42809e-03
    1.75379e+01     4.35240e-03
    1.76518e+01     4.27798e-03
    1.77665e+01     4.20483e-03
    1.78819e+01     4.13293e-03
    1.79980e+01     4.06225e-03
    1.81149e+01     3.99278e-03
    1.82326e+01     3.92447e-03
    1.83510e+01     3.85734e-03
    1.84702e+01     3.79133e-03
    1.85902e+01     3.72644e-03
    1.87109e+01     3.66264e-03
    1.88325e+01     3.59994e-03
    1.89548e+01     3.53828e-03
    1.90779e+01     3.47767e-03
    1.92019e+01     3.41807e-03
    1.93266e+01     3.35947e-03
    1.94521e+01     3.30184e-03
    1.95785e+01     3.24521e-03
    1.97056e+01     3.18954e-03
    1.98336e+01     3.13480e-03
    1.99625e+01     3.08098e-03
    2.00921e+01     3.02808e-03
    2.02226e+01     2.97607e-03
    2.03540e+01     2.92496e-03
    2.04862e+01     2.87472e-03
    2.06193e+01     2.82532e-03
    2.07532e+01     2.77676e-03
    2.08880e+01     2.72905e-03
    2.10237e+01     2.68215e-03
    2.11603e+01     2.63606e-03
    2.12977e+01     2.59074e-03
    2.14360e+01     2.54621e-03
    2.15753e+01     2.50244e-03
    2.17154e+01     2.45941e-03
    2.18565e+01     2.41714e-03
    2.19985e+01     2.37559e-03
    2.21413e+01     2.33474e-03
    2.22852e+01     2.29459e-03
    2.24299e+01     2.25513e-03
    2.25756e+01     2.21634e-03
    2.27223e+01     2.17822e-03
    2.28698e+01     2.14074e-03
    2.30184e+01     2.10391e-03
    2.31679e+01     2.06770e-03
    2.33184e+01     2.03212e-03
    2.34699e+01     1.99713e-03
    2.36223e+01     1.96274e-03
    2.37758e+01     1.92894e-03
    2.39302e+01     1.89569e-03
    2.40856e+01     1.86301e-03
    2.42421e+01     1.83088e-03
    2.43996e+01     1.79932e-03
    2.45580e+01     1.76827e-03
    2.47176e+01     1.73776e-03
    2.48781e+01     1.70776e-03
    2.50397e+01     1.67829e-03
    2.52024e+01     1.64930e-03
    2.53661e+01     1.62083e-03
    2.55308e+01     1.59282e-03
    2.56967e+01     1.56532e-03
    2.58636e+01     1.53827e-03
    2.60316e+01     1.51168e-03
    2.62007e+01     1.48557e-03
    2.63709e+01     1.45991e-03
    2.65421e+01     1.43466e-03
    2.67146e+01     1.40989e-03
    2.68881e+01     1.38552e-03
    2.70627e+01     1.36157e-03
    2.72385e+01     1.33804e-03
    2.74154e+01     1.31489e-03
    2.75935e+01     1.29218e-03
    2.77728e+01     1.26983e-03
    2.79532e+01     1.24788e-03
    2.81347e+01     1.22630e-03
    2.83175e+01     1.20509e-03
    2.85014e+01     1.18426e-03
    2.86866e+01     1.16377e-03
    2.88729e+01     1.14364e-03
    2.90604e+01     1.12385e-03
    2.92492e+01     1.10441e-03
    2.94392e+01     1.08529e-03
    2.96304e+01     1.06650e-03
    2.98229e+01     1.04803e-03
    3.00166e+01     1.02986e-03
    3.02116e+01     1.01201e-03
    3.04078e+01     9.94466e-04
    3.06053e+01     9.77218e-04
    3.08041e+01     9.60268e-04
    3.10042e+01     9.43615e-04
    3.12056e+01     9.27238e-04
    3.14083e+01     9.11136e-04
    3.16123e+01     8.95323e-04
    3.18176e+01     8.79781e-04
    3.20243e+01     8.64511e-04
    3.22323e+01     8.49491e-04
    3.24417e+01     8.34739e-04
    3.26524e+01     8.20233e-04
    3.28645e+01     8.05991e-04
    3.30780e+01     7.91991e-04
    3.32929e+01     7.78234e-04
    3.35091e+01     7.64712e-04
    3.37268e+01     7.51427e-04
    3.39458e+01     7.38370e-04
    3.41663e+01     7.25540e-04
    3.43883e+01     7.12935e-04
    3.46116e+01     7.00545e-04
    3.48365e+01     6.88371e-04
    3.50627e+01     6.76407e-04
    3.52905e+01     6.64651e-04
    3.55197e+01     6.53097e-04
    3.57505e+01     6.41743e-04
    3.59827e+01     6.30586e-04
    3.62164e+01     6.19619e-04
    3.64516e+01     6.08841e-04
    3.66884e+01     5.98247e-04
    3.69267e+01     5.87836e-04
    3.71666e+01     5.77604e-04
    3.74080e+01     5.67545e-04
    3.76510e+01     5.57659e-04
    3.78956e+01     5.47942e-04
    3.81417e+01     5.38391e-04
    3.83895e+01     5.29005e-04
    3.86388e+01     5.19779e-04
    3.88898e+01     5.10714e-04
    3.91424e+01     5.01805e-04
    3.93967e+01     4.93049e-04
    3.96526e+01     4.84446e-04
    3.99101e+01     4.75990e-04
    4.01694e+01     4.67683e-04
    4.04303e+01     4.59518e-04
    4.06929e+01     4.51496e-04
    4.09572e+01     4.43613e-04
    4.12233e+01     4.35867e-04
    4.14910e+01     4.28257e-04
    4.17605e+01     4.20777e-04
    4.20318e+01     4.13430e-04
    4.23048e+01     4.06210e-04
    4.25796e+01     3.99115e-04
    4.28562e+01     3.92144e-04
    4.31346e+01     3.85295e-04
    4.34147e+01     3.78563e-04
    4.36968e+01     3.71951e-04
    4.39806e+01     3.65452e-04
    4.42663e+01     3.59067e-04
    4.45538e+01     3.52791e-04
    4.48432e+01     3.46624e-04
    4.51345e+01     3.40565e-04
    4.54277e+01     3.34610e-04
    4.57227e+01     3.28758e-04
    4.60197e+01     3.23007e-04
    4.63186e+01     3.17353e-04
    4.66195e+01     3.11798e-04
    4.69223e+01     3.06337e-04
    4.72271e+01     3.00970e-04
    4.75339e+01     2.95697e-04
    4.78426e+01     2.90513e-04
    4.81534e+01     2.85420e-04
    4.84662e+01     2.80415e-04
    4.87810e+01     2.75495e-04
    4.90979e+01     2.70663e-04
    4.94168e+01     2.65913e-04
    4.97378e+01     2.61246e-04
    5.00608e+01     2.56661e-04
    5.03860e+01     2.52156e-04
    5.07133e+01     2.47729e-04
    5.10427e+01     2.43381e-04
    5.13743e+01     2.39108e-04
    5.17080e+01     2.34909e-04
    5.20438e+01     2.30785e-04
    5.23819e+01     2.26732e-04
    5.27221e+01     2.22751e-04
    5.30646e+01     2.18839e-04
    5.34093e+01     2.14997e-04
    5.37562e+01     2.11222e-04
    5.41054e+01     2.07512e-04
    5.44568e+01     2.03868e-04
    5.48106e+01     2.00288e-04
    5.51666e+01     1.96770e-04
    5.55249e+01     1.93314e-04
    5.58856e+01     1.89919e-04
    5.62486e+01     1.86582e-04
    5.66140e+01     1.83304e-04
    5.69817e+01     1.80084e-04
    5.73518e+01     1.76919e-04
    5.77244e+01     1.73809e-04
    5.80993e+01     1.70753e-04
    5.84767e+01     1.67750e-04
    5.88565e+01     1.64799e-04
    5.92388e+01     1.61899e-04
    5.96236e+01     1.59050e-04
    6.00109e+01     1.56251e-04
    6.04007e+01     1.53500e-04
    6.07930e+01     1.50797e-04
    6.11879e+01     1.48141e-04
    6.15854e+01     1.45532e-04
    6.19854e+01     1.42968e-04
    6.23880e+01     1.40449e-04
    6.27933e+01     1.37974e-04
    6.32012e+01     1.35542e-04
    6.36117e+01     1.33153e-04
    6.40249e+01     1.30805e-04
    6.44408e+01     1.28499e-04
    6.48593e+01     1.26232e-04
    6.52806e+01     1.24005e-04
    6.57047e+01     1.21817e-04
    6.61315e+01     1.19667e-04
    6.65610e+01     1.17554e-04
    6.69934e+01     1.15479e-04
    6.74285e+01     1.13439e-04
    6.78665e+01     1.11433e-04
    6.83073e+01     1.09463e-04
    6.87510e+01     1.07528e-04
    6.91976e+01     1.05625e-04
    6.96471e+01     1.03755e-04
    7.00995e+01     1.01917e-04
    7.05548e+01     1.00110e-04
    7.10131e+01     9.83341e-05
    7.14744e+01     9.65880e-05
    7.19386e+01     9.48720e-05
    7.24059e+01     9.31846e-05
    7.28762e+01     9.15255e-05
    7.33496e+01     8.98946e-05
    7.38261e+01     8.82910e-05
    7.43056e+01     8.67150e-05
    7.47883e+01     8.51668e-05
    7.52740e+01     8.36442e-05
    7.57630e+01     8.21491e-05
    7.62551e+01     8.06794e-05
    7.67504e+01     7.92358e-05
    7.72490e+01     7.78175e-05
    7.77507e+01     7.64241e-05
    7.82558e+01     7.50564e-05
    7.87641e+01     7.37125e-05
    7.92757e+01     7.23931e-05
    7.97906e+01     7.10979e-05
    8.03089e+01     6.98262e-05
    8.08306e+01     6.85778e-05
    8.13556e+01     6.73531e-05
    8.18841e+01     6.61506e-05
    8.24160e+01     6.49701e-05
    8.29513e+01     6.38128e-05
    8.34901e+01     6.26764e-05
    8.40324e+01     6.15623e-05
    8.45783e+01     6.04689e-05
    8.51276e+01     5.93965e-05
    8.56806e+01     5.83453e-05
    8.62371e+01     5.73148e-05
    8.67973e+01     5.63037e-05
    8.73611e+01     5.53131e-05
    8.79285e+01     5.43415e-05
    8.84997e+01     5.33902e-05
    8.90745e+01     5.24568e-05
    8.96531e+01     5.15434e-05
    9.02355e+01     5.06477e-05
    9.08216e+01     4.97702e-05
    9.14115e+01     4.89109e-05
    9.20053e+01     4.80682e-05
    9.26029e+01     4.72421e-05
    9.32044e+01     4.64318e-05
    9.38099e+01     4.56372e-05
    9.44192e+01     4.48568e-05
    9.50325e+01     4.40906e-05
    9.56498e+01     4.33379e-05
    9.62711e+01     4.25979e-05
    9.68964e+01     4.18706e-05
    9.75258e+01     4.11554e-05
    9.81593e+01     4.04514e-05
    9.87969e+01     3.97581e-05
    9.94386e+01     3.90747e-05
    1.00085e+02     3.84020e-05
    1.00735e+02     3.77379e-05
    1.01389e+02     3.70829e-05
    1.02048e+02     3.64362e-05
    1.02710e+02     3.57971e-05
    1.03378e+02     3.51660e-05
    1.04049e+02     3.45413e-05
    1.04725e+02     3.39231e-05
    1.05405e+02     3.33115e-05
    1.06090e+02     3.27053e-05
    1.06779e+02     3.21047e-05
    1.07473e+02     3.15088e-05
    1.08171e+02     3.09169e-05
    1.08873e+02     3.03295e-05
    1.09580e+02     2.97459e-05
    1.10292e+02     2.91656e-05
    1.11009e+02     2.85885e-05
    1.11730e+02     2.80141e-05
