    1.05035e-05     3.65361e+00
    1.05717e-05     3.67640e+00
    1.06404e-05     3.69936e+00
    1.07095e-05     3.72245e+00
    1.07791e-05     3.74570e+00
    1.08491e-05     3.76907e+00
    1.09196e-05     3.79261e+00
    1.09905e-05     3.81627e+00
    1.10619e-05     3.84010e+00
    1.11337e-05     3.86405e+00
    1.12060e-05     3.88817e+00
    1.12788e-05     3.91244e+00
    1.13521e-05     3.93687e+00
    1.14258e-05     3.96144e+00
    1.15001e-05     3.98619e+00
    1.15748e-05     4.01107e+00
    1.16499e-05     4.03608e+00
    1.17256e-05     4.06128e+00
    1.18018e-05     4.08665e+00
    1.18784e-05     4.11214e+00
    1.19556e-05     4.13782e+00
    1.20332e-05     4.16363e+00
    1.21114e-05     4.18963e+00
    1.21901e-05     4.21579e+00
    1.22693e-05     4.24211e+00
    1.23490e-05     4.26860e+00
    1.24292e-05     4.29524e+00
    1.25099e-05     4.32204e+00
    1.25912e-05     4.34903e+00
    1.26730e-05     4.37618e+00
    1.27553e-05     4.40349e+00
    1.28381e-05     4.43096e+00
    1.29215e-05     4.45862e+00
    1.30054e-05     4.48644e+00
    1.30899e-05     4.51445e+00
    1.31749e-05     4.54262e+00
    1.32605e-05     4.57099e+00
    1.33467e-05     4.59954e+00
    1.34334e-05     4.62825e+00
    1.35206e-05     4.65713e+00
    1.36084e-05     4.68619e+00
    1.36968e-05     4.71544e+00
    1.37858e-05     4.74489e+00
    1.38753e-05     4.77449e+00
    1.39655e-05     4.80432e+00
    1.40562e-05     4.83430e+00
    1.41475e-05     4.86447e+00
    1.42394e-05     4.89484e+00
    1.43319e-05     4.92540e+00
    1.44250e-05     4.95614e+00
    1.45187e-05     4.98708e+00
    1.46130e-05     5.01821e+00
    1.47079e-05     5.04953e+00
    1.48034e-05     5.08103e+00
    1.48996e-05     5.11276e+00
    1.49964e-05     5.14469e+00
    1.50938e-05     5.17680e+00
    1.51918e-05     5.20910e+00
    1.52905e-05     5.24162e+00
    1.53898e-05     5.27433e+00
    1.54898e-05     5.30726e+00
    1.55904e-05     5.34039e+00
    1.56917e-05     5.37373e+00
    1.57936e-05     5.40727e+00
    1.58962e-05     5.44102e+00
    1.59994e-05     5.47497e+00
    1.61034e-05     5.50917e+00
    1.62080e-05     5.54356e+00
    1.63132e-05     5.57814e+00
    1.64192e-05     5.61297e+00
    1.65259e-05     5.64802e+00
    1.66332e-05     5.68326e+00
    1.67412e-05     5.71872e+00
    1.68500e-05     5.75444e+00
    1.69594e-05     5.79034e+00
    1.70696e-05     5.82650e+00
    1.71805e-05     5.86287e+00
    1.72921e-05     5.89947e+00
    1.74044e-05     5.93629e+00
    1.75174e-05     5.97333e+00
    1.76312e-05     6.01062e+00
    1.77458e-05     6.04816e+00
    1.78610e-05     6.08589e+00
    1.79770e-05     6.12388e+00
    1.80938e-05     6.16211e+00
    1.82113e-05     6.20057e+00
    1.83296e-05     6.23927e+00
    1.84487e-05     6.27823e+00
    1.85685e-05     6.31741e+00
    1.86891e-05     6.35684e+00
    1.88105e-05     6.39652e+00
    1.89327e-05     6.43645e+00
    1.90557e-05     6.47664e+00
    1.91795e-05     6.51707e+00
    1.93041e-05     6.55776e+00
    1.94294e-05     6.59866e+00
    1.95557e-05     6.63988e+00
    1.96827e-05     6.68132e+00
    1.98105e-05     6.72301e+00
    1.99392e-05     6.76498e+00
    2.00687e-05     6.80721e+00
    2.01991e-05     6.84971e+00
    2.03303e-05     6.89247e+00
    2.04623e-05     6.93547e+00
    2.05953e-05     6.97879e+00
    2.07290e-05     7.02233e+00
    2.08637e-05     7.06618e+00
    2.09992e-05     7.11028e+00
    2.11356e-05     7.15465e+00
    2.12729e-05     7.19931e+00
    2.14111e-05     7.24426e+00
    2.15501e-05     7.28944e+00
    2.16901e-05     7.33495e+00
    2.18310e-05     7.38074e+00
    2.19728e-05     7.42679e+00
    2.21155e-05     7.47314e+00
    2.22592e-05     7.51979e+00
    2.24038e-05     7.56673e+00
    2.25493e-05     7.61396e+00
    2.26958e-05     7.66148e+00
    2.28432e-05     7.70930e+00
    2.29916e-05     7.75742e+00
    2.31409e-05     7.80583e+00
    2.32912e-05     7.85455e+00
    2.34425e-05     7.90357e+00
    2.35948e-05     7.95291e+00
    2.37481e-05     8.00257e+00
    2.39023e-05     8.05250e+00
    2.40576e-05     8.10278e+00
    2.42138e-05     8.15334e+00
    2.43711e-05     8.20424e+00
    2.45294e-05     8.25545e+00
    2.46888e-05     8.30702e+00
    2.48491e-05     8.35885e+00
    2.50105e-05     8.41102e+00
    2.51730e-05     8.46354e+00
    2.53365e-05     8.51636e+00
    2.55011e-05     8.56953e+00
    2.56667e-05     8.62301e+00
    2.58334e-05     8.67683e+00
    2.60012e-05     8.73099e+00
    2.61701e-05     8.78549e+00
    2.63401e-05     8.84035e+00
    2.65112e-05     8.89554e+00
    2.66834e-05     8.95106e+00
    2.68567e-05     9.00693e+00
    2.70312e-05     9.06317e+00
    2.72068e-05     9.11975e+00
    2.73835e-05     9.17666e+00
    2.75614e-05     9.23394e+00
    2.77404e-05     9.29157e+00
    2.79206e-05     9.34957e+00
    2.81019e-05     9.40791e+00
    2.82845e-05     9.46666e+00
    2.84682e-05     9.52572e+00
    2.86531e-05     9.58518e+00
    2.88392e-05     9.64500e+00
    2.90266e-05     9.70521e+00
    2.92151e-05     9.76578e+00
    2.94049e-05     9.82673e+00
    2.95959e-05     9.88807e+00
    2.97881e-05     9.94978e+00
    2.99816e-05     1.00119e+01
    3.01764e-05     1.00744e+01
    3.03724e-05     1.01373e+01
    3.05697e-05     1.02005e+01
    3.07682e-05     1.02642e+01
    3.09681e-05     1.03283e+01
    3.11692e-05     1.03927e+01
    3.13717e-05     1.04576e+01
    3.15755e-05     1.05229e+01
    3.17806e-05     1.05886e+01
    3.19870e-05     1.06546e+01
    3.21948e-05     1.07212e+01
    3.24039e-05     1.07881e+01
    3.26144e-05     1.08554e+01
    3.28262e-05     1.09232e+01
    3.30395e-05     1.09914e+01
    3.32541e-05     1.10600e+01
    3.34701e-05     1.11290e+01
    3.36875e-05     1.11985e+01
    3.39063e-05     1.12684e+01
    3.41265e-05     1.13387e+01
    3.43482e-05     1.14095e+01
    3.45713e-05     1.14807e+01
    3.47959e-05     1.15524e+01
    3.50219e-05     1.16245e+01
    3.52494e-05     1.16970e+01
    3.54783e-05     1.17700e+01
    3.57088e-05     1.18435e+01
    3.59407e-05     1.19174e+01
    3.61742e-05     1.19918e+01
    3.64092e-05     1.20666e+01
    3.66457e-05     1.21419e+01
    3.68837e-05     1.22177e+01
    3.71233e-05     1.22940e+01
    3.73644e-05     1.23707e+01
    3.76071e-05     1.24479e+01
    3.78514e-05     1.25256e+01
    3.80973e-05     1.26038e+01
    3.83447e-05     1.26825e+01
    3.85938e-05     1.27616e+01
    3.88445e-05     1.28413e+01
    3.90968e-05     1.29215e+01
    3.93507e-05     1.30021e+01
    3.96064e-05     1.30833e+01
    3.98636e-05     1.31649e+01
    4.01226e-05     1.32471e+01
    4.03832e-05     1.33298e+01
    4.06455e-05     1.34130e+01
    4.09095e-05     1.34967e+01
    4.11752e-05     1.35810e+01
    4.14427e-05     1.36658e+01
    4.17119e-05     1.37511e+01
    4.19828e-05     1.38369e+01
    4.22555e-05     1.39233e+01
    4.25300e-05     1.40102e+01
    4.28062e-05     1.40976e+01
    4.30843e-05     1.41856e+01
    4.33642e-05     1.42741e+01
    4.36458e-05     1.43632e+01
    4.39293e-05     1.44529e+01
    4.42147e-05     1.45431e+01
    4.45019e-05     1.46339e+01
    4.47909e-05     1.47251e+01
    4.50819e-05     1.48171e+01
    4.53747e-05     1.49096e+01
    4.56694e-05     1.50026e+01
    4.59661e-05     1.50963e+01
    4.62647e-05     1.51905e+01
    4.65652e-05     1.52853e+01
    4.68677e-05     1.53807e+01
    4.71721e-05     1.54767e+01
    4.74785e-05     1.55733e+01
    4.77869e-05     1.56705e+01
    4.80973e-05     1.57683e+01
    4.84097e-05     1.58667e+01
    4.87242e-05     1.59657e+01
    4.90406e-05     1.60654e+01
    4.93592e-05     1.61657e+01
    4.96798e-05     1.62665e+01
    5.00025e-05     1.63681e+01
    5.03273e-05     1.64703e+01
    5.06542e-05     1.65730e+01
    5.09832e-05     1.66765e+01
    5.13144e-05     1.67805e+01
    5.16477e-05     1.68853e+01
    5.19832e-05     1.69907e+01
    5.23208e-05     1.70967e+01
    5.26607e-05     1.72034e+01
    5.30028e-05     1.73108e+01
    5.33470e-05     1.74188e+01
    5.36936e-05     1.75275e+01
    5.40423e-05     1.76368e+01
    5.43934e-05     1.77469e+01
    5.47467e-05     1.78577e+01
    5.51023e-05     1.79691e+01
    5.54602e-05     1.80813e+01
    5.58205e-05     1.81941e+01
    5.61830e-05     1.83077e+01
    5.65480e-05     1.84219e+01
    5.69153e-05     1.85369e+01
    5.72850e-05     1.86526e+01
    5.76571e-05     1.87690e+01
    5.80316e-05     1.88862e+01
    5.84085e-05     1.90040e+01
    5.87879e-05     1.91226e+01
    5.91698e-05     1.92420e+01
    5.95541e-05     1.93621e+01
    5.99410e-05     1.94829e+01
    6.03303e-05     1.96045e+01
    6.07222e-05     1.97269e+01
    6.11166e-05     1.98500e+01
    6.15136e-05     1.99739e+01
    6.19132e-05     2.00986e+01
    6.23153e-05     2.02240e+01
    6.27201e-05     2.03502e+01
    6.31275e-05     2.04772e+01
    6.35376e-05     2.06051e+01
    6.39503e-05     2.07336e+01
    6.43657e-05     2.08631e+01
    6.47838e-05     2.09933e+01
    6.52046e-05     2.11243e+01
    6.56281e-05     2.12561e+01
    6.60544e-05     2.13887e+01
    6.64835e-05     2.15222e+01
    6.69153e-05     2.16565e+01
    6.73499e-05     2.17917e+01
    6.77874e-05     2.19277e+01
    6.82277e-05     2.20645e+01
    6.86709e-05     2.22022e+01
    6.91170e-05     2.23407e+01
    6.95659e-05     2.24801e+01
    7.00178e-05     2.26204e+01
    7.04726e-05     2.27616e+01
    7.09304e-05     2.29036e+01
    7.13911e-05     2.30465e+01
    7.18548e-05     2.31903e+01
    7.23215e-05     2.33350e+01
    7.27913e-05     2.34807e+01
    7.32641e-05     2.36272e+01
    7.37400e-05     2.37746e+01
    7.42190e-05     2.39230e+01
    7.47011e-05     2.40723e+01
    7.51863e-05     2.42225e+01
    7.56747e-05     2.43736e+01
    7.61663e-05     2.45257e+01
    7.66610e-05     2.46788e+01
    7.71589e-05     2.48327e+01
    7.76601e-05     2.49877e+01
    7.81646e-05     2.51436e+01
    7.86723e-05     2.53005e+01
    7.91833e-05     2.54584e+01
    7.96977e-05     2.56173e+01
    8.02153e-05     2.57771e+01
    8.07364e-05     2.59380e+01
    8.12608e-05     2.60998e+01
    8.17886e-05     2.62627e+01
    8.23199e-05     2.64266e+01
    8.28546e-05     2.65915e+01
    8.33928e-05     2.67574e+01
    8.39345e-05     2.69244e+01
    8.44797e-05     2.70924e+01
    8.50284e-05     2.72615e+01
    8.55807e-05     2.74316e+01
    8.61366e-05     2.76028e+01
    8.66961e-05     2.77750e+01
    8.72593e-05     2.79484e+01
    8.78261e-05     2.81228e+01
    8.83966e-05     2.82983e+01
    8.89707e-05     2.84749e+01
    8.95487e-05     2.86526e+01
    9.01303e-05     2.88313e+01
    9.07158e-05     2.90112e+01
    9.13050e-05     2.91922e+01
    9.18981e-05     2.93744e+01
    9.24950e-05     2.95576e+01
    9.30958e-05     2.97421e+01
    9.37005e-05     2.99277e+01
    9.43092e-05     3.01144e+01
    9.49218e-05     3.03022e+01
    9.55383e-05     3.04913e+01
    9.61589e-05     3.06815e+01
    9.67835e-05     3.08729e+01
    9.74122e-05     3.10656e+01
    9.80449e-05     3.12593e+01
    9.86818e-05     3.14544e+01
    9.93228e-05     3.16506e+01
    9.99679e-05     3.18481e+01
    1.00617e-04     3.20467e+01
    1.01271e-04     3.22467e+01
    1.01929e-04     3.24480e+01
    1.02591e-04     3.26504e+01
    1.03257e-04     3.28539e+01
    1.03928e-04     3.30590e+01
    1.04603e-04     3.32652e+01
    1.05282e-04     3.34727e+01
    1.05966e-04     3.36815e+01
    1.06655e-04     3.38919e+01
    1.07347e-04     3.41031e+01
    1.08045e-04     3.43160e+01
    1.08746e-04     3.45299e+01
    1.09453e-04     3.47455e+01
    1.10164e-04     3.49623e+01
    1.10879e-04     3.51803e+01
    1.11599e-04     3.53996e+01
    1.12324e-04     3.56205e+01
    1.13054e-04     3.58428e+01
    1.13788e-04     3.60663e+01
    1.14527e-04     3.62913e+01
    1.15271e-04     3.65177e+01
    1.16020e-04     3.67455e+01
    1.16774e-04     3.69748e+01
    1.17532e-04     3.72053e+01
    1.18296e-04     3.74376e+01
    1.19064e-04     3.76709e+01
    1.19837e-04     3.79058e+01
    1.20616e-04     3.81423e+01
    1.21399e-04     3.83801e+01
    1.22188e-04     3.86196e+01
    1.22982e-04     3.88606e+01
    1.23780e-04     3.91027e+01
    1.24584e-04     3.93466e+01
    1.25394e-04     3.95922e+01
    1.26208e-04     3.98391e+01
    1.27028e-04     4.00876e+01
    1.27853e-04     4.03376e+01
    1.28684e-04     4.05893e+01
    1.29519e-04     4.08421e+01
    1.30361e-04     4.10971e+01
    1.31208e-04     4.13535e+01
    1.32060e-04     4.16113e+01
    1.32918e-04     4.18709e+01
    1.33781e-04     4.21319e+01
    1.34650e-04     4.23947e+01
    1.35525e-04     4.26592e+01
    1.36405e-04     4.29252e+01
    1.37291e-04     4.31928e+01
    1.38183e-04     4.34623e+01
    1.39080e-04     4.37332e+01
    1.39984e-04     4.40061e+01
    1.40893e-04     4.42805e+01
    1.41808e-04     4.45566e+01
    1.42729e-04     4.48344e+01
    1.43656e-04     4.51140e+01
    1.44589e-04     4.53953e+01
    1.45529e-04     4.56786e+01
    1.46474e-04     4.59634e+01
    1.47425e-04     4.62499e+01
    1.48383e-04     4.65384e+01
    1.49347e-04     4.68286e+01
    1.50317e-04     4.71206e+01
    1.51293e-04     4.74143e+01
    1.52276e-04     4.77100e+01
    1.53265e-04     4.80075e+01
    1.54261e-04     4.83069e+01
    1.55263e-04     4.86080e+01
    1.56271e-04     4.89110e+01
    1.57286e-04     4.92159e+01
    1.58308e-04     4.95228e+01
    1.59336e-04     4.98315e+01
    1.60371e-04     5.01421e+01
    1.61413e-04     5.04548e+01
    1.62461e-04     5.07692e+01
    1.63517e-04     5.10858e+01
    1.64579e-04     5.14042e+01
    1.65648e-04     5.17247e+01
    1.66724e-04     5.20471e+01
    1.67807e-04     5.23715e+01
    1.68897e-04     5.26980e+01
    1.69994e-04     5.30265e+01
    1.71098e-04     5.33569e+01
    1.72209e-04     5.36894e+01
    1.73328e-04     5.40241e+01
    1.74454e-04     5.43610e+01
    1.75587e-04     5.46997e+01
    1.76728e-04     5.50408e+01
    1.77875e-04     5.53836e+01
    1.79031e-04     5.57289e+01
    1.80194e-04     5.60762e+01
    1.81364e-04     5.64257e+01
    1.82542e-04     5.67773e+01
    1.83728e-04     5.71312e+01
    1.84921e-04     5.74871e+01
    1.86123e-04     5.78456e+01
    1.87332e-04     5.82062e+01
    1.88548e-04     5.85685e+01
    1.89773e-04     5.89336e+01
    1.91006e-04     5.93010e+01
    1.92246e-04     5.96702e+01
    1.93495e-04     6.00422e+01
    1.94752e-04     6.04163e+01
    1.96017e-04     6.07927e+01
    1.97290e-04     6.11714e+01
    1.98572e-04     6.15527e+01
    1.99862e-04     6.19362e+01
    2.01160e-04     6.23220e+01
    2.02467e-04     6.27104e+01
    2.03782e-04     6.31010e+01
    2.05105e-04     6.34938e+01
    2.06438e-04     6.38896e+01
    2.07779e-04     6.42877e+01
    2.09128e-04     6.46879e+01
    2.10487e-04     6.50909e+01
    2.11854e-04     6.54964e+01
    2.13230e-04     6.59042e+01
    2.14615e-04     6.63147e+01
    2.16009e-04     6.67277e+01
    2.17412e-04     6.71432e+01
    2.18824e-04     6.75613e+01
    2.20246e-04     6.79821e+01
    2.21676e-04     6.84054e+01
    2.23116e-04     6.88314e+01
    2.24565e-04     6.92599e+01
    2.26024e-04     6.96912e+01
    2.27492e-04     7.01250e+01
    2.28970e-04     7.05617e+01
    2.30457e-04     7.10010e+01
    2.31954e-04     7.14430e+01
    2.33461e-04     7.18879e+01
    2.34977e-04     7.23352e+01
    2.36504e-04     7.27858e+01
    2.38040e-04     7.32387e+01
    2.39586e-04     7.36945e+01
    2.41142e-04     7.41532e+01
    2.42709e-04     7.46150e+01
    2.44285e-04     7.50792e+01
    2.45872e-04     7.55464e+01
    2.47469e-04     7.60166e+01
    2.49076e-04     7.64896e+01
    2.50694e-04     7.69655e+01
    2.52323e-04     7.74447e+01
    2.53962e-04     7.79266e+01
    2.55611e-04     7.84113e+01
    2.57272e-04     7.88993e+01
    2.58943e-04     7.93902e+01
    2.60625e-04     7.98842e+01
    2.62318e-04     8.03813e+01
    2.64022e-04     8.08814e+01
    2.65737e-04     8.13845e+01
    2.67463e-04     8.18908e+01
    2.69200e-04     8.24001e+01
    2.70949e-04     8.29127e+01
    2.72709e-04     8.34285e+01
    2.74480e-04     8.39473e+01
    2.76263e-04     8.44694e+01
    2.78057e-04     8.49947e+01
    2.79863e-04     8.55231e+01
    2.81681e-04     8.60551e+01
    2.83511e-04     8.65903e+01
    2.85353e-04     8.71288e+01
    2.87206e-04     8.76705e+01
    2.89072e-04     8.82157e+01
    2.90949e-04     8.87640e+01
    2.92839e-04     8.93158e+01
    2.94741e-04     8.98711e+01
    2.96656e-04     9.04299e+01
    2.98583e-04     9.09920e+01
    3.00522e-04     9.15575e+01
    3.02474e-04     9.21264e+01
    3.04439e-04     9.26991e+01
    3.06417e-04     9.32753e+01
    3.08407e-04     9.38548e+01
    3.10410e-04     9.44379e+01
    3.12426e-04     9.50247e+01
    3.14456e-04     9.56153e+01
    3.16498e-04     9.62091e+01
    3.18554e-04     9.68068e+01
    3.20623e-04     9.74081e+01
    3.22706e-04     9.80133e+01
    3.24802e-04     9.86221e+01
    3.26912e-04     9.92346e+01
    3.29035e-04     9.98509e+01
    3.31173e-04     1.00471e+02
    3.33324e-04     1.01095e+02
    3.35489e-04     1.01723e+02
    3.37668e-04     1.02354e+02
    3.39861e-04     1.02990e+02
    3.42069e-04     1.03629e+02
    3.44291e-04     1.04272e+02
    3.46527e-04     1.04920e+02
    3.48778e-04     1.05571e+02
    3.51044e-04     1.06226e+02
    3.53324e-04     1.06885e+02
    3.55619e-04     1.07549e+02
    3.57929e-04     1.08216e+02
    3.60254e-04     1.08888e+02
    3.62594e-04     1.09563e+02
    3.64949e-04     1.10243e+02
    3.67320e-04     1.10927e+02
    3.69706e-04     1.11615e+02
    3.72107e-04     1.12307e+02
    3.74524e-04     1.13004e+02
    3.76957e-04     1.13704e+02
    3.79405e-04     1.14409e+02
    3.81870e-04     1.15119e+02
    3.84350e-04     1.15832e+02
    3.86847e-04     1.16550e+02
    3.89360e-04     1.17273e+02
    3.91889e-04     1.17999e+02
    3.94434e-04     1.18731e+02
    3.96996e-04     1.19466e+02
    3.99575e-04     1.20207e+02
    4.02171e-04     1.20951e+02
    4.04783e-04     1.21701e+02
    4.07412e-04     1.22455e+02
    4.10059e-04     1.23213e+02
    4.12722e-04     1.23976e+02
    4.15403e-04     1.24744e+02
    4.18101e-04     1.25517e+02
    4.20817e-04     1.26294e+02
    4.23550e-04     1.27076e+02
    4.26302e-04     1.27863e+02
    4.29071e-04     1.28654e+02
    4.31858e-04     1.29451e+02
    4.34663e-04     1.30252e+02
    4.37486e-04     1.31058e+02
    4.40328e-04     1.31869e+02
    4.43188e-04     1.32685e+02
    4.46067e-04     1.33506e+02
    4.48964e-04     1.34331e+02
    4.51881e-04     1.35162e+02
    4.54816e-04     1.35998e+02
    4.57770e-04     1.36839e+02
    4.60744e-04     1.37686e+02
    4.63736e-04     1.38537e+02
    4.66749e-04     1.39393e+02
    4.69780e-04     1.40255e+02
    4.72832e-04     1.41121e+02
    4.75903e-04     1.41993e+02
    4.78994e-04     1.42871e+02
    4.82106e-04     1.43754e+02
    4.85237e-04     1.44641e+02
    4.88389e-04     1.45535e+02
    4.91562e-04     1.46434e+02
    4.94754e-04     1.47337e+02
    4.97968e-04     1.48247e+02
    5.01203e-04     1.49162e+02
    5.04458e-04     1.50083e+02
    5.07735e-04     1.51009e+02
    5.11033e-04     1.51941e+02
    5.14353e-04     1.52878e+02
    5.17694e-04     1.53821e+02
    5.21056e-04     1.54770e+02
    5.24441e-04     1.55725e+02
    5.27847e-04     1.56684e+02
    5.31276e-04     1.57651e+02
    5.34727e-04     1.58623e+02
    5.38200e-04     1.59600e+02
    5.41696e-04     1.60584e+02
    5.45215e-04     1.61573e+02
    5.48756e-04     1.62569e+02
    5.52321e-04     1.63570e+02
    5.55908e-04     1.64577e+02
    5.59519e-04     1.65591e+02
    5.63154e-04     1.66611e+02
    5.66812e-04     1.67637e+02
    5.70493e-04     1.68668e+02
    5.74199e-04     1.69707e+02
    5.77929e-04     1.70751e+02
    5.81683e-04     1.71802e+02
    5.85461e-04     1.72859e+02
    5.89264e-04     1.73922e+02
    5.93092e-04     1.74992e+02
    5.96944e-04     1.76068e+02
    6.00822e-04     1.77150e+02
    6.04724e-04     1.78239e+02
    6.08652e-04     1.79334e+02
    6.12606e-04     1.80436e+02
    6.16585e-04     1.81545e+02
    6.20590e-04     1.82660e+02
    6.24621e-04     1.83781e+02
    6.28678e-04     1.84910e+02
    6.32762e-04     1.86045e+02
    6.36872e-04     1.87187e+02
    6.41009e-04     1.88336e+02
    6.45173e-04     1.89491e+02
    6.49363e-04     1.90653e+02
    6.53581e-04     1.91822e+02
    6.57827e-04     1.92999e+02
    6.62100e-04     1.94182e+02
    6.66400e-04     1.95372e+02
    6.70729e-04     1.96570e+02
    6.75086e-04     1.97774e+02
    6.79471e-04     1.98985e+02
    6.83884e-04     2.00204e+02
    6.88327e-04     2.01430e+02
    6.92798e-04     2.02663e+02
    6.97298e-04     2.03904e+02
    7.01827e-04     2.05152e+02
    7.06386e-04     2.06407e+02
    7.10974e-04     2.07669e+02
    7.15592e-04     2.08939e+02
    7.20241e-04     2.10217e+02
    7.24919e-04     2.11502e+02
    7.29628e-04     2.12794e+02
    7.34367e-04     2.14094e+02
    7.39137e-04     2.15402e+02
    7.43938e-04     2.16717e+02
    7.48770e-04     2.18040e+02
    7.53634e-04     2.19371e+02
    7.58529e-04     2.20709e+02
    7.63456e-04     2.22056e+02
    7.68416e-04     2.23410e+02
    7.73407e-04     2.24772e+02
    7.78431e-04     2.26142e+02
    7.83487e-04     2.27520e+02
    7.88576e-04     2.28906e+02
    7.93698e-04     2.30301e+02
    7.98854e-04     2.31703e+02
    8.04043e-04     2.33114e+02
    8.09265e-04     2.34532e+02
    8.14522e-04     2.35960e+02
    8.19813e-04     2.37395e+02
    8.25138e-04     2.38839e+02
    8.30498e-04     2.40291e+02
    8.35892e-04     2.41752e+02
    8.41322e-04     2.43221e+02
    8.46787e-04     2.44699e+02
    8.52287e-04     2.46185e+02
    8.57823e-04     2.47680e+02
    8.63395e-04     2.49184e+02
    8.69003e-04     2.50696e+02
    8.74648e-04     2.52217e+02
    8.80329e-04     2.53747e+02
    8.86048e-04     2.55286e+02
    8.91803e-04     2.56832e+02
    8.97596e-04     2.58389e+02
    9.03426e-04     2.59954e+02
    9.09294e-04     2.61528e+02
    9.15201e-04     2.63111e+02
    9.21145e-04     2.64703e+02
    9.27129e-04     2.66305e+02
    9.33151e-04     2.67915e+02
    9.39212e-04     2.69534e+02
    9.45313e-04     2.71163e+02
    9.51453e-04     2.72801e+02
    9.57633e-04     2.74449e+02
    9.63854e-04     2.76106e+02
    9.70115e-04     2.77772e+02
    9.76416e-04     2.79448e+02
    9.82758e-04     2.81133e+02
    9.89142e-04     2.82828e+02
    9.95567e-04     2.84533e+02
    1.00203e-03     2.86246e+02
    1.00854e-03     2.87970e+02
    1.01509e-03     2.89703e+02
    1.02169e-03     2.91449e+02
    1.02832e-03     2.93201e+02
    1.03500e-03     2.94963e+02
    1.04173e-03     2.96739e+02
    1.04849e-03     2.98520e+02
    1.05530e-03     3.00313e+02
    1.06216e-03     3.02118e+02
    1.06906e-03     3.03932e+02
    1.07600e-03     3.05754e+02
    1.08299e-03     3.07589e+02
    1.09003e-03     3.09434e+02
    1.09711e-03     3.11288e+02
    1.10423e-03     3.13151e+02
    1.11140e-03     3.15025e+02
    1.11862e-03     3.16911e+02
    1.12589e-03     3.18808e+02
    1.13320e-03     3.20714e+02
    1.14056e-03     3.22631e+02
    1.14797e-03     3.24559e+02
    1.15543e-03     3.26498e+02
    1.16293e-03     3.28445e+02
    1.17049e-03     3.30407e+02
    1.17809e-03     3.32377e+02
    1.18574e-03     3.34358e+02
    1.19345e-03     3.36352e+02
    1.20120e-03     3.38355e+02
    1.20900e-03     3.40369e+02
    1.21685e-03     3.42393e+02
    1.22476e-03     3.44432e+02
    1.23271e-03     3.46478e+02
    1.24072e-03     3.48538e+02
    1.24878e-03     3.50608e+02
    1.25689e-03     3.52690e+02
    1.26505e-03     3.54782e+02
    1.27327e-03     3.56886e+02
    1.28154e-03     3.59002e+02
    1.28987e-03     3.61131e+02
    1.29825e-03     3.63270e+02
    1.30668e-03     3.65419e+02
    1.31517e-03     3.67581e+02
    1.32371e-03     3.69754e+02
    1.33231e-03     3.71939e+02
    1.34096e-03     3.74135e+02
    1.34967e-03     3.76344e+02
    1.35844e-03     3.78565e+02
    1.36726e-03     3.80796e+02
    1.37614e-03     3.83041e+02
    1.38508e-03     3.85297e+02
    1.39408e-03     3.87566e+02
    1.40313e-03     3.89845e+02
    1.41225e-03     3.92139e+02
    1.42142e-03     3.94442e+02
    1.43065e-03     3.96758e+02
    1.43995e-03     3.99088e+02
    1.44930e-03     4.01428e+02
    1.45871e-03     4.03780e+02
    1.46819e-03     4.06147e+02
    1.47773e-03     4.08525e+02
    1.48732e-03     4.10914e+02
    1.49699e-03     4.13319e+02
    1.50671e-03     4.15733e+02
    1.51650e-03     4.18162e+02
    1.52635e-03     4.20602e+02
    1.53626e-03     4.23055e+02
    1.54624e-03     4.25520e+02
    1.55628e-03     4.27998e+02
    1.56639e-03     4.30490e+02
    1.57657e-03     4.32996e+02
    1.58681e-03     4.35513e+02
    1.59711e-03     4.38041e+02
    1.60749e-03     4.40586e+02
    1.61793e-03     4.43142e+02
    1.62844e-03     4.45711e+02
    1.63902e-03     4.48294e+02
    1.64966e-03     4.50888e+02
    1.66038e-03     4.53498e+02
    1.67116e-03     4.56119e+02
    1.68202e-03     4.58755e+02
    1.69295e-03     4.61406e+02
    1.70394e-03     4.64066e+02
    1.71501e-03     4.66741e+02
    1.72615e-03     4.69430e+02
    1.73736e-03     4.72132e+02
    1.74865e-03     4.74848e+02
    1.76001e-03     4.77578e+02
    1.77144e-03     4.80320e+02
    1.78294e-03     4.83075e+02
    1.79453e-03     4.85847e+02
    1.80618e-03     4.88629e+02
    1.81791e-03     4.91425e+02
    1.82972e-03     4.94236e+02
    1.84161e-03     4.97062e+02
    1.85357e-03     4.99900e+02
    1.86561e-03     5.02751e+02
    1.87773e-03     5.05618e+02
    1.88992e-03     5.08496e+02
    1.90220e-03     5.11390e+02
    1.91456e-03     5.14299e+02
    1.92699e-03     5.17219e+02
    1.93951e-03     5.20155e+02
    1.95211e-03     5.23105e+02
    1.96479e-03     5.26070e+02
    1.97755e-03     5.29046e+02
    1.99040e-03     5.32040e+02
    2.00332e-03     5.35043e+02
    2.01634e-03     5.38065e+02
    2.02943e-03     5.41098e+02
    2.04262e-03     5.44150e+02
    2.05588e-03     5.47211e+02
    2.06924e-03     5.50290e+02
    2.08268e-03     5.53382e+02
    2.09621e-03     5.56489e+02
    2.10982e-03     5.59608e+02
    2.12353e-03     5.62745e+02
    2.13732e-03     5.65893e+02
    2.15120e-03     5.69056e+02
    2.16518e-03     5.72237e+02
    2.17924e-03     5.75428e+02
    2.19340e-03     5.78636e+02
    2.20764e-03     5.81857e+02
    2.22198e-03     5.85093e+02
    2.23642e-03     5.88345e+02
    2.25094e-03     5.91609e+02
    2.26557e-03     5.94891e+02
    2.28028e-03     5.98184e+02
    2.29509e-03     6.01494e+02
    2.31000e-03     6.04818e+02
    2.32501e-03     6.08158e+02
    2.34011e-03     6.11510e+02
    2.35531e-03     6.14878e+02
    2.37061e-03     6.18262e+02
    2.38601e-03     6.21660e+02
    2.40150e-03     6.25070e+02
    2.41710e-03     6.28497e+02
    2.43280e-03     6.31938e+02
    2.44861e-03     6.35397e+02
    2.46451e-03     6.38868e+02
    2.48052e-03     6.42354e+02
    2.49663e-03     6.45855e+02
    2.51285e-03     6.49371e+02
    2.52917e-03     6.52902e+02
    2.54560e-03     6.56447e+02
    2.56213e-03     6.60007e+02
    2.57878e-03     6.63584e+02
    2.59553e-03     6.67174e+02
    2.61239e-03     6.70779e+02
    2.62936e-03     6.74399e+02
    2.64643e-03     6.78031e+02
    2.66362e-03     6.81681e+02
    2.68093e-03     6.85347e+02
    2.69834e-03     6.89025e+02
    2.71587e-03     6.92719e+02
    2.73351e-03     6.96428e+02
    2.75126e-03     7.00149e+02
    2.76914e-03     7.03889e+02
    2.78712e-03     7.07639e+02
    2.80523e-03     7.11409e+02
    2.82345e-03     7.15190e+02
    2.84179e-03     7.18986e+02
    2.86025e-03     7.22799e+02
    2.87883e-03     7.26624e+02
    2.89752e-03     7.30463e+02
    2.91635e-03     7.34321e+02
    2.93529e-03     7.38189e+02
    2.95436e-03     7.42075e+02
    2.97355e-03     7.45975e+02
    2.99286e-03     7.49887e+02
    3.01230e-03     7.53815e+02
    3.03187e-03     7.57759e+02
    3.05156e-03     7.61716e+02
    3.07138e-03     7.65688e+02
    3.09133e-03     7.69674e+02
    3.11141e-03     7.73674e+02
    3.13162e-03     7.77689e+02
    3.15196e-03     7.81719e+02
    3.17244e-03     7.85763e+02
    3.19304e-03     7.89820e+02
    3.21379e-03     7.93894e+02
    3.23466e-03     7.97980e+02
    3.25567e-03     8.02079e+02
    3.27682e-03     8.06194e+02
    3.29810e-03     8.10322e+02
    3.31953e-03     8.14466e+02
    3.34109e-03     8.18623e+02
    3.36279e-03     8.22792e+02
    3.38463e-03     8.26976e+02
    3.40662e-03     8.31176e+02
    3.42875e-03     8.35389e+02
    3.45102e-03     8.39614e+02
    3.47344e-03     8.43855e+02
    3.49600e-03     8.48107e+02
    3.51871e-03     8.52374e+02
    3.54156e-03     8.56654e+02
    3.56457e-03     8.60949e+02
    3.58772e-03     8.65255e+02
    3.61102e-03     8.69577e+02
    3.63448e-03     8.73911e+02
    3.65809e-03     8.78259e+02
    3.68185e-03     8.82621e+02
    3.70576e-03     8.86994e+02
    3.72984e-03     8.91383e+02
    3.75406e-03     8.95781e+02
    3.77845e-03     9.00196e+02
    3.80299e-03     9.04620e+02
    3.82769e-03     9.09059e+02
    3.85256e-03     9.13512e+02
    3.87758e-03     9.17975e+02
    3.90277e-03     9.22450e+02
    3.92812e-03     9.26938e+02
    3.95363e-03     9.31438e+02
    3.97931e-03     9.35951e+02
    4.00516e-03     9.40476e+02
    4.03118e-03     9.45014e+02
    4.05736e-03     9.49561e+02
    4.08372e-03     9.54122e+02
    4.11024e-03     9.58692e+02
    4.13694e-03     9.63275e+02
    4.16381e-03     9.67871e+02
    4.19086e-03     9.72478e+02
    4.21808e-03     9.77096e+02
    4.24548e-03     9.81725e+02
    4.27306e-03     9.86364e+02
    4.30081e-03     9.91014e+02
    4.32875e-03     9.95677e+02
    4.35687e-03     1.00035e+03
    4.38517e-03     1.00503e+03
    4.41365e-03     1.00973e+03
    4.44232e-03     1.01443e+03
    4.47118e-03     1.01915e+03
    4.50022e-03     1.02387e+03
    4.52945e-03     1.02860e+03
    4.55887e-03     1.03335e+03
    4.58848e-03     1.03810e+03
    4.61829e-03     1.04287e+03
    4.64829e-03     1.04764e+03
    4.67848e-03     1.05242e+03
    4.70887e-03     1.05722e+03
    4.73946e-03     1.06202e+03
    4.77024e-03     1.06683e+03
    4.80123e-03     1.07165e+03
    4.83241e-03     1.07647e+03
    4.86380e-03     1.08130e+03
    4.89539e-03     1.08615e+03
    4.92719e-03     1.09100e+03
    4.95920e-03     1.09585e+03
    4.99141e-03     1.10072e+03
    5.02383e-03     1.10559e+03
    5.05646e-03     1.11047e+03
    5.08931e-03     1.11536e+03
    5.12237e-03     1.12026e+03
    5.15564e-03     1.12516e+03
    5.18913e-03     1.13007e+03
    5.22283e-03     1.13498e+03
    5.25676e-03     1.13991e+03
    5.29091e-03     1.14484e+03
    5.32527e-03     1.14977e+03
    5.35986e-03     1.15471e+03
    5.39468e-03     1.15966e+03
    5.42972e-03     1.16461e+03
    5.46499e-03     1.16958e+03
    5.50049e-03     1.17454e+03
    5.53622e-03     1.17951e+03
    5.57218e-03     1.18448e+03
    5.60837e-03     1.18946e+03
    5.64480e-03     1.19445e+03
    5.68147e-03     1.19943e+03
    5.71837e-03     1.20442e+03
    5.75551e-03     1.20941e+03
    5.79290e-03     1.21441e+03
    5.83053e-03     1.21941e+03
    5.86840e-03     1.22441e+03
    5.90652e-03     1.22941e+03
    5.94489e-03     1.23442e+03
    5.98350e-03     1.23942e+03
    6.02237e-03     1.24443e+03
    6.06149e-03     1.24943e+03
    6.10086e-03     1.25444e+03
    6.14049e-03     1.25944e+03
    6.18037e-03     1.26445e+03
    6.22052e-03     1.26946e+03
    6.26092e-03     1.27447e+03
    6.30159e-03     1.27947e+03
    6.34252e-03     1.28448e+03
    6.38372e-03     1.28948e+03
    6.42519e-03     1.29449e+03
    6.46692e-03     1.29949e+03
    6.50893e-03     1.30449e+03
    6.55121e-03     1.30949e+03
    6.59376e-03     1.31449e+03
    6.63659e-03     1.31948e+03
    6.67970e-03     1.32448e+03
    6.72309e-03     1.32947e+03
    6.76676e-03     1.33445e+03
    6.81071e-03     1.33944e+03
    6.85495e-03     1.34441e+03
    6.89948e-03     1.34939e+03
    6.94429e-03     1.35435e+03
    6.98940e-03     1.35932e+03
    7.03480e-03     1.36427e+03
    7.08050e-03     1.36923e+03
    7.12649e-03     1.37417e+03
    7.17278e-03     1.37911e+03
    7.21937e-03     1.38403e+03
    7.26626e-03     1.38895e+03
    7.31346e-03     1.39387e+03
    7.36097e-03     1.39877e+03
    7.40878e-03     1.40367e+03
    7.45690e-03     1.40855e+03
    7.50534e-03     1.41343e+03
    7.55409e-03     1.41830e+03
    7.60316e-03     1.42315e+03
    7.65255e-03     1.42800e+03
    7.70225e-03     1.43284e+03
    7.75228e-03     1.43766e+03
    7.80264e-03     1.44248e+03
    7.85332e-03     1.44728e+03
    7.90433e-03     1.45206e+03
    7.95568e-03     1.45684e+03
    8.00735e-03     1.46161e+03
    8.05937e-03     1.46636e+03
    8.11172e-03     1.47110e+03
    8.16441e-03     1.47582e+03
    8.21744e-03     1.48053e+03
    8.27081e-03     1.48523e+03
    8.32454e-03     1.48991e+03
    8.37861e-03     1.49457e+03
    8.43303e-03     1.49922e+03
    8.48781e-03     1.50385e+03
    8.54294e-03     1.50846e+03
    8.59844e-03     1.51306e+03
    8.65429e-03     1.51764e+03
    8.71050e-03     1.52220e+03
    8.76708e-03     1.52674e+03
    8.82403e-03     1.53126e+03
    8.88134e-03     1.53576e+03
    8.93903e-03     1.54024e+03
    8.99710e-03     1.54470e+03
    9.05554e-03     1.54914e+03
    9.11436e-03     1.55355e+03
    9.17356e-03     1.55794e+03
    9.23315e-03     1.56231e+03
    9.29312e-03     1.56665e+03
    9.35349e-03     1.57097e+03
    9.41424e-03     1.57527e+03
    9.47539e-03     1.57954e+03
    9.53694e-03     1.58379e+03
    9.59889e-03     1.58801e+03
    9.66124e-03     1.59220e+03
    9.72400e-03     1.59636e+03
    9.78716e-03     1.60050e+03
    9.85073e-03     1.60461e+03
    9.91472e-03     1.60869e+03
    9.97912e-03     1.61274e+03
    1.00439e-02     1.61675e+03
    1.01092e-02     1.62075e+03
    1.01748e-02     1.62470e+03
    1.02409e-02     1.62863e+03
    1.03075e-02     1.63254e+03
    1.03744e-02     1.63639e+03
    1.04418e-02     1.64022e+03
    1.05096e-02     1.64402e+03
    1.05779e-02     1.64778e+03
    1.06466e-02     1.65150e+03
    1.07158e-02     1.65520e+03
    1.07854e-02     1.65886e+03
    1.08554e-02     1.66246e+03
    1.09259e-02     1.66604e+03
    1.09969e-02     1.66959e+03
    1.10683e-02     1.67309e+03
    1.11402e-02     1.67656e+03
    1.12126e-02     1.67999e+03
    1.12854e-02     1.68337e+03
    1.13587e-02     1.68671e+03
    1.14325e-02     1.69002e+03
    1.15068e-02     1.69329e+03
    1.15815e-02     1.69650e+03
    1.16567e-02     1.69967e+03
    1.17324e-02     1.70280e+03
    1.18087e-02     1.70590e+03
    1.18854e-02     1.70894e+03
    1.19626e-02     1.71193e+03
    1.20403e-02     1.71488e+03
    1.21185e-02     1.71778e+03
    1.21972e-02     1.72063e+03
    1.22764e-02     1.72343e+03
    1.23562e-02     1.72620e+03
    1.24364e-02     1.72890e+03
    1.25172e-02     1.73155e+03
    1.25985e-02     1.73416e+03
    1.26803e-02     1.73670e+03
    1.27627e-02     1.73921e+03
    1.28456e-02     1.74165e+03
    1.29290e-02     1.74404e+03
    1.30130e-02     1.74638e+03
    1.30976e-02     1.74867e+03
    1.31826e-02     1.75089e+03
    1.32683e-02     1.75307e+03
    1.33544e-02     1.75517e+03
    1.34412e-02     1.75724e+03
    1.35285e-02     1.75923e+03
    1.36164e-02     1.76117e+03
    1.37048e-02     1.76305e+03
    1.37938e-02     1.76486e+03
    1.38834e-02     1.76662e+03
    1.39736e-02     1.76832e+03
    1.40644e-02     1.76996e+03
    1.41557e-02     1.77152e+03
    1.42477e-02     1.77304e+03
    1.43402e-02     1.77448e+03
    1.44334e-02     1.77586e+03
    1.45271e-02     1.77718e+03
    1.46215e-02     1.77843e+03
    1.47165e-02     1.77962e+03
    1.48121e-02     1.78073e+03
    1.49083e-02     1.78178e+03
    1.50051e-02     1.78276e+03
    1.51026e-02     1.78368e+03
    1.52007e-02     1.78452e+03
    1.52994e-02     1.78529e+03
    1.53988e-02     1.78599e+03
    1.54988e-02     1.78661e+03
    1.55995e-02     1.78717e+03
    1.57008e-02     1.78765e+03
    1.58028e-02     1.78806e+03
    1.59055e-02     1.78840e+03
    1.60088e-02     1.78866e+03
    1.61128e-02     1.78884e+03
    1.62174e-02     1.78894e+03
    1.63228e-02     1.78897e+03
    1.64288e-02     1.78892e+03
    1.65355e-02     1.78879e+03
    1.66429e-02     1.78859e+03
    1.67510e-02     1.78830e+03
    1.68598e-02     1.78794e+03
    1.69693e-02     1.78750e+03
    1.70796e-02     1.78698e+03
    1.71905e-02     1.78637e+03
    1.73022e-02     1.78570e+03
    1.74145e-02     1.78493e+03
    1.75277e-02     1.78409e+03
    1.76415e-02     1.78315e+03
    1.77561e-02     1.78214e+03
    1.78714e-02     1.78104e+03
    1.79875e-02     1.77987e+03
    1.81044e-02     1.77861e+03
    1.82220e-02     1.77727e+03
    1.83403e-02     1.77584e+03
    1.84594e-02     1.77432e+03
    1.85794e-02     1.77272e+03
    1.87000e-02     1.77103e+03
    1.88215e-02     1.76926e+03
    1.89438e-02     1.76741e+03
    1.90668e-02     1.76546e+03
    1.91907e-02     1.76343e+03
    1.93153e-02     1.76130e+03
    1.94408e-02     1.75909e+03
    1.95671e-02     1.75680e+03
    1.96942e-02     1.75441e+03
    1.98221e-02     1.75193e+03
    1.99508e-02     1.74936e+03
    2.00804e-02     1.74671e+03
    2.02109e-02     1.74397e+03
    2.03421e-02     1.74114e+03
    2.04743e-02     1.73822e+03
    2.06073e-02     1.73522e+03
    2.07411e-02     1.73211e+03
    2.08758e-02     1.72893e+03
    2.10114e-02     1.72565e+03
    2.11479e-02     1.72229e+03
    2.12853e-02     1.71884e+03
    2.14236e-02     1.71530e+03
    2.15627e-02     1.71167e+03
    2.17028e-02     1.70796e+03
    2.18437e-02     1.70415e+03
    2.19856e-02     1.70026e+03
    2.21284e-02     1.69628e+03
    2.22722e-02     1.69222e+03
    2.24168e-02     1.68806e+03
    2.25625e-02     1.68382e+03
    2.27090e-02     1.67950e+03
    2.28565e-02     1.67508e+03
    2.30050e-02     1.67058e+03
    2.31544e-02     1.66600e+03
    2.33048e-02     1.66133e+03
    2.34562e-02     1.65658e+03
    2.36086e-02     1.65174e+03
    2.37619e-02     1.64682e+03
    2.39162e-02     1.64181e+03
    2.40716e-02     1.63673e+03
    2.42280e-02     1.63156e+03
    2.43853e-02     1.62630e+03
    2.45437e-02     1.62097e+03
    2.47032e-02     1.61556e+03
    2.48636e-02     1.61007e+03
    2.50251e-02     1.60450e+03
    2.51877e-02     1.59886e+03
    2.53513e-02     1.59314e+03
    2.55159e-02     1.58735e+03
    2.56817e-02     1.58148e+03
    2.58485e-02     1.57554e+03
    2.60164e-02     1.56952e+03
    2.61854e-02     1.56344e+03
    2.63555e-02     1.55729e+03
    2.65267e-02     1.55107e+03
    2.66990e-02     1.54477e+03
    2.68724e-02     1.53841e+03
    2.70470e-02     1.53200e+03
    2.72226e-02     1.52550e+03
    2.73995e-02     1.51896e+03
    2.75774e-02     1.51235e+03
    2.77566e-02     1.50568e+03
    2.79369e-02     1.49896e+03
    2.81183e-02     1.49217e+03
    2.83010e-02     1.48534e+03
    2.84848e-02     1.47845e+03
    2.86698e-02     1.47150e+03
    2.88561e-02     1.46450e+03
    2.90435e-02     1.45745e+03
    2.92321e-02     1.45036e+03
    2.94220e-02     1.44322e+03
    2.96131e-02     1.43604e+03
    2.98055e-02     1.42881e+03
    2.99991e-02     1.42154e+03
    3.01940e-02     1.41423e+03
    3.03901e-02     1.40689e+03
    3.05875e-02     1.39951e+03
    3.07862e-02     1.39210e+03
    3.09861e-02     1.38465e+03
    3.11874e-02     1.37718e+03
    3.13900e-02     1.36968e+03
    3.15939e-02     1.36216e+03
    3.17991e-02     1.35461e+03
    3.20057e-02     1.34704e+03
    3.22135e-02     1.33945e+03
    3.24228e-02     1.33184e+03
    3.26334e-02     1.32421e+03
    3.28454e-02     1.31658e+03
    3.30587e-02     1.30893e+03
    3.32735e-02     1.30127e+03
    3.34896e-02     1.29361e+03
    3.37071e-02     1.28594e+03
    3.39261e-02     1.27827e+03
    3.41464e-02     1.27060e+03
    3.43682e-02     1.26292e+03
    3.45915e-02     1.25526e+03
    3.48162e-02     1.24760e+03
    3.50423e-02     1.23995e+03
    3.52699e-02     1.23230e+03
    3.54990e-02     1.22467e+03
    3.57296e-02     1.21706e+03
    3.59617e-02     1.20947e+03
    3.61953e-02     1.20189e+03
    3.64304e-02     1.19433e+03
    3.66670e-02     1.18679e+03
    3.69052e-02     1.17928e+03
    3.71449e-02     1.17181e+03
    3.73862e-02     1.16435e+03
    3.76290e-02     1.15693e+03
    3.78735e-02     1.14955e+03
    3.81195e-02     1.14220e+03
    3.83671e-02     1.13488e+03
    3.86163e-02     1.12761e+03
    3.88671e-02     1.12038e+03
    3.91196e-02     1.11319e+03
    3.93737e-02     1.10604e+03
    3.96295e-02     1.09895e+03
    3.98869e-02     1.09191e+03
    4.01460e-02     1.08491e+03
    4.04067e-02     1.07797e+03
    4.06692e-02     1.07108e+03
    4.09334e-02     1.06425e+03
    4.11992e-02     1.05747e+03
    4.14669e-02     1.05075e+03
    4.17362e-02     1.04409e+03
    4.20073e-02     1.03750e+03
    4.22802e-02     1.03097e+03
    4.25548e-02     1.02450e+03
    4.28312e-02     1.01810e+03
    4.31094e-02     1.01177e+03
    4.33894e-02     1.00550e+03
    4.36713e-02     9.99307e+02
    4.39550e-02     9.93188e+02
    4.42405e-02     9.87135e+02
    4.45278e-02     9.81150e+02
    4.48171e-02     9.75242e+02
    4.51082e-02     9.69407e+02
    4.54012e-02     9.63647e+02
    4.56961e-02     9.57957e+02
    4.59929e-02     9.52341e+02
    4.62917e-02     9.46803e+02
    4.65923e-02     9.41339e+02
    4.68950e-02     9.35947e+02
    4.71996e-02     9.30637e+02
    4.75062e-02     9.25405e+02
    4.78148e-02     9.20243e+02
    4.81253e-02     9.15163e+02
    4.84379e-02     9.10156e+02
    4.87526e-02     9.05222e+02
    4.90692e-02     9.00364e+02
    4.93880e-02     8.95573e+02
    4.97088e-02     8.90860e+02
    5.00317e-02     8.86219e+02
    5.03566e-02     8.81643e+02
    5.06837e-02     8.77135e+02
    5.10130e-02     8.72701e+02
    5.13443e-02     8.68332e+02
    5.16778e-02     8.64031e+02
    5.20135e-02     8.59798e+02
    5.23514e-02     8.55626e+02
    5.26914e-02     8.51515e+02
    5.30337e-02     8.47466e+02
    5.33782e-02     8.43465e+02
    5.37249e-02     8.39526e+02
    5.40738e-02     8.35642e+02
    5.44251e-02     8.31802e+02
    5.47786e-02     8.28011e+02
    5.51344e-02     8.24270e+02
    5.54926e-02     8.20573e+02
    5.58530e-02     8.16912e+02
    5.62158e-02     8.13295e+02
    5.65810e-02     8.09709e+02
    5.69485e-02     8.06159e+02
    5.73184e-02     8.02635e+02
    5.76907e-02     7.99141e+02
    5.80654e-02     7.95665e+02
    5.84426e-02     7.92208e+02
    5.88222e-02     7.88768e+02
    5.92043e-02     7.85340e+02
    5.95889e-02     7.81925e+02
    5.99759e-02     7.78506e+02
    6.03655e-02     7.75094e+02
    6.07576e-02     7.71680e+02
    6.11523e-02     7.68265e+02
    6.15495e-02     7.64835e+02
    6.19493e-02     7.61390e+02
    6.23517e-02     7.57930e+02
    6.27567e-02     7.54455e+02
    6.31643e-02     7.50952e+02
    6.35746e-02     7.47422e+02
    6.39876e-02     7.43856e+02
    6.44032e-02     7.40255e+02
    6.48215e-02     7.36619e+02
    6.52426e-02     7.32936e+02
    6.56664e-02     7.29210e+02
    6.60929e-02     7.25435e+02
    6.65222e-02     7.21612e+02
    6.69543e-02     7.17728e+02
    6.73892e-02     7.13787e+02
    6.78270e-02     7.09786e+02
    6.82675e-02     7.05722e+02
    6.87110e-02     7.01583e+02
    6.91573e-02     6.97382e+02
    6.96065e-02     6.93105e+02
    7.00586e-02     6.88753e+02
    7.05137e-02     6.84334e+02
    7.09717e-02     6.79832e+02
    7.14327e-02     6.75263e+02
    7.18967e-02     6.70613e+02
    7.23637e-02     6.65882e+02
    7.28338e-02     6.61070e+02
    7.33069e-02     6.56178e+02
    7.37830e-02     6.51212e+02
    7.42623e-02     6.46161e+02
    7.47447e-02     6.41030e+02
    7.52302e-02     6.35828e+02
    7.57188e-02     6.30553e+02
    7.62107e-02     6.25202e+02
    7.67057e-02     6.19773e+02
    7.72039e-02     6.14280e+02
    7.77054e-02     6.08712e+02
    7.82102e-02     6.03083e+02
    7.87182e-02     5.97392e+02
    7.92295e-02     5.91640e+02
    7.97441e-02     5.85828e+02
    8.02621e-02     5.79971e+02
    8.07835e-02     5.74069e+02
    8.13082e-02     5.68122e+02
    8.18363e-02     5.62138e+02
    8.23679e-02     5.56119e+02
    8.29029e-02     5.50076e+02
    8.34414e-02     5.44005e+02
    8.39834e-02     5.37927e+02
    8.45290e-02     5.31835e+02
    8.50780e-02     5.25736e+02
    8.56306e-02     5.19637e+02
    8.61869e-02     5.13553e+02
    8.67467e-02     5.07477e+02
    8.73102e-02     5.01429e+02
    8.78773e-02     4.95402e+02
    8.84481e-02     4.89411e+02
    8.90226e-02     4.83461e+02
    8.96009e-02     4.77554e+02
    9.01829e-02     4.71708e+02
    9.07687e-02     4.65917e+02
    9.13583e-02     4.60188e+02
    9.19517e-02     4.54533e+02
    9.25490e-02     4.48958e+02
    9.31501e-02     4.43457e+02
    9.37552e-02     4.38049e+02
    9.43642e-02     4.32727e+02
    9.49771e-02     4.27503e+02
    9.55940e-02     4.22383e+02
    9.62150e-02     4.17373e+02
    9.68399e-02     4.12472e+02
    9.74690e-02     4.07687e+02
    9.81021e-02     4.03017e+02
    9.87393e-02     3.98472e+02
    9.93807e-02     3.94042e+02
    1.00026e-01     3.89742e+02
    1.00676e-01     3.85562e+02
    1.01330e-01     3.81506e+02
    1.01988e-01     3.77578e+02
    1.02651e-01     3.73783e+02
    1.03317e-01     3.70111e+02
    1.03988e-01     3.66576e+02
    1.04664e-01     3.63171e+02
    1.05344e-01     3.59887e+02
    1.06028e-01     3.56721e+02
    1.06717e-01     3.53679e+02
    1.07410e-01     3.50749e+02
    1.08108e-01     3.47935e+02
    1.08810e-01     3.45227e+02
    1.09517e-01     3.42622e+02
    1.10228e-01     3.40129e+02
    1.10944e-01     3.37727e+02
    1.11665e-01     3.35415e+02
    1.12390e-01     3.33185e+02
    1.13120e-01     3.31034e+02
    1.13855e-01     3.28954e+02
    1.14594e-01     3.26932e+02
    1.15339e-01     3.24967e+02
    1.16088e-01     3.23047e+02
    1.16842e-01     3.21176e+02
    1.17601e-01     3.19334e+02
    1.18365e-01     3.17517e+02
    1.19134e-01     3.15717e+02
    1.19907e-01     3.13921e+02
    1.20686e-01     3.12128e+02
    1.21470e-01     3.10328e+02
    1.22259e-01     3.08510e+02
    1.23053e-01     3.06668e+02
    1.23853e-01     3.04791e+02
    1.24657e-01     3.02876e+02
    1.25467e-01     3.00920e+02
    1.26282e-01     2.98910e+02
    1.27102e-01     2.96842e+02
    1.27928e-01     2.94712e+02
    1.28759e-01     2.92512e+02
    1.29595e-01     2.90235e+02
    1.30437e-01     2.87883e+02
    1.31284e-01     2.85451e+02
    1.32137e-01     2.82942e+02
    1.32995e-01     2.80352e+02
    1.33859e-01     2.77682e+02
    1.34728e-01     2.74931e+02
    1.35604e-01     2.72100e+02
    1.36484e-01     2.69187e+02
    1.37371e-01     2.66202e+02
    1.38263e-01     2.63146e+02
    1.39161e-01     2.60028e+02
    1.40065e-01     2.56852e+02
    1.40975e-01     2.53623e+02
    1.41891e-01     2.50346e+02
    1.42812e-01     2.47028e+02
    1.43740e-01     2.43679e+02
    1.44674e-01     2.40309e+02
    1.45614e-01     2.36924e+02
    1.46559e-01     2.33535e+02
    1.47511e-01     2.30152e+02
    1.48469e-01     2.26783e+02
    1.49434e-01     2.23437e+02
    1.50405e-01     2.20124e+02
    1.51381e-01     2.16849e+02
    1.52365e-01     2.13626e+02
    1.53354e-01     2.10459e+02
    1.54351e-01     2.07360e+02
    1.55353e-01     2.04334e+02
    1.56362e-01     2.01389e+02
    1.57378e-01     1.98530e+02
    1.58400e-01     1.95759e+02
    1.59429e-01     1.93084e+02
    1.60465e-01     1.90507e+02
    1.61507e-01     1.88034e+02
    1.62556e-01     1.85665e+02
    1.63612e-01     1.83402e+02
    1.64675e-01     1.81242e+02
    1.65744e-01     1.79184e+02
    1.66821e-01     1.77229e+02
    1.67905e-01     1.75374e+02
    1.68995e-01     1.73617e+02
    1.70093e-01     1.71952e+02
    1.71198e-01     1.70373e+02
    1.72310e-01     1.68873e+02
    1.73429e-01     1.67446e+02
    1.74556e-01     1.66087e+02
    1.75689e-01     1.64787e+02
    1.76831e-01     1.63539e+02
    1.77979e-01     1.62332e+02
    1.79135e-01     1.61158e+02
    1.80299e-01     1.60008e+02
    1.81470e-01     1.58873e+02
    1.82649e-01     1.57745e+02
    1.83835e-01     1.56613e+02
    1.85029e-01     1.55471e+02
    1.86231e-01     1.54309e+02
    1.87441e-01     1.53119e+02
    1.88658e-01     1.51894e+02
    1.89884e-01     1.50630e+02
    1.91117e-01     1.49321e+02
    1.92359e-01     1.47965e+02
    1.93608e-01     1.46553e+02
    1.94866e-01     1.45087e+02
    1.96131e-01     1.43565e+02
    1.97405e-01     1.41989e+02
    1.98688e-01     1.40360e+02
    1.99978e-01     1.38678e+02
    2.01277e-01     1.36948e+02
    2.02585e-01     1.35174e+02
    2.03901e-01     1.33364e+02
    2.05225e-01     1.31523e+02
    2.06558e-01     1.29659e+02
    2.07900e-01     1.27777e+02
    2.09250e-01     1.25887e+02
    2.10609e-01     1.23997e+02
    2.11977e-01     1.22116e+02
    2.13354e-01     1.20252e+02
    2.14740e-01     1.18412e+02
    2.16135e-01     1.16604e+02
    2.17539e-01     1.14836e+02
    2.18952e-01     1.13113e+02
    2.20374e-01     1.11443e+02
    2.21806e-01     1.09831e+02
    2.23246e-01     1.08277e+02
    2.24696e-01     1.06787e+02
    2.26156e-01     1.05364e+02
    2.27625e-01     1.04007e+02
    2.29104e-01     1.02716e+02
    2.30592e-01     1.01488e+02
    2.32089e-01     1.00323e+02
    2.33597e-01     9.92186e+01
    2.35114e-01     9.81685e+01
    2.36642e-01     9.71683e+01
    2.38179e-01     9.62116e+01
    2.39726e-01     9.52936e+01
    2.41283e-01     9.44072e+01
    2.42850e-01     9.35449e+01
    2.44428e-01     9.26995e+01
    2.46015e-01     9.18643e+01
    2.47613e-01     9.10322e+01
    2.49222e-01     9.01976e+01
    2.50841e-01     8.93534e+01
    2.52470e-01     8.84936e+01
    2.54110e-01     8.76146e+01
    2.55760e-01     8.67126e+01
    2.57422e-01     8.57856e+01
    2.59094e-01     8.48305e+01
    2.60777e-01     8.38474e+01
    2.62471e-01     8.28371e+01
    2.64176e-01     8.18007e+01
    2.65892e-01     8.07404e+01
    2.67619e-01     7.96596e+01
    2.69357e-01     7.85636e+01
    2.71107e-01     7.74560e+01
    2.72868e-01     7.63421e+01
    2.74640e-01     7.52278e+01
    2.76424e-01     7.41192e+01
    2.78219e-01     7.30213e+01
    2.80027e-01     7.19398e+01
    2.81846e-01     7.08793e+01
    2.83676e-01     6.98449e+01
    2.85519e-01     6.88405e+01
    2.87374e-01     6.78684e+01
    2.89240e-01     6.69310e+01
    2.91119e-01     6.60305e+01
    2.93010e-01     6.51668e+01
    2.94913e-01     6.43387e+01
    2.96829e-01     6.35458e+01
    2.98757e-01     6.27859e+01
    3.00698e-01     6.20556e+01
    3.02651e-01     6.13517e+01
    3.04617e-01     6.06708e+01
    3.06595e-01     6.00076e+01
    3.08587e-01     5.93583e+01
    3.10591e-01     5.87184e+01
    3.12609e-01     5.80835e+01
    3.14639e-01     5.74498e+01
    3.16683e-01     5.68130e+01
    3.18740e-01     5.61705e+01
    3.20810e-01     5.55205e+01
    3.22894e-01     5.48604e+01
    3.24992e-01     5.41898e+01
    3.27103e-01     5.35087e+01
    3.29227e-01     5.28178e+01
    3.31366e-01     5.21178e+01
    3.33518e-01     5.14115e+01
    3.35685e-01     5.07016e+01
    3.37865e-01     4.99907e+01
    3.40060e-01     4.92819e+01
    3.42269e-01     4.85788e+01
    3.44492e-01     4.78835e+01
    3.46729e-01     4.72001e+01
    3.48982e-01     4.65311e+01
    3.51248e-01     4.58782e+01
    3.53530e-01     4.52433e+01
    3.55826e-01     4.46270e+01
    3.58138e-01     4.40308e+01
    3.60464e-01     4.34533e+01
    3.62805e-01     4.28946e+01
    3.65162e-01     4.23527e+01
    3.67534e-01     4.18262e+01
    3.69921e-01     4.13129e+01
    3.72324e-01     4.08108e+01
    3.74743e-01     4.03169e+01
    3.77177e-01     3.98292e+01
    3.79627e-01     3.93456e+01
    3.82093e-01     3.88637e+01
    3.84574e-01     3.83821e+01
    3.87072e-01     3.78991e+01
    3.89587e-01     3.74145e+01
    3.92117e-01     3.69280e+01
    3.94664e-01     3.64392e+01
    3.97228e-01     3.59492e+01
    3.99808e-01     3.54592e+01
    4.02405e-01     3.49699e+01
    4.05019e-01     3.44832e+01
    4.07650e-01     3.40009e+01
    4.10298e-01     3.35247e+01
    4.12963e-01     3.30554e+01
    4.15645e-01     3.25951e+01
    4.18345e-01     3.21440e+01
    4.21062e-01     3.17031e+01
    4.23797e-01     3.12729e+01
    4.26550e-01     3.08527e+01
    4.29321e-01     3.04430e+01
    4.32110e-01     3.00422e+01
    4.34916e-01     2.96499e+01
    4.37741e-01     2.92648e+01
    4.40585e-01     2.88854e+01
    4.43447e-01     2.85114e+01
    4.46327e-01     2.81407e+01
    4.49226e-01     2.77733e+01
    4.52144e-01     2.74076e+01
    4.55081e-01     2.70435e+01
    4.58037e-01     2.66810e+01
    4.61012e-01     2.63196e+01
    4.64007e-01     2.59603e+01
    4.67021e-01     2.56027e+01
    4.70054e-01     2.52481e+01
    4.73108e-01     2.48973e+01
    4.76181e-01     2.45503e+01
    4.79274e-01     2.42082e+01
    4.82387e-01     2.38716e+01
    4.85520e-01     2.35411e+01
    4.88674e-01     2.32167e+01
    4.91848e-01     2.28984e+01
    4.95043e-01     2.25858e+01
    4.98259e-01     2.22789e+01
    5.01495e-01     2.19775e+01
    5.04753e-01     2.16807e+01
    5.08031e-01     2.13880e+01
    5.11331e-01     2.10989e+01
    5.14653e-01     2.08133e+01
    5.17995e-01     2.05302e+01
    5.21360e-01     2.02495e+01
    5.24747e-01     1.99713e+01
    5.28155e-01     1.96958e+01
    5.31586e-01     1.94225e+01
    5.35039e-01     1.91521e+01
    5.38514e-01     1.88847e+01
    5.42012e-01     1.86204e+01
    5.45533e-01     1.83597e+01
    5.49076e-01     1.81030e+01
    5.52643e-01     1.78501e+01
    5.56233e-01     1.76009e+01
    5.59846e-01     1.73561e+01
    5.63482e-01     1.71150e+01
    5.67142e-01     1.68776e+01
    5.70826e-01     1.66436e+01
    5.74534e-01     1.64130e+01
    5.78266e-01     1.61855e+01
    5.82022e-01     1.59605e+01
    5.85803e-01     1.57385e+01
    5.89608e-01     1.55187e+01
    5.93437e-01     1.53013e+01
    5.97292e-01     1.50865e+01
    6.01172e-01     1.48741e+01
    6.05077e-01     1.46645e+01
    6.09007e-01     1.44576e+01
    6.12963e-01     1.42534e+01
    6.16945e-01     1.40520e+01
    6.20952e-01     1.38536e+01
    6.24985e-01     1.36580e+01
    6.29045e-01     1.34652e+01
    6.33131e-01     1.32750e+01
    6.37244e-01     1.30874e+01
    6.41383e-01     1.29023e+01
    6.45549e-01     1.27198e+01
    6.49742e-01     1.25398e+01
    6.53963e-01     1.23623e+01
    6.58210e-01     1.21871e+01
    6.62486e-01     1.20143e+01
    6.66789e-01     1.18438e+01
    6.71120e-01     1.16756e+01
    6.75479e-01     1.15097e+01
    6.79867e-01     1.13459e+01
    6.84283e-01     1.11843e+01
    6.88728e-01     1.10249e+01
    6.93202e-01     1.08676e+01
    6.97704e-01     1.07124e+01
    7.02236e-01     1.05593e+01
    7.06798e-01     1.04083e+01
    7.11389e-01     1.02593e+01
    7.16010e-01     1.01123e+01
    7.20661e-01     9.96733e+00
    7.25342e-01     9.82431e+00
    7.30053e-01     9.68323e+00
    7.34795e-01     9.54410e+00
    7.39568e-01     9.40686e+00
    7.44372e-01     9.27151e+00
    7.49207e-01     9.13799e+00
    7.54074e-01     9.00634e+00
    7.58972e-01     8.87648e+00
    7.63902e-01     8.74840e+00
    7.68864e-01     8.62208e+00
    7.73858e-01     8.49751e+00
    7.78884e-01     8.37465e+00
    7.83944e-01     8.25348e+00
    7.89036e-01     8.13400e+00
    7.94161e-01     8.01613e+00
    7.99320e-01     7.89992e+00
    8.04512e-01     7.78530e+00
    8.09737e-01     7.67223e+00
    8.14997e-01     7.56076e+00
    8.20291e-01     7.45083e+00
    8.25619e-01     7.34242e+00
    8.30982e-01     7.23551e+00
    8.36380e-01     7.13009e+00
    8.41812e-01     7.02614e+00
    8.47280e-01     6.92362e+00
    8.52784e-01     6.82256e+00
    8.58323e-01     6.72290e+00
    8.63899e-01     6.62463e+00
    8.69510e-01     6.52771e+00
    8.75158e-01     6.43219e+00
    8.80843e-01     6.33797e+00
    8.86564e-01     6.24510e+00
    8.92323e-01     6.15351e+00
    8.98119e-01     6.06321e+00
    9.03953e-01     5.97421e+00
    9.09825e-01     5.88642e+00
    9.15734e-01     5.79988e+00
    9.21683e-01     5.71457e+00
    9.27669e-01     5.63045e+00
    9.33695e-01     5.54753e+00
    9.39760e-01     5.46577e+00
    9.45864e-01     5.38516e+00
    9.52008e-01     5.30569e+00
    9.58192e-01     5.22736e+00
    9.64416e-01     5.15012e+00
    9.70680e-01     5.07397e+00
    9.76985e-01     4.99893e+00
    9.83332e-01     4.92492e+00
    9.89719e-01     4.85199e+00
    9.96148e-01     4.78010e+00
    1.00262e+00     4.70923e+00
    1.00913e+00     4.63935e+00
    1.01569e+00     4.57049e+00
    1.02228e+00     4.50256e+00
    1.02892e+00     4.43563e+00
    1.03561e+00     4.36969e+00
    1.04233e+00     4.30464e+00
    1.04910e+00     4.24053e+00
    1.05592e+00     4.17736e+00
    1.06278e+00     4.11507e+00
    1.06968e+00     4.05366e+00
    1.07663e+00     3.99314e+00
    1.08362e+00     3.93348e+00
    1.09066e+00     3.87467e+00
    1.09775e+00     3.81673e+00
    1.10488e+00     3.75960e+00
    1.11205e+00     3.70328e+00
    1.11928e+00     3.64781e+00
    1.12655e+00     3.59312e+00
    1.13386e+00     3.53918e+00
    1.14123e+00     3.48608e+00
    1.14864e+00     3.43372e+00
    1.15610e+00     3.38213e+00
    1.16361e+00     3.33130e+00
    1.17117e+00     3.28121e+00
    1.17878e+00     3.23184e+00
    1.18643e+00     3.18318e+00
    1.19414e+00     3.13525e+00
    1.20190e+00     3.08802e+00
    1.20970e+00     3.04145e+00
    1.21756e+00     2.99559e+00
    1.22547e+00     2.95039e+00
    1.23343e+00     2.90584e+00
    1.24144e+00     2.86196e+00
    1.24951e+00     2.81874e+00
    1.25762e+00     2.77611e+00
    1.26579e+00     2.73412e+00
    1.27401e+00     2.69273e+00
    1.28229e+00     2.65198e+00
    1.29062e+00     2.61181e+00
    1.29900e+00     2.57221e+00
    1.30744e+00     2.53321e+00
    1.31593e+00     2.49476e+00
    1.32448e+00     2.45689e+00
    1.33308e+00     2.41955e+00
    1.34174e+00     2.38276e+00
    1.35046e+00     2.34652e+00
    1.35923e+00     2.31080e+00
    1.36806e+00     2.27560e+00
    1.37695e+00     2.24092e+00
    1.38589e+00     2.20676e+00
    1.39489e+00     2.17309e+00
    1.40395e+00     2.13992e+00
    1.41307e+00     2.10723e+00
    1.42225e+00     2.07504e+00
    1.43149e+00     2.04333e+00
    1.44079e+00     2.01208e+00
    1.45015e+00     1.98129e+00
    1.45956e+00     1.95096e+00
    1.46905e+00     1.92109e+00
    1.47859e+00     1.89166e+00
    1.48819e+00     1.86265e+00
    1.49786e+00     1.83410e+00
    1.50759e+00     1.80597e+00
    1.51738e+00     1.77824e+00
    1.52724e+00     1.75095e+00
    1.53716e+00     1.72405e+00
    1.54714e+00     1.69755e+00
    1.55719e+00     1.67146e+00
    1.56731e+00     1.64576e+00
    1.57749e+00     1.62044e+00
    1.58773e+00     1.59549e+00
    1.59805e+00     1.57094e+00
    1.60843e+00     1.54672e+00
    1.61887e+00     1.52288e+00
    1.62939e+00     1.49940e+00
    1.63997e+00     1.47626e+00
    1.65063e+00     1.45347e+00
    1.66135e+00     1.43102e+00
    1.67214e+00     1.40888e+00
    1.68300e+00     1.38710e+00
    1.69393e+00     1.36563e+00
    1.70494e+00     1.34450e+00
    1.71601e+00     1.32366e+00
    1.72716e+00     1.30315e+00
    1.73838e+00     1.28295e+00
    1.74967e+00     1.26304e+00
    1.76103e+00     1.24344e+00
    1.77247e+00     1.22413e+00
    1.78398e+00     1.20512e+00
    1.79557e+00     1.18639e+00
    1.80724e+00     1.16796e+00
    1.81897e+00     1.14979e+00
    1.83079e+00     1.13190e+00
    1.84268e+00     1.11429e+00
    1.85465e+00     1.09695e+00
    1.86670e+00     1.07986e+00
    1.87882e+00     1.06303e+00
    1.89103e+00     1.04648e+00
    1.90331e+00     1.03016e+00
    1.91567e+00     1.01408e+00
    1.92812e+00     9.98265e-01
    1.94064e+00     9.82681e-01
    1.95325e+00     9.67340e-01
    1.96593e+00     9.52229e-01
    1.97870e+00     9.37358e-01
    1.99156e+00     9.22699e-01
    2.00449e+00     9.08268e-01
    2.01751e+00     8.94059e-01
    2.03062e+00     8.80072e-01
    2.04381e+00     8.66287e-01
    2.05708e+00     8.52716e-01
    2.07045e+00     8.39354e-01
    2.08389e+00     8.26176e-01
    2.09743e+00     8.13216e-01
    2.11105e+00     8.00442e-01
    2.12477e+00     7.87871e-01
    2.13857e+00     7.75495e-01
    2.15246e+00     7.63305e-01
    2.16644e+00     7.51288e-01
    2.18051e+00     7.39465e-01
    2.19468e+00     7.27829e-01
    2.20893e+00     7.16359e-01
    2.22328e+00     7.05083e-01
    2.23772e+00     6.93964e-01
    2.25226e+00     6.83026e-01
    2.26689e+00     6.72253e-01
    2.28161e+00     6.61645e-01
    2.29643e+00     6.51203e-01
    2.31135e+00     6.40927e-01
    2.32636e+00     6.30801e-01
    2.34147e+00     6.20838e-01
    2.35668e+00     6.11026e-01
    2.37199e+00     6.01365e-01
    2.38740e+00     5.91864e-01
    2.40290e+00     5.82498e-01
    2.41851e+00     5.73282e-01
    2.43422e+00     5.64213e-01
    2.45003e+00     5.55278e-01
    2.46595e+00     5.46480e-01
    2.48197e+00     5.37825e-01
    2.49809e+00     5.29299e-01
    2.51431e+00     5.20906e-01
    2.53065e+00     5.12645e-01
    2.54708e+00     5.04509e-01
    2.56363e+00     4.96500e-01
    2.58028e+00     4.88614e-01
    2.59704e+00     4.80848e-01
    2.61391e+00     4.73204e-01
    2.63089e+00     4.65676e-01
    2.64798e+00     4.58266e-01
    2.66518e+00     4.50970e-01
    2.68249e+00     4.43786e-01
    2.69991e+00     4.36715e-01
    2.71745e+00     4.29754e-01
    2.73510e+00     4.22902e-01
    2.75287e+00     4.16156e-01
    2.77075e+00     4.09515e-01
    2.78875e+00     4.02979e-01
    2.80686e+00     3.96543e-01
    2.82509e+00     3.90210e-01
    2.84344e+00     3.83976e-01
    2.86191e+00     3.77839e-01
    2.88050e+00     3.71799e-01
    2.89921e+00     3.65854e-01
    2.91805e+00     3.60004e-01
    2.93700e+00     3.54244e-01
    2.95608e+00     3.48576e-01
    2.97528e+00     3.42996e-01
    2.99461e+00     3.37504e-01
    3.01406e+00     3.32099e-01
    3.03364e+00     3.26779e-01
    3.05334e+00     3.21542e-01
    3.07317e+00     3.16388e-01
    3.09314e+00     3.11315e-01
    3.11323e+00     3.06322e-01
    3.13345e+00     3.01407e-01
    3.15380e+00     2.96569e-01
    3.17429e+00     2.91807e-01
    3.19491e+00     2.87120e-01
    3.21566e+00     2.82505e-01
    3.23655e+00     2.77963e-01
    3.25757e+00     2.73491e-01
    3.27873e+00     2.69089e-01
    3.30003e+00     2.64757e-01
    3.32146e+00     2.60493e-01
    3.34304e+00     2.56295e-01
    3.36475e+00     2.52163e-01
    3.38661e+00     2.48097e-01
    3.40861e+00     2.44095e-01
    3.43075e+00     2.40156e-01
    3.45303e+00     2.36280e-01
    3.47546e+00     2.32465e-01
    3.49804e+00     2.28711e-01
    3.52076e+00     2.25016e-01
    3.54363e+00     2.21380e-01
    3.56664e+00     2.17801e-01
    3.58981e+00     2.14280e-01
    3.61313e+00     2.10815e-01
    3.63660e+00     2.07405e-01
    3.66022e+00     2.04050e-01
    3.68400e+00     2.00748e-01
    3.70793e+00     1.97498e-01
    3.73201e+00     1.94301e-01
    3.75625e+00     1.91155e-01
    3.78065e+00     1.88059e-01
    3.80521e+00     1.85012e-01
    3.82993e+00     1.82013e-01
    3.85480e+00     1.79063e-01
    3.87984e+00     1.76159e-01
    3.90504e+00     1.73302e-01
    3.93041e+00     1.70490e-01
    3.95594e+00     1.67723e-01
    3.98163e+00     1.65000e-01
    4.00750e+00     1.62320e-01
    4.03353e+00     1.59682e-01
    4.05973e+00     1.57086e-01
    4.08610e+00     1.54531e-01
    4.11264e+00     1.52017e-01
    4.13935e+00     1.49542e-01
    4.16624e+00     1.47107e-01
    4.19330e+00     1.44711e-01
    4.22054e+00     1.42353e-01
    4.24796e+00     1.40033e-01
    4.27555e+00     1.37749e-01
    4.30332e+00     1.35502e-01
    4.33127e+00     1.33292e-01
    4.35941e+00     1.31117e-01
    4.38772e+00     1.28977e-01
    4.41622e+00     1.26871e-01
    4.44491e+00     1.24800e-01
    4.47378e+00     1.22762e-01
    4.50284e+00     1.20756e-01
    4.53209e+00     1.18783e-01
    4.56153e+00     1.16842e-01
    4.59116e+00     1.14932e-01
    4.62098e+00     1.13053e-01
    4.65100e+00     1.11204e-01
    4.68121e+00     1.09386e-01
    4.71161e+00     1.07596e-01
    4.74222e+00     1.05836e-01
    4.77302e+00     1.04104e-01
    4.80403e+00     1.02400e-01
    4.83523e+00     1.00723e-01
    4.86664e+00     9.90735e-02
    4.89825e+00     9.74505e-02
    4.93007e+00     9.58531e-02
    4.96209e+00     9.42820e-02
    4.99432e+00     9.27355e-02
    5.02676e+00     9.12140e-02
    5.05941e+00     8.97167e-02
    5.09228e+00     8.82437e-02
    5.12535e+00     8.67938e-02
    5.15865e+00     8.53681e-02
    5.19215e+00     8.39645e-02
    5.22588e+00     8.25835e-02
    5.25983e+00     8.12254e-02
    5.29399e+00     7.98887e-02
    5.32838e+00     7.85741e-02
    5.36299e+00     7.72801e-02
    5.39782e+00     7.60078e-02
    5.43289e+00     7.47556e-02
    5.46818e+00     7.35242e-02
    5.50370e+00     7.23124e-02
    5.53944e+00     7.11207e-02
    5.57543e+00     6.99485e-02
    5.61164e+00     6.87950e-02
    5.64809e+00     6.76607e-02
    5.68478e+00     6.65445e-02
    5.72171e+00     6.54466e-02
    5.75887e+00     6.43670e-02
    5.79628e+00     6.33046e-02
    5.83393e+00     6.22603e-02
    5.87182e+00     6.12323e-02
    5.90996e+00     6.02211e-02
    5.94835e+00     5.92267e-02
    5.98699e+00     5.82483e-02
    6.02588e+00     5.72860e-02
    6.06502e+00     5.63395e-02
    6.10442e+00     5.54083e-02
    6.14407e+00     5.44923e-02
    6.18398e+00     5.35909e-02
    6.22414e+00     5.27044e-02
    6.26457e+00     5.18318e-02
    6.30527e+00     5.09737e-02
    6.34622e+00     5.01297e-02
    6.38744e+00     4.92988e-02
    6.42893e+00     4.84816e-02
    6.47069e+00     4.76778e-02
    6.51272e+00     4.68870e-02
    6.55503e+00     4.61090e-02
    6.59761e+00     4.53438e-02
    6.64046e+00     4.45907e-02
    6.68359e+00     4.38503e-02
    6.72701e+00     4.31219e-02
    6.77070e+00     4.24055e-02
    6.81468e+00     4.17011e-02
    6.85895e+00     4.10080e-02
    6.90350e+00     4.03267e-02
    6.94834e+00     3.96561e-02
    6.99348e+00     3.89968e-02
    7.03890e+00     3.83484e-02
    7.08462e+00     3.77107e-02
    7.13064e+00     3.70834e-02
    7.17696e+00     3.64662e-02
    7.22358e+00     3.58598e-02
    7.27050e+00     3.52627e-02
    7.31773e+00     3.46760e-02
    7.36526e+00     3.40985e-02
    7.41310e+00     3.35311e-02
    7.46125e+00     3.29725e-02
    7.50972e+00     3.24234e-02
    7.55850e+00     3.18834e-02
    7.60759e+00     3.13520e-02
    7.65701e+00     3.08295e-02
    7.70675e+00     3.03155e-02
    7.75680e+00     2.98099e-02
    7.80719e+00     2.93127e-02
    7.85790e+00     2.88234e-02
    7.90894e+00     2.83423e-02
    7.96032e+00     2.78686e-02
    8.01202e+00     2.74031e-02
    8.06407e+00     2.69453e-02
    8.11645e+00     2.64948e-02
    8.16917e+00     2.60518e-02
    8.22223e+00     2.56160e-02
    8.27564e+00     2.51874e-02
    8.32939e+00     2.47657e-02
    8.38350e+00     2.43512e-02
    8.43795e+00     2.39436e-02
    8.49276e+00     2.35425e-02
    8.54793e+00     2.31484e-02
    8.60345e+00     2.27607e-02
    8.65933e+00     2.23790e-02
    8.71558e+00     2.20042e-02
    8.77219e+00     2.16356e-02
    8.82917e+00     2.12730e-02
    8.88652e+00     2.09163e-02
    8.94425e+00     2.05658e-02
    9.00234e+00     2.02207e-02
    9.06082e+00     1.98818e-02
    9.11967e+00     1.95486e-02
    9.17891e+00     1.92203e-02
    9.23853e+00     1.88981e-02
    9.29854e+00     1.85810e-02
    9.35894e+00     1.82692e-02
    9.41973e+00     1.79626e-02
    9.48092e+00     1.76611e-02
    9.54250e+00     1.73645e-02
    9.60449e+00     1.70729e-02
    9.66687e+00     1.67861e-02
    9.72967e+00     1.65040e-02
    9.79287e+00     1.62266e-02
    9.85648e+00     1.59537e-02
    9.92050e+00     1.56853e-02
    9.98494e+00     1.54213e-02
    1.00498e+01     1.51617e-02
    1.01151e+01     1.49064e-02
    1.01808e+01     1.46553e-02
    1.02469e+01     1.44084e-02
    1.03135e+01     1.41656e-02
    1.03805e+01     1.39269e-02
    1.04479e+01     1.36920e-02
    1.05157e+01     1.34611e-02
    1.05841e+01     1.32342e-02
    1.06528e+01     1.30109e-02
    1.07220e+01     1.27914e-02
    1.07916e+01     1.25755e-02
    1.08617e+01     1.23633e-02
    1.09323e+01     1.21548e-02
    1.10033e+01     1.19496e-02
    1.10748e+01     1.17479e-02
    1.11467e+01     1.15496e-02
    1.12191e+01     1.13546e-02
    1.12920e+01     1.11629e-02
    1.13653e+01     1.09743e-02
    1.14392e+01     1.07891e-02
    1.15135e+01     1.06068e-02
    1.15883e+01     1.04277e-02
    1.16635e+01     1.02514e-02
    1.17393e+01     1.00782e-02
    1.18155e+01     9.90787e-03
    1.18923e+01     9.74042e-03
    1.19695e+01     9.57569e-03
    1.20473e+01     9.41376e-03
    1.21255e+01     9.25448e-03
    1.22043e+01     9.09789e-03
    1.22836e+01     8.94390e-03
    1.23634e+01     8.79243e-03
    1.24437e+01     8.64347e-03
    1.25245e+01     8.49697e-03
    1.26059e+01     8.35295e-03
    1.26877e+01     8.21127e-03
    1.27701e+01     8.07200e-03
    1.28531e+01     7.93509e-03
    1.29366e+01     7.80048e-03
    1.30206e+01     7.66806e-03
    1.31052e+01     7.53792e-03
    1.31903e+01     7.40995e-03
    1.32760e+01     7.28415e-03
    1.33622e+01     7.16045e-03
    1.34490e+01     7.03883e-03
    1.35364e+01     6.91929e-03
    1.36243e+01     6.80175e-03
    1.37128e+01     6.68622e-03
    1.38019e+01     6.57263e-03
    1.38915e+01     6.46093e-03
    1.39818e+01     6.35116e-03
    1.40726e+01     6.24323e-03
    1.41640e+01     6.13712e-03
    1.42560e+01     6.03279e-03
    1.43486e+01     5.93024e-03
    1.44418e+01     5.82944e-03
    1.45356e+01     5.73032e-03
    1.46300e+01     5.63286e-03
    1.47251e+01     5.53707e-03
    1.48207e+01     5.44287e-03
    1.49170e+01     5.35028e-03
    1.50139e+01     5.25921e-03
    1.51114e+01     5.16968e-03
    1.52095e+01     5.08163e-03
    1.53083e+01     4.99507e-03
    1.54078e+01     4.90997e-03
    1.55079e+01     4.82627e-03
    1.56086e+01     4.74398e-03
    1.57100e+01     4.66307e-03
    1.58120e+01     4.58351e-03
    1.59147e+01     4.50528e-03
    1.60181e+01     4.42838e-03
    1.61221e+01     4.35277e-03
    1.62269e+01     4.27847e-03
    1.63323e+01     4.20540e-03
    1.64384e+01     4.13358e-03
    1.65451e+01     4.06296e-03
    1.66526e+01     3.99355e-03
    1.67608e+01     3.92530e-03
    1.68696e+01     3.85823e-03
    1.69792e+01     3.79230e-03
    1.70895e+01     3.72748e-03
    1.72005e+01     3.66377e-03
    1.73122e+01     3.60114e-03
    1.74247e+01     3.53959e-03
    1.75379e+01     3.47909e-03
    1.76518e+01     3.41961e-03
    1.77665e+01     3.36113e-03
    1.78819e+01     3.30366e-03
    1.79980e+01     3.24716e-03
    1.81149e+01     3.19162e-03
    1.82326e+01     3.13703e-03
    1.83510e+01     3.08336e-03
    1.84702e+01     3.03060e-03
    1.85902e+01     2.97873e-03
    1.87109e+01     2.92773e-03
    1.88325e+01     2.87761e-03
    1.89548e+01     2.82833e-03
    1.90779e+01     2.77987e-03
    1.92019e+01     2.73223e-03
    1.93266e+01     2.68540e-03
    1.94521e+01     2.63933e-03
    1.95785e+01     2.59406e-03
    1.97056e+01     2.54956e-03
    1.98336e+01     2.50580e-03
    1.99625e+01     2.46278e-03
    2.00921e+01     2.42049e-03
    2.02226e+01     2.37892e-03
    2.03540e+01     2.33807e-03
    2.04862e+01     2.29790e-03
    2.06193e+01     2.25842e-03
    2.07532e+01     2.21961e-03
    2.08880e+01     2.18146e-03
    2.10237e+01     2.14398e-03
    2.11603e+01     2.10713e-03
    2.12977e+01     2.07091e-03
    2.14360e+01     2.03531e-03
    2.15753e+01     2.00032e-03
    2.17154e+01     1.96593e-03
    2.18565e+01     1.93214e-03
    2.19985e+01     1.89893e-03
    2.21413e+01     1.86627e-03
    2.22852e+01     1.83418e-03
    2.24299e+01     1.80264e-03
    2.25756e+01     1.77163e-03
    2.27223e+01     1.74116e-03
    2.28698e+01     1.71120e-03
    2.30184e+01     1.68176e-03
    2.31679e+01     1.65281e-03
    2.33184e+01     1.62437e-03
    2.34699e+01     1.59640e-03
    2.36223e+01     1.56892e-03
    2.37758e+01     1.54190e-03
    2.39302e+01     1.51532e-03
    2.40856e+01     1.48919e-03
    2.42421e+01     1.46352e-03
    2.43996e+01     1.43829e-03
    2.45580e+01     1.41347e-03
    2.47176e+01     1.38907e-03
    2.48781e+01     1.36510e-03
    2.50397e+01     1.34154e-03
    2.52024e+01     1.31837e-03
    2.53661e+01     1.29561e-03
    2.55308e+01     1.27322e-03
    2.56967e+01     1.25124e-03
    2.58636e+01     1.22961e-03
    2.60316e+01     1.20837e-03
    2.62007e+01     1.18749e-03
    2.63709e+01     1.16698e-03
    2.65421e+01     1.14680e-03
    2.67146e+01     1.12699e-03
    2.68881e+01     1.10752e-03
    2.70627e+01     1.08837e-03
    2.72385e+01     1.06956e-03
    2.74154e+01     1.05106e-03
    2.75935e+01     1.03290e-03
    2.77728e+01     1.01504e-03
    2.79532e+01     9.97495e-04
    2.81347e+01     9.80240e-04
    2.83175e+01     9.63291e-04
    2.85014e+01     9.46640e-04
    2.86866e+01     9.30263e-04
    2.88729e+01     9.14165e-04
    2.90604e+01     8.98347e-04
    2.92492e+01     8.82811e-04
    2.94392e+01     8.67523e-04
    2.96304e+01     8.52510e-04
    2.98229e+01     8.37743e-04
    3.00166e+01     8.23219e-04
    3.02116e+01     8.08953e-04
    3.04078e+01     7.94926e-04
    3.06053e+01     7.81139e-04
    3.08041e+01     7.67590e-04
    3.10042e+01     7.54278e-04
    3.12056e+01     7.41187e-04
    3.14083e+01     7.28316e-04
    3.16123e+01     7.15676e-04
    3.18176e+01     7.03253e-04
    3.20243e+01     6.91047e-04
    3.22323e+01     6.79041e-04
    3.24417e+01     6.67248e-04
    3.26524e+01     6.55653e-04
    3.28645e+01     6.44269e-04
    3.30780e+01     6.33078e-04
    3.32929e+01     6.22081e-04
    3.35091e+01     6.11273e-04
    3.37268e+01     6.00653e-04
    3.39458e+01     5.90216e-04
    3.41663e+01     5.79960e-04
    3.43883e+01     5.69884e-04
    3.46116e+01     5.59980e-04
    3.48365e+01     5.50249e-04
    3.50627e+01     5.40686e-04
    3.52905e+01     5.31289e-04
    3.55197e+01     5.22053e-04
    3.57505e+01     5.12977e-04
    3.59827e+01     5.04059e-04
    3.62164e+01     4.95292e-04
    3.64516e+01     4.86677e-04
    3.66884e+01     4.78209e-04
    3.69267e+01     4.69887e-04
    3.71666e+01     4.61707e-04
    3.74080e+01     4.53667e-04
    3.76510e+01     4.45764e-04
    3.78956e+01     4.37998e-04
    3.81417e+01     4.30363e-04
    3.83895e+01     4.22860e-04
    3.86388e+01     4.15486e-04
    3.88898e+01     4.08239e-04
    3.91424e+01     4.01117e-04
    3.93967e+01     3.94119e-04
    3.96526e+01     3.87242e-04
    3.99101e+01     3.80483e-04
    4.01694e+01     3.73842e-04
    4.04303e+01     3.67315e-04
    4.06929e+01     3.60903e-04
    4.09572e+01     3.54602e-04
    4.12233e+01     3.48410e-04
    4.14910e+01     3.42327e-04
    4.17605e+01     3.36348e-04
    4.20318e+01     3.30475e-04
    4.23048e+01     3.24704e-04
    4.25796e+01     3.19032e-04
    4.28562e+01     3.13460e-04
    4.31346e+01     3.07985e-04
    4.34147e+01     3.02604e-04
    4.36968e+01     2.97319e-04
    4.39806e+01     2.92124e-04
    4.42663e+01     2.87020e-04
    4.45538e+01     2.82003e-04
    4.48432e+01     2.77074e-04
    4.51345e+01     2.72230e-04
    4.54277e+01     2.67471e-04
    4.57227e+01     2.62793e-04
    4.60197e+01     2.58195e-04
    4.63186e+01     2.53676e-04
    4.66195e+01     2.49235e-04
    4.69223e+01     2.44871e-04
    4.72271e+01     2.40581e-04
    4.75339e+01     2.36365e-04
    4.78426e+01     2.32221e-04
    4.81534e+01     2.28151e-04
    4.84662e+01     2.24149e-04
    4.87810e+01     2.20217e-04
    4.90979e+01     2.16354e-04
    4.94168e+01     2.12558e-04
    4.97378e+01     2.08827e-04
    5.00608e+01     2.05162e-04
    5.03860e+01     2.01561e-04
    5.07133e+01     1.98022e-04
    5.10427e+01     1.94546e-04
    5.13743e+01     1.91131e-04
    5.17080e+01     1.87775e-04
    5.20438e+01     1.84478e-04
    5.23819e+01     1.81239e-04
    5.27221e+01     1.78056e-04
    5.30646e+01     1.74929e-04
    5.34093e+01     1.71858e-04
    5.37562e+01     1.68840e-04
    5.41054e+01     1.65875e-04
    5.44568e+01     1.62962e-04
    5.48106e+01     1.60101e-04
    5.51666e+01     1.57288e-04
    5.55249e+01     1.54526e-04
    5.58856e+01     1.51812e-04
    5.62486e+01     1.49145e-04
    5.66140e+01     1.46524e-04
    5.69817e+01     1.43950e-04
    5.73518e+01     1.41420e-04
    5.77244e+01     1.38934e-04
    5.80993e+01     1.36492e-04
    5.84767e+01     1.34091e-04
    5.88565e+01     1.31732e-04
    5.92388e+01     1.29414e-04
    5.96236e+01     1.27137e-04
    6.00109e+01     1.24899e-04
    6.04007e+01     1.22700e-04
    6.07930e+01     1.20540e-04
    6.11879e+01     1.18417e-04
    6.15854e+01     1.16331e-04
    6.19854e+01     1.14281e-04
    6.23880e+01     1.12268e-04
    6.27933e+01     1.10289e-04
    6.32012e+01     1.08346e-04
    6.36117e+01     1.06436e-04
    6.40249e+01     1.04559e-04
    6.44408e+01     1.02716e-04
    6.48593e+01     1.00903e-04
    6.52806e+01     9.91234e-05
    6.57047e+01     9.73744e-05
    6.61315e+01     9.56559e-05
    6.65610e+01     9.39671e-05
    6.69934e+01     9.23079e-05
    6.74285e+01     9.06771e-05
    6.78665e+01     8.90743e-05
    6.83073e+01     8.74996e-05
    6.87510e+01     8.59523e-05
    6.91976e+01     8.44310e-05
    6.96471e+01     8.29366e-05
    7.00995e+01     8.14671e-05
    7.05548e+01     8.00230e-05
    7.10131e+01     7.86034e-05
    7.14744e+01     7.72076e-05
    7.19386e+01     7.58359e-05
    7.24059e+01     7.44871e-05
    7.28762e+01     7.31609e-05
    7.33496e+01     7.18573e-05
    7.38261e+01     7.05754e-05
    7.43056e+01     6.93156e-05
    7.47883e+01     6.80780e-05
    7.52740e+01     6.68610e-05
    7.57630e+01     6.56659e-05
    7.62551e+01     6.44911e-05
    7.67504e+01     6.33371e-05
    7.72490e+01     6.22034e-05
    7.77507e+01     6.10896e-05
    7.82558e+01     5.99963e-05
    7.87641e+01     5.89220e-05
    7.92757e+01     5.78674e-05
    7.97906e+01     5.68321e-05
    8.03089e+01     5.58156e-05
    8.08306e+01     5.48177e-05
    8.13556e+01     5.38387e-05
    8.18841e+01     5.28775e-05
    8.24160e+01     5.19338e-05
    8.29513e+01     5.10087e-05
    8.34901e+01     5.01004e-05
    8.40324e+01     4.92098e-05
    8.45783e+01     4.83358e-05
    8.51276e+01     4.74786e-05
    8.56806e+01     4.66383e-05
    8.62371e+01     4.58146e-05
    8.67973e+01     4.50064e-05
    8.73611e+01     4.42145e-05
    8.79285e+01     4.34379e-05
    8.84997e+01     4.26774e-05
    8.90745e+01     4.19313e-05
    8.96531e+01     4.12012e-05
    9.02355e+01     4.04852e-05
    9.08216e+01     3.97838e-05
    9.14115e+01     3.90969e-05
    9.20053e+01     3.84233e-05
    9.26029e+01     3.77630e-05
    9.32044e+01     3.71152e-05
    9.38099e+01     3.64800e-05
    9.44192e+01     3.58562e-05
    9.50325e+01     3.52438e-05
    9.56498e+01     3.46421e-05
    9.62711e+01     3.40506e-05
    9.68964e+01     3.34693e-05
    9.75258e+01     3.28975e-05
    9.81593e+01     3.23348e-05
    9.87969e+01     3.17806e-05
    9.94386e+01     3.12343e-05
    1.00085e+02     3.06967e-05
    1.00735e+02     3.01658e-05
    1.01389e+02     2.96422e-05
    1.02048e+02     2.91253e-05
    1.02710e+02     2.86144e-05
    1.03378e+02     2.81099e-05
    1.04049e+02     2.76106e-05
    1.04725e+02     2.71164e-05
    1.05405e+02     2.66276e-05
    1.06090e+02     2.61430e-05
    1.06779e+02     2.56629e-05
    1.07473e+02     2.51866e-05
    1.08171e+02     2.47134e-05
    1.08873e+02     2.42439e-05
    1.09580e+02     2.37774e-05
    1.10292e+02     2.33135e-05
    1.11009e+02     2.28522e-05
    1.11730e+02     2.23931e-05
