    1.05035e-05     4.35307e+00
    1.05717e-05     4.38023e+00
    1.06404e-05     4.40759e+00
    1.07095e-05     4.43509e+00
    1.07791e-05     4.46279e+00
    1.08491e-05     4.49064e+00
    1.09196e-05     4.51868e+00
    1.09905e-05     4.54688e+00
    1.10619e-05     4.57527e+00
    1.11337e-05     4.60380e+00
    1.12060e-05     4.63253e+00
    1.12788e-05     4.66145e+00
    1.13521e-05     4.69057e+00
    1.14258e-05     4.71983e+00
    1.15001e-05     4.74932e+00
    1.15748e-05     4.77897e+00
    1.16499e-05     4.80877e+00
    1.17256e-05     4.83880e+00
    1.18018e-05     4.86901e+00
    1.18784e-05     4.89938e+00
    1.19556e-05     4.92998e+00
    1.20332e-05     4.96073e+00
    1.21114e-05     4.99171e+00
    1.21901e-05     5.02288e+00
    1.22693e-05     5.05424e+00
    1.23490e-05     5.08579e+00
    1.24292e-05     5.11754e+00
    1.25099e-05     5.14947e+00
    1.25912e-05     5.18163e+00
    1.26730e-05     5.21398e+00
    1.27553e-05     5.24651e+00
    1.28381e-05     5.27924e+00
    1.29215e-05     5.31220e+00
    1.30054e-05     5.34535e+00
    1.30899e-05     5.37872e+00
    1.31749e-05     5.41229e+00
    1.32605e-05     5.44608e+00
    1.33467e-05     5.48010e+00
    1.34334e-05     5.51431e+00
    1.35206e-05     5.54871e+00
    1.36084e-05     5.58333e+00
    1.36968e-05     5.61819e+00
    1.37858e-05     5.65327e+00
    1.38753e-05     5.68854e+00
    1.39655e-05     5.72408e+00
    1.40562e-05     5.75980e+00
    1.41475e-05     5.79575e+00
    1.42394e-05     5.83193e+00
    1.43319e-05     5.86834e+00
    1.44250e-05     5.90497e+00
    1.45187e-05     5.94183e+00
    1.46130e-05     5.97892e+00
    1.47079e-05     6.01623e+00
    1.48034e-05     6.05377e+00
    1.48996e-05     6.09158e+00
    1.49964e-05     6.12961e+00
    1.50938e-05     6.16787e+00
    1.51918e-05     6.20635e+00
    1.52905e-05     6.24510e+00
    1.53898e-05     6.28407e+00
    1.54898e-05     6.32331e+00
    1.55904e-05     6.36278e+00
    1.56917e-05     6.40251e+00
    1.57936e-05     6.44246e+00
    1.58962e-05     6.48268e+00
    1.59994e-05     6.52312e+00
    1.61034e-05     6.56387e+00
    1.62080e-05     6.60484e+00
    1.63132e-05     6.64604e+00
    1.64192e-05     6.68754e+00
    1.65259e-05     6.72930e+00
    1.66332e-05     6.77129e+00
    1.67412e-05     6.81354e+00
    1.68500e-05     6.85609e+00
    1.69594e-05     6.89887e+00
    1.70696e-05     6.94195e+00
    1.71805e-05     6.98529e+00
    1.72921e-05     7.02889e+00
    1.74044e-05     7.07276e+00
    1.75174e-05     7.11689e+00
    1.76312e-05     7.16132e+00
    1.77458e-05     7.20605e+00
    1.78610e-05     7.25100e+00
    1.79770e-05     7.29626e+00
    1.80938e-05     7.34181e+00
    1.82113e-05     7.38763e+00
    1.83296e-05     7.43375e+00
    1.84487e-05     7.48017e+00
    1.85685e-05     7.52684e+00
    1.86891e-05     7.57382e+00
    1.88105e-05     7.62110e+00
    1.89327e-05     7.66868e+00
    1.90557e-05     7.71656e+00
    1.91795e-05     7.76473e+00
    1.93041e-05     7.81321e+00
    1.94294e-05     7.86194e+00
    1.95557e-05     7.91105e+00
    1.96827e-05     7.96043e+00
    1.98105e-05     8.01010e+00
    1.99392e-05     8.06010e+00
    2.00687e-05     8.11041e+00
    2.01991e-05     8.16105e+00
    2.03303e-05     8.21199e+00
    2.04623e-05     8.26323e+00
    2.05953e-05     8.31484e+00
    2.07290e-05     8.36672e+00
    2.08637e-05     8.41896e+00
    2.09992e-05     8.47151e+00
    2.11356e-05     8.52437e+00
    2.12729e-05     8.57758e+00
    2.14111e-05     8.63113e+00
    2.15501e-05     8.68496e+00
    2.16901e-05     8.73918e+00
    2.18310e-05     8.79374e+00
    2.19728e-05     8.84861e+00
    2.21155e-05     8.90383e+00
    2.22592e-05     8.95941e+00
    2.24038e-05     9.01534e+00
    2.25493e-05     9.07161e+00
    2.26958e-05     9.12823e+00
    2.28432e-05     9.18520e+00
    2.29916e-05     9.24254e+00
    2.31409e-05     9.30022e+00
    2.32912e-05     9.35826e+00
    2.34425e-05     9.41666e+00
    2.35948e-05     9.47545e+00
    2.37481e-05     9.53462e+00
    2.39023e-05     9.59411e+00
    2.40576e-05     9.65401e+00
    2.42138e-05     9.71425e+00
    2.43711e-05     9.77489e+00
    2.45294e-05     9.83591e+00
    2.46888e-05     9.89735e+00
    2.48491e-05     9.95910e+00
    2.50105e-05     1.00213e+01
    2.51730e-05     1.00838e+01
    2.53365e-05     1.01468e+01
    2.55011e-05     1.02101e+01
    2.56667e-05     1.02738e+01
    2.58334e-05     1.03380e+01
    2.60012e-05     1.04025e+01
    2.61701e-05     1.04674e+01
    2.63401e-05     1.05328e+01
    2.65112e-05     1.05985e+01
    2.66834e-05     1.06647e+01
    2.68567e-05     1.07313e+01
    2.70312e-05     1.07983e+01
    2.72068e-05     1.08657e+01
    2.73835e-05     1.09335e+01
    2.75614e-05     1.10017e+01
    2.77404e-05     1.10704e+01
    2.79206e-05     1.11395e+01
    2.81019e-05     1.12090e+01
    2.82845e-05     1.12790e+01
    2.84682e-05     1.13494e+01
    2.86531e-05     1.14202e+01
    2.88392e-05     1.14915e+01
    2.90266e-05     1.15632e+01
    2.92151e-05     1.16354e+01
    2.94049e-05     1.17080e+01
    2.95959e-05     1.17811e+01
    2.97881e-05     1.18546e+01
    2.99816e-05     1.19286e+01
    3.01764e-05     1.20031e+01
    3.03724e-05     1.20780e+01
    3.05697e-05     1.21534e+01
    3.07682e-05     1.22292e+01
    3.09681e-05     1.23055e+01
    3.11692e-05     1.23823e+01
    3.13717e-05     1.24596e+01
    3.15755e-05     1.25374e+01
    3.17806e-05     1.26157e+01
    3.19870e-05     1.26944e+01
    3.21948e-05     1.27737e+01
    3.24039e-05     1.28534e+01
    3.26144e-05     1.29336e+01
    3.28262e-05     1.30143e+01
    3.30395e-05     1.30956e+01
    3.32541e-05     1.31774e+01
    3.34701e-05     1.32596e+01
    3.36875e-05     1.33424e+01
    3.39063e-05     1.34257e+01
    3.41265e-05     1.35094e+01
    3.43482e-05     1.35938e+01
    3.45713e-05     1.36786e+01
    3.47959e-05     1.37640e+01
    3.50219e-05     1.38499e+01
    3.52494e-05     1.39364e+01
    3.54783e-05     1.40233e+01
    3.57088e-05     1.41109e+01
    3.59407e-05     1.41989e+01
    3.61742e-05     1.42875e+01
    3.64092e-05     1.43767e+01
    3.66457e-05     1.44664e+01
    3.68837e-05     1.45567e+01
    3.71233e-05     1.46476e+01
    3.73644e-05     1.47390e+01
    3.76071e-05     1.48310e+01
    3.78514e-05     1.49236e+01
    3.80973e-05     1.50167e+01
    3.83447e-05     1.51105e+01
    3.85938e-05     1.52048e+01
    3.88445e-05     1.52997e+01
    3.90968e-05     1.53952e+01
    3.93507e-05     1.54913e+01
    3.96064e-05     1.55880e+01
    3.98636e-05     1.56853e+01
    4.01226e-05     1.57832e+01
    4.03832e-05     1.58817e+01
    4.06455e-05     1.59809e+01
    4.09095e-05     1.60806e+01
    4.11752e-05     1.61810e+01
    4.14427e-05     1.62820e+01
    4.17119e-05     1.63836e+01
    4.19828e-05     1.64859e+01
    4.22555e-05     1.65888e+01
    4.25300e-05     1.66923e+01
    4.28062e-05     1.67965e+01
    4.30843e-05     1.69014e+01
    4.33642e-05     1.70068e+01
    4.36458e-05     1.71130e+01
    4.39293e-05     1.72198e+01
    4.42147e-05     1.73273e+01
    4.45019e-05     1.74354e+01
    4.47909e-05     1.75442e+01
    4.50819e-05     1.76537e+01
    4.53747e-05     1.77639e+01
    4.56694e-05     1.78748e+01
    4.59661e-05     1.79863e+01
    4.62647e-05     1.80986e+01
    4.65652e-05     1.82116e+01
    4.68677e-05     1.83253e+01
    4.71721e-05     1.84396e+01
    4.74785e-05     1.85547e+01
    4.77869e-05     1.86705e+01
    4.80973e-05     1.87871e+01
    4.84097e-05     1.89043e+01
    4.87242e-05     1.90223e+01
    4.90406e-05     1.91410e+01
    4.93592e-05     1.92605e+01
    4.96798e-05     1.93807e+01
    5.00025e-05     1.95017e+01
    5.03273e-05     1.96234e+01
    5.06542e-05     1.97458e+01
    5.09832e-05     1.98691e+01
    5.13144e-05     1.99931e+01
    5.16477e-05     2.01178e+01
    5.19832e-05     2.02434e+01
    5.23208e-05     2.03697e+01
    5.26607e-05     2.04969e+01
    5.30028e-05     2.06248e+01
    5.33470e-05     2.07535e+01
    5.36936e-05     2.08830e+01
    5.40423e-05     2.10133e+01
    5.43934e-05     2.11445e+01
    5.47467e-05     2.12764e+01
    5.51023e-05     2.14092e+01
    5.54602e-05     2.15428e+01
    5.58205e-05     2.16773e+01
    5.61830e-05     2.18125e+01
    5.65480e-05     2.19487e+01
    5.69153e-05     2.20857e+01
    5.72850e-05     2.22235e+01
    5.76571e-05     2.23622e+01
    5.80316e-05     2.25018e+01
    5.84085e-05     2.26422e+01
    5.87879e-05     2.27835e+01
    5.91698e-05     2.29258e+01
    5.95541e-05     2.30689e+01
    5.99410e-05     2.32128e+01
    6.03303e-05     2.33577e+01
    6.07222e-05     2.35035e+01
    6.11166e-05     2.36502e+01
    6.15136e-05     2.37978e+01
    6.19132e-05     2.39464e+01
    6.23153e-05     2.40958e+01
    6.27201e-05     2.42462e+01
    6.31275e-05     2.43975e+01
    6.35376e-05     2.45498e+01
    6.39503e-05     2.47030e+01
    6.43657e-05     2.48572e+01
    6.47838e-05     2.50123e+01
    6.52046e-05     2.51684e+01
    6.56281e-05     2.53255e+01
    6.60544e-05     2.54835e+01
    6.64835e-05     2.56425e+01
    6.69153e-05     2.58025e+01
    6.73499e-05     2.59636e+01
    6.77874e-05     2.61256e+01
    6.82277e-05     2.62886e+01
    6.86709e-05     2.64527e+01
    6.91170e-05     2.66178e+01
    6.95659e-05     2.67838e+01
    7.00178e-05     2.69510e+01
    7.04726e-05     2.71191e+01
    7.09304e-05     2.72884e+01
    7.13911e-05     2.74587e+01
    7.18548e-05     2.76300e+01
    7.23215e-05     2.78024e+01
    7.27913e-05     2.79759e+01
    7.32641e-05     2.81505e+01
    7.37400e-05     2.83261e+01
    7.42190e-05     2.85029e+01
    7.47011e-05     2.86808e+01
    7.51863e-05     2.88597e+01
    7.56747e-05     2.90398e+01
    7.61663e-05     2.92210e+01
    7.66610e-05     2.94034e+01
    7.71589e-05     2.95868e+01
    7.76601e-05     2.97714e+01
    7.81646e-05     2.99572e+01
    7.86723e-05     3.01442e+01
    7.91833e-05     3.03323e+01
    7.96977e-05     3.05216e+01
    8.02153e-05     3.07120e+01
    8.07364e-05     3.09037e+01
    8.12608e-05     3.10965e+01
    8.17886e-05     3.12905e+01
    8.23199e-05     3.14858e+01
    8.28546e-05     3.16823e+01
    8.33928e-05     3.18800e+01
    8.39345e-05     3.20790e+01
    8.44797e-05     3.22791e+01
    8.50284e-05     3.24806e+01
    8.55807e-05     3.26832e+01
    8.61366e-05     3.28872e+01
    8.66961e-05     3.30924e+01
    8.72593e-05     3.32989e+01
    8.78261e-05     3.35067e+01
    8.83966e-05     3.37159e+01
    8.89707e-05     3.39262e+01
    8.95487e-05     3.41380e+01
    9.01303e-05     3.43509e+01
    9.07158e-05     3.45653e+01
    9.13050e-05     3.47809e+01
    9.18981e-05     3.49980e+01
    9.24950e-05     3.52163e+01
    9.30958e-05     3.54360e+01
    9.37005e-05     3.56572e+01
    9.43092e-05     3.58796e+01
    9.49218e-05     3.61034e+01
    9.55383e-05     3.63287e+01
    9.61589e-05     3.65553e+01
    9.67835e-05     3.67834e+01
    9.74122e-05     3.70129e+01
    9.80449e-05     3.72438e+01
    9.86818e-05     3.74761e+01
    9.93228e-05     3.77099e+01
    9.99679e-05     3.79452e+01
    1.00617e-04     3.81818e+01
    1.01271e-04     3.84201e+01
    1.01929e-04     3.86600e+01
    1.02591e-04     3.89011e+01
    1.03257e-04     3.91436e+01
    1.03928e-04     3.93880e+01
    1.04603e-04     3.96337e+01
    1.05282e-04     3.98808e+01
    1.05966e-04     4.01296e+01
    1.06655e-04     4.03803e+01
    1.07347e-04     4.06319e+01
    1.08045e-04     4.08856e+01
    1.08746e-04     4.11405e+01
    1.09453e-04     4.13973e+01
    1.10164e-04     4.16556e+01
    1.10879e-04     4.19153e+01
    1.11599e-04     4.21767e+01
    1.12324e-04     4.24399e+01
    1.13054e-04     4.27047e+01
    1.13788e-04     4.29710e+01
    1.14527e-04     4.32390e+01
    1.15271e-04     4.35088e+01
    1.16020e-04     4.37803e+01
    1.16774e-04     4.40534e+01
    1.17532e-04     4.43281e+01
    1.18296e-04     4.46048e+01
    1.19064e-04     4.48828e+01
    1.19837e-04     4.51626e+01
    1.20616e-04     4.54445e+01
    1.21399e-04     4.57278e+01
    1.22188e-04     4.60131e+01
    1.22982e-04     4.63003e+01
    1.23780e-04     4.65887e+01
    1.24584e-04     4.68793e+01
    1.25394e-04     4.71719e+01
    1.26208e-04     4.74660e+01
    1.27028e-04     4.77621e+01
    1.27853e-04     4.80600e+01
    1.28684e-04     4.83599e+01
    1.29519e-04     4.86612e+01
    1.30361e-04     4.89650e+01
    1.31208e-04     4.92704e+01
    1.32060e-04     4.95775e+01
    1.32918e-04     4.98869e+01
    1.33781e-04     5.01978e+01
    1.34650e-04     5.05109e+01
    1.35525e-04     5.08261e+01
    1.36405e-04     5.11430e+01
    1.37291e-04     5.14619e+01
    1.38183e-04     5.17830e+01
    1.39080e-04     5.21057e+01
    1.39984e-04     5.24308e+01
    1.40893e-04     5.27577e+01
    1.41808e-04     5.30867e+01
    1.42729e-04     5.34178e+01
    1.43656e-04     5.37508e+01
    1.44589e-04     5.40860e+01
    1.45529e-04     5.44236e+01
    1.46474e-04     5.47628e+01
    1.47425e-04     5.51042e+01
    1.48383e-04     5.54480e+01
    1.49347e-04     5.57937e+01
    1.50317e-04     5.61416e+01
    1.51293e-04     5.64915e+01
    1.52276e-04     5.68438e+01
    1.53265e-04     5.71983e+01
    1.54261e-04     5.75550e+01
    1.55263e-04     5.79138e+01
    1.56271e-04     5.82748e+01
    1.57286e-04     5.86380e+01
    1.58308e-04     5.90037e+01
    1.59336e-04     5.93714e+01
    1.60371e-04     5.97416e+01
    1.61413e-04     6.01141e+01
    1.62461e-04     6.04887e+01
    1.63517e-04     6.08659e+01
    1.64579e-04     6.12453e+01
    1.65648e-04     6.16271e+01
    1.66724e-04     6.20113e+01
    1.67807e-04     6.23978e+01
    1.68897e-04     6.27867e+01
    1.69994e-04     6.31781e+01
    1.71098e-04     6.35718e+01
    1.72209e-04     6.39680e+01
    1.73328e-04     6.43668e+01
    1.74454e-04     6.47681e+01
    1.75587e-04     6.51716e+01
    1.76728e-04     6.55781e+01
    1.77875e-04     6.59864e+01
    1.79031e-04     6.63979e+01
    1.80194e-04     6.68117e+01
    1.81364e-04     6.72280e+01
    1.82542e-04     6.76470e+01
    1.83728e-04     6.80687e+01
    1.84921e-04     6.84927e+01
    1.86123e-04     6.89199e+01
    1.87332e-04     6.93494e+01
    1.88548e-04     6.97812e+01
    1.89773e-04     7.02161e+01
    1.91006e-04     7.06538e+01
    1.92246e-04     7.10938e+01
    1.93495e-04     7.15369e+01
    1.94752e-04     7.19826e+01
    1.96017e-04     7.24311e+01
    1.97290e-04     7.28824e+01
    1.98572e-04     7.33366e+01
    1.99862e-04     7.37936e+01
    2.01160e-04     7.42532e+01
    2.02467e-04     7.47159e+01
    2.03782e-04     7.51814e+01
    2.05105e-04     7.56494e+01
    2.06438e-04     7.61209e+01
    2.07779e-04     7.65952e+01
    2.09128e-04     7.70720e+01
    2.10487e-04     7.75522e+01
    2.11854e-04     7.80353e+01
    2.13230e-04     7.85212e+01
    2.14615e-04     7.90103e+01
    2.16009e-04     7.95023e+01
    2.17412e-04     7.99974e+01
    2.18824e-04     8.04956e+01
    2.20246e-04     8.09970e+01
    2.21676e-04     8.15012e+01
    2.23116e-04     8.20088e+01
    2.24565e-04     8.25193e+01
    2.26024e-04     8.30332e+01
    2.27492e-04     8.35501e+01
    2.28970e-04     8.40704e+01
    2.30457e-04     8.45937e+01
    2.31954e-04     8.51204e+01
    2.33461e-04     8.56505e+01
    2.34977e-04     8.61834e+01
    2.36504e-04     8.67202e+01
    2.38040e-04     8.72599e+01
    2.39586e-04     8.78029e+01
    2.41142e-04     8.83495e+01
    2.42709e-04     8.88996e+01
    2.44285e-04     8.94527e+01
    2.45872e-04     9.00094e+01
    2.47469e-04     9.05696e+01
    2.49076e-04     9.11331e+01
    2.50694e-04     9.17002e+01
    2.52323e-04     9.22711e+01
    2.53962e-04     9.28452e+01
    2.55611e-04     9.34227e+01
    2.57272e-04     9.40042e+01
    2.58943e-04     9.45890e+01
    2.60625e-04     9.51776e+01
    2.62318e-04     9.57698e+01
    2.64022e-04     9.63657e+01
    2.65737e-04     9.69651e+01
    2.67463e-04     9.75684e+01
    2.69200e-04     9.81751e+01
    2.70949e-04     9.87859e+01
    2.72709e-04     9.94004e+01
    2.74480e-04     1.00019e+02
    2.76263e-04     1.00641e+02
    2.78057e-04     1.01266e+02
    2.79863e-04     1.01896e+02
    2.81681e-04     1.02530e+02
    2.83511e-04     1.03168e+02
    2.85353e-04     1.03809e+02
    2.87206e-04     1.04454e+02
    2.89072e-04     1.05104e+02
    2.90949e-04     1.05757e+02
    2.92839e-04     1.06415e+02
    2.94741e-04     1.07076e+02
    2.96656e-04     1.07742e+02
    2.98583e-04     1.08412e+02
    3.00522e-04     1.09086e+02
    3.02474e-04     1.09763e+02
    3.04439e-04     1.10446e+02
    3.06417e-04     1.11132e+02
    3.08407e-04     1.11823e+02
    3.10410e-04     1.12518e+02
    3.12426e-04     1.13217e+02
    3.14456e-04     1.13920e+02
    3.16498e-04     1.14628e+02
    3.18554e-04     1.15340e+02
    3.20623e-04     1.16056e+02
    3.22706e-04     1.16777e+02
    3.24802e-04     1.17503e+02
    3.26912e-04     1.18232e+02
    3.29035e-04     1.18967e+02
    3.31173e-04     1.19706e+02
    3.33324e-04     1.20449e+02
    3.35489e-04     1.21197e+02
    3.37668e-04     1.21949e+02
    3.39861e-04     1.22706e+02
    3.42069e-04     1.23468e+02
    3.44291e-04     1.24235e+02
    3.46527e-04     1.25006e+02
    3.48778e-04     1.25782e+02
    3.51044e-04     1.26563e+02
    3.53324e-04     1.27348e+02
    3.55619e-04     1.28138e+02
    3.57929e-04     1.28934e+02
    3.60254e-04     1.29734e+02
    3.62594e-04     1.30539e+02
    3.64949e-04     1.31348e+02
    3.67320e-04     1.32163e+02
    3.69706e-04     1.32983e+02
    3.72107e-04     1.33808e+02
    3.74524e-04     1.34637e+02
    3.76957e-04     1.35472e+02
    3.79405e-04     1.36312e+02
    3.81870e-04     1.37158e+02
    3.84350e-04     1.38007e+02
    3.86847e-04     1.38863e+02
    3.89360e-04     1.39724e+02
    3.91889e-04     1.40590e+02
    3.94434e-04     1.41461e+02
    3.96996e-04     1.42337e+02
    3.99575e-04     1.43219e+02
    4.02171e-04     1.44107e+02
    4.04783e-04     1.45000e+02
    4.07412e-04     1.45898e+02
    4.10059e-04     1.46802e+02
    4.12722e-04     1.47711e+02
    4.15403e-04     1.48626e+02
    4.18101e-04     1.49546e+02
    4.20817e-04     1.50472e+02
    4.23550e-04     1.51404e+02
    4.26302e-04     1.52341e+02
    4.29071e-04     1.53284e+02
    4.31858e-04     1.54233e+02
    4.34663e-04     1.55188e+02
    4.37486e-04     1.56148e+02
    4.40328e-04     1.57115e+02
    4.43188e-04     1.58087e+02
    4.46067e-04     1.59065e+02
    4.48964e-04     1.60048e+02
    4.51881e-04     1.61039e+02
    4.54816e-04     1.62035e+02
    4.57770e-04     1.63036e+02
    4.60744e-04     1.64045e+02
    4.63736e-04     1.65059e+02
    4.66749e-04     1.66079e+02
    4.69780e-04     1.67106e+02
    4.72832e-04     1.68138e+02
    4.75903e-04     1.69177e+02
    4.78994e-04     1.70223e+02
    4.82106e-04     1.71274e+02
    4.85237e-04     1.72332e+02
    4.88389e-04     1.73397e+02
    4.91562e-04     1.74468e+02
    4.94754e-04     1.75544e+02
    4.97968e-04     1.76628e+02
    5.01203e-04     1.77719e+02
    5.04458e-04     1.78815e+02
    5.07735e-04     1.79919e+02
    5.11033e-04     1.81029e+02
    5.14353e-04     1.82146e+02
    5.17694e-04     1.83270e+02
    5.21056e-04     1.84400e+02
    5.24441e-04     1.85537e+02
    5.27847e-04     1.86681e+02
    5.31276e-04     1.87832e+02
    5.34727e-04     1.88990e+02
    5.38200e-04     1.90155e+02
    5.41696e-04     1.91326e+02
    5.45215e-04     1.92506e+02
    5.48756e-04     1.93692e+02
    5.52321e-04     1.94885e+02
    5.55908e-04     1.96085e+02
    5.59519e-04     1.97293e+02
    5.63154e-04     1.98508e+02
    5.66812e-04     1.99730e+02
    5.70493e-04     2.00959e+02
    5.74199e-04     2.02196e+02
    5.77929e-04     2.03440e+02
    5.81683e-04     2.04692e+02
    5.85461e-04     2.05952e+02
    5.89264e-04     2.07219e+02
    5.93092e-04     2.08493e+02
    5.96944e-04     2.09775e+02
    6.00822e-04     2.11064e+02
    6.04724e-04     2.12362e+02
    6.08652e-04     2.13667e+02
    6.12606e-04     2.14980e+02
    6.16585e-04     2.16300e+02
    6.20590e-04     2.17629e+02
    6.24621e-04     2.18965e+02
    6.28678e-04     2.20310e+02
    6.32762e-04     2.21662e+02
    6.36872e-04     2.23023e+02
    6.41009e-04     2.24391e+02
    6.45173e-04     2.25768e+02
    6.49363e-04     2.27152e+02
    6.53581e-04     2.28546e+02
    6.57827e-04     2.29947e+02
    6.62100e-04     2.31357e+02
    6.66400e-04     2.32775e+02
    6.70729e-04     2.34202e+02
    6.75086e-04     2.35637e+02
    6.79471e-04     2.37080e+02
    6.83884e-04     2.38532e+02
    6.88327e-04     2.39993e+02
    6.92798e-04     2.41462e+02
    6.97298e-04     2.42940e+02
    7.01827e-04     2.44427e+02
    7.06386e-04     2.45922e+02
    7.10974e-04     2.47426e+02
    7.15592e-04     2.48939e+02
    7.20241e-04     2.50462e+02
    7.24919e-04     2.51993e+02
    7.29628e-04     2.53532e+02
    7.34367e-04     2.55081e+02
    7.39137e-04     2.56639e+02
    7.43938e-04     2.58206e+02
    7.48770e-04     2.59782e+02
    7.53634e-04     2.61368e+02
    7.58529e-04     2.62963e+02
    7.63456e-04     2.64567e+02
    7.68416e-04     2.66181e+02
    7.73407e-04     2.67804e+02
    7.78431e-04     2.69436e+02
    7.83487e-04     2.71078e+02
    7.88576e-04     2.72729e+02
    7.93698e-04     2.74391e+02
    7.98854e-04     2.76061e+02
    8.04043e-04     2.77742e+02
    8.09265e-04     2.79432e+02
    8.14522e-04     2.81133e+02
    8.19813e-04     2.82843e+02
    8.25138e-04     2.84564e+02
    8.30498e-04     2.86294e+02
    8.35892e-04     2.88034e+02
    8.41322e-04     2.89785e+02
    8.46787e-04     2.91545e+02
    8.52287e-04     2.93316e+02
    8.57823e-04     2.95097e+02
    8.63395e-04     2.96889e+02
    8.69003e-04     2.98690e+02
    8.74648e-04     3.00503e+02
    8.80329e-04     3.02325e+02
    8.86048e-04     3.04159e+02
    8.91803e-04     3.06002e+02
    8.97596e-04     3.07856e+02
    9.03426e-04     3.09721e+02
    9.09294e-04     3.11596e+02
    9.15201e-04     3.13482e+02
    9.21145e-04     3.15379e+02
    9.27129e-04     3.17287e+02
    9.33151e-04     3.19206e+02
    9.39212e-04     3.21135e+02
    9.45313e-04     3.23076e+02
    9.51453e-04     3.25028e+02
    9.57633e-04     3.26990e+02
    9.63854e-04     3.28965e+02
    9.70115e-04     3.30950e+02
    9.76416e-04     3.32947e+02
    9.82758e-04     3.34954e+02
    9.89142e-04     3.36974e+02
    9.95567e-04     3.39005e+02
    1.00203e-03     3.41046e+02
    1.00854e-03     3.43100e+02
    1.01509e-03     3.45166e+02
    1.02169e-03     3.47245e+02
    1.02832e-03     3.49332e+02
    1.03500e-03     3.51433e+02
    1.04173e-03     3.53548e+02
    1.04849e-03     3.55671e+02
    1.05530e-03     3.57807e+02
    1.06216e-03     3.59957e+02
    1.06906e-03     3.62118e+02
    1.07600e-03     3.64289e+02
    1.08299e-03     3.66475e+02
    1.09003e-03     3.68674e+02
    1.09711e-03     3.70883e+02
    1.10423e-03     3.73102e+02
    1.11140e-03     3.75335e+02
    1.11862e-03     3.77582e+02
    1.12589e-03     3.79843e+02
    1.13320e-03     3.82113e+02
    1.14056e-03     3.84397e+02
    1.14797e-03     3.86694e+02
    1.15543e-03     3.89004e+02
    1.16293e-03     3.91324e+02
    1.17049e-03     3.93661e+02
    1.17809e-03     3.96008e+02
    1.18574e-03     3.98369e+02
    1.19345e-03     4.00745e+02
    1.20120e-03     4.03132e+02
    1.20900e-03     4.05531e+02
    1.21685e-03     4.07943e+02
    1.22476e-03     4.10371e+02
    1.23271e-03     4.12810e+02
    1.24072e-03     4.15263e+02
    1.24878e-03     4.17730e+02
    1.25689e-03     4.20210e+02
    1.26505e-03     4.22702e+02
    1.27327e-03     4.25210e+02
    1.28154e-03     4.27731e+02
    1.28987e-03     4.30267e+02
    1.29825e-03     4.32816e+02
    1.30668e-03     4.35377e+02
    1.31517e-03     4.37953e+02
    1.32371e-03     4.40542e+02
    1.33231e-03     4.43145e+02
    1.34096e-03     4.45762e+02
    1.34967e-03     4.48394e+02
    1.35844e-03     4.51039e+02
    1.36726e-03     4.53698e+02
    1.37614e-03     4.56372e+02
    1.38508e-03     4.59060e+02
    1.39408e-03     4.61763e+02
    1.40313e-03     4.64478e+02
    1.41225e-03     4.67211e+02
    1.42142e-03     4.69955e+02
    1.43065e-03     4.72715e+02
    1.43995e-03     4.75492e+02
    1.44930e-03     4.78279e+02
    1.45871e-03     4.81081e+02
    1.46819e-03     4.83901e+02
    1.47773e-03     4.86735e+02
    1.48732e-03     4.89581e+02
    1.49699e-03     4.92446e+02
    1.50671e-03     4.95323e+02
    1.51650e-03     4.98217e+02
    1.52635e-03     5.01124e+02
    1.53626e-03     5.04046e+02
    1.54624e-03     5.06984e+02
    1.55628e-03     5.09936e+02
    1.56639e-03     5.12905e+02
    1.57657e-03     5.15890e+02
    1.58681e-03     5.18890e+02
    1.59711e-03     5.21901e+02
    1.60749e-03     5.24934e+02
    1.61793e-03     5.27979e+02
    1.62844e-03     5.31040e+02
    1.63902e-03     5.34118e+02
    1.64966e-03     5.37208e+02
    1.66038e-03     5.40317e+02
    1.67116e-03     5.43441e+02
    1.68202e-03     5.46582e+02
    1.69295e-03     5.49739e+02
    1.70394e-03     5.52908e+02
    1.71501e-03     5.56096e+02
    1.72615e-03     5.59300e+02
    1.73736e-03     5.62519e+02
    1.74865e-03     5.65756e+02
    1.76001e-03     5.69008e+02
    1.77144e-03     5.72275e+02
    1.78294e-03     5.75557e+02
    1.79453e-03     5.78860e+02
    1.80618e-03     5.82174e+02
    1.81791e-03     5.85506e+02
    1.82972e-03     5.88855e+02
    1.84161e-03     5.92222e+02
    1.85357e-03     5.95603e+02
    1.86561e-03     5.99000e+02
    1.87773e-03     6.02416e+02
    1.88992e-03     6.05845e+02
    1.90220e-03     6.09293e+02
    1.91456e-03     6.12759e+02
    1.92699e-03     6.16238e+02
    1.93951e-03     6.19736e+02
    1.95211e-03     6.23251e+02
    1.96479e-03     6.26783e+02
    1.97755e-03     6.30329e+02
    1.99040e-03     6.33896e+02
    2.00332e-03     6.37474e+02
    2.01634e-03     6.41075e+02
    2.02943e-03     6.44689e+02
    2.04262e-03     6.48325e+02
    2.05588e-03     6.51971e+02
    2.06924e-03     6.55641e+02
    2.08268e-03     6.59324e+02
    2.09621e-03     6.63026e+02
    2.10982e-03     6.66742e+02
    2.12353e-03     6.70479e+02
    2.13732e-03     6.74230e+02
    2.15120e-03     6.77998e+02
    2.16518e-03     6.81788e+02
    2.17924e-03     6.85590e+02
    2.19340e-03     6.89413e+02
    2.20764e-03     6.93250e+02
    2.22198e-03     6.97105e+02
    2.23642e-03     7.00981e+02
    2.25094e-03     7.04869e+02
    2.26557e-03     7.08779e+02
    2.28028e-03     7.12704e+02
    2.29509e-03     7.16646e+02
    2.31000e-03     7.20607e+02
    2.32501e-03     7.24586e+02
    2.34011e-03     7.28580e+02
    2.35531e-03     7.32593e+02
    2.37061e-03     7.36624e+02
    2.38601e-03     7.40673e+02
    2.40150e-03     7.44736e+02
    2.41710e-03     7.48819e+02
    2.43280e-03     7.52920e+02
    2.44861e-03     7.57040e+02
    2.46451e-03     7.61175e+02
    2.48052e-03     7.65329e+02
    2.49663e-03     7.69500e+02
    2.51285e-03     7.73689e+02
    2.52917e-03     7.77896e+02
    2.54560e-03     7.82121e+02
    2.56213e-03     7.86362e+02
    2.57878e-03     7.90624e+02
    2.59553e-03     7.94901e+02
    2.61239e-03     7.99196e+02
    2.62936e-03     8.03509e+02
    2.64643e-03     8.07837e+02
    2.66362e-03     8.12185e+02
    2.68093e-03     8.16553e+02
    2.69834e-03     8.20935e+02
    2.71587e-03     8.25336e+02
    2.73351e-03     8.29755e+02
    2.75126e-03     8.34189e+02
    2.76914e-03     8.38645e+02
    2.78712e-03     8.43112e+02
    2.80523e-03     8.47604e+02
    2.82345e-03     8.52110e+02
    2.84179e-03     8.56632e+02
    2.86025e-03     8.61175e+02
    2.87883e-03     8.65732e+02
    2.89752e-03     8.70307e+02
    2.91635e-03     8.74903e+02
    2.93529e-03     8.79512e+02
    2.95436e-03     8.84141e+02
    2.97355e-03     8.88788e+02
    2.99286e-03     8.93449e+02
    3.01230e-03     8.98129e+02
    3.03187e-03     9.02827e+02
    3.05156e-03     9.07543e+02
    3.07138e-03     9.12275e+02
    3.09133e-03     9.17024e+02
    3.11141e-03     9.21789e+02
    3.13162e-03     9.26573e+02
    3.15196e-03     9.31375e+02
    3.17244e-03     9.36193e+02
    3.19304e-03     9.41026e+02
    3.21379e-03     9.45880e+02
    3.23466e-03     9.50749e+02
    3.25567e-03     9.55633e+02
    3.27682e-03     9.60536e+02
    3.29810e-03     9.65454e+02
    3.31953e-03     9.70391e+02
    3.34109e-03     9.75344e+02
    3.36279e-03     9.80311e+02
    3.38463e-03     9.85296e+02
    3.40662e-03     9.90300e+02
    3.42875e-03     9.95319e+02
    3.45102e-03     1.00035e+03
    3.47344e-03     1.00541e+03
    3.49600e-03     1.01047e+03
    3.51871e-03     1.01556e+03
    3.54156e-03     1.02066e+03
    3.56457e-03     1.02577e+03
    3.58772e-03     1.03090e+03
    3.61102e-03     1.03605e+03
    3.63448e-03     1.04122e+03
    3.65809e-03     1.04640e+03
    3.68185e-03     1.05159e+03
    3.70576e-03     1.05680e+03
    3.72984e-03     1.06203e+03
    3.75406e-03     1.06727e+03
    3.77845e-03     1.07253e+03
    3.80299e-03     1.07780e+03
    3.82769e-03     1.08309e+03
    3.85256e-03     1.08840e+03
    3.87758e-03     1.09372e+03
    3.90277e-03     1.09905e+03
    3.92812e-03     1.10440e+03
    3.95363e-03     1.10976e+03
    3.97931e-03     1.11513e+03
    4.00516e-03     1.12052e+03
    4.03118e-03     1.12593e+03
    4.05736e-03     1.13135e+03
    4.08372e-03     1.13678e+03
    4.11024e-03     1.14223e+03
    4.13694e-03     1.14769e+03
    4.16381e-03     1.15316e+03
    4.19086e-03     1.15865e+03
    4.21808e-03     1.16416e+03
    4.24548e-03     1.16967e+03
    4.27306e-03     1.17520e+03
    4.30081e-03     1.18074e+03
    4.32875e-03     1.18629e+03
    4.35687e-03     1.19186e+03
    4.38517e-03     1.19744e+03
    4.41365e-03     1.20303e+03
    4.44232e-03     1.20864e+03
    4.47118e-03     1.21426e+03
    4.50022e-03     1.21989e+03
    4.52945e-03     1.22553e+03
    4.55887e-03     1.23118e+03
    4.58848e-03     1.23684e+03
    4.61829e-03     1.24252e+03
    4.64829e-03     1.24821e+03
    4.67848e-03     1.25391e+03
    4.70887e-03     1.25962e+03
    4.73946e-03     1.26534e+03
    4.77024e-03     1.27107e+03
    4.80123e-03     1.27681e+03
    4.83241e-03     1.28255e+03
    4.86380e-03     1.28831e+03
    4.89539e-03     1.29408e+03
    4.92719e-03     1.29986e+03
    4.95920e-03     1.30565e+03
    4.99141e-03     1.31145e+03
    5.02383e-03     1.31725e+03
    5.05646e-03     1.32307e+03
    5.08931e-03     1.32889e+03
    5.12237e-03     1.33472e+03
    5.15564e-03     1.34056e+03
    5.18913e-03     1.34642e+03
    5.22283e-03     1.35227e+03
    5.25676e-03     1.35813e+03
    5.29091e-03     1.36401e+03
    5.32527e-03     1.36989e+03
    5.35986e-03     1.37578e+03
    5.39468e-03     1.38167e+03
    5.42972e-03     1.38757e+03
    5.46499e-03     1.39348e+03
    5.50049e-03     1.39940e+03
    5.53622e-03     1.40532e+03
    5.57218e-03     1.41125e+03
    5.60837e-03     1.41718e+03
    5.64480e-03     1.42312e+03
    5.68147e-03     1.42906e+03
    5.71837e-03     1.43500e+03
    5.75551e-03     1.44095e+03
    5.79290e-03     1.44690e+03
    5.83053e-03     1.45286e+03
    5.86840e-03     1.45881e+03
    5.90652e-03     1.46478e+03
    5.94489e-03     1.47074e+03
    5.98350e-03     1.47670e+03
    6.02237e-03     1.48266e+03
    6.06149e-03     1.48863e+03
    6.10086e-03     1.49459e+03
    6.14049e-03     1.50056e+03
    6.18037e-03     1.50652e+03
    6.22052e-03     1.51249e+03
    6.26092e-03     1.51845e+03
    6.30159e-03     1.52442e+03
    6.34252e-03     1.53039e+03
    6.38372e-03     1.53635e+03
    6.42519e-03     1.54231e+03
    6.46692e-03     1.54827e+03
    6.50893e-03     1.55423e+03
    6.55121e-03     1.56019e+03
    6.59376e-03     1.56614e+03
    6.63659e-03     1.57209e+03
    6.67970e-03     1.57804e+03
    6.72309e-03     1.58399e+03
    6.76676e-03     1.58993e+03
    6.81071e-03     1.59586e+03
    6.85495e-03     1.60179e+03
    6.89948e-03     1.60772e+03
    6.94429e-03     1.61364e+03
    6.98940e-03     1.61955e+03
    7.03480e-03     1.62546e+03
    7.08050e-03     1.63136e+03
    7.12649e-03     1.63724e+03
    7.17278e-03     1.64313e+03
    7.21937e-03     1.64900e+03
    7.26626e-03     1.65486e+03
    7.31346e-03     1.66072e+03
    7.36097e-03     1.66656e+03
    7.40878e-03     1.67239e+03
    7.45690e-03     1.67821e+03
    7.50534e-03     1.68402e+03
    7.55409e-03     1.68982e+03
    7.60316e-03     1.69561e+03
    7.65255e-03     1.70138e+03
    7.70225e-03     1.70714e+03
    7.75228e-03     1.71289e+03
    7.80264e-03     1.71863e+03
    7.85332e-03     1.72435e+03
    7.90433e-03     1.73005e+03
    7.95568e-03     1.73575e+03
    8.00735e-03     1.74142e+03
    8.05937e-03     1.74709e+03
    8.11172e-03     1.75273e+03
    8.16441e-03     1.75836e+03
    8.21744e-03     1.76397e+03
    8.27081e-03     1.76956e+03
    8.32454e-03     1.77514e+03
    8.37861e-03     1.78070e+03
    8.43303e-03     1.78624e+03
    8.48781e-03     1.79175e+03
    8.54294e-03     1.79725e+03
    8.59844e-03     1.80273e+03
    8.65429e-03     1.80818e+03
    8.71050e-03     1.81361e+03
    8.76708e-03     1.81902e+03
    8.82403e-03     1.82441e+03
    8.88134e-03     1.82977e+03
    8.93903e-03     1.83511e+03
    8.99710e-03     1.84042e+03
    9.05554e-03     1.84571e+03
    9.11436e-03     1.85097e+03
    9.17356e-03     1.85620e+03
    9.23315e-03     1.86140e+03
    9.29312e-03     1.86658e+03
    9.35349e-03     1.87173e+03
    9.41424e-03     1.87685e+03
    9.47539e-03     1.88194e+03
    9.53694e-03     1.88699e+03
    9.59889e-03     1.89202e+03
    9.66124e-03     1.89701e+03
    9.72400e-03     1.90198e+03
    9.78716e-03     1.90691e+03
    9.85073e-03     1.91180e+03
    9.91472e-03     1.91666e+03
    9.97912e-03     1.92149e+03
    1.00439e-02     1.92627e+03
    1.01092e-02     1.93103e+03
    1.01748e-02     1.93574e+03
    1.02409e-02     1.94042e+03
    1.03075e-02     1.94508e+03
    1.03744e-02     1.94967e+03
    1.04418e-02     1.95423e+03
    1.05096e-02     1.95875e+03
    1.05779e-02     1.96324e+03
    1.06466e-02     1.96768e+03
    1.07158e-02     1.97208e+03
    1.07854e-02     1.97644e+03
    1.08554e-02     1.98073e+03
    1.09259e-02     1.98500e+03
    1.09969e-02     1.98923e+03
    1.10683e-02     1.99340e+03
    1.11402e-02     1.99753e+03
    1.12126e-02     2.00162e+03
    1.12854e-02     2.00565e+03
    1.13587e-02     2.00963e+03
    1.14325e-02     2.01357e+03
    1.15068e-02     2.01746e+03
    1.15815e-02     2.02129e+03
    1.16567e-02     2.02507e+03
    1.17324e-02     2.02879e+03
    1.18087e-02     2.03248e+03
    1.18854e-02     2.03611e+03
    1.19626e-02     2.03967e+03
    1.20403e-02     2.04319e+03
    1.21185e-02     2.04664e+03
    1.21972e-02     2.05004e+03
    1.22764e-02     2.05337e+03
    1.23562e-02     2.05667e+03
    1.24364e-02     2.05988e+03
    1.25172e-02     2.06305e+03
    1.25985e-02     2.06615e+03
    1.26803e-02     2.06918e+03
    1.27627e-02     2.07217e+03
    1.28456e-02     2.07508e+03
    1.29290e-02     2.07793e+03
    1.30130e-02     2.08072e+03
    1.30976e-02     2.08344e+03
    1.31826e-02     2.08609e+03
    1.32683e-02     2.08868e+03
    1.33544e-02     2.09119e+03
    1.34412e-02     2.09365e+03
    1.35285e-02     2.09603e+03
    1.36164e-02     2.09834e+03
    1.37048e-02     2.10057e+03
    1.37938e-02     2.10273e+03
    1.38834e-02     2.10483e+03
    1.39736e-02     2.10685e+03
    1.40644e-02     2.10880e+03
    1.41557e-02     2.11067e+03
    1.42477e-02     2.11247e+03
    1.43402e-02     2.11419e+03
    1.44334e-02     2.11584e+03
    1.45271e-02     2.11741e+03
    1.46215e-02     2.11890e+03
    1.47165e-02     2.12032e+03
    1.48121e-02     2.12165e+03
    1.49083e-02     2.12289e+03
    1.50051e-02     2.12406e+03
    1.51026e-02     2.12515e+03
    1.52007e-02     2.12616e+03
    1.52994e-02     2.12707e+03
    1.53988e-02     2.12790e+03
    1.54988e-02     2.12865e+03
    1.55995e-02     2.12931e+03
    1.57008e-02     2.12988e+03
    1.58028e-02     2.13038e+03
    1.59055e-02     2.13078e+03
    1.60088e-02     2.13109e+03
    1.61128e-02     2.13130e+03
    1.62174e-02     2.13142e+03
    1.63228e-02     2.13146e+03
    1.64288e-02     2.13140e+03
    1.65355e-02     2.13125e+03
    1.66429e-02     2.13100e+03
    1.67510e-02     2.13067e+03
    1.68598e-02     2.13023e+03
    1.69693e-02     2.12970e+03
    1.70796e-02     2.12909e+03
    1.71905e-02     2.12837e+03
    1.73022e-02     2.12756e+03
    1.74145e-02     2.12664e+03
    1.75277e-02     2.12564e+03
    1.76415e-02     2.12453e+03
    1.77561e-02     2.12332e+03
    1.78714e-02     2.12201e+03
    1.79875e-02     2.12062e+03
    1.81044e-02     2.11912e+03
    1.82220e-02     2.11752e+03
    1.83403e-02     2.11581e+03
    1.84594e-02     2.11400e+03
    1.85794e-02     2.11210e+03
    1.87000e-02     2.11008e+03
    1.88215e-02     2.10798e+03
    1.89438e-02     2.10577e+03
    1.90668e-02     2.10345e+03
    1.91907e-02     2.10102e+03
    1.93153e-02     2.09849e+03
    1.94408e-02     2.09586e+03
    1.95671e-02     2.09313e+03
    1.96942e-02     2.09028e+03
    1.98221e-02     2.08733e+03
    1.99508e-02     2.08427e+03
    2.00804e-02     2.08111e+03
    2.02109e-02     2.07784e+03
    2.03421e-02     2.07447e+03
    2.04743e-02     2.07099e+03
    2.06073e-02     2.06741e+03
    2.07411e-02     2.06372e+03
    2.08758e-02     2.05992e+03
    2.10114e-02     2.05602e+03
    2.11479e-02     2.05201e+03
    2.12853e-02     2.04791e+03
    2.14236e-02     2.04369e+03
    2.15627e-02     2.03936e+03
    2.17028e-02     2.03493e+03
    2.18437e-02     2.03040e+03
    2.19856e-02     2.02576e+03
    2.21284e-02     2.02102e+03
    2.22722e-02     2.01618e+03
    2.24168e-02     2.01123e+03
    2.25625e-02     2.00618e+03
    2.27090e-02     2.00103e+03
    2.28565e-02     1.99577e+03
    2.30050e-02     1.99041e+03
    2.31544e-02     1.98495e+03
    2.33048e-02     1.97938e+03
    2.34562e-02     1.97372e+03
    2.36086e-02     1.96796e+03
    2.37619e-02     1.96210e+03
    2.39162e-02     1.95613e+03
    2.40716e-02     1.95007e+03
    2.42280e-02     1.94391e+03
    2.43853e-02     1.93765e+03
    2.45437e-02     1.93130e+03
    2.47032e-02     1.92486e+03
    2.48636e-02     1.91831e+03
    2.50251e-02     1.91168e+03
    2.51877e-02     1.90496e+03
    2.53513e-02     1.89814e+03
    2.55159e-02     1.89124e+03
    2.56817e-02     1.88425e+03
    2.58485e-02     1.87717e+03
    2.60164e-02     1.87000e+03
    2.61854e-02     1.86276e+03
    2.63555e-02     1.85542e+03
    2.65267e-02     1.84801e+03
    2.66990e-02     1.84051e+03
    2.68724e-02     1.83293e+03
    2.70470e-02     1.82529e+03
    2.72226e-02     1.81755e+03
    2.73995e-02     1.80976e+03
    2.75774e-02     1.80188e+03
    2.77566e-02     1.79394e+03
    2.79369e-02     1.78593e+03
    2.81183e-02     1.77784e+03
    2.83010e-02     1.76970e+03
    2.84848e-02     1.76149e+03
    2.86698e-02     1.75320e+03
    2.88561e-02     1.74487e+03
    2.90435e-02     1.73648e+03
    2.92321e-02     1.72802e+03
    2.94220e-02     1.71952e+03
    2.96131e-02     1.71096e+03
    2.98055e-02     1.70234e+03
    2.99991e-02     1.69369e+03
    3.01940e-02     1.68498e+03
    3.03901e-02     1.67623e+03
    3.05875e-02     1.66744e+03
    3.07862e-02     1.65861e+03
    3.09861e-02     1.64974e+03
    3.11874e-02     1.64084e+03
    3.13900e-02     1.63190e+03
    3.15939e-02     1.62294e+03
    3.17991e-02     1.61394e+03
    3.20057e-02     1.60492e+03
    3.22135e-02     1.59588e+03
    3.24228e-02     1.58681e+03
    3.26334e-02     1.57773e+03
    3.28454e-02     1.56863e+03
    3.30587e-02     1.55951e+03
    3.32735e-02     1.55039e+03
    3.34896e-02     1.54127e+03
    3.37071e-02     1.53213e+03
    3.39261e-02     1.52299e+03
    3.41464e-02     1.51384e+03
    3.43682e-02     1.50470e+03
    3.45915e-02     1.49558e+03
    3.48162e-02     1.48644e+03
    3.50423e-02     1.47733e+03
    3.52699e-02     1.46822e+03
    3.54990e-02     1.45913e+03
    3.57296e-02     1.45007e+03
    3.59617e-02     1.44101e+03
    3.61953e-02     1.43199e+03
    3.64304e-02     1.42298e+03
    3.66670e-02     1.41400e+03
    3.69052e-02     1.40505e+03
    3.71449e-02     1.39614e+03
    3.73862e-02     1.38726e+03
    3.76290e-02     1.37842e+03
    3.78735e-02     1.36962e+03
    3.81195e-02     1.36086e+03
    3.83671e-02     1.35215e+03
    3.86163e-02     1.34348e+03
    3.88671e-02     1.33487e+03
    3.91196e-02     1.32630e+03
    3.93737e-02     1.31779e+03
    3.96295e-02     1.30934e+03
    3.98869e-02     1.30095e+03
    4.01460e-02     1.29261e+03
    4.04067e-02     1.28434e+03
    4.06692e-02     1.27613e+03
    4.09334e-02     1.26799e+03
    4.11992e-02     1.25992e+03
    4.14669e-02     1.25191e+03
    4.17362e-02     1.24398e+03
    4.20073e-02     1.23612e+03
    4.22802e-02     1.22834e+03
    4.25548e-02     1.22064e+03
    4.28312e-02     1.21301e+03
    4.31094e-02     1.20546e+03
    4.33894e-02     1.19800e+03
    4.36713e-02     1.19062e+03
    4.39550e-02     1.18333e+03
    4.42405e-02     1.17612e+03
    4.45278e-02     1.16899e+03
    4.48171e-02     1.16195e+03
    4.51082e-02     1.15499e+03
    4.54012e-02     1.14813e+03
    4.56961e-02     1.14135e+03
    4.59929e-02     1.13466e+03
    4.62917e-02     1.12806e+03
    4.65923e-02     1.12155e+03
    4.68950e-02     1.11513e+03
    4.71996e-02     1.10880e+03
    4.75062e-02     1.10257e+03
    4.78148e-02     1.09642e+03
    4.81253e-02     1.09037e+03
    4.84379e-02     1.08440e+03
    4.87526e-02     1.07852e+03
    4.90692e-02     1.07273e+03
    4.93880e-02     1.06703e+03
    4.97088e-02     1.06141e+03
    5.00317e-02     1.05588e+03
    5.03566e-02     1.05043e+03
    5.06837e-02     1.04506e+03
    5.10130e-02     1.03978e+03
    5.13443e-02     1.03457e+03
    5.16778e-02     1.02945e+03
    5.20135e-02     1.02440e+03
    5.23514e-02     1.01943e+03
    5.26914e-02     1.01453e+03
    5.30337e-02     1.00971e+03
    5.33782e-02     1.00494e+03
    5.37249e-02     1.00025e+03
    5.40738e-02     9.95621e+02
    5.44251e-02     9.91047e+02
    5.47786e-02     9.86530e+02
    5.51344e-02     9.82072e+02
    5.54926e-02     9.77668e+02
    5.58530e-02     9.73305e+02
    5.62158e-02     9.68995e+02
    5.65810e-02     9.64723e+02
    5.69485e-02     9.60494e+02
    5.73184e-02     9.56295e+02
    5.76907e-02     9.52132e+02
    5.80654e-02     9.47990e+02
    5.84426e-02     9.43871e+02
    5.88222e-02     9.39773e+02
    5.92043e-02     9.35689e+02
    5.95889e-02     9.31620e+02
    5.99759e-02     9.27547e+02
    6.03655e-02     9.23481e+02
    6.07576e-02     9.19414e+02
    6.11523e-02     9.15345e+02
    6.15495e-02     9.11258e+02
    6.19493e-02     9.07153e+02
    6.23517e-02     9.03031e+02
    6.27567e-02     8.98892e+02
    6.31643e-02     8.94718e+02
    6.35746e-02     8.90511e+02
    6.39876e-02     8.86264e+02
    6.44032e-02     8.81973e+02
    6.48215e-02     8.77641e+02
    6.52426e-02     8.73252e+02
    6.56664e-02     8.68813e+02
    6.60929e-02     8.64316e+02
    6.65222e-02     8.59761e+02
    6.69543e-02     8.55133e+02
    6.73892e-02     8.50438e+02
    6.78270e-02     8.45671e+02
    6.82675e-02     8.40828e+02
    6.87110e-02     8.35897e+02
    6.91573e-02     8.30891e+02
    6.96065e-02     8.25796e+02
    7.00586e-02     8.20611e+02
    7.05137e-02     8.15346e+02
    7.09717e-02     8.09982e+02
    7.14327e-02     8.04539e+02
    7.18967e-02     7.98998e+02
    7.23637e-02     7.93361e+02
    7.28338e-02     7.87629e+02
    7.33069e-02     7.81800e+02
    7.37830e-02     7.75883e+02
    7.42623e-02     7.69865e+02
    7.47447e-02     7.63752e+02
    7.52302e-02     7.57553e+02
    7.57188e-02     7.51269e+02
    7.62107e-02     7.44893e+02
    7.67057e-02     7.38425e+02
    7.72039e-02     7.31881e+02
    7.77054e-02     7.25247e+02
    7.82102e-02     7.18540e+02
    7.87182e-02     7.11759e+02
    7.92295e-02     7.04906e+02
    7.97441e-02     6.97982e+02
    8.02621e-02     6.91004e+02
    8.07835e-02     6.83972e+02
    8.13082e-02     6.76886e+02
    8.18363e-02     6.69757e+02
    8.23679e-02     6.62585e+02
    8.29029e-02     6.55385e+02
    8.34414e-02     6.48152e+02
    8.39834e-02     6.40910e+02
    8.45290e-02     6.33652e+02
    8.50780e-02     6.26385e+02
    8.56306e-02     6.19119e+02
    8.61869e-02     6.11870e+02
    8.67467e-02     6.04631e+02
    8.73102e-02     5.97425e+02
    8.78773e-02     5.90244e+02
    8.84481e-02     5.83106e+02
    8.90226e-02     5.76017e+02
    8.96009e-02     5.68979e+02
    9.01829e-02     5.62014e+02
    9.07687e-02     5.55115e+02
    9.13583e-02     5.48289e+02
    9.19517e-02     5.41551e+02
    9.25490e-02     5.34909e+02
    9.31501e-02     5.28354e+02
    9.37552e-02     5.21911e+02
    9.43642e-02     5.15570e+02
    9.49771e-02     5.09346e+02
    9.55940e-02     5.03246e+02
    9.62150e-02     4.97277e+02
    9.68399e-02     4.91438e+02
    9.74690e-02     4.85737e+02
    9.81021e-02     4.80172e+02
    9.87393e-02     4.74758e+02
    9.93807e-02     4.69479e+02
    1.00026e-01     4.64356e+02
    1.00676e-01     4.59376e+02
    1.01330e-01     4.54543e+02
    1.01988e-01     4.49863e+02
    1.02651e-01     4.45341e+02
    1.03317e-01     4.40967e+02
    1.03988e-01     4.36755e+02
    1.04664e-01     4.32699e+02
    1.05344e-01     4.28785e+02
    1.06028e-01     4.25014e+02
    1.06717e-01     4.21389e+02
    1.07410e-01     4.17898e+02
    1.08108e-01     4.14545e+02
    1.08810e-01     4.11319e+02
    1.09517e-01     4.08215e+02
    1.10228e-01     4.05245e+02
    1.10944e-01     4.02383e+02
    1.11665e-01     3.99629e+02
    1.12390e-01     3.96972e+02
    1.13120e-01     3.94408e+02
    1.13855e-01     3.91931e+02
    1.14594e-01     3.89522e+02
    1.15339e-01     3.87180e+02
    1.16088e-01     3.84893e+02
    1.16842e-01     3.82663e+02
    1.17601e-01     3.80469e+02
    1.18365e-01     3.78304e+02
    1.19134e-01     3.76160e+02
    1.19907e-01     3.74020e+02
    1.20686e-01     3.71883e+02
    1.21470e-01     3.69739e+02
    1.22259e-01     3.67572e+02
    1.23053e-01     3.65377e+02
    1.23853e-01     3.63142e+02
    1.24657e-01     3.60860e+02
    1.25467e-01     3.58530e+02
    1.26282e-01     3.56135e+02
    1.27102e-01     3.53671e+02
    1.27928e-01     3.51133e+02
    1.28759e-01     3.48512e+02
    1.29595e-01     3.45799e+02
    1.30437e-01     3.42996e+02
    1.31284e-01     3.40099e+02
    1.32137e-01     3.37109e+02
    1.32995e-01     3.34023e+02
    1.33859e-01     3.30843e+02
    1.34728e-01     3.27565e+02
    1.35604e-01     3.24192e+02
    1.36484e-01     3.20721e+02
    1.37371e-01     3.17165e+02
    1.38263e-01     3.13524e+02
    1.39161e-01     3.09809e+02
    1.40065e-01     3.06025e+02
    1.40975e-01     3.02177e+02
    1.41891e-01     2.98274e+02
    1.42812e-01     2.94320e+02
    1.43740e-01     2.90330e+02
    1.44674e-01     2.86314e+02
    1.45614e-01     2.82282e+02
    1.46559e-01     2.78244e+02
    1.47511e-01     2.74213e+02
    1.48469e-01     2.70199e+02
    1.49434e-01     2.66213e+02
    1.50405e-01     2.62265e+02
    1.51381e-01     2.58363e+02
    1.52365e-01     2.54523e+02
    1.53354e-01     2.50750e+02
    1.54351e-01     2.47058e+02
    1.55353e-01     2.43453e+02
    1.56362e-01     2.39944e+02
    1.57378e-01     2.36537e+02
    1.58400e-01     2.33236e+02
    1.59429e-01     2.30048e+02
    1.60465e-01     2.26979e+02
    1.61507e-01     2.24032e+02
    1.62556e-01     2.21210e+02
    1.63612e-01     2.18513e+02
    1.64675e-01     2.15940e+02
    1.65744e-01     2.13488e+02
    1.66821e-01     2.11158e+02
    1.67905e-01     2.08949e+02
    1.68995e-01     2.06855e+02
    1.70093e-01     2.04872e+02
    1.71198e-01     2.02990e+02
    1.72310e-01     2.01203e+02
    1.73429e-01     1.99503e+02
    1.74556e-01     1.97884e+02
    1.75689e-01     1.96335e+02
    1.76831e-01     1.94848e+02
    1.77979e-01     1.93409e+02
    1.79135e-01     1.92011e+02
    1.80299e-01     1.90641e+02
    1.81470e-01     1.89289e+02
    1.82649e-01     1.87944e+02
    1.83835e-01     1.86596e+02
    1.85029e-01     1.85235e+02
    1.86231e-01     1.83851e+02
    1.87441e-01     1.82433e+02
    1.88658e-01     1.80973e+02
    1.89884e-01     1.79468e+02
    1.91117e-01     1.77908e+02
    1.92359e-01     1.76292e+02
    1.93608e-01     1.74610e+02
    1.94866e-01     1.72863e+02
    1.96131e-01     1.71049e+02
    1.97405e-01     1.69172e+02
    1.98688e-01     1.67231e+02
    1.99978e-01     1.65227e+02
    2.01277e-01     1.63165e+02
    2.02585e-01     1.61053e+02
    2.03901e-01     1.58896e+02
    2.05225e-01     1.56703e+02
    2.06558e-01     1.54481e+02
    2.07900e-01     1.52239e+02
    2.09250e-01     1.49987e+02
    2.10609e-01     1.47736e+02
    2.11977e-01     1.45494e+02
    2.13354e-01     1.43274e+02
    2.14740e-01     1.41082e+02
    2.16135e-01     1.38927e+02
    2.17539e-01     1.36820e+02
    2.18952e-01     1.34768e+02
    2.20374e-01     1.32779e+02
    2.21806e-01     1.30857e+02
    2.23246e-01     1.29006e+02
    2.24696e-01     1.27231e+02
    2.26156e-01     1.25535e+02
    2.27625e-01     1.23918e+02
    2.29104e-01     1.22380e+02
    2.30592e-01     1.20917e+02
    2.32089e-01     1.19529e+02
    2.33597e-01     1.18213e+02
    2.35114e-01     1.16962e+02
    2.36642e-01     1.15771e+02
    2.38179e-01     1.14631e+02
    2.39726e-01     1.13537e+02
    2.41283e-01     1.12481e+02
    2.42850e-01     1.11454e+02
    2.44428e-01     1.10446e+02
    2.46015e-01     1.09451e+02
    2.47613e-01     1.08460e+02
    2.49222e-01     1.07465e+02
    2.50841e-01     1.06460e+02
    2.52470e-01     1.05435e+02
    2.54110e-01     1.04388e+02
    2.55760e-01     1.03313e+02
    2.57422e-01     1.02209e+02
    2.59094e-01     1.01071e+02
    2.60777e-01     9.98995e+01
    2.62471e-01     9.86958e+01
    2.64176e-01     9.74610e+01
    2.65892e-01     9.61977e+01
    2.67619e-01     9.49100e+01
    2.69357e-01     9.36042e+01
    2.71107e-01     9.22846e+01
    2.72868e-01     9.09574e+01
    2.74640e-01     8.96298e+01
    2.76424e-01     8.83089e+01
    2.78219e-01     8.70008e+01
    2.80027e-01     8.57123e+01
    2.81846e-01     8.44488e+01
    2.83676e-01     8.32163e+01
    2.85519e-01     8.20197e+01
    2.87374e-01     8.08615e+01
    2.89240e-01     7.97446e+01
    2.91119e-01     7.86716e+01
    2.93010e-01     7.76426e+01
    2.94913e-01     7.66560e+01
    2.96829e-01     7.57113e+01
    2.98757e-01     7.48059e+01
    3.00698e-01     7.39359e+01
    3.02651e-01     7.30971e+01
    3.04617e-01     7.22859e+01
    3.06595e-01     7.14957e+01
    3.08587e-01     7.07222e+01
    3.10591e-01     6.99597e+01
    3.12609e-01     6.92033e+01
    3.14639e-01     6.84482e+01
    3.16683e-01     6.76895e+01
    3.18740e-01     6.69241e+01
    3.20810e-01     6.61496e+01
    3.22894e-01     6.53631e+01
    3.24992e-01     6.45641e+01
    3.27103e-01     6.37527e+01
    3.29227e-01     6.29295e+01
    3.31366e-01     6.20955e+01
    3.33518e-01     6.12539e+01
    3.35685e-01     6.04081e+01
    3.37865e-01     5.95611e+01
    3.40060e-01     5.87167e+01
    3.42269e-01     5.78789e+01
    3.44492e-01     5.70506e+01
    3.46729e-01     5.62364e+01
    3.48982e-01     5.54392e+01
    3.51248e-01     5.46613e+01
    3.53530e-01     5.39048e+01
    3.55826e-01     5.31706e+01
    3.58138e-01     5.24602e+01
    3.60464e-01     5.17722e+01
    3.62805e-01     5.11065e+01
    3.65162e-01     5.04608e+01
    3.67534e-01     4.98336e+01
    3.69921e-01     4.92220e+01
    3.72324e-01     4.86238e+01
    3.74743e-01     4.80354e+01
    3.77177e-01     4.74543e+01
    3.79627e-01     4.68781e+01
    3.82093e-01     4.63040e+01
    3.84574e-01     4.57302e+01
    3.87072e-01     4.51547e+01
    3.89587e-01     4.45773e+01
    3.92117e-01     4.39976e+01
    3.94664e-01     4.34153e+01
    3.97228e-01     4.28315e+01
    3.99808e-01     4.22477e+01
    4.02405e-01     4.16647e+01
    4.05019e-01     4.10848e+01
    4.07650e-01     4.05102e+01
    4.10298e-01     3.99428e+01
    4.12963e-01     3.93837e+01
    4.15645e-01     3.88352e+01
    4.18345e-01     3.82978e+01
    4.21062e-01     3.77725e+01
    4.23797e-01     3.72599e+01
    4.26550e-01     3.67593e+01
    4.29321e-01     3.62711e+01
    4.32110e-01     3.57936e+01
    4.34916e-01     3.53262e+01
    4.37741e-01     3.48674e+01
    4.40585e-01     3.44154e+01
    4.43447e-01     3.39698e+01
    4.46327e-01     3.35281e+01
    4.49226e-01     3.30904e+01
    4.52144e-01     3.26546e+01
    4.55081e-01     3.22208e+01
    4.58037e-01     3.17890e+01
    4.61012e-01     3.13584e+01
    4.64007e-01     3.09302e+01
    4.67021e-01     3.05042e+01
    4.70054e-01     3.00817e+01
    4.73108e-01     2.96638e+01
    4.76181e-01     2.92503e+01
    4.79274e-01     2.88428e+01
    4.82387e-01     2.84416e+01
    4.85520e-01     2.80480e+01
    4.88674e-01     2.76614e+01
    4.91848e-01     2.72822e+01
    4.95043e-01     2.69097e+01
    4.98259e-01     2.65441e+01
    5.01495e-01     2.61850e+01
    5.04753e-01     2.58313e+01
    5.08031e-01     2.54826e+01
    5.11331e-01     2.51381e+01
    5.14653e-01     2.47979e+01
    5.17995e-01     2.44606e+01
    5.21360e-01     2.41261e+01
    5.24747e-01     2.37948e+01
    5.28155e-01     2.34664e+01
    5.31586e-01     2.31408e+01
    5.35039e-01     2.28187e+01
    5.38514e-01     2.25000e+01
    5.42012e-01     2.21852e+01
    5.45533e-01     2.18745e+01
    5.49076e-01     2.15687e+01
    5.52643e-01     2.12674e+01
    5.56233e-01     2.09705e+01
    5.59846e-01     2.06789e+01
    5.63482e-01     2.03916e+01
    5.67142e-01     2.01088e+01
    5.70826e-01     1.98300e+01
    5.74534e-01     1.95552e+01
    5.78266e-01     1.92841e+01
    5.82022e-01     1.90160e+01
    5.85803e-01     1.87515e+01
    5.89608e-01     1.84897e+01
    5.93437e-01     1.82307e+01
    5.97292e-01     1.79747e+01
    6.01172e-01     1.77217e+01
    6.05077e-01     1.74719e+01
    6.09007e-01     1.72254e+01
    6.12963e-01     1.69822e+01
    6.16945e-01     1.67422e+01
    6.20952e-01     1.65058e+01
    6.24985e-01     1.62728e+01
    6.29045e-01     1.60430e+01
    6.33131e-01     1.58164e+01
    6.37244e-01     1.55929e+01
    6.41383e-01     1.53724e+01
    6.45549e-01     1.51550e+01
    6.49742e-01     1.49405e+01
    6.53963e-01     1.47290e+01
    6.58210e-01     1.45203e+01
    6.62486e-01     1.43144e+01
    6.66789e-01     1.41113e+01
    6.71120e-01     1.39109e+01
    6.75479e-01     1.37131e+01
    6.79867e-01     1.35180e+01
    6.84283e-01     1.33255e+01
    6.88728e-01     1.31356e+01
    6.93202e-01     1.29482e+01
    6.97704e-01     1.27633e+01
    7.02236e-01     1.25809e+01
    7.06798e-01     1.24009e+01
    7.11389e-01     1.22234e+01
    7.16010e-01     1.20483e+01
    7.20661e-01     1.18755e+01
    7.25342e-01     1.17051e+01
    7.30053e-01     1.15370e+01
    7.34795e-01     1.13713e+01
    7.39568e-01     1.12078e+01
    7.44372e-01     1.10465e+01
    7.49207e-01     1.08874e+01
    7.54074e-01     1.07306e+01
    7.58972e-01     1.05758e+01
    7.63902e-01     1.04232e+01
    7.68864e-01     1.02727e+01
    7.73858e-01     1.01243e+01
    7.78884e-01     9.97793e+00
    7.83944e-01     9.83357e+00
    7.89036e-01     9.69120e+00
    7.94161e-01     9.55078e+00
    7.99320e-01     9.41232e+00
    8.04512e-01     9.27575e+00
    8.09737e-01     9.14104e+00
    8.14997e-01     9.00822e+00
    8.20291e-01     8.87725e+00
    8.25619e-01     8.74809e+00
    8.30982e-01     8.62071e+00
    8.36380e-01     8.49510e+00
    8.41812e-01     8.37125e+00
    8.47280e-01     8.24911e+00
    8.52784e-01     8.12871e+00
    8.58323e-01     8.00996e+00
    8.63899e-01     7.89288e+00
    8.69510e-01     7.77741e+00
    8.75158e-01     7.66359e+00
    8.80843e-01     7.55134e+00
    8.86564e-01     7.44069e+00
    8.92323e-01     7.33156e+00
    8.98119e-01     7.22398e+00
    9.03953e-01     7.11793e+00
    9.09825e-01     7.01334e+00
    9.15734e-01     6.91024e+00
    9.21683e-01     6.80859e+00
    9.27669e-01     6.70837e+00
    9.33695e-01     6.60958e+00
    9.39760e-01     6.51217e+00
    9.45864e-01     6.41612e+00
    9.52008e-01     6.32143e+00
    9.58192e-01     6.22811e+00
    9.64416e-01     6.13608e+00
    9.70680e-01     6.04535e+00
    9.76985e-01     5.95594e+00
    9.83332e-01     5.86777e+00
    9.89719e-01     5.78088e+00
    9.96148e-01     5.69522e+00
    1.00262e+00     5.61079e+00
    1.00913e+00     5.52752e+00
    1.01569e+00     5.44549e+00
    1.02228e+00     5.36455e+00
    1.02892e+00     5.28481e+00
    1.03561e+00     5.20624e+00
    1.04233e+00     5.12874e+00
    1.04910e+00     5.05236e+00
    1.05592e+00     4.97709e+00
    1.06278e+00     4.90287e+00
    1.06968e+00     4.82971e+00
    1.07663e+00     4.75760e+00
    1.08362e+00     4.68652e+00
    1.09066e+00     4.61645e+00
    1.09775e+00     4.54742e+00
    1.10488e+00     4.47936e+00
    1.11205e+00     4.41225e+00
    1.11928e+00     4.34616e+00
    1.12655e+00     4.28100e+00
    1.13386e+00     4.21674e+00
    1.14123e+00     4.15347e+00
    1.14864e+00     4.09109e+00
    1.15610e+00     4.02962e+00
    1.16361e+00     3.96906e+00
    1.17117e+00     3.90938e+00
    1.17878e+00     3.85056e+00
    1.18643e+00     3.79259e+00
    1.19414e+00     3.73548e+00
    1.20190e+00     3.67920e+00
    1.20970e+00     3.62372e+00
    1.21756e+00     3.56908e+00
    1.22547e+00     3.51522e+00
    1.23343e+00     3.46215e+00
    1.24144e+00     3.40987e+00
    1.24951e+00     3.35837e+00
    1.25762e+00     3.30758e+00
    1.26579e+00     3.25755e+00
    1.27401e+00     3.20824e+00
    1.28229e+00     3.15969e+00
    1.29062e+00     3.11183e+00
    1.29900e+00     3.06465e+00
    1.30744e+00     3.01818e+00
    1.31593e+00     2.97236e+00
    1.32448e+00     2.92725e+00
    1.33308e+00     2.88276e+00
    1.34174e+00     2.83893e+00
    1.35046e+00     2.79575e+00
    1.35923e+00     2.75319e+00
    1.36806e+00     2.71125e+00
    1.37695e+00     2.66994e+00
    1.38589e+00     2.62923e+00
    1.39489e+00     2.58911e+00
    1.40395e+00     2.54960e+00
    1.41307e+00     2.51065e+00
    1.42225e+00     2.47229e+00
    1.43149e+00     2.43452e+00
    1.44079e+00     2.39729e+00
    1.45015e+00     2.36059e+00
    1.45956e+00     2.32446e+00
    1.46905e+00     2.28888e+00
    1.47859e+00     2.25381e+00
    1.48819e+00     2.21925e+00
    1.49786e+00     2.18523e+00
    1.50759e+00     2.15171e+00
    1.51738e+00     2.11868e+00
    1.52724e+00     2.08616e+00
    1.53716e+00     2.05411e+00
    1.54714e+00     2.02254e+00
    1.55719e+00     1.99146e+00
    1.56731e+00     1.96084e+00
    1.57749e+00     1.93067e+00
    1.58773e+00     1.90094e+00
    1.59805e+00     1.87168e+00
    1.60843e+00     1.84283e+00
    1.61887e+00     1.81442e+00
    1.62939e+00     1.78645e+00
    1.63997e+00     1.75888e+00
    1.65063e+00     1.73173e+00
    1.66135e+00     1.70498e+00
    1.67214e+00     1.67861e+00
    1.68300e+00     1.65266e+00
    1.69393e+00     1.62707e+00
    1.70494e+00     1.60190e+00
    1.71601e+00     1.57707e+00
    1.72716e+00     1.55263e+00
    1.73838e+00     1.52856e+00
    1.74967e+00     1.50485e+00
    1.76103e+00     1.48149e+00
    1.77247e+00     1.45848e+00
    1.78398e+00     1.43583e+00
    1.79557e+00     1.41352e+00
    1.80724e+00     1.39156e+00
    1.81897e+00     1.36992e+00
    1.83079e+00     1.34860e+00
    1.84268e+00     1.32762e+00
    1.85465e+00     1.30695e+00
    1.86670e+00     1.28660e+00
    1.87882e+00     1.26654e+00
    1.89103e+00     1.24682e+00
    1.90331e+00     1.22738e+00
    1.91567e+00     1.20822e+00
    1.92812e+00     1.18938e+00
    1.94064e+00     1.17081e+00
    1.95325e+00     1.15253e+00
    1.96593e+00     1.13453e+00
    1.97870e+00     1.11681e+00
    1.99156e+00     1.09935e+00
    2.00449e+00     1.08215e+00
    2.01751e+00     1.06522e+00
    2.03062e+00     1.04856e+00
    2.04381e+00     1.03213e+00
    2.05708e+00     1.01596e+00
    2.07045e+00     1.00004e+00
    2.08389e+00     9.84343e-01
    2.09743e+00     9.68902e-01
    2.11105e+00     9.53682e-01
    2.12477e+00     9.38705e-01
    2.13857e+00     9.23960e-01
    2.15246e+00     9.09436e-01
    2.16644e+00     8.95118e-01
    2.18051e+00     8.81032e-01
    2.19468e+00     8.67168e-01
    2.20893e+00     8.53502e-01
    2.22328e+00     8.40068e-01
    2.23772e+00     8.26820e-01
    2.25226e+00     8.13787e-01
    2.26689e+00     8.00952e-01
    2.28161e+00     7.88313e-01
    2.29643e+00     7.75872e-01
    2.31135e+00     7.63629e-01
    2.32636e+00     7.51564e-01
    2.34147e+00     7.39694e-01
    2.35668e+00     7.28004e-01
    2.37199e+00     7.16493e-01
    2.38740e+00     7.05173e-01
    2.40290e+00     6.94014e-01
    2.41851e+00     6.83034e-01
    2.43422e+00     6.72228e-01
    2.45003e+00     6.61583e-01
    2.46595e+00     6.51100e-01
    2.48197e+00     6.40789e-01
    2.49809e+00     6.30631e-01
    2.51431e+00     6.20631e-01
    2.53065e+00     6.10788e-01
    2.54708e+00     6.01094e-01
    2.56363e+00     5.91552e-01
    2.58028e+00     5.82156e-01
    2.59704e+00     5.72904e-01
    2.61391e+00     5.63796e-01
    2.63089e+00     5.54828e-01
    2.64798e+00     5.45998e-01
    2.66518e+00     5.37306e-01
    2.68249e+00     5.28747e-01
    2.69991e+00     5.20322e-01
    2.71745e+00     5.12029e-01
    2.73510e+00     5.03864e-01
    2.75287e+00     4.95827e-01
    2.77075e+00     4.87914e-01
    2.78875e+00     4.80127e-01
    2.80686e+00     4.72459e-01
    2.82509e+00     4.64914e-01
    2.84344e+00     4.57486e-01
    2.86191e+00     4.50174e-01
    2.88050e+00     4.42978e-01
    2.89921e+00     4.35895e-01
    2.91805e+00     4.28925e-01
    2.93700e+00     4.22062e-01
    2.95608e+00     4.15309e-01
    2.97528e+00     4.08661e-01
    2.99461e+00     4.02118e-01
    3.01406e+00     3.95678e-01
    3.03364e+00     3.89340e-01
    3.05334e+00     3.83100e-01
    3.07317e+00     3.76959e-01
    3.09314e+00     3.70915e-01
    3.11323e+00     3.64966e-01
    3.13345e+00     3.59110e-01
    3.15380e+00     3.53345e-01
    3.17429e+00     3.47672e-01
    3.19491e+00     3.42087e-01
    3.21566e+00     3.36589e-01
    3.23655e+00     3.31177e-01
    3.25757e+00     3.25849e-01
    3.27873e+00     3.20605e-01
    3.30003e+00     3.15443e-01
    3.32146e+00     3.10362e-01
    3.34304e+00     3.05362e-01
    3.36475e+00     3.00439e-01
    3.38661e+00     2.95594e-01
    3.40861e+00     2.90826e-01
    3.43075e+00     2.86133e-01
    3.45303e+00     2.81514e-01
    3.47546e+00     2.76969e-01
    3.49804e+00     2.72496e-01
    3.52076e+00     2.68094e-01
    3.54363e+00     2.63762e-01
    3.56664e+00     2.59498e-01
    3.58981e+00     2.55303e-01
    3.61313e+00     2.51175e-01
    3.63660e+00     2.47112e-01
    3.66022e+00     2.43114e-01
    3.68400e+00     2.39180e-01
    3.70793e+00     2.35308e-01
    3.73201e+00     2.31499e-01
    3.75625e+00     2.27750e-01
    3.78065e+00     2.24061e-01
    3.80521e+00     2.20432e-01
    3.82993e+00     2.16859e-01
    3.85480e+00     2.13343e-01
    3.87984e+00     2.09884e-01
    3.90504e+00     2.06479e-01
    3.93041e+00     2.03130e-01
    3.95594e+00     1.99833e-01
    3.98163e+00     1.96588e-01
    4.00750e+00     1.93395e-01
    4.03353e+00     1.90253e-01
    4.05973e+00     1.87159e-01
    4.08610e+00     1.84115e-01
    4.11264e+00     1.81120e-01
    4.13935e+00     1.78171e-01
    4.16624e+00     1.75270e-01
    4.19330e+00     1.72415e-01
    4.22054e+00     1.69605e-01
    4.24796e+00     1.66841e-01
    4.27555e+00     1.64120e-01
    4.30332e+00     1.61444e-01
    4.33127e+00     1.58810e-01
    4.35941e+00     1.56219e-01
    4.38772e+00     1.53669e-01
    4.41622e+00     1.51160e-01
    4.44491e+00     1.48692e-01
    4.47378e+00     1.46264e-01
    4.50284e+00     1.43874e-01
    4.53209e+00     1.41523e-01
    4.56153e+00     1.39211e-01
    4.59116e+00     1.36935e-01
    4.62098e+00     1.34697e-01
    4.65100e+00     1.32494e-01
    4.68121e+00     1.30327e-01
    4.71161e+00     1.28195e-01
    4.74222e+00     1.26097e-01
    4.77302e+00     1.24034e-01
    4.80403e+00     1.22004e-01
    4.83523e+00     1.20006e-01
    4.86664e+00     1.18041e-01
    4.89825e+00     1.16107e-01
    4.93007e+00     1.14204e-01
    4.96209e+00     1.12332e-01
    4.99432e+00     1.10489e-01
    5.02676e+00     1.08676e-01
    5.05941e+00     1.06893e-01
    5.09228e+00     1.05137e-01
    5.12535e+00     1.03410e-01
    5.15865e+00     1.01711e-01
    5.19215e+00     1.00039e-01
    5.22588e+00     9.83937e-02
    5.25983e+00     9.67756e-02
    5.29399e+00     9.51829e-02
    5.32838e+00     9.36166e-02
    5.36299e+00     9.20749e-02
    5.39782e+00     9.05591e-02
    5.43289e+00     8.90671e-02
    5.46818e+00     8.76000e-02
    5.50370e+00     8.61562e-02
    5.53944e+00     8.47363e-02
    5.57543e+00     8.33398e-02
    5.61164e+00     8.19654e-02
    5.64809e+00     8.06140e-02
    5.68478e+00     7.92840e-02
    5.72171e+00     7.79760e-02
    5.75887e+00     7.66898e-02
    5.79628e+00     7.54239e-02
    5.83393e+00     7.41797e-02
    5.87182e+00     7.29549e-02
    5.90996e+00     7.17501e-02
    5.94835e+00     7.05653e-02
    5.98699e+00     6.93997e-02
    6.02588e+00     6.82531e-02
    6.06502e+00     6.71254e-02
    6.10442e+00     6.60160e-02
    6.14407e+00     6.49246e-02
    6.18398e+00     6.38505e-02
    6.22414e+00     6.27943e-02
    6.26457e+00     6.17547e-02
    6.30527e+00     6.07323e-02
    6.34622e+00     5.97267e-02
    6.38744e+00     5.87368e-02
    6.42893e+00     5.77631e-02
    6.47069e+00     5.68055e-02
    6.51272e+00     5.58632e-02
    6.55503e+00     5.49363e-02
    6.59761e+00     5.40246e-02
    6.64046e+00     5.31273e-02
    6.68359e+00     5.22452e-02
    6.72701e+00     5.13774e-02
    6.77070e+00     5.05239e-02
    6.81468e+00     4.96845e-02
    6.85895e+00     4.88588e-02
    6.90350e+00     4.80470e-02
    6.94834e+00     4.72481e-02
    6.99348e+00     4.64625e-02
    7.03890e+00     4.56900e-02
    7.08462e+00     4.49302e-02
    7.13064e+00     4.41829e-02
    7.17696e+00     4.34474e-02
    7.22358e+00     4.27249e-02
    7.27050e+00     4.20136e-02
    7.31773e+00     4.13145e-02
    7.36526e+00     4.06264e-02
    7.41310e+00     3.99505e-02
    7.46125e+00     3.92849e-02
    7.50972e+00     3.86307e-02
    7.55850e+00     3.79873e-02
    7.60759e+00     3.73541e-02
    7.65701e+00     3.67316e-02
    7.70675e+00     3.61193e-02
    7.75680e+00     3.55168e-02
    7.80719e+00     3.49245e-02
    7.85790e+00     3.43414e-02
    7.90894e+00     3.37683e-02
    7.96032e+00     3.32039e-02
    8.01202e+00     3.26493e-02
    8.06407e+00     3.21039e-02
    8.11645e+00     3.15671e-02
    8.16917e+00     3.10393e-02
    8.22223e+00     3.05201e-02
    8.27564e+00     3.00093e-02
    8.32939e+00     2.95070e-02
    8.38350e+00     2.90131e-02
    8.43795e+00     2.85274e-02
    8.49276e+00     2.80496e-02
    8.54793e+00     2.75800e-02
    8.60345e+00     2.71181e-02
    8.65933e+00     2.66634e-02
    8.71558e+00     2.62167e-02
    8.77219e+00     2.57776e-02
    8.82917e+00     2.53456e-02
    8.88652e+00     2.49206e-02
    8.94425e+00     2.45030e-02
    9.00234e+00     2.40918e-02
    9.06082e+00     2.36880e-02
    9.11967e+00     2.32910e-02
    9.17891e+00     2.28999e-02
    9.23853e+00     2.25161e-02
    9.29854e+00     2.21383e-02
    9.35894e+00     2.17668e-02
    9.41973e+00     2.14015e-02
    9.48092e+00     2.10422e-02
    9.54250e+00     2.06889e-02
    9.60449e+00     2.03414e-02
    9.66687e+00     1.99997e-02
    9.72967e+00     1.96636e-02
    9.79287e+00     1.93331e-02
    9.85648e+00     1.90079e-02
    9.92050e+00     1.86881e-02
    9.98494e+00     1.83736e-02
    1.00498e+01     1.80643e-02
    1.01151e+01     1.77602e-02
    1.01808e+01     1.74610e-02
    1.02469e+01     1.71668e-02
    1.03135e+01     1.68776e-02
    1.03805e+01     1.65931e-02
    1.04479e+01     1.63133e-02
    1.05157e+01     1.60381e-02
    1.05841e+01     1.57678e-02
    1.06528e+01     1.55017e-02
    1.07220e+01     1.52402e-02
    1.07916e+01     1.49830e-02
    1.08617e+01     1.47302e-02
    1.09323e+01     1.44817e-02
    1.10033e+01     1.42373e-02
    1.10748e+01     1.39970e-02
    1.11467e+01     1.37607e-02
    1.12191e+01     1.35284e-02
    1.12920e+01     1.33000e-02
    1.13653e+01     1.30753e-02
    1.14392e+01     1.28546e-02
    1.15135e+01     1.26375e-02
    1.15883e+01     1.24240e-02
    1.16635e+01     1.22140e-02
    1.17393e+01     1.20077e-02
    1.18155e+01     1.18047e-02
    1.18923e+01     1.16052e-02
    1.19695e+01     1.14089e-02
    1.20473e+01     1.12160e-02
    1.21255e+01     1.10262e-02
    1.22043e+01     1.08396e-02
    1.22836e+01     1.06562e-02
    1.23634e+01     1.04757e-02
    1.24437e+01     1.02982e-02
    1.25245e+01     1.01237e-02
    1.26059e+01     9.95208e-03
    1.26877e+01     9.78327e-03
    1.27701e+01     9.61734e-03
    1.28531e+01     9.45422e-03
    1.29366e+01     9.29384e-03
    1.30206e+01     9.13607e-03
    1.31052e+01     8.98102e-03
    1.31903e+01     8.82854e-03
    1.32760e+01     8.67866e-03
    1.33622e+01     8.53128e-03
    1.34490e+01     8.38638e-03
    1.35364e+01     8.24395e-03
    1.36243e+01     8.10390e-03
    1.37128e+01     7.96626e-03
    1.38019e+01     7.83093e-03
    1.38915e+01     7.69784e-03
    1.39818e+01     7.56706e-03
    1.40726e+01     7.43846e-03
    1.41640e+01     7.31204e-03
    1.42560e+01     7.18774e-03
    1.43486e+01     7.06556e-03
    1.44418e+01     6.94545e-03
    1.45356e+01     6.82735e-03
    1.46300e+01     6.71124e-03
    1.47251e+01     6.59711e-03
    1.48207e+01     6.48487e-03
    1.49170e+01     6.37456e-03
    1.50139e+01     6.26606e-03
    1.51114e+01     6.15939e-03
    1.52095e+01     6.05448e-03
    1.53083e+01     5.95135e-03
    1.54078e+01     5.84996e-03
    1.55079e+01     5.75023e-03
    1.56086e+01     5.65219e-03
    1.57100e+01     5.55579e-03
    1.58120e+01     5.46099e-03
    1.59147e+01     5.36779e-03
    1.60181e+01     5.27617e-03
    1.61221e+01     5.18608e-03
    1.62269e+01     5.09756e-03
    1.63323e+01     5.01050e-03
    1.64384e+01     4.92493e-03
    1.65451e+01     4.84079e-03
    1.66526e+01     4.75809e-03
    1.67608e+01     4.67678e-03
    1.68696e+01     4.59686e-03
    1.69792e+01     4.51832e-03
    1.70895e+01     4.44108e-03
    1.72005e+01     4.36517e-03
    1.73122e+01     4.29056e-03
    1.74247e+01     4.21723e-03
    1.75379e+01     4.14514e-03
    1.76518e+01     4.07427e-03
    1.77665e+01     4.00460e-03
    1.78819e+01     3.93612e-03
    1.79980e+01     3.86881e-03
    1.81149e+01     3.80264e-03
    1.82326e+01     3.73759e-03
    1.83510e+01     3.67365e-03
    1.84702e+01     3.61079e-03
    1.85902e+01     3.54899e-03
    1.87109e+01     3.48823e-03
    1.88325e+01     3.42851e-03
    1.89548e+01     3.36979e-03
    1.90779e+01     3.31206e-03
    1.92019e+01     3.25530e-03
    1.93266e+01     3.19950e-03
    1.94521e+01     3.14461e-03
    1.95785e+01     3.09068e-03
    1.97056e+01     3.03765e-03
    1.98336e+01     2.98552e-03
    1.99625e+01     2.93427e-03
    2.00921e+01     2.88389e-03
    2.02226e+01     2.83435e-03
    2.03540e+01     2.78568e-03
    2.04862e+01     2.73782e-03
    2.06193e+01     2.69078e-03
    2.07532e+01     2.64454e-03
    2.08880e+01     2.59909e-03
    2.10237e+01     2.55443e-03
    2.11603e+01     2.51053e-03
    2.12977e+01     2.46737e-03
    2.14360e+01     2.42496e-03
    2.15753e+01     2.38328e-03
    2.17154e+01     2.34230e-03
    2.18565e+01     2.30204e-03
    2.19985e+01     2.26247e-03
    2.21413e+01     2.22356e-03
    2.22852e+01     2.18532e-03
    2.24299e+01     2.14775e-03
    2.25756e+01     2.11080e-03
    2.27223e+01     2.07450e-03
    2.28698e+01     2.03880e-03
    2.30184e+01     2.00373e-03
    2.31679e+01     1.96923e-03
    2.33184e+01     1.93535e-03
    2.34699e+01     1.90203e-03
    2.36223e+01     1.86928e-03
    2.37758e+01     1.83708e-03
    2.39302e+01     1.80542e-03
    2.40856e+01     1.77429e-03
    2.42421e+01     1.74370e-03
    2.43996e+01     1.71364e-03
    2.45580e+01     1.68407e-03
    2.47176e+01     1.65501e-03
    2.48781e+01     1.62644e-03
    2.50397e+01     1.59837e-03
    2.52024e+01     1.57076e-03
    2.53661e+01     1.54365e-03
    2.55308e+01     1.51697e-03
    2.56967e+01     1.49078e-03
    2.58636e+01     1.46501e-03
    2.60316e+01     1.43970e-03
    2.62007e+01     1.41483e-03
    2.63709e+01     1.39039e-03
    2.65421e+01     1.36635e-03
    2.67146e+01     1.34275e-03
    2.68881e+01     1.31954e-03
    2.70627e+01     1.29673e-03
    2.72385e+01     1.27432e-03
    2.74154e+01     1.25228e-03
    2.75935e+01     1.23064e-03
    2.77728e+01     1.20936e-03
    2.79532e+01     1.18846e-03
    2.81347e+01     1.16790e-03
    2.83175e+01     1.14771e-03
    2.85014e+01     1.12787e-03
    2.86866e+01     1.10836e-03
    2.88729e+01     1.08918e-03
    2.90604e+01     1.07033e-03
    2.92492e+01     1.05182e-03
    2.94392e+01     1.03361e-03
    2.96304e+01     1.01572e-03
    2.98229e+01     9.98124e-04
    3.00166e+01     9.80820e-04
    3.02116e+01     9.63823e-04
    3.04078e+01     9.47110e-04
    3.06053e+01     9.30684e-04
    3.08041e+01     9.14541e-04
    3.10042e+01     8.98681e-04
    3.12056e+01     8.83084e-04
    3.14083e+01     8.67748e-04
    3.16123e+01     8.52689e-04
    3.18176e+01     8.37887e-04
    3.20243e+01     8.23344e-04
    3.22323e+01     8.09039e-04
    3.24417e+01     7.94989e-04
    3.26524e+01     7.81175e-04
    3.28645e+01     7.67611e-04
    3.30780e+01     7.54278e-04
    3.32929e+01     7.41175e-04
    3.35091e+01     7.28298e-04
    3.37268e+01     7.15645e-04
    3.39458e+01     7.03210e-04
    3.41663e+01     6.90990e-04
    3.43883e+01     6.78986e-04
    3.46116e+01     6.67185e-04
    3.48365e+01     6.55591e-04
    3.50627e+01     6.44197e-04
    3.52905e+01     6.33001e-04
    3.55197e+01     6.21997e-04
    3.57505e+01     6.11184e-04
    3.59827e+01     6.00558e-04
    3.62164e+01     5.90113e-04
    3.64516e+01     5.79848e-04
    3.66884e+01     5.69759e-04
    3.69267e+01     5.59844e-04
    3.71666e+01     5.50099e-04
    3.74080e+01     5.40519e-04
    3.76510e+01     5.31103e-04
    3.78956e+01     5.21850e-04
    3.81417e+01     5.12753e-04
    3.83895e+01     5.03815e-04
    3.86388e+01     4.95028e-04
    3.88898e+01     4.86394e-04
    3.91424e+01     4.77909e-04
    3.93967e+01     4.69571e-04
    3.96526e+01     4.61377e-04
    3.99101e+01     4.53324e-04
    4.01694e+01     4.45413e-04
    4.04303e+01     4.37636e-04
    4.06929e+01     4.29996e-04
    4.09572e+01     4.22488e-04
    4.12233e+01     4.15112e-04
    4.14910e+01     4.07864e-04
    4.17605e+01     4.00740e-04
    4.20318e+01     3.93743e-04
    4.23048e+01     3.86866e-04
    4.25796e+01     3.80109e-04
    4.28562e+01     3.73471e-04
    4.31346e+01     3.66947e-04
    4.34147e+01     3.60536e-04
    4.36968e+01     3.54239e-04
    4.39806e+01     3.48049e-04
    4.42663e+01     3.41968e-04
    4.45538e+01     3.35991e-04
    4.48432e+01     3.30118e-04
    4.51345e+01     3.24347e-04
    4.54277e+01     3.18676e-04
    4.57227e+01     3.13103e-04
    4.60197e+01     3.07625e-04
    4.63186e+01     3.02241e-04
    4.66195e+01     2.96950e-04
    4.69223e+01     2.91750e-04
    4.72271e+01     2.86638e-04
    4.75339e+01     2.81616e-04
    4.78426e+01     2.76679e-04
    4.81534e+01     2.71829e-04
    4.84662e+01     2.67062e-04
    4.87810e+01     2.62376e-04
    4.90979e+01     2.57774e-04
    4.94168e+01     2.53251e-04
    4.97378e+01     2.48806e-04
    5.00608e+01     2.44439e-04
    5.03860e+01     2.40148e-04
    5.07133e+01     2.35933e-04
    5.10427e+01     2.31791e-04
    5.13743e+01     2.27722e-04
    5.17080e+01     2.23723e-04
    5.20438e+01     2.19795e-04
    5.23819e+01     2.15936e-04
    5.27221e+01     2.12144e-04
    5.30646e+01     2.08418e-04
    5.34093e+01     2.04759e-04
    5.37562e+01     2.01164e-04
    5.41054e+01     1.97631e-04
    5.44568e+01     1.94160e-04
    5.48106e+01     1.90751e-04
    5.51666e+01     1.87400e-04
    5.55249e+01     1.84109e-04
    5.58856e+01     1.80875e-04
    5.62486e+01     1.77698e-04
    5.66140e+01     1.74576e-04
    5.69817e+01     1.71508e-04
    5.73518e+01     1.68494e-04
    5.77244e+01     1.65532e-04
    5.80993e+01     1.62622e-04
    5.84767e+01     1.59762e-04
    5.88565e+01     1.56951e-04
    5.92388e+01     1.54190e-04
    5.96236e+01     1.51476e-04
    6.00109e+01     1.48810e-04
    6.04007e+01     1.46191e-04
    6.07930e+01     1.43616e-04
    6.11879e+01     1.41087e-04
    6.15854e+01     1.38602e-04
    6.19854e+01     1.36160e-04
    6.23880e+01     1.33761e-04
    6.27933e+01     1.31403e-04
    6.32012e+01     1.29088e-04
    6.36117e+01     1.26812e-04
    6.40249e+01     1.24576e-04
    6.44408e+01     1.22380e-04
    6.48593e+01     1.20221e-04
    6.52806e+01     1.18100e-04
    6.57047e+01     1.16016e-04
    6.61315e+01     1.13969e-04
    6.65610e+01     1.11957e-04
    6.69934e+01     1.09980e-04
    6.74285e+01     1.08037e-04
    6.78665e+01     1.06127e-04
    6.83073e+01     1.04251e-04
    6.87510e+01     1.02407e-04
    6.91976e+01     1.00595e-04
    6.96471e+01     9.88144e-05
    7.00995e+01     9.70636e-05
    7.05548e+01     9.53429e-05
    7.10131e+01     9.36516e-05
    7.14744e+01     9.19885e-05
    7.19386e+01     9.03542e-05
    7.24059e+01     8.87472e-05
    7.28762e+01     8.71672e-05
    7.33496e+01     8.56139e-05
    7.38261e+01     8.40867e-05
    7.43056e+01     8.25857e-05
    7.47883e+01     8.11112e-05
    7.52740e+01     7.96612e-05
    7.57630e+01     7.82372e-05
    7.62551e+01     7.68375e-05
    7.67504e+01     7.54627e-05
    7.72490e+01     7.41119e-05
    7.77507e+01     7.27848e-05
    7.82558e+01     7.14822e-05
    7.87641e+01     7.02024e-05
    7.92757e+01     6.89458e-05
    7.97906e+01     6.77123e-05
    8.03089e+01     6.65012e-05
    8.08306e+01     6.53122e-05
    8.13556e+01     6.41458e-05
    8.18841e+01     6.30006e-05
    8.24160e+01     6.18763e-05
    8.29513e+01     6.07741e-05
    8.34901e+01     5.96918e-05
    8.40324e+01     5.86308e-05
    8.45783e+01     5.75894e-05
    8.51276e+01     5.65681e-05
    8.56806e+01     5.55669e-05
    8.62371e+01     5.45855e-05
    8.67973e+01     5.36226e-05
    8.73611e+01     5.26792e-05
    8.79285e+01     5.17538e-05
    8.84997e+01     5.08478e-05
    8.90745e+01     4.99589e-05
    8.96531e+01     4.90889e-05
    9.02355e+01     4.82359e-05
    9.08216e+01     4.74002e-05
    9.14115e+01     4.65818e-05
    9.20053e+01     4.57793e-05
    9.26029e+01     4.49925e-05
    9.32044e+01     4.42207e-05
    9.38099e+01     4.34640e-05
    9.44192e+01     4.27207e-05
    9.50325e+01     4.19910e-05
    9.56498e+01     4.12742e-05
    9.62711e+01     4.05695e-05
    9.68964e+01     3.98768e-05
    9.75258e+01     3.91956e-05
    9.81593e+01     3.85251e-05
    9.87969e+01     3.78648e-05
    9.94386e+01     3.72140e-05
    1.00085e+02     3.65734e-05
    1.00735e+02     3.59408e-05
    1.01389e+02     3.53170e-05
    1.02048e+02     3.47011e-05
    1.02710e+02     3.40925e-05
    1.03378e+02     3.34914e-05
    1.04049e+02     3.28965e-05
    1.04725e+02     3.23077e-05
    1.05405e+02     3.17253e-05
    1.06090e+02     3.11479e-05
    1.06779e+02     3.05759e-05
    1.07473e+02     3.00084e-05
    1.08171e+02     2.94447e-05
    1.08873e+02     2.88853e-05
    1.09580e+02     2.83295e-05
    1.10292e+02     2.77768e-05
    1.11009e+02     2.72272e-05
    1.11730e+02     2.66801e-05
