    1.05035e-05     7.39502e+00
    1.05717e-05     7.44116e+00
    1.06404e-05     7.48763e+00
    1.07095e-05     7.53436e+00
    1.07791e-05     7.58141e+00
    1.08491e-05     7.62873e+00
    1.09196e-05     7.67637e+00
    1.09905e-05     7.72426e+00
    1.10619e-05     7.77248e+00
    1.11337e-05     7.82097e+00
    1.12060e-05     7.86977e+00
    1.12788e-05     7.91890e+00
    1.13521e-05     7.96836e+00
    1.14258e-05     8.01807e+00
    1.15001e-05     8.06818e+00
    1.15748e-05     8.11854e+00
    1.16499e-05     8.16916e+00
    1.17256e-05     8.22017e+00
    1.18018e-05     8.27151e+00
    1.18784e-05     8.32310e+00
    1.19556e-05     8.37508e+00
    1.20332e-05     8.42732e+00
    1.21114e-05     8.47995e+00
    1.21901e-05     8.53290e+00
    1.22693e-05     8.58618e+00
    1.23490e-05     8.63978e+00
    1.24292e-05     8.69370e+00
    1.25099e-05     8.74794e+00
    1.25912e-05     8.80257e+00
    1.26730e-05     8.85753e+00
    1.27553e-05     8.91281e+00
    1.28381e-05     8.96840e+00
    1.29215e-05     9.02439e+00
    1.30054e-05     9.08070e+00
    1.30899e-05     9.13740e+00
    1.31749e-05     9.19442e+00
    1.32605e-05     9.25183e+00
    1.33467e-05     9.30962e+00
    1.34334e-05     9.36774e+00
    1.35206e-05     9.42617e+00
    1.36084e-05     9.48499e+00
    1.36968e-05     9.54421e+00
    1.37858e-05     9.60380e+00
    1.38753e-05     9.66372e+00
    1.39655e-05     9.72409e+00
    1.40562e-05     9.78478e+00
    1.41475e-05     9.84585e+00
    1.42394e-05     9.90732e+00
    1.43319e-05     9.96916e+00
    1.44250e-05     1.00314e+01
    1.45187e-05     1.00940e+01
    1.46130e-05     1.01570e+01
    1.47079e-05     1.02204e+01
    1.48034e-05     1.02842e+01
    1.48996e-05     1.03484e+01
    1.49964e-05     1.04130e+01
    1.50938e-05     1.04780e+01
    1.51918e-05     1.05434e+01
    1.52905e-05     1.06092e+01
    1.53898e-05     1.06754e+01
    1.54898e-05     1.07421e+01
    1.55904e-05     1.08091e+01
    1.56917e-05     1.08766e+01
    1.57936e-05     1.09445e+01
    1.58962e-05     1.10128e+01
    1.59994e-05     1.10815e+01
    1.61034e-05     1.11507e+01
    1.62080e-05     1.12203e+01
    1.63132e-05     1.12903e+01
    1.64192e-05     1.13608e+01
    1.65259e-05     1.14318e+01
    1.66332e-05     1.15031e+01
    1.67412e-05     1.15749e+01
    1.68500e-05     1.16472e+01
    1.69594e-05     1.17198e+01
    1.70696e-05     1.17930e+01
    1.71805e-05     1.18666e+01
    1.72921e-05     1.19407e+01
    1.74044e-05     1.20152e+01
    1.75174e-05     1.20902e+01
    1.76312e-05     1.21657e+01
    1.77458e-05     1.22417e+01
    1.78610e-05     1.23180e+01
    1.79770e-05     1.23949e+01
    1.80938e-05     1.24723e+01
    1.82113e-05     1.25501e+01
    1.83296e-05     1.26285e+01
    1.84487e-05     1.27073e+01
    1.85685e-05     1.27866e+01
    1.86891e-05     1.28664e+01
    1.88105e-05     1.29468e+01
    1.89327e-05     1.30276e+01
    1.90557e-05     1.31089e+01
    1.91795e-05     1.31908e+01
    1.93041e-05     1.32731e+01
    1.94294e-05     1.33559e+01
    1.95557e-05     1.34393e+01
    1.96827e-05     1.35232e+01
    1.98105e-05     1.36076e+01
    1.99392e-05     1.36925e+01
    2.00687e-05     1.37780e+01
    2.01991e-05     1.38640e+01
    2.03303e-05     1.39506e+01
    2.04623e-05     1.40376e+01
    2.05953e-05     1.41253e+01
    2.07290e-05     1.42134e+01
    2.08637e-05     1.43022e+01
    2.09992e-05     1.43914e+01
    2.11356e-05     1.44812e+01
    2.12729e-05     1.45716e+01
    2.14111e-05     1.46626e+01
    2.15501e-05     1.47541e+01
    2.16901e-05     1.48462e+01
    2.18310e-05     1.49388e+01
    2.19728e-05     1.50321e+01
    2.21155e-05     1.51259e+01
    2.22592e-05     1.52203e+01
    2.24038e-05     1.53153e+01
    2.25493e-05     1.54109e+01
    2.26958e-05     1.55071e+01
    2.28432e-05     1.56039e+01
    2.29916e-05     1.57013e+01
    2.31409e-05     1.57993e+01
    2.32912e-05     1.58979e+01
    2.34425e-05     1.59971e+01
    2.35948e-05     1.60970e+01
    2.37481e-05     1.61975e+01
    2.39023e-05     1.62985e+01
    2.40576e-05     1.64003e+01
    2.42138e-05     1.65026e+01
    2.43711e-05     1.66056e+01
    2.45294e-05     1.67093e+01
    2.46888e-05     1.68137e+01
    2.48491e-05     1.69186e+01
    2.50105e-05     1.70242e+01
    2.51730e-05     1.71305e+01
    2.53365e-05     1.72374e+01
    2.55011e-05     1.73450e+01
    2.56667e-05     1.74533e+01
    2.58334e-05     1.75622e+01
    2.60012e-05     1.76718e+01
    2.61701e-05     1.77821e+01
    2.63401e-05     1.78932e+01
    2.65112e-05     1.80049e+01
    2.66834e-05     1.81172e+01
    2.68567e-05     1.82303e+01
    2.70312e-05     1.83441e+01
    2.72068e-05     1.84587e+01
    2.73835e-05     1.85739e+01
    2.75614e-05     1.86898e+01
    2.77404e-05     1.88064e+01
    2.79206e-05     1.89238e+01
    2.81019e-05     1.90419e+01
    2.82845e-05     1.91608e+01
    2.84682e-05     1.92804e+01
    2.86531e-05     1.94007e+01
    2.88392e-05     1.95218e+01
    2.90266e-05     1.96437e+01
    2.92151e-05     1.97663e+01
    2.94049e-05     1.98896e+01
    2.95959e-05     2.00138e+01
    2.97881e-05     2.01387e+01
    2.99816e-05     2.02643e+01
    3.01764e-05     2.03909e+01
    3.03724e-05     2.05181e+01
    3.05697e-05     2.06462e+01
    3.07682e-05     2.07750e+01
    3.09681e-05     2.09047e+01
    3.11692e-05     2.10352e+01
    3.13717e-05     2.11665e+01
    3.15755e-05     2.12986e+01
    3.17806e-05     2.14316e+01
    3.19870e-05     2.15653e+01
    3.21948e-05     2.17000e+01
    3.24039e-05     2.18354e+01
    3.26144e-05     2.19717e+01
    3.28262e-05     2.21088e+01
    3.30395e-05     2.22469e+01
    3.32541e-05     2.23858e+01
    3.34701e-05     2.25255e+01
    3.36875e-05     2.26661e+01
    3.39063e-05     2.28076e+01
    3.41265e-05     2.29499e+01
    3.43482e-05     2.30932e+01
    3.45713e-05     2.32373e+01
    3.47959e-05     2.33824e+01
    3.50219e-05     2.35283e+01
    3.52494e-05     2.36752e+01
    3.54783e-05     2.38229e+01
    3.57088e-05     2.39716e+01
    3.59407e-05     2.41212e+01
    3.61742e-05     2.42717e+01
    3.64092e-05     2.44233e+01
    3.66457e-05     2.45757e+01
    3.68837e-05     2.47291e+01
    3.71233e-05     2.48834e+01
    3.73644e-05     2.50387e+01
    3.76071e-05     2.51950e+01
    3.78514e-05     2.53523e+01
    3.80973e-05     2.55105e+01
    3.83447e-05     2.56697e+01
    3.85938e-05     2.58300e+01
    3.88445e-05     2.59912e+01
    3.90968e-05     2.61535e+01
    3.93507e-05     2.63167e+01
    3.96064e-05     2.64810e+01
    3.98636e-05     2.66463e+01
    4.01226e-05     2.68126e+01
    4.03832e-05     2.69800e+01
    4.06455e-05     2.71484e+01
    4.09095e-05     2.73178e+01
    4.11752e-05     2.74883e+01
    4.14427e-05     2.76600e+01
    4.17119e-05     2.78326e+01
    4.19828e-05     2.80063e+01
    4.22555e-05     2.81811e+01
    4.25300e-05     2.83570e+01
    4.28062e-05     2.85340e+01
    4.30843e-05     2.87121e+01
    4.33642e-05     2.88913e+01
    4.36458e-05     2.90716e+01
    4.39293e-05     2.92531e+01
    4.42147e-05     2.94357e+01
    4.45019e-05     2.96194e+01
    4.47909e-05     2.98042e+01
    4.50819e-05     2.99903e+01
    4.53747e-05     3.01774e+01
    4.56694e-05     3.03657e+01
    4.59661e-05     3.05553e+01
    4.62647e-05     3.07460e+01
    4.65652e-05     3.09379e+01
    4.68677e-05     3.11310e+01
    4.71721e-05     3.13253e+01
    4.74785e-05     3.15208e+01
    4.77869e-05     3.17176e+01
    4.80973e-05     3.19155e+01
    4.84097e-05     3.21147e+01
    4.87242e-05     3.23152e+01
    4.90406e-05     3.25168e+01
    4.93592e-05     3.27198e+01
    4.96798e-05     3.29240e+01
    5.00025e-05     3.31295e+01
    5.03273e-05     3.33363e+01
    5.06542e-05     3.35443e+01
    5.09832e-05     3.37537e+01
    5.13144e-05     3.39644e+01
    5.16477e-05     3.41763e+01
    5.19832e-05     3.43896e+01
    5.23208e-05     3.46042e+01
    5.26607e-05     3.48202e+01
    5.30028e-05     3.50375e+01
    5.33470e-05     3.52561e+01
    5.36936e-05     3.54762e+01
    5.40423e-05     3.56975e+01
    5.43934e-05     3.59204e+01
    5.47467e-05     3.61445e+01
    5.51023e-05     3.63700e+01
    5.54602e-05     3.65971e+01
    5.58205e-05     3.68255e+01
    5.61830e-05     3.70553e+01
    5.65480e-05     3.72865e+01
    5.69153e-05     3.75193e+01
    5.72850e-05     3.77534e+01
    5.76571e-05     3.79891e+01
    5.80316e-05     3.82262e+01
    5.84085e-05     3.84647e+01
    5.87879e-05     3.87048e+01
    5.91698e-05     3.89464e+01
    5.95541e-05     3.91895e+01
    5.99410e-05     3.94341e+01
    6.03303e-05     3.96802e+01
    6.07222e-05     3.99279e+01
    6.11166e-05     4.01770e+01
    6.15136e-05     4.04278e+01
    6.19132e-05     4.06802e+01
    6.23153e-05     4.09340e+01
    6.27201e-05     4.11896e+01
    6.31275e-05     4.14466e+01
    6.35376e-05     4.17053e+01
    6.39503e-05     4.19656e+01
    6.43657e-05     4.22275e+01
    6.47838e-05     4.24910e+01
    6.52046e-05     4.27562e+01
    6.56281e-05     4.30230e+01
    6.60544e-05     4.32915e+01
    6.64835e-05     4.35617e+01
    6.69153e-05     4.38335e+01
    6.73499e-05     4.41071e+01
    6.77874e-05     4.43823e+01
    6.82277e-05     4.46592e+01
    6.86709e-05     4.49379e+01
    6.91170e-05     4.52184e+01
    6.95659e-05     4.55005e+01
    7.00178e-05     4.57845e+01
    7.04726e-05     4.60702e+01
    7.09304e-05     4.63577e+01
    7.13911e-05     4.66469e+01
    7.18548e-05     4.69380e+01
    7.23215e-05     4.72309e+01
    7.27913e-05     4.75256e+01
    7.32641e-05     4.78221e+01
    7.37400e-05     4.81206e+01
    7.42190e-05     4.84209e+01
    7.47011e-05     4.87230e+01
    7.51863e-05     4.90270e+01
    7.56747e-05     4.93330e+01
    7.61663e-05     4.96409e+01
    7.66610e-05     4.99506e+01
    7.71589e-05     5.02622e+01
    7.76601e-05     5.05759e+01
    7.81646e-05     5.08915e+01
    7.86723e-05     5.12091e+01
    7.91833e-05     5.15286e+01
    7.96977e-05     5.18502e+01
    8.02153e-05     5.21737e+01
    8.07364e-05     5.24993e+01
    8.12608e-05     5.28269e+01
    8.17886e-05     5.31565e+01
    8.23199e-05     5.34882e+01
    8.28546e-05     5.38220e+01
    8.33928e-05     5.41579e+01
    8.39345e-05     5.44959e+01
    8.44797e-05     5.48360e+01
    8.50284e-05     5.51781e+01
    8.55807e-05     5.55224e+01
    8.61366e-05     5.58689e+01
    8.66961e-05     5.62175e+01
    8.72593e-05     5.65684e+01
    8.78261e-05     5.69214e+01
    8.83966e-05     5.72767e+01
    8.89707e-05     5.76340e+01
    8.95487e-05     5.79937e+01
    9.01303e-05     5.83555e+01
    9.07158e-05     5.87196e+01
    9.13050e-05     5.90860e+01
    9.18981e-05     5.94547e+01
    9.24950e-05     5.98256e+01
    9.30958e-05     6.01989e+01
    9.37005e-05     6.05746e+01
    9.43092e-05     6.09525e+01
    9.49218e-05     6.13327e+01
    9.55383e-05     6.17154e+01
    9.61589e-05     6.21004e+01
    9.67835e-05     6.24878e+01
    9.74122e-05     6.28777e+01
    9.80449e-05     6.32699e+01
    9.86818e-05     6.36646e+01
    9.93228e-05     6.40618e+01
    9.99679e-05     6.44615e+01
    1.00617e-04     6.48635e+01
    1.01271e-04     6.52683e+01
    1.01929e-04     6.56757e+01
    1.02591e-04     6.60854e+01
    1.03257e-04     6.64974e+01
    1.03928e-04     6.69125e+01
    1.04603e-04     6.73299e+01
    1.05282e-04     6.77497e+01
    1.05966e-04     6.81724e+01
    1.06655e-04     6.85983e+01
    1.07347e-04     6.90257e+01
    1.08045e-04     6.94567e+01
    1.08746e-04     6.98897e+01
    1.09453e-04     7.03260e+01
    1.10164e-04     7.07648e+01
    1.10879e-04     7.12060e+01
    1.11599e-04     7.16500e+01
    1.12324e-04     7.20970e+01
    1.13054e-04     7.25470e+01
    1.13788e-04     7.29994e+01
    1.14527e-04     7.34547e+01
    1.15271e-04     7.39129e+01
    1.16020e-04     7.43742e+01
    1.16774e-04     7.48382e+01
    1.17532e-04     7.53047e+01
    1.18296e-04     7.57748e+01
    1.19064e-04     7.62471e+01
    1.19837e-04     7.67225e+01
    1.20616e-04     7.72013e+01
    1.21399e-04     7.76826e+01
    1.22188e-04     7.81674e+01
    1.22982e-04     7.86552e+01
    1.23780e-04     7.91451e+01
    1.24584e-04     7.96388e+01
    1.25394e-04     8.01359e+01
    1.26208e-04     8.06355e+01
    1.27028e-04     8.11385e+01
    1.27853e-04     8.16446e+01
    1.28684e-04     8.21540e+01
    1.29519e-04     8.26658e+01
    1.30361e-04     8.31819e+01
    1.31208e-04     8.37008e+01
    1.32060e-04     8.42226e+01
    1.32918e-04     8.47481e+01
    1.33781e-04     8.52764e+01
    1.34650e-04     8.58082e+01
    1.35525e-04     8.63437e+01
    1.36405e-04     8.68819e+01
    1.37291e-04     8.74237e+01
    1.38183e-04     8.79692e+01
    1.39080e-04     8.85174e+01
    1.39984e-04     8.90698e+01
    1.40893e-04     8.96251e+01
    1.41808e-04     9.01840e+01
    1.42729e-04     9.07464e+01
    1.43656e-04     9.13122e+01
    1.44589e-04     9.18815e+01
    1.45529e-04     9.24550e+01
    1.46474e-04     9.30314e+01
    1.47425e-04     9.36113e+01
    1.48383e-04     9.41953e+01
    1.49347e-04     9.47826e+01
    1.50317e-04     9.53736e+01
    1.51293e-04     9.59681e+01
    1.52276e-04     9.65666e+01
    1.53265e-04     9.71687e+01
    1.54261e-04     9.77747e+01
    1.55263e-04     9.83843e+01
    1.56271e-04     9.89975e+01
    1.57286e-04     9.96146e+01
    1.58308e-04     1.00236e+02
    1.59336e-04     1.00860e+02
    1.60371e-04     1.01489e+02
    1.61413e-04     1.02122e+02
    1.62461e-04     1.02758e+02
    1.63517e-04     1.03399e+02
    1.64579e-04     1.04044e+02
    1.65648e-04     1.04692e+02
    1.66724e-04     1.05345e+02
    1.67807e-04     1.06002e+02
    1.68897e-04     1.06662e+02
    1.69994e-04     1.07327e+02
    1.71098e-04     1.07996e+02
    1.72209e-04     1.08669e+02
    1.73328e-04     1.09347e+02
    1.74454e-04     1.10028e+02
    1.75587e-04     1.10714e+02
    1.76728e-04     1.11404e+02
    1.77875e-04     1.12098e+02
    1.79031e-04     1.12797e+02
    1.80194e-04     1.13500e+02
    1.81364e-04     1.14207e+02
    1.82542e-04     1.14919e+02
    1.83728e-04     1.15635e+02
    1.84921e-04     1.16356e+02
    1.86123e-04     1.17081e+02
    1.87332e-04     1.17811e+02
    1.88548e-04     1.18545e+02
    1.89773e-04     1.19284e+02
    1.91006e-04     1.20027e+02
    1.92246e-04     1.20774e+02
    1.93495e-04     1.21527e+02
    1.94752e-04     1.22284e+02
    1.96017e-04     1.23046e+02
    1.97290e-04     1.23813e+02
    1.98572e-04     1.24585e+02
    1.99862e-04     1.25361e+02
    2.01160e-04     1.26142e+02
    2.02467e-04     1.26928e+02
    2.03782e-04     1.27719e+02
    2.05105e-04     1.28514e+02
    2.06438e-04     1.29315e+02
    2.07779e-04     1.30120e+02
    2.09128e-04     1.30930e+02
    2.10487e-04     1.31746e+02
    2.11854e-04     1.32567e+02
    2.13230e-04     1.33392e+02
    2.14615e-04     1.34223e+02
    2.16009e-04     1.35059e+02
    2.17412e-04     1.35900e+02
    2.18824e-04     1.36746e+02
    2.20246e-04     1.37598e+02
    2.21676e-04     1.38455e+02
    2.23116e-04     1.39317e+02
    2.24565e-04     1.40184e+02
    2.26024e-04     1.41057e+02
    2.27492e-04     1.41935e+02
    2.28970e-04     1.42819e+02
    2.30457e-04     1.43708e+02
    2.31954e-04     1.44603e+02
    2.33461e-04     1.45503e+02
    2.34977e-04     1.46409e+02
    2.36504e-04     1.47321e+02
    2.38040e-04     1.48238e+02
    2.39586e-04     1.49160e+02
    2.41142e-04     1.50089e+02
    2.42709e-04     1.51023e+02
    2.44285e-04     1.51963e+02
    2.45872e-04     1.52908e+02
    2.47469e-04     1.53860e+02
    2.49076e-04     1.54817e+02
    2.50694e-04     1.55781e+02
    2.52323e-04     1.56751e+02
    2.53962e-04     1.57726e+02
    2.55611e-04     1.58707e+02
    2.57272e-04     1.59695e+02
    2.58943e-04     1.60688e+02
    2.60625e-04     1.61688e+02
    2.62318e-04     1.62694e+02
    2.64022e-04     1.63707e+02
    2.65737e-04     1.64725e+02
    2.67463e-04     1.65750e+02
    2.69200e-04     1.66780e+02
    2.70949e-04     1.67818e+02
    2.72709e-04     1.68862e+02
    2.74480e-04     1.69912e+02
    2.76263e-04     1.70969e+02
    2.78057e-04     1.72032e+02
    2.79863e-04     1.73102e+02
    2.81681e-04     1.74178e+02
    2.83511e-04     1.75262e+02
    2.85353e-04     1.76352e+02
    2.87206e-04     1.77448e+02
    2.89072e-04     1.78551e+02
    2.90949e-04     1.79661e+02
    2.92839e-04     1.80778e+02
    2.94741e-04     1.81902e+02
    2.96656e-04     1.83033e+02
    2.98583e-04     1.84171e+02
    3.00522e-04     1.85315e+02
    3.02474e-04     1.86467e+02
    3.04439e-04     1.87626e+02
    3.06417e-04     1.88792e+02
    3.08407e-04     1.89965e+02
    3.10410e-04     1.91145e+02
    3.12426e-04     1.92333e+02
    3.14456e-04     1.93528e+02
    3.16498e-04     1.94730e+02
    3.18554e-04     1.95940e+02
    3.20623e-04     1.97157e+02
    3.22706e-04     1.98382e+02
    3.24802e-04     1.99614e+02
    3.26912e-04     2.00854e+02
    3.29035e-04     2.02101e+02
    3.31173e-04     2.03357e+02
    3.33324e-04     2.04620e+02
    3.35489e-04     2.05890e+02
    3.37668e-04     2.07168e+02
    3.39861e-04     2.08454e+02
    3.42069e-04     2.09749e+02
    3.44291e-04     2.11051e+02
    3.46527e-04     2.12361e+02
    3.48778e-04     2.13679e+02
    3.51044e-04     2.15006e+02
    3.53324e-04     2.16340e+02
    3.55619e-04     2.17682e+02
    3.57929e-04     2.19033e+02
    3.60254e-04     2.20392e+02
    3.62594e-04     2.21760e+02
    3.64949e-04     2.23135e+02
    3.67320e-04     2.24519e+02
    3.69706e-04     2.25912e+02
    3.72107e-04     2.27313e+02
    3.74524e-04     2.28723e+02
    3.76957e-04     2.30141e+02
    3.79405e-04     2.31568e+02
    3.81870e-04     2.33004e+02
    3.84350e-04     2.34448e+02
    3.86847e-04     2.35902e+02
    3.89360e-04     2.37364e+02
    3.91889e-04     2.38835e+02
    3.94434e-04     2.40315e+02
    3.96996e-04     2.41804e+02
    3.99575e-04     2.43302e+02
    4.02171e-04     2.44810e+02
    4.04783e-04     2.46326e+02
    4.07412e-04     2.47852e+02
    4.10059e-04     2.49388e+02
    4.12722e-04     2.50932e+02
    4.15403e-04     2.52486e+02
    4.18101e-04     2.54049e+02
    4.20817e-04     2.55623e+02
    4.23550e-04     2.57206e+02
    4.26302e-04     2.58798e+02
    4.29071e-04     2.60400e+02
    4.31858e-04     2.62012e+02
    4.34663e-04     2.63634e+02
    4.37486e-04     2.65265e+02
    4.40328e-04     2.66907e+02
    4.43188e-04     2.68558e+02
    4.46067e-04     2.70220e+02
    4.48964e-04     2.71891e+02
    4.51881e-04     2.73573e+02
    4.54816e-04     2.75265e+02
    4.57770e-04     2.76967e+02
    4.60744e-04     2.78680e+02
    4.63736e-04     2.80402e+02
    4.66749e-04     2.82136e+02
    4.69780e-04     2.83880e+02
    4.72832e-04     2.85634e+02
    4.75903e-04     2.87399e+02
    4.78994e-04     2.89175e+02
    4.82106e-04     2.90962e+02
    4.85237e-04     2.92759e+02
    4.88389e-04     2.94567e+02
    4.91562e-04     2.96386e+02
    4.94754e-04     2.98216e+02
    4.97968e-04     3.00057e+02
    5.01203e-04     3.01909e+02
    5.04458e-04     3.03772e+02
    5.07735e-04     3.05647e+02
    5.11033e-04     3.07533e+02
    5.14353e-04     3.09430e+02
    5.17694e-04     3.11339e+02
    5.21056e-04     3.13259e+02
    5.24441e-04     3.15191e+02
    5.27847e-04     3.17134e+02
    5.31276e-04     3.19090e+02
    5.34727e-04     3.21057e+02
    5.38200e-04     3.23036e+02
    5.41696e-04     3.25026e+02
    5.45215e-04     3.27030e+02
    5.48756e-04     3.29044e+02
    5.52321e-04     3.31071e+02
    5.55908e-04     3.33110e+02
    5.59519e-04     3.35162e+02
    5.63154e-04     3.37226e+02
    5.66812e-04     3.39302e+02
    5.70493e-04     3.41390e+02
    5.74199e-04     3.43492e+02
    5.77929e-04     3.45606e+02
    5.81683e-04     3.47732e+02
    5.85461e-04     3.49872e+02
    5.89264e-04     3.52024e+02
    5.93092e-04     3.54189e+02
    5.96944e-04     3.56367e+02
    6.00822e-04     3.58557e+02
    6.04724e-04     3.60761e+02
    6.08652e-04     3.62978e+02
    6.12606e-04     3.65209e+02
    6.16585e-04     3.67452e+02
    6.20590e-04     3.69710e+02
    6.24621e-04     3.71979e+02
    6.28678e-04     3.74263e+02
    6.32762e-04     3.76561e+02
    6.36872e-04     3.78872e+02
    6.41009e-04     3.81197e+02
    6.45173e-04     3.83536e+02
    6.49363e-04     3.85888e+02
    6.53581e-04     3.88254e+02
    6.57827e-04     3.90636e+02
    6.62100e-04     3.93031e+02
    6.66400e-04     3.95439e+02
    6.70729e-04     3.97863e+02
    6.75086e-04     4.00301e+02
    6.79471e-04     4.02753e+02
    6.83884e-04     4.05219e+02
    6.88327e-04     4.07701e+02
    6.92798e-04     4.10197e+02
    6.97298e-04     4.12707e+02
    7.01827e-04     4.15233e+02
    7.06386e-04     4.17774e+02
    7.10974e-04     4.20329e+02
    7.15592e-04     4.22899e+02
    7.20241e-04     4.25486e+02
    7.24919e-04     4.28086e+02
    7.29628e-04     4.30702e+02
    7.34367e-04     4.33333e+02
    7.39137e-04     4.35980e+02
    7.43938e-04     4.38642e+02
    7.48770e-04     4.41320e+02
    7.53634e-04     4.44014e+02
    7.58529e-04     4.46722e+02
    7.63456e-04     4.49448e+02
    7.68416e-04     4.52189e+02
    7.73407e-04     4.54946e+02
    7.78431e-04     4.57719e+02
    7.83487e-04     4.60508e+02
    7.88576e-04     4.63314e+02
    7.93698e-04     4.66136e+02
    7.98854e-04     4.68975e+02
    8.04043e-04     4.71830e+02
    8.09265e-04     4.74701e+02
    8.14522e-04     4.77590e+02
    8.19813e-04     4.80496e+02
    8.25138e-04     4.83418e+02
    8.30498e-04     4.86358e+02
    8.35892e-04     4.89313e+02
    8.41322e-04     4.92288e+02
    8.46787e-04     4.95279e+02
    8.52287e-04     4.98287e+02
    8.57823e-04     5.01312e+02
    8.63395e-04     5.04356e+02
    8.69003e-04     5.07416e+02
    8.74648e-04     5.10495e+02
    8.80329e-04     5.13592e+02
    8.86048e-04     5.16706e+02
    8.91803e-04     5.19837e+02
    8.97596e-04     5.22987e+02
    9.03426e-04     5.26155e+02
    9.09294e-04     5.29341e+02
    9.15201e-04     5.32545e+02
    9.21145e-04     5.35768e+02
    9.27129e-04     5.39009e+02
    9.33151e-04     5.42268e+02
    9.39212e-04     5.45546e+02
    9.45313e-04     5.48843e+02
    9.51453e-04     5.52159e+02
    9.57633e-04     5.55493e+02
    9.63854e-04     5.58847e+02
    9.70115e-04     5.62220e+02
    9.76416e-04     5.65611e+02
    9.82758e-04     5.69022e+02
    9.89142e-04     5.72453e+02
    9.95567e-04     5.75903e+02
    1.00203e-03     5.79371e+02
    1.00854e-03     5.82861e+02
    1.01509e-03     5.86369e+02
    1.02169e-03     5.89902e+02
    1.02832e-03     5.93447e+02
    1.03500e-03     5.97016e+02
    1.04173e-03     6.00609e+02
    1.04849e-03     6.04215e+02
    1.05530e-03     6.07844e+02
    1.06216e-03     6.11498e+02
    1.06906e-03     6.15168e+02
    1.07600e-03     6.18857e+02
    1.08299e-03     6.22569e+02
    1.09003e-03     6.26305e+02
    1.09711e-03     6.30057e+02
    1.10423e-03     6.33828e+02
    1.11140e-03     6.37621e+02
    1.11862e-03     6.41438e+02
    1.12589e-03     6.45279e+02
    1.13320e-03     6.49135e+02
    1.14056e-03     6.53015e+02
    1.14797e-03     6.56918e+02
    1.15543e-03     6.60842e+02
    1.16293e-03     6.64784e+02
    1.17049e-03     6.68754e+02
    1.17809e-03     6.72741e+02
    1.18574e-03     6.76751e+02
    1.19345e-03     6.80788e+02
    1.20120e-03     6.84842e+02
    1.20900e-03     6.88917e+02
    1.21685e-03     6.93015e+02
    1.22476e-03     6.97141e+02
    1.23271e-03     7.01283e+02
    1.24072e-03     7.05452e+02
    1.24878e-03     7.09643e+02
    1.25689e-03     7.13856e+02
    1.26505e-03     7.18089e+02
    1.27327e-03     7.22349e+02
    1.28154e-03     7.26632e+02
    1.28987e-03     7.30941e+02
    1.29825e-03     7.35270e+02
    1.30668e-03     7.39620e+02
    1.31517e-03     7.43997e+02
    1.32371e-03     7.48394e+02
    1.33231e-03     7.52818e+02
    1.34096e-03     7.57262e+02
    1.34967e-03     7.61733e+02
    1.35844e-03     7.66228e+02
    1.36726e-03     7.70744e+02
    1.37614e-03     7.75286e+02
    1.38508e-03     7.79854e+02
    1.39408e-03     7.84446e+02
    1.40313e-03     7.89058e+02
    1.41225e-03     7.93701e+02
    1.42142e-03     7.98363e+02
    1.43065e-03     8.03050e+02
    1.43995e-03     8.07767e+02
    1.44930e-03     8.12503e+02
    1.45871e-03     8.17263e+02
    1.46819e-03     8.22054e+02
    1.47773e-03     8.26869e+02
    1.48732e-03     8.31703e+02
    1.49699e-03     8.36571e+02
    1.50671e-03     8.41458e+02
    1.51650e-03     8.46374e+02
    1.52635e-03     8.51313e+02
    1.53626e-03     8.56276e+02
    1.54624e-03     8.61267e+02
    1.55628e-03     8.66282e+02
    1.56639e-03     8.71326e+02
    1.57657e-03     8.76397e+02
    1.58681e-03     8.81493e+02
    1.59711e-03     8.86609e+02
    1.60749e-03     8.91760e+02
    1.61793e-03     8.96933e+02
    1.62844e-03     9.02134e+02
    1.63902e-03     9.07362e+02
    1.64966e-03     9.12612e+02
    1.66038e-03     9.17894e+02
    1.67116e-03     9.23200e+02
    1.68202e-03     9.28536e+02
    1.69295e-03     9.33900e+02
    1.70394e-03     9.39284e+02
    1.71501e-03     9.44699e+02
    1.72615e-03     9.50142e+02
    1.73736e-03     9.55610e+02
    1.74865e-03     9.61109e+02
    1.76001e-03     9.66633e+02
    1.77144e-03     9.72183e+02
    1.78294e-03     9.77759e+02
    1.79453e-03     9.83371e+02
    1.80618e-03     9.89000e+02
    1.81791e-03     9.94660e+02
    1.82972e-03     1.00035e+03
    1.84161e-03     1.00607e+03
    1.85357e-03     1.01181e+03
    1.86561e-03     1.01758e+03
    1.87773e-03     1.02339e+03
    1.88992e-03     1.02921e+03
    1.90220e-03     1.03507e+03
    1.91456e-03     1.04096e+03
    1.92699e-03     1.04687e+03
    1.93951e-03     1.05281e+03
    1.95211e-03     1.05878e+03
    1.96479e-03     1.06478e+03
    1.97755e-03     1.07081e+03
    1.99040e-03     1.07687e+03
    2.00332e-03     1.08294e+03
    2.01634e-03     1.08906e+03
    2.02943e-03     1.09520e+03
    2.04262e-03     1.10138e+03
    2.05588e-03     1.10757e+03
    2.06924e-03     1.11381e+03
    2.08268e-03     1.12006e+03
    2.09621e-03     1.12635e+03
    2.10982e-03     1.13267e+03
    2.12353e-03     1.13901e+03
    2.13732e-03     1.14538e+03
    2.15120e-03     1.15179e+03
    2.16518e-03     1.15823e+03
    2.17924e-03     1.16468e+03
    2.19340e-03     1.17118e+03
    2.20764e-03     1.17770e+03
    2.22198e-03     1.18425e+03
    2.23642e-03     1.19083e+03
    2.25094e-03     1.19744e+03
    2.26557e-03     1.20408e+03
    2.28028e-03     1.21074e+03
    2.29509e-03     1.21744e+03
    2.31000e-03     1.22417e+03
    2.32501e-03     1.23093e+03
    2.34011e-03     1.23772e+03
    2.35531e-03     1.24453e+03
    2.37061e-03     1.25138e+03
    2.38601e-03     1.25826e+03
    2.40150e-03     1.26516e+03
    2.41710e-03     1.27210e+03
    2.43280e-03     1.27906e+03
    2.44861e-03     1.28606e+03
    2.46451e-03     1.29309e+03
    2.48052e-03     1.30014e+03
    2.49663e-03     1.30723e+03
    2.51285e-03     1.31435e+03
    2.52917e-03     1.32149e+03
    2.54560e-03     1.32867e+03
    2.56213e-03     1.33588e+03
    2.57878e-03     1.34312e+03
    2.59553e-03     1.35038e+03
    2.61239e-03     1.35768e+03
    2.62936e-03     1.36500e+03
    2.64643e-03     1.37236e+03
    2.66362e-03     1.37974e+03
    2.68093e-03     1.38716e+03
    2.69834e-03     1.39461e+03
    2.71587e-03     1.40209e+03
    2.73351e-03     1.40959e+03
    2.75126e-03     1.41712e+03
    2.76914e-03     1.42469e+03
    2.78712e-03     1.43228e+03
    2.80523e-03     1.43991e+03
    2.82345e-03     1.44757e+03
    2.84179e-03     1.45525e+03
    2.86025e-03     1.46297e+03
    2.87883e-03     1.47071e+03
    2.89752e-03     1.47848e+03
    2.91635e-03     1.48629e+03
    2.93529e-03     1.49412e+03
    2.95436e-03     1.50198e+03
    2.97355e-03     1.50988e+03
    2.99286e-03     1.51780e+03
    3.01230e-03     1.52575e+03
    3.03187e-03     1.53373e+03
    3.05156e-03     1.54174e+03
    3.07138e-03     1.54978e+03
    3.09133e-03     1.55784e+03
    3.11141e-03     1.56594e+03
    3.13162e-03     1.57407e+03
    3.15196e-03     1.58222e+03
    3.17244e-03     1.59041e+03
    3.19304e-03     1.59862e+03
    3.21379e-03     1.60687e+03
    3.23466e-03     1.61514e+03
    3.25567e-03     1.62343e+03
    3.27682e-03     1.63176e+03
    3.29810e-03     1.64012e+03
    3.31953e-03     1.64850e+03
    3.34109e-03     1.65692e+03
    3.36279e-03     1.66536e+03
    3.38463e-03     1.67383e+03
    3.40662e-03     1.68233e+03
    3.42875e-03     1.69085e+03
    3.45102e-03     1.69941e+03
    3.47344e-03     1.70799e+03
    3.49600e-03     1.71660e+03
    3.51871e-03     1.72523e+03
    3.54156e-03     1.73390e+03
    3.56457e-03     1.74259e+03
    3.58772e-03     1.75130e+03
    3.61102e-03     1.76005e+03
    3.63448e-03     1.76882e+03
    3.65809e-03     1.77762e+03
    3.68185e-03     1.78645e+03
    3.70576e-03     1.79530e+03
    3.72984e-03     1.80419e+03
    3.75406e-03     1.81309e+03
    3.77845e-03     1.82203e+03
    3.80299e-03     1.83098e+03
    3.82769e-03     1.83997e+03
    3.85256e-03     1.84898e+03
    3.87758e-03     1.85801e+03
    3.90277e-03     1.86707e+03
    3.92812e-03     1.87615e+03
    3.95363e-03     1.88526e+03
    3.97931e-03     1.89439e+03
    4.00516e-03     1.90355e+03
    4.03118e-03     1.91274e+03
    4.05736e-03     1.92194e+03
    4.08372e-03     1.93117e+03
    4.11024e-03     1.94042e+03
    4.13694e-03     1.94970e+03
    4.16381e-03     1.95900e+03
    4.19086e-03     1.96833e+03
    4.21808e-03     1.97767e+03
    4.24548e-03     1.98704e+03
    4.27306e-03     1.99643e+03
    4.30081e-03     2.00584e+03
    4.32875e-03     2.01528e+03
    4.35687e-03     2.02474e+03
    4.38517e-03     2.03422e+03
    4.41365e-03     2.04372e+03
    4.44232e-03     2.05324e+03
    4.47118e-03     2.06279e+03
    4.50022e-03     2.07235e+03
    4.52945e-03     2.08193e+03
    4.55887e-03     2.09153e+03
    4.58848e-03     2.10116e+03
    4.61829e-03     2.11080e+03
    4.64829e-03     2.12047e+03
    4.67848e-03     2.13014e+03
    4.70887e-03     2.13984e+03
    4.73946e-03     2.14956e+03
    4.77024e-03     2.15929e+03
    4.80123e-03     2.16905e+03
    4.83241e-03     2.17881e+03
    4.86380e-03     2.18860e+03
    4.89539e-03     2.19839e+03
    4.92719e-03     2.20821e+03
    4.95920e-03     2.21805e+03
    4.99141e-03     2.22789e+03
    5.02383e-03     2.23775e+03
    5.05646e-03     2.24764e+03
    5.08931e-03     2.25753e+03
    5.12237e-03     2.26744e+03
    5.15564e-03     2.27736e+03
    5.18913e-03     2.28730e+03
    5.22283e-03     2.29724e+03
    5.25676e-03     2.30721e+03
    5.29091e-03     2.31719e+03
    5.32527e-03     2.32717e+03
    5.35986e-03     2.33718e+03
    5.39468e-03     2.34719e+03
    5.42972e-03     2.35722e+03
    5.46499e-03     2.36726e+03
    5.50049e-03     2.37731e+03
    5.53622e-03     2.38736e+03
    5.57218e-03     2.39743e+03
    5.60837e-03     2.40751e+03
    5.64480e-03     2.41760e+03
    5.68147e-03     2.42769e+03
    5.71837e-03     2.43779e+03
    5.75551e-03     2.44789e+03
    5.79290e-03     2.45801e+03
    5.83053e-03     2.46812e+03
    5.86840e-03     2.47824e+03
    5.90652e-03     2.48837e+03
    5.94489e-03     2.49850e+03
    5.98350e-03     2.50862e+03
    6.02237e-03     2.51876e+03
    6.06149e-03     2.52889e+03
    6.10086e-03     2.53902e+03
    6.14049e-03     2.54916e+03
    6.18037e-03     2.55929e+03
    6.22052e-03     2.56943e+03
    6.26092e-03     2.57956e+03
    6.30159e-03     2.58970e+03
    6.34252e-03     2.59983e+03
    6.38372e-03     2.60996e+03
    6.42519e-03     2.62009e+03
    6.46692e-03     2.63021e+03
    6.50893e-03     2.64034e+03
    6.55121e-03     2.65046e+03
    6.59376e-03     2.66057e+03
    6.63659e-03     2.67068e+03
    6.67970e-03     2.68079e+03
    6.72309e-03     2.69088e+03
    6.76676e-03     2.70098e+03
    6.81071e-03     2.71106e+03
    6.85495e-03     2.72114e+03
    6.89948e-03     2.73120e+03
    6.94429e-03     2.74126e+03
    6.98940e-03     2.75130e+03
    7.03480e-03     2.76133e+03
    7.08050e-03     2.77136e+03
    7.12649e-03     2.78136e+03
    7.17278e-03     2.79135e+03
    7.21937e-03     2.80133e+03
    7.26626e-03     2.81129e+03
    7.31346e-03     2.82123e+03
    7.36097e-03     2.83116e+03
    7.40878e-03     2.84107e+03
    7.45690e-03     2.85095e+03
    7.50534e-03     2.86083e+03
    7.55409e-03     2.87068e+03
    7.60316e-03     2.88051e+03
    7.65255e-03     2.89032e+03
    7.70225e-03     2.90010e+03
    7.75228e-03     2.90987e+03
    7.80264e-03     2.91962e+03
    7.85332e-03     2.92933e+03
    7.90433e-03     2.93902e+03
    7.95568e-03     2.94870e+03
    8.00735e-03     2.95834e+03
    8.05937e-03     2.96796e+03
    8.11172e-03     2.97755e+03
    8.16441e-03     2.98711e+03
    8.21744e-03     2.99664e+03
    8.27081e-03     3.00614e+03
    8.32454e-03     3.01562e+03
    8.37861e-03     3.02506e+03
    8.43303e-03     3.03447e+03
    8.48781e-03     3.04384e+03
    8.54294e-03     3.05318e+03
    8.59844e-03     3.06248e+03
    8.65429e-03     3.07175e+03
    8.71050e-03     3.08097e+03
    8.76708e-03     3.09017e+03
    8.82403e-03     3.09932e+03
    8.88134e-03     3.10842e+03
    8.93903e-03     3.11749e+03
    8.99710e-03     3.12652e+03
    9.05554e-03     3.13550e+03
    9.11436e-03     3.14443e+03
    9.17356e-03     3.15332e+03
    9.23315e-03     3.16216e+03
    9.29312e-03     3.17096e+03
    9.35349e-03     3.17970e+03
    9.41424e-03     3.18840e+03
    9.47539e-03     3.19704e+03
    9.53694e-03     3.20564e+03
    9.59889e-03     3.21417e+03
    9.66124e-03     3.22266e+03
    9.72400e-03     3.23109e+03
    9.78716e-03     3.23946e+03
    9.85073e-03     3.24778e+03
    9.91472e-03     3.25603e+03
    9.97912e-03     3.26424e+03
    1.00439e-02     3.27236e+03
    1.01092e-02     3.28045e+03
    1.01748e-02     3.28845e+03
    1.02409e-02     3.29640e+03
    1.03075e-02     3.30431e+03
    1.03744e-02     3.31211e+03
    1.04418e-02     3.31986e+03
    1.05096e-02     3.32754e+03
    1.05779e-02     3.33516e+03
    1.06466e-02     3.34270e+03
    1.07158e-02     3.35019e+03
    1.07854e-02     3.35758e+03
    1.08554e-02     3.36488e+03
    1.09259e-02     3.37213e+03
    1.09969e-02     3.37931e+03
    1.10683e-02     3.38639e+03
    1.11402e-02     3.39341e+03
    1.12126e-02     3.40035e+03
    1.12854e-02     3.40720e+03
    1.13587e-02     3.41397e+03
    1.14325e-02     3.42066e+03
    1.15068e-02     3.42727e+03
    1.15815e-02     3.43378e+03
    1.16567e-02     3.44019e+03
    1.17324e-02     3.44653e+03
    1.18087e-02     3.45279e+03
    1.18854e-02     3.45895e+03
    1.19626e-02     3.46501e+03
    1.20403e-02     3.47097e+03
    1.21185e-02     3.47685e+03
    1.21972e-02     3.48261e+03
    1.22764e-02     3.48828e+03
    1.23562e-02     3.49388e+03
    1.24364e-02     3.49934e+03
    1.25172e-02     3.50472e+03
    1.25985e-02     3.50999e+03
    1.26803e-02     3.51514e+03
    1.27627e-02     3.52021e+03
    1.28456e-02     3.52516e+03
    1.29290e-02     3.52999e+03
    1.30130e-02     3.53473e+03
    1.30976e-02     3.53937e+03
    1.31826e-02     3.54386e+03
    1.32683e-02     3.54827e+03
    1.33544e-02     3.55253e+03
    1.34412e-02     3.55670e+03
    1.35285e-02     3.56074e+03
    1.36164e-02     3.56467e+03
    1.37048e-02     3.56846e+03
    1.37938e-02     3.57214e+03
    1.38834e-02     3.57570e+03
    1.39736e-02     3.57914e+03
    1.40644e-02     3.58245e+03
    1.41557e-02     3.58562e+03
    1.42477e-02     3.58868e+03
    1.43402e-02     3.59160e+03
    1.44334e-02     3.59441e+03
    1.45271e-02     3.59706e+03
    1.46215e-02     3.59959e+03
    1.47165e-02     3.60201e+03
    1.48121e-02     3.60426e+03
    1.49083e-02     3.60638e+03
    1.50051e-02     3.60836e+03
    1.51026e-02     3.61022e+03
    1.52007e-02     3.61192e+03
    1.52994e-02     3.61348e+03
    1.53988e-02     3.61489e+03
    1.54988e-02     3.61617e+03
    1.55995e-02     3.61729e+03
    1.57008e-02     3.61826e+03
    1.58028e-02     3.61909e+03
    1.59055e-02     3.61978e+03
    1.60088e-02     3.62030e+03
    1.61128e-02     3.62066e+03
    1.62174e-02     3.62086e+03
    1.63228e-02     3.62094e+03
    1.64288e-02     3.62083e+03
    1.65355e-02     3.62057e+03
    1.66429e-02     3.62016e+03
    1.67510e-02     3.61959e+03
    1.68598e-02     3.61885e+03
    1.69693e-02     3.61795e+03
    1.70796e-02     3.61691e+03
    1.71905e-02     3.61568e+03
    1.73022e-02     3.61430e+03
    1.74145e-02     3.61275e+03
    1.75277e-02     3.61105e+03
    1.76415e-02     3.60915e+03
    1.77561e-02     3.60711e+03
    1.78714e-02     3.60489e+03
    1.79875e-02     3.60252e+03
    1.81044e-02     3.59997e+03
    1.82220e-02     3.59725e+03
    1.83403e-02     3.59435e+03
    1.84594e-02     3.59127e+03
    1.85794e-02     3.58805e+03
    1.87000e-02     3.58462e+03
    1.88215e-02     3.58104e+03
    1.89438e-02     3.57729e+03
    1.90668e-02     3.57334e+03
    1.91907e-02     3.56923e+03
    1.93153e-02     3.56493e+03
    1.94408e-02     3.56046e+03
    1.95671e-02     3.55581e+03
    1.96942e-02     3.55098e+03
    1.98221e-02     3.54597e+03
    1.99508e-02     3.54076e+03
    2.00804e-02     3.53539e+03
    2.02109e-02     3.52985e+03
    2.03421e-02     3.52411e+03
    2.04743e-02     3.51822e+03
    2.06073e-02     3.51213e+03
    2.07411e-02     3.50585e+03
    2.08758e-02     3.49940e+03
    2.10114e-02     3.49278e+03
    2.11479e-02     3.48597e+03
    2.12853e-02     3.47899e+03
    2.14236e-02     3.47183e+03
    2.15627e-02     3.46448e+03
    2.17028e-02     3.45696e+03
    2.18437e-02     3.44925e+03
    2.19856e-02     3.44138e+03
    2.21284e-02     3.43333e+03
    2.22722e-02     3.42510e+03
    2.24168e-02     3.41669e+03
    2.25625e-02     3.40811e+03
    2.27090e-02     3.39935e+03
    2.28565e-02     3.39042e+03
    2.30050e-02     3.38132e+03
    2.31544e-02     3.37204e+03
    2.33048e-02     3.36259e+03
    2.34562e-02     3.35297e+03
    2.36086e-02     3.34318e+03
    2.37619e-02     3.33322e+03
    2.39162e-02     3.32308e+03
    2.40716e-02     3.31279e+03
    2.42280e-02     3.30232e+03
    2.43853e-02     3.29169e+03
    2.45437e-02     3.28090e+03
    2.47032e-02     3.26995e+03
    2.48636e-02     3.25884e+03
    2.50251e-02     3.24757e+03
    2.51877e-02     3.23615e+03
    2.53513e-02     3.22457e+03
    2.55159e-02     3.21284e+03
    2.56817e-02     3.20097e+03
    2.58485e-02     3.18894e+03
    2.60164e-02     3.17676e+03
    2.61854e-02     3.16446e+03
    2.63555e-02     3.15200e+03
    2.65267e-02     3.13941e+03
    2.66990e-02     3.12667e+03
    2.68724e-02     3.11380e+03
    2.70470e-02     3.10081e+03
    2.72226e-02     3.08767e+03
    2.73995e-02     3.07443e+03
    2.75774e-02     3.06105e+03
    2.77566e-02     3.04755e+03
    2.79369e-02     3.03394e+03
    2.81183e-02     3.02021e+03
    2.83010e-02     3.00638e+03
    2.84848e-02     2.99242e+03
    2.86698e-02     2.97835e+03
    2.88561e-02     2.96420e+03
    2.90435e-02     2.94993e+03
    2.92321e-02     2.93557e+03
    2.94220e-02     2.92113e+03
    2.96131e-02     2.90658e+03
    2.98055e-02     2.89195e+03
    2.99991e-02     2.87724e+03
    3.01940e-02     2.86245e+03
    3.03901e-02     2.84759e+03
    3.05875e-02     2.83266e+03
    3.07862e-02     2.81765e+03
    3.09861e-02     2.80258e+03
    3.11874e-02     2.78746e+03
    3.13900e-02     2.77228e+03
    3.15939e-02     2.75705e+03
    3.17991e-02     2.74177e+03
    3.20057e-02     2.72645e+03
    3.22135e-02     2.71108e+03
    3.24228e-02     2.69568e+03
    3.26334e-02     2.68025e+03
    3.28454e-02     2.66480e+03
    3.30587e-02     2.64931e+03
    3.32735e-02     2.63382e+03
    3.34896e-02     2.61831e+03
    3.37071e-02     2.60278e+03
    3.39261e-02     2.58725e+03
    3.41464e-02     2.57173e+03
    3.43682e-02     2.55620e+03
    3.45915e-02     2.54069e+03
    3.48162e-02     2.52518e+03
    3.50423e-02     2.50970e+03
    3.52699e-02     2.49422e+03
    3.54990e-02     2.47878e+03
    3.57296e-02     2.46338e+03
    3.59617e-02     2.44800e+03
    3.61953e-02     2.43267e+03
    3.64304e-02     2.41737e+03
    3.66670e-02     2.40211e+03
    3.69052e-02     2.38691e+03
    3.71449e-02     2.37178e+03
    3.73862e-02     2.35669e+03
    3.76290e-02     2.34166e+03
    3.78735e-02     2.32672e+03
    3.81195e-02     2.31184e+03
    3.83671e-02     2.29703e+03
    3.86163e-02     2.28231e+03
    3.88671e-02     2.26768e+03
    3.91196e-02     2.25313e+03
    3.93737e-02     2.23867e+03
    3.96295e-02     2.22431e+03
    3.98869e-02     2.21005e+03
    4.01460e-02     2.19590e+03
    4.04067e-02     2.18184e+03
    4.06692e-02     2.16790e+03
    4.09334e-02     2.15407e+03
    4.11992e-02     2.14035e+03
    4.14669e-02     2.12676e+03
    4.17362e-02     2.11328e+03
    4.20073e-02     2.09992e+03
    4.22802e-02     2.08672e+03
    4.25548e-02     2.07363e+03
    4.28312e-02     2.06067e+03
    4.31094e-02     2.04785e+03
    4.33894e-02     2.03516e+03
    4.36713e-02     2.02263e+03
    4.39550e-02     2.01024e+03
    4.42405e-02     1.99799e+03
    4.45278e-02     1.98588e+03
    4.48171e-02     1.97392e+03
    4.51082e-02     1.96211e+03
    4.54012e-02     1.95045e+03
    4.56961e-02     1.93894e+03
    4.59929e-02     1.92757e+03
    4.62917e-02     1.91636e+03
    4.65923e-02     1.90530e+03
    4.68950e-02     1.89439e+03
    4.71996e-02     1.88364e+03
    4.75062e-02     1.87305e+03
    4.78148e-02     1.86260e+03
    4.81253e-02     1.85232e+03
    4.84379e-02     1.84219e+03
    4.87526e-02     1.83220e+03
    4.90692e-02     1.82236e+03
    4.93880e-02     1.81267e+03
    4.97088e-02     1.80313e+03
    5.00317e-02     1.79374e+03
    5.03566e-02     1.78447e+03
    5.06837e-02     1.77535e+03
    5.10130e-02     1.76638e+03
    5.13443e-02     1.75753e+03
    5.16778e-02     1.74883e+03
    5.20135e-02     1.74026e+03
    5.23514e-02     1.73182e+03
    5.26914e-02     1.72349e+03
    5.30337e-02     1.71530e+03
    5.33782e-02     1.70720e+03
    5.37249e-02     1.69923e+03
    5.40738e-02     1.69137e+03
    5.44251e-02     1.68360e+03
    5.47786e-02     1.67592e+03
    5.51344e-02     1.66835e+03
    5.54926e-02     1.66087e+03
    5.58530e-02     1.65346e+03
    5.62158e-02     1.64613e+03
    5.65810e-02     1.63888e+03
    5.69485e-02     1.63169e+03
    5.73184e-02     1.62456e+03
    5.76907e-02     1.61749e+03
    5.80654e-02     1.61045e+03
    5.84426e-02     1.60345e+03
    5.88222e-02     1.59649e+03
    5.92043e-02     1.58955e+03
    5.95889e-02     1.58264e+03
    5.99759e-02     1.57572e+03
    6.03655e-02     1.56881e+03
    6.07576e-02     1.56190e+03
    6.11523e-02     1.55499e+03
    6.15495e-02     1.54805e+03
    6.19493e-02     1.54108e+03
    6.23517e-02     1.53407e+03
    6.27567e-02     1.52704e+03
    6.31643e-02     1.51995e+03
    6.35746e-02     1.51281e+03
    6.39876e-02     1.50559e+03
    6.44032e-02     1.49830e+03
    6.48215e-02     1.49094e+03
    6.52426e-02     1.48349e+03
    6.56664e-02     1.47594e+03
    6.60929e-02     1.46830e+03
    6.65222e-02     1.46057e+03
    6.69543e-02     1.45270e+03
    6.73892e-02     1.44473e+03
    6.78270e-02     1.43663e+03
    6.82675e-02     1.42840e+03
    6.87110e-02     1.42003e+03
    6.91573e-02     1.41152e+03
    6.96065e-02     1.40287e+03
    7.00586e-02     1.39406e+03
    7.05137e-02     1.38511e+03
    7.09717e-02     1.37600e+03
    7.14327e-02     1.36675e+03
    7.18967e-02     1.35734e+03
    7.23637e-02     1.34777e+03
    7.28338e-02     1.33803e+03
    7.33069e-02     1.32813e+03
    7.37830e-02     1.31807e+03
    7.42623e-02     1.30785e+03
    7.47447e-02     1.29747e+03
    7.52302e-02     1.28694e+03
    7.57188e-02     1.27626e+03
    7.62107e-02     1.26543e+03
    7.67057e-02     1.25444e+03
    7.72039e-02     1.24332e+03
    7.77054e-02     1.23205e+03
    7.82102e-02     1.22066e+03
    7.87182e-02     1.20914e+03
    7.92295e-02     1.19750e+03
    7.97441e-02     1.18574e+03
    8.02621e-02     1.17388e+03
    8.07835e-02     1.16193e+03
    8.13082e-02     1.14990e+03
    8.18363e-02     1.13779e+03
    8.23679e-02     1.12560e+03
    8.29029e-02     1.11337e+03
    8.34414e-02     1.10108e+03
    8.39834e-02     1.08878e+03
    8.45290e-02     1.07645e+03
    8.50780e-02     1.06411e+03
    8.56306e-02     1.05176e+03
    8.61869e-02     1.03945e+03
    8.67467e-02     1.02715e+03
    8.73102e-02     1.01491e+03
    8.78773e-02     1.00271e+03
    8.84481e-02     9.90583e+02
    8.90226e-02     9.78541e+02
    8.96009e-02     9.66585e+02
    9.01829e-02     9.54753e+02
    9.07687e-02     9.43032e+02
    9.13583e-02     9.31435e+02
    9.19517e-02     9.19989e+02
    9.25490e-02     9.08706e+02
    9.31501e-02     8.97571e+02
    9.37552e-02     8.86625e+02
    9.43642e-02     8.75853e+02
    9.49771e-02     8.65279e+02
    9.55940e-02     8.54916e+02
    9.62150e-02     8.44777e+02
    9.68399e-02     8.34857e+02
    9.74690e-02     8.25172e+02
    9.81021e-02     8.15719e+02
    9.87393e-02     8.06521e+02
    9.93807e-02     7.97553e+02
    1.00026e-01     7.88850e+02
    1.00676e-01     7.80390e+02
    1.01330e-01     7.72180e+02
    1.01988e-01     7.64230e+02
    1.02651e-01     7.56548e+02
    1.03317e-01     7.49117e+02
    1.03988e-01     7.41962e+02
    1.04664e-01     7.35071e+02
    1.05344e-01     7.28422e+02
    1.06028e-01     7.22016e+02
    1.06717e-01     7.15857e+02
    1.07410e-01     7.09927e+02
    1.08108e-01     7.04231e+02
    1.08810e-01     6.98750e+02
    1.09517e-01     6.93478e+02
    1.10228e-01     6.88432e+02
    1.10944e-01     6.83570e+02
    1.11665e-01     6.78892e+02
    1.12390e-01     6.74378e+02
    1.13120e-01     6.70023e+02
    1.13855e-01     6.65814e+02
    1.14594e-01     6.61721e+02
    1.15339e-01     6.57744e+02
    1.16088e-01     6.53858e+02
    1.16842e-01     6.50070e+02
    1.17601e-01     6.46343e+02
    1.18365e-01     6.42664e+02
    1.19134e-01     6.39022e+02
    1.19907e-01     6.35387e+02
    1.20686e-01     6.31757e+02
    1.21470e-01     6.28114e+02
    1.22259e-01     6.24434e+02
    1.23053e-01     6.20705e+02
    1.23853e-01     6.16907e+02
    1.24657e-01     6.13031e+02
    1.25467e-01     6.09072e+02
    1.26282e-01     6.05004e+02
    1.27102e-01     6.00819e+02
    1.27928e-01     5.96507e+02
    1.28759e-01     5.92054e+02
    1.29595e-01     5.87445e+02
    1.30437e-01     5.82684e+02
    1.31284e-01     5.77763e+02
    1.32137e-01     5.72683e+02
    1.32995e-01     5.67441e+02
    1.33859e-01     5.62038e+02
    1.34728e-01     5.56468e+02
    1.35604e-01     5.50739e+02
    1.36484e-01     5.44843e+02
    1.37371e-01     5.38801e+02
    1.38263e-01     5.32616e+02
    1.39161e-01     5.26305e+02
    1.40065e-01     5.19876e+02
    1.40975e-01     5.13341e+02
    1.41891e-01     5.06709e+02
    1.42812e-01     4.99992e+02
    1.43740e-01     4.93215e+02
    1.44674e-01     4.86392e+02
    1.45614e-01     4.79542e+02
    1.46559e-01     4.72683e+02
    1.47511e-01     4.65835e+02
    1.48469e-01     4.59015e+02
    1.49434e-01     4.52244e+02
    1.50405e-01     4.45537e+02
    1.51381e-01     4.38909e+02
    1.52365e-01     4.32385e+02
    1.53354e-01     4.25976e+02
    1.54351e-01     4.19704e+02
    1.55353e-01     4.13579e+02
    1.56362e-01     4.07619e+02
    1.57378e-01     4.01830e+02
    1.58400e-01     3.96223e+02
    1.59429e-01     3.90807e+02
    1.60465e-01     3.85593e+02
    1.61507e-01     3.80586e+02
    1.62556e-01     3.75793e+02
    1.63612e-01     3.71212e+02
    1.64675e-01     3.66840e+02
    1.65744e-01     3.62674e+02
    1.66821e-01     3.58717e+02
    1.67905e-01     3.54964e+02
    1.68995e-01     3.51407e+02
    1.70093e-01     3.48037e+02
    1.71198e-01     3.44840e+02
    1.72310e-01     3.41804e+02
    1.73429e-01     3.38916e+02
    1.74556e-01     3.36166e+02
    1.75689e-01     3.33535e+02
    1.76831e-01     3.31009e+02
    1.77979e-01     3.28565e+02
    1.79135e-01     3.26189e+02
    1.80299e-01     3.23862e+02
    1.81470e-01     3.21565e+02
    1.82649e-01     3.19280e+02
    1.83835e-01     3.16990e+02
    1.85029e-01     3.14678e+02
    1.86231e-01     3.12326e+02
    1.87441e-01     3.09918e+02
    1.88658e-01     3.07438e+02
    1.89884e-01     3.04880e+02
    1.91117e-01     3.02231e+02
    1.92359e-01     2.99485e+02
    1.93608e-01     2.96628e+02
    1.94866e-01     2.93661e+02
    1.96131e-01     2.90579e+02
    1.97405e-01     2.87390e+02
    1.98688e-01     2.84093e+02
    1.99978e-01     2.80689e+02
    2.01277e-01     2.77186e+02
    2.02585e-01     2.73597e+02
    2.03901e-01     2.69933e+02
    2.05225e-01     2.66207e+02
    2.06558e-01     2.62433e+02
    2.07900e-01     2.58625e+02
    2.09250e-01     2.54799e+02
    2.10609e-01     2.50974e+02
    2.11977e-01     2.47167e+02
    2.13354e-01     2.43394e+02
    2.14740e-01     2.39670e+02
    2.16135e-01     2.36011e+02
    2.17539e-01     2.32431e+02
    2.18952e-01     2.28945e+02
    2.20374e-01     2.25565e+02
    2.21806e-01     2.22301e+02
    2.23246e-01     2.19156e+02
    2.24696e-01     2.16141e+02
    2.26156e-01     2.13260e+02
    2.27625e-01     2.10513e+02
    2.29104e-01     2.07899e+02
    2.30592e-01     2.05415e+02
    2.32089e-01     2.03057e+02
    2.33597e-01     2.00822e+02
    2.35114e-01     1.98696e+02
    2.36642e-01     1.96672e+02
    2.38179e-01     1.94735e+02
    2.39726e-01     1.92877e+02
    2.41283e-01     1.91083e+02
    2.42850e-01     1.89338e+02
    2.44428e-01     1.87627e+02
    2.46015e-01     1.85936e+02
    2.47613e-01     1.84252e+02
    2.49222e-01     1.82563e+02
    2.50841e-01     1.80854e+02
    2.52470e-01     1.79114e+02
    2.54110e-01     1.77335e+02
    2.55760e-01     1.75509e+02
    2.57422e-01     1.73633e+02
    2.59094e-01     1.71700e+02
    2.60777e-01     1.69710e+02
    2.62471e-01     1.67665e+02
    2.64176e-01     1.65567e+02
    2.65892e-01     1.63421e+02
    2.67619e-01     1.61234e+02
    2.69357e-01     1.59015e+02
    2.71107e-01     1.56774e+02
    2.72868e-01     1.54519e+02
    2.74640e-01     1.52264e+02
    2.76424e-01     1.50020e+02
    2.78219e-01     1.47797e+02
    2.80027e-01     1.45608e+02
    2.81846e-01     1.43462e+02
    2.83676e-01     1.41368e+02
    2.85519e-01     1.39335e+02
    2.87374e-01     1.37368e+02
    2.89240e-01     1.35470e+02
    2.91119e-01     1.33648e+02
    2.93010e-01     1.31900e+02
    2.94913e-01     1.30224e+02
    2.96829e-01     1.28619e+02
    2.98757e-01     1.27081e+02
    3.00698e-01     1.25603e+02
    3.02651e-01     1.24178e+02
    3.04617e-01     1.22800e+02
    3.06595e-01     1.21457e+02
    3.08587e-01     1.20143e+02
    3.10591e-01     1.18848e+02
    3.12609e-01     1.17563e+02
    3.14639e-01     1.16280e+02
    3.16683e-01     1.14991e+02
    3.18740e-01     1.13691e+02
    3.20810e-01     1.12375e+02
    3.22894e-01     1.11039e+02
    3.24992e-01     1.09682e+02
    3.27103e-01     1.08303e+02
    3.29227e-01     1.06905e+02
    3.31366e-01     1.05488e+02
    3.33518e-01     1.04059e+02
    3.35685e-01     1.02622e+02
    3.37865e-01     1.01183e+02
    3.40060e-01     9.97482e+01
    3.42269e-01     9.83250e+01
    3.44492e-01     9.69178e+01
    3.46729e-01     9.55346e+01
    3.48982e-01     9.41804e+01
    3.51248e-01     9.28589e+01
    3.53530e-01     9.15738e+01
    3.55826e-01     9.03266e+01
    3.58138e-01     8.91197e+01
    3.60464e-01     8.79508e+01
    3.62805e-01     8.68200e+01
    3.65162e-01     8.57231e+01
    3.67534e-01     8.46576e+01
    3.69921e-01     8.36186e+01
    3.72324e-01     8.26024e+01
    3.74743e-01     8.16028e+01
    3.77177e-01     8.06157e+01
    3.79627e-01     7.96367e+01
    3.82093e-01     7.86614e+01
    3.84574e-01     7.76866e+01
    3.87072e-01     7.67091e+01
    3.89587e-01     7.57281e+01
    3.92117e-01     7.47434e+01
    3.94664e-01     7.37541e+01
    3.97228e-01     7.27624e+01
    3.99808e-01     7.17705e+01
    4.02405e-01     7.07802e+01
    4.05019e-01     6.97951e+01
    4.07650e-01     6.88189e+01
    4.10298e-01     6.78551e+01
    4.12963e-01     6.69052e+01
    4.15645e-01     6.59734e+01
    4.18345e-01     6.50605e+01
    4.21062e-01     6.41682e+01
    4.23797e-01     6.32973e+01
    4.26550e-01     6.24469e+01
    4.29321e-01     6.16176e+01
    4.32110e-01     6.08064e+01
    4.34916e-01     6.00124e+01
    4.37741e-01     5.92329e+01
    4.40585e-01     5.84651e+01
    4.43447e-01     5.77081e+01
    4.46327e-01     5.69577e+01
    4.49226e-01     5.62141e+01
    4.52144e-01     5.54738e+01
    4.55081e-01     5.47368e+01
    4.58037e-01     5.40033e+01
    4.61012e-01     5.32718e+01
    4.64007e-01     5.25445e+01
    4.67021e-01     5.18206e+01
    4.70054e-01     5.11030e+01
    4.73108e-01     5.03930e+01
    4.76181e-01     4.96906e+01
    4.79274e-01     4.89983e+01
    4.82387e-01     4.83168e+01
    4.85520e-01     4.76480e+01
    4.88674e-01     4.69913e+01
    4.91848e-01     4.63472e+01
    4.95043e-01     4.57143e+01
    4.98259e-01     4.50932e+01
    5.01495e-01     4.44832e+01
    5.04753e-01     4.38824e+01
    5.08031e-01     4.32900e+01
    5.11331e-01     4.27048e+01
    5.14653e-01     4.21267e+01
    5.17995e-01     4.15538e+01
    5.21360e-01     4.09856e+01
    5.24747e-01     4.04227e+01
    5.28155e-01     3.98649e+01
    5.31586e-01     3.93118e+01
    5.35039e-01     3.87646e+01
    5.38514e-01     3.82232e+01
    5.42012e-01     3.76883e+01
    5.45533e-01     3.71605e+01
    5.49076e-01     3.66410e+01
    5.52643e-01     3.61291e+01
    5.56233e-01     3.56249e+01
    5.59846e-01     3.51294e+01
    5.63482e-01     3.46413e+01
    5.67142e-01     3.41609e+01
    5.70826e-01     3.36873e+01
    5.74534e-01     3.32205e+01
    5.78266e-01     3.27600e+01
    5.82022e-01     3.23045e+01
    5.85803e-01     3.18552e+01
    5.89608e-01     3.14103e+01
    5.93437e-01     3.09704e+01
    5.97292e-01     3.05356e+01
    6.01172e-01     3.01057e+01
    6.05077e-01     2.96814e+01
    6.09007e-01     2.92626e+01
    6.12963e-01     2.88494e+01
    6.16945e-01     2.84417e+01
    6.20952e-01     2.80402e+01
    6.24985e-01     2.76443e+01
    6.29045e-01     2.72540e+01
    6.33131e-01     2.68690e+01
    6.37244e-01     2.64893e+01
    6.41383e-01     2.61148e+01
    6.45549e-01     2.57454e+01
    6.49742e-01     2.53811e+01
    6.53963e-01     2.50217e+01
    6.58210e-01     2.46671e+01
    6.62486e-01     2.43173e+01
    6.66789e-01     2.39723e+01
    6.71120e-01     2.36319e+01
    6.75479e-01     2.32960e+01
    6.79867e-01     2.29645e+01
    6.84283e-01     2.26375e+01
    6.88728e-01     2.23148e+01
    6.93202e-01     2.19965e+01
    6.97704e-01     2.16823e+01
    7.02236e-01     2.13725e+01
    7.06798e-01     2.10667e+01
    7.11389e-01     2.07652e+01
    7.16010e-01     2.04677e+01
    7.20661e-01     2.01742e+01
    7.25342e-01     1.98847e+01
    7.30053e-01     1.95992e+01
    7.34795e-01     1.93176e+01
    7.39568e-01     1.90398e+01
    7.44372e-01     1.87658e+01
    7.49207e-01     1.84956e+01
    7.54074e-01     1.82291e+01
    7.58972e-01     1.79663e+01
    7.63902e-01     1.77070e+01
    7.68864e-01     1.74514e+01
    7.73858e-01     1.71992e+01
    7.78884e-01     1.69506e+01
    7.83944e-01     1.67053e+01
    7.89036e-01     1.64635e+01
    7.94161e-01     1.62249e+01
    7.99320e-01     1.59897e+01
    8.04512e-01     1.57577e+01
    8.09737e-01     1.55288e+01
    8.14997e-01     1.53032e+01
    8.20291e-01     1.50807e+01
    8.25619e-01     1.48613e+01
    8.30982e-01     1.46449e+01
    8.36380e-01     1.44315e+01
    8.41812e-01     1.42211e+01
    8.47280e-01     1.40136e+01
    8.52784e-01     1.38091e+01
    8.58323e-01     1.36074e+01
    8.63899e-01     1.34085e+01
    8.69510e-01     1.32123e+01
    8.75158e-01     1.30190e+01
    8.80843e-01     1.28283e+01
    8.86564e-01     1.26403e+01
    8.92323e-01     1.24549e+01
    8.98119e-01     1.22721e+01
    9.03953e-01     1.20920e+01
    9.09825e-01     1.19143e+01
    9.15734e-01     1.17392e+01
    9.21683e-01     1.15665e+01
    9.27669e-01     1.13962e+01
    9.33695e-01     1.12284e+01
    9.39760e-01     1.10629e+01
    9.45864e-01     1.08997e+01
    9.52008e-01     1.07389e+01
    9.58192e-01     1.05803e+01
    9.64416e-01     1.04240e+01
    9.70680e-01     1.02699e+01
    9.76985e-01     1.01180e+01
    9.83332e-01     9.96821e+00
    9.89719e-01     9.82059e+00
    9.96148e-01     9.67507e+00
    1.00262e+00     9.53163e+00
    1.00913e+00     9.39019e+00
    1.01569e+00     9.25083e+00
    1.02228e+00     9.11333e+00
    1.02892e+00     8.97786e+00
    1.03561e+00     8.84439e+00
    1.04233e+00     8.71273e+00
    1.04910e+00     8.58297e+00
    1.05592e+00     8.45511e+00
    1.06278e+00     8.32902e+00
    1.06968e+00     8.20474e+00
    1.07663e+00     8.08224e+00
    1.08362e+00     7.96148e+00
    1.09066e+00     7.84246e+00
    1.09775e+00     7.72519e+00
    1.10488e+00     7.60956e+00
    1.11205e+00     7.49556e+00
    1.11928e+00     7.38328e+00
    1.12655e+00     7.27258e+00
    1.13386e+00     7.16341e+00
    1.14123e+00     7.05593e+00
    1.14864e+00     6.94997e+00
    1.15610e+00     6.84554e+00
    1.16361e+00     6.74267e+00
    1.17117e+00     6.64127e+00
    1.17878e+00     6.54135e+00
    1.18643e+00     6.44286e+00
    1.19414e+00     6.34585e+00
    1.20190e+00     6.25025e+00
    1.20970e+00     6.15599e+00
    1.21756e+00     6.06318e+00
    1.22547e+00     5.97168e+00
    1.23343e+00     5.88152e+00
    1.24144e+00     5.79270e+00
    1.24951e+00     5.70521e+00
    1.25762e+00     5.61893e+00
    1.26579e+00     5.53394e+00
    1.27401e+00     5.45018e+00
    1.28229e+00     5.36769e+00
    1.29062e+00     5.28640e+00
    1.29900e+00     5.20624e+00
    1.30744e+00     5.12731e+00
    1.31593e+00     5.04947e+00
    1.32448e+00     4.97283e+00
    1.33308e+00     4.89725e+00
    1.34174e+00     4.82279e+00
    1.35046e+00     4.74944e+00
    1.35923e+00     4.67713e+00
    1.36806e+00     4.60589e+00
    1.37695e+00     4.53570e+00
    1.38589e+00     4.46654e+00
    1.39489e+00     4.39840e+00
    1.40395e+00     4.33127e+00
    1.41307e+00     4.26510e+00
    1.42225e+00     4.19994e+00
    1.43149e+00     4.13577e+00
    1.44079e+00     4.07252e+00
    1.45015e+00     4.01019e+00
    1.45956e+00     3.94881e+00
    1.46905e+00     3.88836e+00
    1.47859e+00     3.82878e+00
    1.48819e+00     3.77007e+00
    1.49786e+00     3.71228e+00
    1.50759e+00     3.65534e+00
    1.51738e+00     3.59922e+00
    1.52724e+00     3.54397e+00
    1.53716e+00     3.48954e+00
    1.54714e+00     3.43591e+00
    1.55719e+00     3.38310e+00
    1.56731e+00     3.33108e+00
    1.57749e+00     3.27982e+00
    1.58773e+00     3.22933e+00
    1.59805e+00     3.17962e+00
    1.60843e+00     3.13061e+00
    1.61887e+00     3.08235e+00
    1.62939e+00     3.03483e+00
    1.63997e+00     2.98800e+00
    1.65063e+00     2.94187e+00
    1.66135e+00     2.89642e+00
    1.67214e+00     2.85163e+00
    1.68300e+00     2.80754e+00
    1.69393e+00     2.76408e+00
    1.70494e+00     2.72131e+00
    1.71601e+00     2.67913e+00
    1.72716e+00     2.63761e+00
    1.73838e+00     2.59672e+00
    1.74967e+00     2.55644e+00
    1.76103e+00     2.51676e+00
    1.77247e+00     2.47768e+00
    1.78398e+00     2.43920e+00
    1.79557e+00     2.40129e+00
    1.80724e+00     2.36398e+00
    1.81897e+00     2.32722e+00
    1.83079e+00     2.29100e+00
    1.84268e+00     2.25536e+00
    1.85465e+00     2.22026e+00
    1.86670e+00     2.18568e+00
    1.87882e+00     2.15161e+00
    1.89103e+00     2.11810e+00
    1.90331e+00     2.08507e+00
    1.91567e+00     2.05254e+00
    1.92812e+00     2.02052e+00
    1.94064e+00     1.98898e+00
    1.95325e+00     1.95793e+00
    1.96593e+00     1.92734e+00
    1.97870e+00     1.89724e+00
    1.99156e+00     1.86757e+00
    2.00449e+00     1.83836e+00
    2.01751e+00     1.80961e+00
    2.03062e+00     1.78129e+00
    2.04381e+00     1.75339e+00
    2.05708e+00     1.72593e+00
    2.07045e+00     1.69888e+00
    2.08389e+00     1.67221e+00
    2.09743e+00     1.64598e+00
    2.11105e+00     1.62012e+00
    2.12477e+00     1.59468e+00
    2.13857e+00     1.56963e+00
    2.15246e+00     1.54495e+00
    2.16644e+00     1.52063e+00
    2.18051e+00     1.49670e+00
    2.19468e+00     1.47315e+00
    2.20893e+00     1.44993e+00
    2.22328e+00     1.42711e+00
    2.23772e+00     1.40461e+00
    2.25226e+00     1.38247e+00
    2.26689e+00     1.36066e+00
    2.28161e+00     1.33919e+00
    2.29643e+00     1.31806e+00
    2.31135e+00     1.29726e+00
    2.32636e+00     1.27676e+00
    2.34147e+00     1.25660e+00
    2.35668e+00     1.23674e+00
    2.37199e+00     1.21718e+00
    2.38740e+00     1.19795e+00
    2.40290e+00     1.17900e+00
    2.41851e+00     1.16034e+00
    2.43422e+00     1.14198e+00
    2.45003e+00     1.12390e+00
    2.46595e+00     1.10609e+00
    2.48197e+00     1.08858e+00
    2.49809e+00     1.07132e+00
    2.51431e+00     1.05433e+00
    2.53065e+00     1.03761e+00
    2.54708e+00     1.02114e+00
    2.56363e+00     1.00493e+00
    2.58028e+00     9.88970e-01
    2.59704e+00     9.73253e-01
    2.61391e+00     9.57780e-01
    2.63089e+00     9.42544e-01
    2.64798e+00     9.27545e-01
    2.66518e+00     9.12778e-01
    2.68249e+00     8.98238e-01
    2.69991e+00     8.83925e-01
    2.71745e+00     8.69837e-01
    2.73510e+00     8.55966e-01
    2.75287e+00     8.42313e-01
    2.77075e+00     8.28871e-01
    2.78875e+00     8.15642e-01
    2.80686e+00     8.02616e-01
    2.82509e+00     7.89798e-01
    2.84344e+00     7.77179e-01
    2.86191e+00     7.64758e-01
    2.88050e+00     7.52534e-01
    2.89921e+00     7.40501e-01
    2.91805e+00     7.28660e-01
    2.93700e+00     7.17001e-01
    2.95608e+00     7.05528e-01
    2.97528e+00     6.94235e-01
    2.99461e+00     6.83120e-01
    3.01406e+00     6.72180e-01
    3.03364e+00     6.61412e-01
    3.05334e+00     6.50812e-01
    3.07317e+00     6.40380e-01
    3.09314e+00     6.30113e-01
    3.11323e+00     6.20006e-01
    3.13345e+00     6.10058e-01
    3.15380e+00     6.00265e-01
    3.17429e+00     5.90627e-01
    3.19491e+00     5.81139e-01
    3.21566e+00     5.71799e-01
    3.23655e+00     5.62606e-01
    3.25757e+00     5.53554e-01
    3.27873e+00     5.44646e-01
    3.30003e+00     5.35877e-01
    3.32146e+00     5.27245e-01
    3.34304e+00     5.18750e-01
    3.36475e+00     5.10387e-01
    3.38661e+00     5.02156e-01
    3.40861e+00     4.94056e-01
    3.43075e+00     4.86084e-01
    3.45303e+00     4.78238e-01
    3.47546e+00     4.70517e-01
    3.49804e+00     4.62918e-01
    3.52076e+00     4.55439e-01
    3.54363e+00     4.48080e-01
    3.56664e+00     4.40837e-01
    3.58981e+00     4.33710e-01
    3.61313e+00     4.26697e-01
    3.63660e+00     4.19795e-01
    3.66022e+00     4.13003e-01
    3.68400e+00     4.06321e-01
    3.70793e+00     3.99743e-01
    3.73201e+00     3.93272e-01
    3.75625e+00     3.86903e-01
    3.78065e+00     3.80637e-01
    3.80521e+00     3.74470e-01
    3.82993e+00     3.68401e-01
    3.85480e+00     3.62428e-01
    3.87984e+00     3.56552e-01
    3.90504e+00     3.50768e-01
    3.93041e+00     3.45078e-01
    3.95594e+00     3.39477e-01
    3.98163e+00     3.33964e-01
    4.00750e+00     3.28540e-01
    4.03353e+00     3.23202e-01
    4.05973e+00     3.17947e-01
    4.08610e+00     3.12775e-01
    4.11264e+00     3.07687e-01
    4.13935e+00     3.02678e-01
    4.16624e+00     2.97749e-01
    4.19330e+00     2.92899e-01
    4.22054e+00     2.88126e-01
    4.24796e+00     2.83430e-01
    4.27555e+00     2.78808e-01
    4.30332e+00     2.74261e-01
    4.33127e+00     2.69787e-01
    4.35941e+00     2.65385e-01
    4.38772e+00     2.61054e-01
    4.41622e+00     2.56791e-01
    4.44491e+00     2.52598e-01
    4.47378e+00     2.48473e-01
    4.50284e+00     2.44414e-01
    4.53209e+00     2.40420e-01
    4.56153e+00     2.36492e-01
    4.59116e+00     2.32626e-01
    4.62098e+00     2.28824e-01
    4.65100e+00     2.25081e-01
    4.68121e+00     2.21400e-01
    4.71161e+00     2.17778e-01
    4.74222e+00     2.14215e-01
    4.77302e+00     2.10710e-01
    4.80403e+00     2.07261e-01
    4.83523e+00     2.03867e-01
    4.86664e+00     2.00528e-01
    4.89825e+00     1.97243e-01
    4.93007e+00     1.94010e-01
    4.96209e+00     1.90830e-01
    4.99432e+00     1.87700e-01
    5.02676e+00     1.84620e-01
    5.05941e+00     1.81590e-01
    5.09228e+00     1.78608e-01
    5.12535e+00     1.75674e-01
    5.15865e+00     1.72788e-01
    5.19215e+00     1.69947e-01
    5.22588e+00     1.67152e-01
    5.25983e+00     1.64403e-01
    5.29399e+00     1.61697e-01
    5.32838e+00     1.59036e-01
    5.36299e+00     1.56417e-01
    5.39782e+00     1.53842e-01
    5.43289e+00     1.51308e-01
    5.46818e+00     1.48815e-01
    5.50370e+00     1.46363e-01
    5.53944e+00     1.43951e-01
    5.57543e+00     1.41578e-01
    5.61164e+00     1.39243e-01
    5.64809e+00     1.36948e-01
    5.68478e+00     1.34688e-01
    5.72171e+00     1.32466e-01
    5.75887e+00     1.30281e-01
    5.79628e+00     1.28131e-01
    5.83393e+00     1.26017e-01
    5.87182e+00     1.23936e-01
    5.90996e+00     1.21889e-01
    5.94835e+00     1.19877e-01
    5.98699e+00     1.17897e-01
    6.02588e+00     1.15949e-01
    6.06502e+00     1.14033e-01
    6.10442e+00     1.12148e-01
    6.14407e+00     1.10294e-01
    6.18398e+00     1.08470e-01
    6.22414e+00     1.06675e-01
    6.26457e+00     1.04909e-01
    6.30527e+00     1.03172e-01
    6.34622e+00     1.01464e-01
    6.38744e+00     9.97824e-02
    6.42893e+00     9.81282e-02
    6.47069e+00     9.65014e-02
    6.51272e+00     9.49007e-02
    6.55503e+00     9.33261e-02
    6.59761e+00     9.17773e-02
    6.64046e+00     9.02530e-02
    6.68359e+00     8.87543e-02
    6.72701e+00     8.72802e-02
    6.77070e+00     8.58302e-02
    6.81468e+00     8.44044e-02
    6.85895e+00     8.30016e-02
    6.90350e+00     8.16225e-02
    6.94834e+00     8.02653e-02
    6.99348e+00     7.89307e-02
    7.03890e+00     7.76184e-02
    7.08462e+00     7.63276e-02
    7.13064e+00     7.50581e-02
    7.17696e+00     7.38087e-02
    7.22358e+00     7.25813e-02
    7.27050e+00     7.13729e-02
    7.31773e+00     7.01853e-02
    7.36526e+00     6.90164e-02
    7.41310e+00     6.78680e-02
    7.46125e+00     6.67373e-02
    7.50972e+00     6.56260e-02
    7.55850e+00     6.45331e-02
    7.60759e+00     6.34574e-02
    7.65701e+00     6.23999e-02
    7.70675e+00     6.13596e-02
    7.75680e+00     6.03362e-02
    7.80719e+00     5.93298e-02
    7.85790e+00     5.83394e-02
    7.90894e+00     5.73657e-02
    7.96032e+00     5.64070e-02
    8.01202e+00     5.54648e-02
    8.06407e+00     5.45382e-02
    8.11645e+00     5.36263e-02
    8.16917e+00     5.27298e-02
    8.22223e+00     5.18477e-02
    8.27564e+00     5.09800e-02
    8.32939e+00     5.01267e-02
    8.38350e+00     4.92876e-02
    8.43795e+00     4.84626e-02
    8.49276e+00     4.76508e-02
    8.54793e+00     4.68531e-02
    8.60345e+00     4.60684e-02
    8.65933e+00     4.52959e-02
    8.71558e+00     4.45371e-02
    8.77219e+00     4.37912e-02
    8.82917e+00     4.30572e-02
    8.88652e+00     4.23352e-02
    8.94425e+00     4.16258e-02
    9.00234e+00     4.09273e-02
    9.06082e+00     4.02413e-02
    9.11967e+00     3.95669e-02
    9.17891e+00     3.89025e-02
    9.23853e+00     3.82504e-02
    9.29854e+00     3.76086e-02
    9.35894e+00     3.69775e-02
    9.41973e+00     3.63569e-02
    9.48092e+00     3.57466e-02
    9.54250e+00     3.51464e-02
    9.60449e+00     3.45561e-02
    9.66687e+00     3.39756e-02
    9.72967e+00     3.34046e-02
    9.79287e+00     3.28431e-02
    9.85648e+00     3.22908e-02
    9.92050e+00     3.17475e-02
    9.98494e+00     3.12132e-02
    1.00498e+01     3.06878e-02
    1.01151e+01     3.01711e-02
    1.01808e+01     2.96628e-02
    1.02469e+01     2.91630e-02
    1.03135e+01     2.86717e-02
    1.03805e+01     2.81884e-02
    1.04479e+01     2.77131e-02
    1.05157e+01     2.72457e-02
    1.05841e+01     2.67864e-02
    1.06528e+01     2.63344e-02
    1.07220e+01     2.58902e-02
    1.07916e+01     2.54533e-02
    1.08617e+01     2.50238e-02
    1.09323e+01     2.46016e-02
    1.10033e+01     2.41863e-02
    1.10748e+01     2.37781e-02
    1.11467e+01     2.33767e-02
    1.12191e+01     2.29820e-02
    1.12920e+01     2.25940e-02
    1.13653e+01     2.22124e-02
    1.14392e+01     2.18374e-02
    1.15135e+01     2.14686e-02
    1.15883e+01     2.11059e-02
    1.16635e+01     2.07492e-02
    1.17393e+01     2.03987e-02
    1.18155e+01     2.00539e-02
    1.18923e+01     1.97149e-02
    1.19695e+01     1.93815e-02
    1.20473e+01     1.90538e-02
    1.21255e+01     1.87314e-02
    1.22043e+01     1.84144e-02
    1.22836e+01     1.81027e-02
    1.23634e+01     1.77962e-02
    1.24437e+01     1.74947e-02
    1.25245e+01     1.71981e-02
    1.26059e+01     1.69066e-02
    1.26877e+01     1.66199e-02
    1.27701e+01     1.63380e-02
    1.28531e+01     1.60609e-02
    1.29366e+01     1.57884e-02
    1.30206e+01     1.55204e-02
    1.31052e+01     1.52570e-02
    1.31903e+01     1.49980e-02
    1.32760e+01     1.47433e-02
    1.33622e+01     1.44930e-02
    1.34490e+01     1.42468e-02
    1.35364e+01     1.40049e-02
    1.36243e+01     1.37670e-02
    1.37128e+01     1.35331e-02
    1.38019e+01     1.33032e-02
    1.38915e+01     1.30771e-02
    1.39818e+01     1.28550e-02
    1.40726e+01     1.26365e-02
    1.41640e+01     1.24217e-02
    1.42560e+01     1.22106e-02
    1.43486e+01     1.20030e-02
    1.44418e+01     1.17990e-02
    1.45356e+01     1.15983e-02
    1.46300e+01     1.14011e-02
    1.47251e+01     1.12072e-02
    1.48207e+01     1.10165e-02
    1.49170e+01     1.08291e-02
    1.50139e+01     1.06448e-02
    1.51114e+01     1.04636e-02
    1.52095e+01     1.02854e-02
    1.53083e+01     1.01102e-02
    1.54078e+01     9.93794e-03
    1.55079e+01     9.76853e-03
    1.56086e+01     9.60197e-03
    1.57100e+01     9.43821e-03
    1.58120e+01     9.27716e-03
    1.59147e+01     9.11883e-03
    1.60181e+01     8.96318e-03
    1.61221e+01     8.81015e-03
    1.62269e+01     8.65977e-03
    1.63323e+01     8.51187e-03
    1.64384e+01     8.36649e-03
    1.65451e+01     8.22356e-03
    1.66526e+01     8.08307e-03
    1.67608e+01     7.94494e-03
    1.68696e+01     7.80917e-03
    1.69792e+01     7.67574e-03
    1.70895e+01     7.54453e-03
    1.72005e+01     7.41558e-03
    1.73122e+01     7.28883e-03
    1.74247e+01     7.16425e-03
    1.75379e+01     7.04179e-03
    1.76518e+01     6.92139e-03
    1.77665e+01     6.80303e-03
    1.78819e+01     6.68671e-03
    1.79980e+01     6.57235e-03
    1.81149e+01     6.45995e-03
    1.82326e+01     6.34944e-03
    1.83510e+01     6.24082e-03
    1.84702e+01     6.13403e-03
    1.85902e+01     6.02904e-03
    1.87109e+01     5.92582e-03
    1.88325e+01     5.82437e-03
    1.89548e+01     5.72462e-03
    1.90779e+01     5.62655e-03
    1.92019e+01     5.53013e-03
    1.93266e+01     5.43533e-03
    1.94521e+01     5.34209e-03
    1.95785e+01     5.25046e-03
    1.97056e+01     5.16038e-03
    1.98336e+01     5.07182e-03
    1.99625e+01     4.98475e-03
    2.00921e+01     4.89916e-03
    2.02226e+01     4.81501e-03
    2.03540e+01     4.73232e-03
    2.04862e+01     4.65103e-03
    2.06193e+01     4.57111e-03
    2.07532e+01     4.49255e-03
    2.08880e+01     4.41535e-03
    2.10237e+01     4.33948e-03
    2.11603e+01     4.26490e-03
    2.12977e+01     4.19158e-03
    2.14360e+01     4.11953e-03
    2.15753e+01     4.04872e-03
    2.17154e+01     3.97911e-03
    2.18565e+01     3.91072e-03
    2.19985e+01     3.84349e-03
    2.21413e+01     3.77739e-03
    2.22852e+01     3.71244e-03
    2.24299e+01     3.64860e-03
    2.25756e+01     3.58583e-03
    2.27223e+01     3.52417e-03
    2.28698e+01     3.46352e-03
    2.30184e+01     3.40394e-03
    2.31679e+01     3.34535e-03
    2.33184e+01     3.28778e-03
    2.34699e+01     3.23117e-03
    2.36223e+01     3.17554e-03
    2.37758e+01     3.12085e-03
    2.39302e+01     3.06705e-03
    2.40856e+01     3.01418e-03
    2.42421e+01     2.96220e-03
    2.43996e+01     2.91114e-03
    2.45580e+01     2.86091e-03
    2.47176e+01     2.81153e-03
    2.48781e+01     2.76301e-03
    2.50397e+01     2.71531e-03
    2.52024e+01     2.66841e-03
    2.53661e+01     2.62236e-03
    2.55308e+01     2.57704e-03
    2.56967e+01     2.53254e-03
    2.58636e+01     2.48877e-03
    2.60316e+01     2.44577e-03
    2.62007e+01     2.40352e-03
    2.63709e+01     2.36200e-03
    2.65421e+01     2.32115e-03
    2.67146e+01     2.28107e-03
    2.68881e+01     2.24165e-03
    2.70627e+01     2.20290e-03
    2.72385e+01     2.16482e-03
    2.74154e+01     2.12738e-03
    2.75935e+01     2.09062e-03
    2.77728e+01     2.05447e-03
    2.79532e+01     2.01896e-03
    2.81347e+01     1.98404e-03
    2.83175e+01     1.94973e-03
    2.85014e+01     1.91603e-03
    2.86866e+01     1.88288e-03
    2.88729e+01     1.85030e-03
    2.90604e+01     1.81828e-03
    2.92492e+01     1.78684e-03
    2.94392e+01     1.75589e-03
    2.96304e+01     1.72551e-03
    2.98229e+01     1.69562e-03
    3.00166e+01     1.66622e-03
    3.02116e+01     1.63735e-03
    3.04078e+01     1.60896e-03
    3.06053e+01     1.58105e-03
    3.08041e+01     1.55363e-03
    3.10042e+01     1.52668e-03
    3.12056e+01     1.50019e-03
    3.14083e+01     1.47414e-03
    3.16123e+01     1.44855e-03
    3.18176e+01     1.42341e-03
    3.20243e+01     1.39870e-03
    3.22323e+01     1.37440e-03
    3.24417e+01     1.35053e-03
    3.26524e+01     1.32706e-03
    3.28645e+01     1.30402e-03
    3.30780e+01     1.28137e-03
    3.32929e+01     1.25911e-03
    3.35091e+01     1.23724e-03
    3.37268e+01     1.21574e-03
    3.39458e+01     1.19462e-03
    3.41663e+01     1.17386e-03
    3.43883e+01     1.15346e-03
    3.46116e+01     1.13342e-03
    3.48365e+01     1.11372e-03
    3.50627e+01     1.09437e-03
    3.52905e+01     1.07535e-03
    3.55197e+01     1.05665e-03
    3.57505e+01     1.03828e-03
    3.59827e+01     1.02023e-03
    3.62164e+01     1.00249e-03
    3.64516e+01     9.85049e-04
    3.66884e+01     9.67910e-04
    3.69267e+01     9.51066e-04
    3.71666e+01     9.34510e-04
    3.74080e+01     9.18236e-04
    3.76510e+01     9.02241e-04
    3.78956e+01     8.86522e-04
    3.81417e+01     8.71068e-04
    3.83895e+01     8.55883e-04
    3.86388e+01     8.40956e-04
    3.88898e+01     8.26289e-04
    3.91424e+01     8.11875e-04
    3.93967e+01     7.97709e-04
    3.96526e+01     7.83790e-04
    3.99101e+01     7.70110e-04
    4.01694e+01     7.56669e-04
    4.04303e+01     7.43458e-04
    4.06929e+01     7.30479e-04
    4.09572e+01     7.17726e-04
    4.12233e+01     7.05194e-04
    4.14910e+01     6.92881e-04
    4.17605e+01     6.80779e-04
    4.20318e+01     6.68892e-04
    4.23048e+01     6.57211e-04
    4.25796e+01     6.45732e-04
    4.28562e+01     6.34454e-04
    4.31346e+01     6.23372e-04
    4.34147e+01     6.12481e-04
    4.36968e+01     6.01783e-04
    4.39806e+01     5.91268e-04
    4.42663e+01     5.80938e-04
    4.45538e+01     5.70784e-04
    4.48432e+01     5.60807e-04
    4.51345e+01     5.51003e-04
    4.54277e+01     5.41369e-04
    4.57227e+01     5.31901e-04
    4.60197e+01     5.22596e-04
    4.63186e+01     5.13449e-04
    4.66195e+01     5.04460e-04
    4.69223e+01     4.95626e-04
    4.72271e+01     4.86943e-04
    4.75339e+01     4.78410e-04
    4.78426e+01     4.70023e-04
    4.81534e+01     4.61784e-04
    4.84662e+01     4.53686e-04
    4.87810e+01     4.45726e-04
    4.90979e+01     4.37908e-04
    4.94168e+01     4.30224e-04
    4.97378e+01     4.22673e-04
    5.00608e+01     4.15254e-04
    5.03860e+01     4.07965e-04
    5.07133e+01     4.00804e-04
    5.10427e+01     3.93768e-04
    5.13743e+01     3.86855e-04
    5.17080e+01     3.80062e-04
    5.20438e+01     3.73389e-04
    5.23819e+01     3.66833e-04
    5.27221e+01     3.60391e-04
    5.30646e+01     3.54062e-04
    5.34093e+01     3.47846e-04
    5.37562e+01     3.41738e-04
    5.41054e+01     3.35736e-04
    5.44568e+01     3.29840e-04
    5.48106e+01     3.24049e-04
    5.51666e+01     3.18357e-04
    5.55249e+01     3.12765e-04
    5.58856e+01     3.07271e-04
    5.62486e+01     3.01874e-04
    5.66140e+01     2.96570e-04
    5.69817e+01     2.91359e-04
    5.73518e+01     2.86238e-04
    5.77244e+01     2.81207e-04
    5.80993e+01     2.76263e-04
    5.84767e+01     2.71404e-04
    5.88565e+01     2.66630e-04
    5.92388e+01     2.61938e-04
    5.96236e+01     2.57329e-04
    6.00109e+01     2.52800e-04
    6.04007e+01     2.48350e-04
    6.07930e+01     2.43976e-04
    6.11879e+01     2.39679e-04
    6.15854e+01     2.35458e-04
    6.19854e+01     2.31309e-04
    6.23880e+01     2.27233e-04
    6.27933e+01     2.23229e-04
    6.32012e+01     2.19295e-04
    6.36117e+01     2.15429e-04
    6.40249e+01     2.11631e-04
    6.44408e+01     2.07900e-04
    6.48593e+01     2.04231e-04
    6.52806e+01     2.00629e-04
    6.57047e+01     1.97089e-04
    6.61315e+01     1.93611e-04
    6.65610e+01     1.90192e-04
    6.69934e+01     1.86834e-04
    6.74285e+01     1.83533e-04
    6.78665e+01     1.80289e-04
    6.83073e+01     1.77102e-04
    6.87510e+01     1.73970e-04
    6.91976e+01     1.70891e-04
    6.96471e+01     1.67866e-04
    7.00995e+01     1.64892e-04
    7.05548e+01     1.61969e-04
    7.10131e+01     1.59096e-04
    7.14744e+01     1.56271e-04
    7.19386e+01     1.53494e-04
    7.24059e+01     1.50764e-04
    7.28762e+01     1.48080e-04
    7.33496e+01     1.45441e-04
    7.38261e+01     1.42847e-04
    7.43056e+01     1.40297e-04
    7.47883e+01     1.37792e-04
    7.52740e+01     1.35329e-04
    7.57630e+01     1.32910e-04
    7.62551e+01     1.30532e-04
    7.67504e+01     1.28196e-04
    7.72490e+01     1.25902e-04
    7.77507e+01     1.23647e-04
    7.82558e+01     1.21434e-04
    7.87641e+01     1.19260e-04
    7.92757e+01     1.17125e-04
    7.97906e+01     1.15030e-04
    8.03089e+01     1.12973e-04
    8.08306e+01     1.10953e-04
    8.13556e+01     1.08971e-04
    8.18841e+01     1.07026e-04
    8.24160e+01     1.05116e-04
    8.29513e+01     1.03243e-04
    8.34901e+01     1.01405e-04
    8.40324e+01     9.96023e-05
    8.45783e+01     9.78332e-05
    8.51276e+01     9.60982e-05
    8.56806e+01     9.43974e-05
    8.62371e+01     9.27302e-05
    8.67973e+01     9.10944e-05
    8.73611e+01     8.94917e-05
    8.79285e+01     8.79197e-05
    8.84997e+01     8.63805e-05
    8.90745e+01     8.48704e-05
    8.96531e+01     8.33925e-05
    9.02355e+01     8.19434e-05
    9.08216e+01     8.05237e-05
    9.14115e+01     7.91334e-05
    9.20053e+01     7.77700e-05
    9.26029e+01     7.64335e-05
    9.32044e+01     7.51224e-05
    9.38099e+01     7.38368e-05
    9.44192e+01     7.25742e-05
    9.50325e+01     7.13346e-05
    9.56498e+01     7.01168e-05
    9.62711e+01     6.89196e-05
    9.68964e+01     6.77429e-05
    9.75258e+01     6.65857e-05
    9.81593e+01     6.54467e-05
    9.87969e+01     6.43249e-05
    9.94386e+01     6.32193e-05
    1.00085e+02     6.21310e-05
    1.00735e+02     6.10565e-05
    1.01389e+02     5.99968e-05
    1.02048e+02     5.89505e-05
    1.02710e+02     5.79165e-05
    1.03378e+02     5.68954e-05
    1.04049e+02     5.58847e-05
    1.04725e+02     5.48844e-05
    1.05405e+02     5.38950e-05
    1.06090e+02     5.29142e-05
    1.06779e+02     5.19425e-05
    1.07473e+02     5.09784e-05
    1.08171e+02     5.00207e-05
    1.08873e+02     4.90705e-05
    1.09580e+02     4.81262e-05
    1.10292e+02     4.71873e-05
    1.11009e+02     4.62537e-05
    1.11730e+02     4.53243e-05
