    1.05035e-05     6.70750e+00
    1.05717e-05     6.74935e+00
    1.06404e-05     6.79150e+00
    1.07095e-05     6.83389e+00
    1.07791e-05     6.87657e+00
    1.08491e-05     6.91948e+00
    1.09196e-05     6.96269e+00
    1.09905e-05     7.00613e+00
    1.10619e-05     7.04987e+00
    1.11337e-05     7.09385e+00
    1.12060e-05     7.13811e+00
    1.12788e-05     7.18268e+00
    1.13521e-05     7.22754e+00
    1.14258e-05     7.27263e+00
    1.15001e-05     7.31808e+00
    1.15748e-05     7.36376e+00
    1.16499e-05     7.40967e+00
    1.17256e-05     7.45594e+00
    1.18018e-05     7.50250e+00
    1.18784e-05     7.54929e+00
    1.19556e-05     7.59644e+00
    1.20332e-05     7.64383e+00
    1.21114e-05     7.69156e+00
    1.21901e-05     7.73959e+00
    1.22693e-05     7.78792e+00
    1.23490e-05     7.83653e+00
    1.24292e-05     7.88544e+00
    1.25099e-05     7.93464e+00
    1.25912e-05     7.98419e+00
    1.26730e-05     8.03404e+00
    1.27553e-05     8.08418e+00
    1.28381e-05     8.13461e+00
    1.29215e-05     8.18539e+00
    1.30054e-05     8.23646e+00
    1.30899e-05     8.28789e+00
    1.31749e-05     8.33961e+00
    1.32605e-05     8.39168e+00
    1.33467e-05     8.44410e+00
    1.34334e-05     8.49681e+00
    1.35206e-05     8.54982e+00
    1.36084e-05     8.60317e+00
    1.36968e-05     8.65688e+00
    1.37858e-05     8.71093e+00
    1.38753e-05     8.76528e+00
    1.39655e-05     8.82004e+00
    1.40562e-05     8.87508e+00
    1.41475e-05     8.93048e+00
    1.42394e-05     8.98623e+00
    1.43319e-05     9.04232e+00
    1.44250e-05     9.09877e+00
    1.45187e-05     9.15557e+00
    1.46130e-05     9.21271e+00
    1.47079e-05     9.27021e+00
    1.48034e-05     9.32805e+00
    1.48996e-05     9.38630e+00
    1.49964e-05     9.44491e+00
    1.50938e-05     9.50386e+00
    1.51918e-05     9.56315e+00
    1.52905e-05     9.62286e+00
    1.53898e-05     9.68292e+00
    1.54898e-05     9.74338e+00
    1.55904e-05     9.80419e+00
    1.56917e-05     9.86541e+00
    1.57936e-05     9.92697e+00
    1.58962e-05     9.98894e+00
    1.59994e-05     1.00513e+01
    1.61034e-05     1.01140e+01
    1.62080e-05     1.01772e+01
    1.63132e-05     1.02407e+01
    1.64192e-05     1.03046e+01
    1.65259e-05     1.03690e+01
    1.66332e-05     1.04337e+01
    1.67412e-05     1.04988e+01
    1.68500e-05     1.05643e+01
    1.69594e-05     1.06302e+01
    1.70696e-05     1.06966e+01
    1.71805e-05     1.07634e+01
    1.72921e-05     1.08306e+01
    1.74044e-05     1.08982e+01
    1.75174e-05     1.09662e+01
    1.76312e-05     1.10346e+01
    1.77458e-05     1.11036e+01
    1.78610e-05     1.11728e+01
    1.79770e-05     1.12426e+01
    1.80938e-05     1.13128e+01
    1.82113e-05     1.13834e+01
    1.83296e-05     1.14544e+01
    1.84487e-05     1.15259e+01
    1.85685e-05     1.15979e+01
    1.86891e-05     1.16702e+01
    1.88105e-05     1.17431e+01
    1.89327e-05     1.18164e+01
    1.90557e-05     1.18902e+01
    1.91795e-05     1.19644e+01
    1.93041e-05     1.20391e+01
    1.94294e-05     1.21142e+01
    1.95557e-05     1.21899e+01
    1.96827e-05     1.22660e+01
    1.98105e-05     1.23425e+01
    1.99392e-05     1.24195e+01
    2.00687e-05     1.24971e+01
    2.01991e-05     1.25751e+01
    2.03303e-05     1.26536e+01
    2.04623e-05     1.27325e+01
    2.05953e-05     1.28121e+01
    2.07290e-05     1.28920e+01
    2.08637e-05     1.29725e+01
    2.09992e-05     1.30535e+01
    2.11356e-05     1.31349e+01
    2.12729e-05     1.32169e+01
    2.14111e-05     1.32994e+01
    2.15501e-05     1.33824e+01
    2.16901e-05     1.34659e+01
    2.18310e-05     1.35500e+01
    2.19728e-05     1.36345e+01
    2.21155e-05     1.37196e+01
    2.22592e-05     1.38053e+01
    2.24038e-05     1.38914e+01
    2.25493e-05     1.39781e+01
    2.26958e-05     1.40654e+01
    2.28432e-05     1.41532e+01
    2.29916e-05     1.42415e+01
    2.31409e-05     1.43304e+01
    2.32912e-05     1.44198e+01
    2.34425e-05     1.45098e+01
    2.35948e-05     1.46004e+01
    2.37481e-05     1.46916e+01
    2.39023e-05     1.47832e+01
    2.40576e-05     1.48755e+01
    2.42138e-05     1.49684e+01
    2.43711e-05     1.50618e+01
    2.45294e-05     1.51558e+01
    2.46888e-05     1.52505e+01
    2.48491e-05     1.53456e+01
    2.50105e-05     1.54414e+01
    2.51730e-05     1.55378e+01
    2.53365e-05     1.56348e+01
    2.55011e-05     1.57324e+01
    2.56667e-05     1.58306e+01
    2.58334e-05     1.59294e+01
    2.60012e-05     1.60288e+01
    2.61701e-05     1.61289e+01
    2.63401e-05     1.62296e+01
    2.65112e-05     1.63309e+01
    2.66834e-05     1.64329e+01
    2.68567e-05     1.65354e+01
    2.70312e-05     1.66387e+01
    2.72068e-05     1.67425e+01
    2.73835e-05     1.68470e+01
    2.75614e-05     1.69522e+01
    2.77404e-05     1.70580e+01
    2.79206e-05     1.71645e+01
    2.81019e-05     1.72716e+01
    2.82845e-05     1.73794e+01
    2.84682e-05     1.74879e+01
    2.86531e-05     1.75970e+01
    2.88392e-05     1.77068e+01
    2.90266e-05     1.78174e+01
    2.92151e-05     1.79286e+01
    2.94049e-05     1.80405e+01
    2.95959e-05     1.81531e+01
    2.97881e-05     1.82664e+01
    2.99816e-05     1.83804e+01
    3.01764e-05     1.84951e+01
    3.03724e-05     1.86106e+01
    3.05697e-05     1.87267e+01
    3.07682e-05     1.88436e+01
    3.09681e-05     1.89612e+01
    3.11692e-05     1.90795e+01
    3.13717e-05     1.91986e+01
    3.15755e-05     1.93185e+01
    3.17806e-05     1.94391e+01
    3.19870e-05     1.95604e+01
    3.21948e-05     1.96825e+01
    3.24039e-05     1.98054e+01
    3.26144e-05     1.99290e+01
    3.28262e-05     2.00534e+01
    3.30395e-05     2.01786e+01
    3.32541e-05     2.03045e+01
    3.34701e-05     2.04313e+01
    3.36875e-05     2.05588e+01
    3.39063e-05     2.06871e+01
    3.41265e-05     2.08162e+01
    3.43482e-05     2.09462e+01
    3.45713e-05     2.10769e+01
    3.47959e-05     2.12085e+01
    3.50219e-05     2.13409e+01
    3.52494e-05     2.14741e+01
    3.54783e-05     2.16080e+01
    3.57088e-05     2.17429e+01
    3.59407e-05     2.18786e+01
    3.61742e-05     2.20152e+01
    3.64092e-05     2.21526e+01
    3.66457e-05     2.22909e+01
    3.68837e-05     2.24300e+01
    3.71233e-05     2.25700e+01
    3.73644e-05     2.27108e+01
    3.76071e-05     2.28526e+01
    3.78514e-05     2.29952e+01
    3.80973e-05     2.31388e+01
    3.83447e-05     2.32832e+01
    3.85938e-05     2.34286e+01
    3.88445e-05     2.35748e+01
    3.90968e-05     2.37220e+01
    3.93507e-05     2.38700e+01
    3.96064e-05     2.40190e+01
    3.98636e-05     2.41689e+01
    4.01226e-05     2.43198e+01
    4.03832e-05     2.44716e+01
    4.06455e-05     2.46244e+01
    4.09095e-05     2.47781e+01
    4.11752e-05     2.49327e+01
    4.14427e-05     2.50884e+01
    4.17119e-05     2.52450e+01
    4.19828e-05     2.54026e+01
    4.22555e-05     2.55611e+01
    4.25300e-05     2.57206e+01
    4.28062e-05     2.58812e+01
    4.30843e-05     2.60427e+01
    4.33642e-05     2.62053e+01
    4.36458e-05     2.63688e+01
    4.39293e-05     2.65334e+01
    4.42147e-05     2.66990e+01
    4.45019e-05     2.68657e+01
    4.47909e-05     2.70333e+01
    4.50819e-05     2.72020e+01
    4.53747e-05     2.73718e+01
    4.56694e-05     2.75426e+01
    4.59661e-05     2.77146e+01
    4.62647e-05     2.78876e+01
    4.65652e-05     2.80616e+01
    4.68677e-05     2.82368e+01
    4.71721e-05     2.84130e+01
    4.74785e-05     2.85903e+01
    4.77869e-05     2.87688e+01
    4.80973e-05     2.89483e+01
    4.84097e-05     2.91290e+01
    4.87242e-05     2.93108e+01
    4.90406e-05     2.94937e+01
    4.93592e-05     2.96779e+01
    4.96798e-05     2.98630e+01
    5.00025e-05     3.00495e+01
    5.03273e-05     3.02370e+01
    5.06542e-05     3.04257e+01
    5.09832e-05     3.06156e+01
    5.13144e-05     3.08067e+01
    5.16477e-05     3.09989e+01
    5.19832e-05     3.11924e+01
    5.23208e-05     3.13870e+01
    5.26607e-05     3.15829e+01
    5.30028e-05     3.17801e+01
    5.33470e-05     3.19783e+01
    5.36936e-05     3.21779e+01
    5.40423e-05     3.23787e+01
    5.43934e-05     3.25808e+01
    5.47467e-05     3.27841e+01
    5.51023e-05     3.29887e+01
    5.54602e-05     3.31946e+01
    5.58205e-05     3.34018e+01
    5.61830e-05     3.36102e+01
    5.65480e-05     3.38200e+01
    5.69153e-05     3.40311e+01
    5.72850e-05     3.42435e+01
    5.76571e-05     3.44572e+01
    5.80316e-05     3.46723e+01
    5.84085e-05     3.48886e+01
    5.87879e-05     3.51064e+01
    5.91698e-05     3.53256e+01
    5.95541e-05     3.55460e+01
    5.99410e-05     3.57679e+01
    6.03303e-05     3.59911e+01
    6.07222e-05     3.62158e+01
    6.11166e-05     3.64418e+01
    6.15136e-05     3.66692e+01
    6.19132e-05     3.68982e+01
    6.23153e-05     3.71284e+01
    6.27201e-05     3.73601e+01
    6.31275e-05     3.75933e+01
    6.35376e-05     3.78280e+01
    6.39503e-05     3.80640e+01
    6.43657e-05     3.83016e+01
    6.47838e-05     3.85406e+01
    6.52046e-05     3.87811e+01
    6.56281e-05     3.90232e+01
    6.60544e-05     3.92667e+01
    6.64835e-05     3.95117e+01
    6.69153e-05     3.97583e+01
    6.73499e-05     4.00064e+01
    6.77874e-05     4.02561e+01
    6.82277e-05     4.05073e+01
    6.86709e-05     4.07600e+01
    6.91170e-05     4.10144e+01
    6.95659e-05     4.12703e+01
    7.00178e-05     4.15279e+01
    7.04726e-05     4.17870e+01
    7.09304e-05     4.20478e+01
    7.13911e-05     4.23101e+01
    7.18548e-05     4.25741e+01
    7.23215e-05     4.28398e+01
    7.27913e-05     4.31071e+01
    7.32641e-05     4.33761e+01
    7.37400e-05     4.36468e+01
    7.42190e-05     4.39191e+01
    7.47011e-05     4.41932e+01
    7.51863e-05     4.44690e+01
    7.56747e-05     4.47465e+01
    7.61663e-05     4.50257e+01
    7.66610e-05     4.53067e+01
    7.71589e-05     4.55893e+01
    7.76601e-05     4.58738e+01
    7.81646e-05     4.61601e+01
    7.86723e-05     4.64481e+01
    7.91833e-05     4.67380e+01
    7.96977e-05     4.70297e+01
    8.02153e-05     4.73231e+01
    8.07364e-05     4.76184e+01
    8.12608e-05     4.79155e+01
    8.17886e-05     4.82145e+01
    8.23199e-05     4.85154e+01
    8.28546e-05     4.88181e+01
    8.33928e-05     4.91228e+01
    8.39345e-05     4.94294e+01
    8.44797e-05     4.97378e+01
    8.50284e-05     5.00482e+01
    8.55807e-05     5.03605e+01
    8.61366e-05     5.06748e+01
    8.66961e-05     5.09910e+01
    8.72593e-05     5.13092e+01
    8.78261e-05     5.16294e+01
    8.83966e-05     5.19516e+01
    8.89707e-05     5.22758e+01
    8.95487e-05     5.26020e+01
    9.01303e-05     5.29301e+01
    9.07158e-05     5.32604e+01
    9.13050e-05     5.35928e+01
    9.18981e-05     5.39272e+01
    9.24950e-05     5.42636e+01
    9.30958e-05     5.46022e+01
    9.37005e-05     5.49429e+01
    9.43092e-05     5.52857e+01
    9.49218e-05     5.56306e+01
    9.55383e-05     5.59777e+01
    9.61589e-05     5.63269e+01
    9.67835e-05     5.66782e+01
    9.74122e-05     5.70319e+01
    9.80449e-05     5.73877e+01
    9.86818e-05     5.77457e+01
    9.93228e-05     5.81059e+01
    9.99679e-05     5.84685e+01
    1.00617e-04     5.88331e+01
    1.01271e-04     5.92003e+01
    1.01929e-04     5.95698e+01
    1.02591e-04     5.99414e+01
    1.03257e-04     6.03151e+01
    1.03928e-04     6.06916e+01
    1.04603e-04     6.10702e+01
    1.05282e-04     6.14510e+01
    1.05966e-04     6.18344e+01
    1.06655e-04     6.22207e+01
    1.07347e-04     6.26084e+01
    1.08045e-04     6.29993e+01
    1.08746e-04     6.33920e+01
    1.09453e-04     6.37878e+01
    1.10164e-04     6.41857e+01
    1.10879e-04     6.45859e+01
    1.11599e-04     6.49887e+01
    1.12324e-04     6.53941e+01
    1.13054e-04     6.58023e+01
    1.13788e-04     6.62126e+01
    1.14527e-04     6.66256e+01
    1.15271e-04     6.70412e+01
    1.16020e-04     6.74596e+01
    1.16774e-04     6.78805e+01
    1.17532e-04     6.83036e+01
    1.18296e-04     6.87300e+01
    1.19064e-04     6.91584e+01
    1.19837e-04     6.95896e+01
    1.20616e-04     7.00239e+01
    1.21399e-04     7.04604e+01
    1.22188e-04     7.09001e+01
    1.22982e-04     7.13425e+01
    1.23780e-04     7.17870e+01
    1.24584e-04     7.22348e+01
    1.25394e-04     7.26857e+01
    1.26208e-04     7.31388e+01
    1.27028e-04     7.35950e+01
    1.27853e-04     7.40540e+01
    1.28684e-04     7.45161e+01
    1.29519e-04     7.49803e+01
    1.30361e-04     7.54485e+01
    1.31208e-04     7.59191e+01
    1.32060e-04     7.63924e+01
    1.32918e-04     7.68690e+01
    1.33781e-04     7.73482e+01
    1.34650e-04     7.78305e+01
    1.35525e-04     7.83163e+01
    1.36405e-04     7.88045e+01
    1.37291e-04     7.92959e+01
    1.38183e-04     7.97907e+01
    1.39080e-04     8.02879e+01
    1.39984e-04     8.07889e+01
    1.40893e-04     8.12926e+01
    1.41808e-04     8.17996e+01
    1.42729e-04     8.23096e+01
    1.43656e-04     8.28229e+01
    1.44589e-04     8.33393e+01
    1.45529e-04     8.38594e+01
    1.46474e-04     8.43822e+01
    1.47425e-04     8.49082e+01
    1.48383e-04     8.54379e+01
    1.49347e-04     8.59706e+01
    1.50317e-04     8.65067e+01
    1.51293e-04     8.70459e+01
    1.52276e-04     8.75887e+01
    1.53265e-04     8.81349e+01
    1.54261e-04     8.86846e+01
    1.55263e-04     8.92374e+01
    1.56271e-04     8.97936e+01
    1.57286e-04     9.03534e+01
    1.58308e-04     9.09168e+01
    1.59336e-04     9.14834e+01
    1.60371e-04     9.20538e+01
    1.61413e-04     9.26278e+01
    1.62461e-04     9.32050e+01
    1.63517e-04     9.37862e+01
    1.64579e-04     9.43708e+01
    1.65648e-04     9.49591e+01
    1.66724e-04     9.55511e+01
    1.67807e-04     9.61466e+01
    1.68897e-04     9.67460e+01
    1.69994e-04     9.73491e+01
    1.71098e-04     9.79556e+01
    1.72209e-04     9.85661e+01
    1.73328e-04     9.91806e+01
    1.74454e-04     9.97989e+01
    1.75587e-04     1.00421e+02
    1.76728e-04     1.01047e+02
    1.77875e-04     1.01676e+02
    1.79031e-04     1.02310e+02
    1.80194e-04     1.02948e+02
    1.81364e-04     1.03589e+02
    1.82542e-04     1.04235e+02
    1.83728e-04     1.04885e+02
    1.84921e-04     1.05538e+02
    1.86123e-04     1.06196e+02
    1.87332e-04     1.06858e+02
    1.88548e-04     1.07523e+02
    1.89773e-04     1.08194e+02
    1.91006e-04     1.08868e+02
    1.92246e-04     1.09546e+02
    1.93495e-04     1.10229e+02
    1.94752e-04     1.10916e+02
    1.96017e-04     1.11607e+02
    1.97290e-04     1.12302e+02
    1.98572e-04     1.13002e+02
    1.99862e-04     1.13706e+02
    2.01160e-04     1.14414e+02
    2.02467e-04     1.15127e+02
    2.03782e-04     1.15844e+02
    2.05105e-04     1.16566e+02
    2.06438e-04     1.17292e+02
    2.07779e-04     1.18023e+02
    2.09128e-04     1.18758e+02
    2.10487e-04     1.19498e+02
    2.11854e-04     1.20242e+02
    2.13230e-04     1.20991e+02
    2.14615e-04     1.21744e+02
    2.16009e-04     1.22502e+02
    2.17412e-04     1.23265e+02
    2.18824e-04     1.24033e+02
    2.20246e-04     1.24805e+02
    2.21676e-04     1.25582e+02
    2.23116e-04     1.26365e+02
    2.24565e-04     1.27151e+02
    2.26024e-04     1.27943e+02
    2.27492e-04     1.28740e+02
    2.28970e-04     1.29541e+02
    2.30457e-04     1.30348e+02
    2.31954e-04     1.31159e+02
    2.33461e-04     1.31976e+02
    2.34977e-04     1.32797e+02
    2.36504e-04     1.33624e+02
    2.38040e-04     1.34456e+02
    2.39586e-04     1.35293e+02
    2.41142e-04     1.36135e+02
    2.42709e-04     1.36982e+02
    2.44285e-04     1.37835e+02
    2.45872e-04     1.38692e+02
    2.47469e-04     1.39556e+02
    2.49076e-04     1.40424e+02
    2.50694e-04     1.41298e+02
    2.52323e-04     1.42177e+02
    2.53962e-04     1.43062e+02
    2.55611e-04     1.43952e+02
    2.57272e-04     1.44848e+02
    2.58943e-04     1.45749e+02
    2.60625e-04     1.46656e+02
    2.62318e-04     1.47568e+02
    2.64022e-04     1.48487e+02
    2.65737e-04     1.49410e+02
    2.67463e-04     1.50340e+02
    2.69200e-04     1.51275e+02
    2.70949e-04     1.52216e+02
    2.72709e-04     1.53163e+02
    2.74480e-04     1.54115e+02
    2.76263e-04     1.55074e+02
    2.78057e-04     1.56038e+02
    2.79863e-04     1.57008e+02
    2.81681e-04     1.57985e+02
    2.83511e-04     1.58967e+02
    2.85353e-04     1.59956e+02
    2.87206e-04     1.60950e+02
    2.89072e-04     1.61951e+02
    2.90949e-04     1.62958e+02
    2.92839e-04     1.63971e+02
    2.94741e-04     1.64991e+02
    2.96656e-04     1.66016e+02
    2.98583e-04     1.67048e+02
    3.00522e-04     1.68086e+02
    3.02474e-04     1.69131e+02
    3.04439e-04     1.70182e+02
    3.06417e-04     1.71240e+02
    3.08407e-04     1.72304e+02
    3.10410e-04     1.73374e+02
    3.12426e-04     1.74452e+02
    3.14456e-04     1.75536e+02
    3.16498e-04     1.76626e+02
    3.18554e-04     1.77723e+02
    3.20623e-04     1.78827e+02
    3.22706e-04     1.79938e+02
    3.24802e-04     1.81056e+02
    3.26912e-04     1.82180e+02
    3.29035e-04     1.83312e+02
    3.31173e-04     1.84451e+02
    3.33324e-04     1.85596e+02
    3.35489e-04     1.86748e+02
    3.37668e-04     1.87908e+02
    3.39861e-04     1.89074e+02
    3.42069e-04     1.90248e+02
    3.44291e-04     1.91429e+02
    3.46527e-04     1.92618e+02
    3.48778e-04     1.93813e+02
    3.51044e-04     1.95016e+02
    3.53324e-04     1.96226e+02
    3.55619e-04     1.97444e+02
    3.57929e-04     1.98670e+02
    3.60254e-04     1.99902e+02
    3.62594e-04     2.01143e+02
    3.64949e-04     2.02390e+02
    3.67320e-04     2.03646e+02
    3.69706e-04     2.04909e+02
    3.72107e-04     2.06180e+02
    3.74524e-04     2.07458e+02
    3.76957e-04     2.08745e+02
    3.79405e-04     2.10039e+02
    3.81870e-04     2.11341e+02
    3.84350e-04     2.12651e+02
    3.86847e-04     2.13970e+02
    3.89360e-04     2.15296e+02
    3.91889e-04     2.16630e+02
    3.94434e-04     2.17973e+02
    3.96996e-04     2.19323e+02
    3.99575e-04     2.20682e+02
    4.02171e-04     2.22050e+02
    4.04783e-04     2.23425e+02
    4.07412e-04     2.24809e+02
    4.10059e-04     2.26202e+02
    4.12722e-04     2.27603e+02
    4.15403e-04     2.29013e+02
    4.18101e-04     2.30430e+02
    4.20817e-04     2.31858e+02
    4.23550e-04     2.33293e+02
    4.26302e-04     2.34737e+02
    4.29071e-04     2.36191e+02
    4.31858e-04     2.37653e+02
    4.34663e-04     2.39124e+02
    4.37486e-04     2.40603e+02
    4.40328e-04     2.42092e+02
    4.43188e-04     2.43590e+02
    4.46067e-04     2.45097e+02
    4.48964e-04     2.46613e+02
    4.51881e-04     2.48139e+02
    4.54816e-04     2.49674e+02
    4.57770e-04     2.51217e+02
    4.60744e-04     2.52771e+02
    4.63736e-04     2.54333e+02
    4.66749e-04     2.55906e+02
    4.69780e-04     2.57487e+02
    4.72832e-04     2.59079e+02
    4.75903e-04     2.60680e+02
    4.78994e-04     2.62290e+02
    4.82106e-04     2.63911e+02
    4.85237e-04     2.65541e+02
    4.88389e-04     2.67181e+02
    4.91562e-04     2.68831e+02
    4.94754e-04     2.70490e+02
    4.97968e-04     2.72160e+02
    5.01203e-04     2.73841e+02
    5.04458e-04     2.75530e+02
    5.07735e-04     2.77231e+02
    5.11033e-04     2.78941e+02
    5.14353e-04     2.80663e+02
    5.17694e-04     2.82394e+02
    5.21056e-04     2.84135e+02
    5.24441e-04     2.85888e+02
    5.27847e-04     2.87650e+02
    5.31276e-04     2.89424e+02
    5.34727e-04     2.91208e+02
    5.38200e-04     2.93003e+02
    5.41696e-04     2.94808e+02
    5.45215e-04     2.96626e+02
    5.48756e-04     2.98453e+02
    5.52321e-04     3.00291e+02
    5.55908e-04     3.02141e+02
    5.59519e-04     3.04002e+02
    5.63154e-04     3.05874e+02
    5.66812e-04     3.07757e+02
    5.70493e-04     3.09651e+02
    5.74199e-04     3.11557e+02
    5.77929e-04     3.13475e+02
    5.81683e-04     3.15403e+02
    5.85461e-04     3.17344e+02
    5.89264e-04     3.19296e+02
    5.93092e-04     3.21260e+02
    5.96944e-04     3.23235e+02
    6.00822e-04     3.25222e+02
    6.04724e-04     3.27221e+02
    6.08652e-04     3.29232e+02
    6.12606e-04     3.31255e+02
    6.16585e-04     3.33290e+02
    6.20590e-04     3.35337e+02
    6.24621e-04     3.37396e+02
    6.28678e-04     3.39468e+02
    6.32762e-04     3.41552e+02
    6.36872e-04     3.43648e+02
    6.41009e-04     3.45757e+02
    6.45173e-04     3.47878e+02
    6.49363e-04     3.50012e+02
    6.53581e-04     3.52158e+02
    6.57827e-04     3.54318e+02
    6.62100e-04     3.56491e+02
    6.66400e-04     3.58675e+02
    6.70729e-04     3.60874e+02
    6.75086e-04     3.63085e+02
    6.79471e-04     3.65309e+02
    6.83884e-04     3.67546e+02
    6.88327e-04     3.69797e+02
    6.92798e-04     3.72061e+02
    6.97298e-04     3.74338e+02
    7.01827e-04     3.76629e+02
    7.06386e-04     3.78933e+02
    7.10974e-04     3.81251e+02
    7.15592e-04     3.83582e+02
    7.20241e-04     3.85928e+02
    7.24919e-04     3.88287e+02
    7.29628e-04     3.90660e+02
    7.34367e-04     3.93046e+02
    7.39137e-04     3.95447e+02
    7.43938e-04     3.97861e+02
    7.48770e-04     4.00290e+02
    7.53634e-04     4.02734e+02
    7.58529e-04     4.05190e+02
    7.63456e-04     4.07662e+02
    7.68416e-04     4.10149e+02
    7.73407e-04     4.12650e+02
    7.78431e-04     4.15165e+02
    7.83487e-04     4.17695e+02
    7.88576e-04     4.20239e+02
    7.93698e-04     4.22799e+02
    7.98854e-04     4.25374e+02
    8.04043e-04     4.27963e+02
    8.09265e-04     4.30568e+02
    8.14522e-04     4.33188e+02
    8.19813e-04     4.35824e+02
    8.25138e-04     4.38475e+02
    8.30498e-04     4.41141e+02
    8.35892e-04     4.43822e+02
    8.41322e-04     4.46519e+02
    8.46787e-04     4.49232e+02
    8.52287e-04     4.51961e+02
    8.57823e-04     4.54705e+02
    8.63395e-04     4.57466e+02
    8.69003e-04     4.60241e+02
    8.74648e-04     4.63034e+02
    8.80329e-04     4.65843e+02
    8.86048e-04     4.68668e+02
    8.91803e-04     4.71507e+02
    8.97596e-04     4.74365e+02
    9.03426e-04     4.77238e+02
    9.09294e-04     4.80128e+02
    9.15201e-04     4.83034e+02
    9.21145e-04     4.85957e+02
    9.27129e-04     4.88897e+02
    9.33151e-04     4.91853e+02
    9.39212e-04     4.94827e+02
    9.45313e-04     4.97817e+02
    9.51453e-04     5.00824e+02
    9.57633e-04     5.03849e+02
    9.63854e-04     5.06891e+02
    9.70115e-04     5.09950e+02
    9.76416e-04     5.13026e+02
    9.82758e-04     5.16120e+02
    9.89142e-04     5.19232e+02
    9.95567e-04     5.22361e+02
    1.00203e-03     5.25506e+02
    1.00854e-03     5.28672e+02
    1.01509e-03     5.31854e+02
    1.02169e-03     5.35058e+02
    1.02832e-03     5.38274e+02
    1.03500e-03     5.41511e+02
    1.04173e-03     5.44770e+02
    1.04849e-03     5.48041e+02
    1.05530e-03     5.51332e+02
    1.06216e-03     5.54646e+02
    1.06906e-03     5.57976e+02
    1.07600e-03     5.61321e+02
    1.08299e-03     5.64689e+02
    1.09003e-03     5.68077e+02
    1.09711e-03     5.71481e+02
    1.10423e-03     5.74900e+02
    1.11140e-03     5.78341e+02
    1.11862e-03     5.81804e+02
    1.12589e-03     5.85287e+02
    1.13320e-03     5.88785e+02
    1.14056e-03     5.92304e+02
    1.14797e-03     5.95844e+02
    1.15543e-03     5.99403e+02
    1.16293e-03     6.02978e+02
    1.17049e-03     6.06579e+02
    1.17809e-03     6.10196e+02
    1.18574e-03     6.13833e+02
    1.19345e-03     6.17495e+02
    1.20120e-03     6.21172e+02
    1.20900e-03     6.24868e+02
    1.21685e-03     6.28585e+02
    1.22476e-03     6.32327e+02
    1.23271e-03     6.36084e+02
    1.24072e-03     6.39865e+02
    1.24878e-03     6.43667e+02
    1.25689e-03     6.47488e+02
    1.26505e-03     6.51328e+02
    1.27327e-03     6.55192e+02
    1.28154e-03     6.59076e+02
    1.28987e-03     6.62985e+02
    1.29825e-03     6.66911e+02
    1.30668e-03     6.70857e+02
    1.31517e-03     6.74827e+02
    1.32371e-03     6.78816e+02
    1.33231e-03     6.82828e+02
    1.34096e-03     6.86859e+02
    1.34967e-03     6.90915e+02
    1.35844e-03     6.94992e+02
    1.36726e-03     6.99088e+02
    1.37614e-03     7.03208e+02
    1.38508e-03     7.07350e+02
    1.39408e-03     7.11515e+02
    1.40313e-03     7.15699e+02
    1.41225e-03     7.19910e+02
    1.42142e-03     7.24138e+02
    1.43065e-03     7.28390e+02
    1.43995e-03     7.32669e+02
    1.44930e-03     7.36965e+02
    1.45871e-03     7.41282e+02
    1.46819e-03     7.45627e+02
    1.47773e-03     7.49994e+02
    1.48732e-03     7.54380e+02
    1.49699e-03     7.58794e+02
    1.50671e-03     7.63227e+02
    1.51650e-03     7.67686e+02
    1.52635e-03     7.72166e+02
    1.53626e-03     7.76668e+02
    1.54624e-03     7.81195e+02
    1.55628e-03     7.85743e+02
    1.56639e-03     7.90318e+02
    1.57657e-03     7.94918e+02
    1.58681e-03     7.99540e+02
    1.59711e-03     8.04180e+02
    1.60749e-03     8.08853e+02
    1.61793e-03     8.13545e+02
    1.62844e-03     8.18262e+02
    1.63902e-03     8.23004e+02
    1.64966e-03     8.27766e+02
    1.66038e-03     8.32557e+02
    1.67116e-03     8.37369e+02
    1.68202e-03     8.42209e+02
    1.69295e-03     8.47075e+02
    1.70394e-03     8.51958e+02
    1.71501e-03     8.56870e+02
    1.72615e-03     8.61807e+02
    1.73736e-03     8.66766e+02
    1.74865e-03     8.71754e+02
    1.76001e-03     8.76765e+02
    1.77144e-03     8.81799e+02
    1.78294e-03     8.86856e+02
    1.79453e-03     8.91946e+02
    1.80618e-03     8.97052e+02
    1.81791e-03     9.02186e+02
    1.82972e-03     9.07347e+02
    1.84161e-03     9.12535e+02
    1.85357e-03     9.17744e+02
    1.86561e-03     9.22980e+02
    1.87773e-03     9.28242e+02
    1.88992e-03     9.33526e+02
    1.90220e-03     9.38840e+02
    1.91456e-03     9.44179e+02
    1.92699e-03     9.49541e+02
    1.93951e-03     9.54931e+02
    1.95211e-03     9.60347e+02
    1.96479e-03     9.65788e+02
    1.97755e-03     9.71254e+02
    1.99040e-03     9.76749e+02
    2.00332e-03     9.82263e+02
    2.01634e-03     9.87811e+02
    2.02943e-03     9.93379e+02
    2.04262e-03     9.98982e+02
    2.05588e-03     1.00460e+03
    2.06924e-03     1.01025e+03
    2.08268e-03     1.01593e+03
    2.09621e-03     1.02163e+03
    2.10982e-03     1.02736e+03
    2.12353e-03     1.03312e+03
    2.13732e-03     1.03890e+03
    2.15120e-03     1.04470e+03
    2.16518e-03     1.05054e+03
    2.17924e-03     1.05640e+03
    2.19340e-03     1.06229e+03
    2.20764e-03     1.06821e+03
    2.22198e-03     1.07415e+03
    2.23642e-03     1.08012e+03
    2.25094e-03     1.08611e+03
    2.26557e-03     1.09213e+03
    2.28028e-03     1.09818e+03
    2.29509e-03     1.10426e+03
    2.31000e-03     1.11036e+03
    2.32501e-03     1.11649e+03
    2.34011e-03     1.12264e+03
    2.35531e-03     1.12883e+03
    2.37061e-03     1.13504e+03
    2.38601e-03     1.14128e+03
    2.40150e-03     1.14754e+03
    2.41710e-03     1.15383e+03
    2.43280e-03     1.16015e+03
    2.44861e-03     1.16650e+03
    2.46451e-03     1.17287e+03
    2.48052e-03     1.17927e+03
    2.49663e-03     1.18570e+03
    2.51285e-03     1.19215e+03
    2.52917e-03     1.19863e+03
    2.54560e-03     1.20514e+03
    2.56213e-03     1.21168e+03
    2.57878e-03     1.21825e+03
    2.59553e-03     1.22484e+03
    2.61239e-03     1.23145e+03
    2.62936e-03     1.23810e+03
    2.64643e-03     1.24477e+03
    2.66362e-03     1.25147e+03
    2.68093e-03     1.25820e+03
    2.69834e-03     1.26495e+03
    2.71587e-03     1.27173e+03
    2.73351e-03     1.27854e+03
    2.75126e-03     1.28537e+03
    2.76914e-03     1.29224e+03
    2.78712e-03     1.29912e+03
    2.80523e-03     1.30604e+03
    2.82345e-03     1.31299e+03
    2.84179e-03     1.31996e+03
    2.86025e-03     1.32696e+03
    2.87883e-03     1.33398e+03
    2.89752e-03     1.34103e+03
    2.91635e-03     1.34811e+03
    2.93529e-03     1.35521e+03
    2.95436e-03     1.36234e+03
    2.97355e-03     1.36950e+03
    2.99286e-03     1.37669e+03
    3.01230e-03     1.38390e+03
    3.03187e-03     1.39114e+03
    3.05156e-03     1.39840e+03
    3.07138e-03     1.40569e+03
    3.09133e-03     1.41301e+03
    3.11141e-03     1.42035e+03
    3.13162e-03     1.42773e+03
    3.15196e-03     1.43512e+03
    3.17244e-03     1.44255e+03
    3.19304e-03     1.45000e+03
    3.21379e-03     1.45748e+03
    3.23466e-03     1.46498e+03
    3.25567e-03     1.47250e+03
    3.27682e-03     1.48006e+03
    3.29810e-03     1.48764e+03
    3.31953e-03     1.49524e+03
    3.34109e-03     1.50287e+03
    3.36279e-03     1.51053e+03
    3.38463e-03     1.51821e+03
    3.40662e-03     1.52592e+03
    3.42875e-03     1.53365e+03
    3.45102e-03     1.54141e+03
    3.47344e-03     1.54920e+03
    3.49600e-03     1.55700e+03
    3.51871e-03     1.56484e+03
    3.54156e-03     1.57269e+03
    3.56457e-03     1.58058e+03
    3.58772e-03     1.58848e+03
    3.61102e-03     1.59642e+03
    3.63448e-03     1.60438e+03
    3.65809e-03     1.61236e+03
    3.68185e-03     1.62037e+03
    3.70576e-03     1.62839e+03
    3.72984e-03     1.63645e+03
    3.75406e-03     1.64453e+03
    3.77845e-03     1.65263e+03
    3.80299e-03     1.66075e+03
    3.82769e-03     1.66890e+03
    3.85256e-03     1.67708e+03
    3.87758e-03     1.68527e+03
    3.90277e-03     1.69349e+03
    3.92812e-03     1.70173e+03
    3.95363e-03     1.70999e+03
    3.97931e-03     1.71827e+03
    4.00516e-03     1.72658e+03
    4.03118e-03     1.73491e+03
    4.05736e-03     1.74326e+03
    4.08372e-03     1.75163e+03
    4.11024e-03     1.76002e+03
    4.13694e-03     1.76844e+03
    4.16381e-03     1.77687e+03
    4.19086e-03     1.78533e+03
    4.21808e-03     1.79381e+03
    4.24548e-03     1.80231e+03
    4.27306e-03     1.81082e+03
    4.30081e-03     1.81936e+03
    4.32875e-03     1.82792e+03
    4.35687e-03     1.83650e+03
    4.38517e-03     1.84510e+03
    4.41365e-03     1.85371e+03
    4.44232e-03     1.86235e+03
    4.47118e-03     1.87101e+03
    4.50022e-03     1.87968e+03
    4.52945e-03     1.88837e+03
    4.55887e-03     1.89708e+03
    4.58848e-03     1.90581e+03
    4.61829e-03     1.91456e+03
    4.64829e-03     1.92332e+03
    4.67848e-03     1.93210e+03
    4.70887e-03     1.94090e+03
    4.73946e-03     1.94971e+03
    4.77024e-03     1.95854e+03
    4.80123e-03     1.96739e+03
    4.83241e-03     1.97625e+03
    4.86380e-03     1.98512e+03
    4.89539e-03     1.99401e+03
    4.92719e-03     2.00291e+03
    4.95920e-03     2.01183e+03
    4.99141e-03     2.02076e+03
    5.02383e-03     2.02971e+03
    5.05646e-03     2.03867e+03
    5.08931e-03     2.04765e+03
    5.12237e-03     2.05663e+03
    5.15564e-03     2.06563e+03
    5.18913e-03     2.07465e+03
    5.22283e-03     2.08367e+03
    5.25676e-03     2.09270e+03
    5.29091e-03     2.10176e+03
    5.32527e-03     2.11081e+03
    5.35986e-03     2.11989e+03
    5.39468e-03     2.12897e+03
    5.42972e-03     2.13807e+03
    5.46499e-03     2.14717e+03
    5.50049e-03     2.15629e+03
    5.53622e-03     2.16541e+03
    5.57218e-03     2.17454e+03
    5.60837e-03     2.18368e+03
    5.64480e-03     2.19283e+03
    5.68147e-03     2.20199e+03
    5.71837e-03     2.21115e+03
    5.75551e-03     2.22031e+03
    5.79290e-03     2.22949e+03
    5.83053e-03     2.23866e+03
    5.86840e-03     2.24784e+03
    5.90652e-03     2.25702e+03
    5.94489e-03     2.26621e+03
    5.98350e-03     2.27539e+03
    6.02237e-03     2.28459e+03
    6.06149e-03     2.29378e+03
    6.10086e-03     2.30297e+03
    6.14049e-03     2.31216e+03
    6.18037e-03     2.32135e+03
    6.22052e-03     2.33055e+03
    6.26092e-03     2.33974e+03
    6.30159e-03     2.34893e+03
    6.34252e-03     2.35812e+03
    6.38372e-03     2.36731e+03
    6.42519e-03     2.37650e+03
    6.46692e-03     2.38568e+03
    6.50893e-03     2.39487e+03
    6.55121e-03     2.40404e+03
    6.59376e-03     2.41322e+03
    6.63659e-03     2.42239e+03
    6.67970e-03     2.43155e+03
    6.72309e-03     2.44071e+03
    6.76676e-03     2.44987e+03
    6.81071e-03     2.45901e+03
    6.85495e-03     2.46815e+03
    6.89948e-03     2.47728e+03
    6.94429e-03     2.48640e+03
    6.98940e-03     2.49551e+03
    7.03480e-03     2.50461e+03
    7.08050e-03     2.51370e+03
    7.12649e-03     2.52277e+03
    7.17278e-03     2.53184e+03
    7.21937e-03     2.54089e+03
    7.26626e-03     2.54992e+03
    7.31346e-03     2.55894e+03
    7.36097e-03     2.56795e+03
    7.40878e-03     2.57693e+03
    7.45690e-03     2.58590e+03
    7.50534e-03     2.59486e+03
    7.55409e-03     2.60379e+03
    7.60316e-03     2.61270e+03
    7.65255e-03     2.62160e+03
    7.70225e-03     2.63048e+03
    7.75228e-03     2.63933e+03
    7.80264e-03     2.64818e+03
    7.85332e-03     2.65699e+03
    7.90433e-03     2.66578e+03
    7.95568e-03     2.67456e+03
    8.00735e-03     2.68330e+03
    8.05937e-03     2.69203e+03
    8.11172e-03     2.70072e+03
    8.16441e-03     2.70940e+03
    8.21744e-03     2.71804e+03
    8.27081e-03     2.72666e+03
    8.32454e-03     2.73526e+03
    8.37861e-03     2.74382e+03
    8.43303e-03     2.75235e+03
    8.48781e-03     2.76085e+03
    8.54294e-03     2.76932e+03
    8.59844e-03     2.77776e+03
    8.65429e-03     2.78617e+03
    8.71050e-03     2.79453e+03
    8.76708e-03     2.80287e+03
    8.82403e-03     2.81117e+03
    8.88134e-03     2.81943e+03
    8.93903e-03     2.82765e+03
    8.99710e-03     2.83584e+03
    9.05554e-03     2.84399e+03
    9.11436e-03     2.85209e+03
    9.17356e-03     2.86015e+03
    9.23315e-03     2.86817e+03
    9.29312e-03     2.87615e+03
    9.35349e-03     2.88408e+03
    9.41424e-03     2.89197e+03
    9.47539e-03     2.89981e+03
    9.53694e-03     2.90761e+03
    9.59889e-03     2.91535e+03
    9.66124e-03     2.92305e+03
    9.72400e-03     2.93070e+03
    9.78716e-03     2.93829e+03
    9.85073e-03     2.94583e+03
    9.91472e-03     2.95332e+03
    9.97912e-03     2.96076e+03
    1.00439e-02     2.96813e+03
    1.01092e-02     2.97547e+03
    1.01748e-02     2.98272e+03
    1.02409e-02     2.98993e+03
    1.03075e-02     2.99710e+03
    1.03744e-02     3.00418e+03
    1.04418e-02     3.01121e+03
    1.05096e-02     3.01818e+03
    1.05779e-02     3.02509e+03
    1.06466e-02     3.03192e+03
    1.07158e-02     3.03872e+03
    1.07854e-02     3.04543e+03
    1.08554e-02     3.05205e+03
    1.09259e-02     3.05862e+03
    1.09969e-02     3.06514e+03
    1.10683e-02     3.07156e+03
    1.11402e-02     3.07792e+03
    1.12126e-02     3.08422e+03
    1.12854e-02     3.09043e+03
    1.13587e-02     3.09657e+03
    1.14325e-02     3.10264e+03
    1.15068e-02     3.10863e+03
    1.15815e-02     3.11454e+03
    1.16567e-02     3.12036e+03
    1.17324e-02     3.12610e+03
    1.18087e-02     3.13179e+03
    1.18854e-02     3.13737e+03
    1.19626e-02     3.14287e+03
    1.20403e-02     3.14828e+03
    1.21185e-02     3.15360e+03
    1.21972e-02     3.15883e+03
    1.22764e-02     3.16398e+03
    1.23562e-02     3.16905e+03
    1.24364e-02     3.17401e+03
    1.25172e-02     3.17888e+03
    1.25985e-02     3.18366e+03
    1.26803e-02     3.18833e+03
    1.27627e-02     3.19293e+03
    1.28456e-02     3.19742e+03
    1.29290e-02     3.20181e+03
    1.30130e-02     3.20610e+03
    1.30976e-02     3.21031e+03
    1.31826e-02     3.21438e+03
    1.32683e-02     3.21838e+03
    1.33544e-02     3.22225e+03
    1.34412e-02     3.22603e+03
    1.35285e-02     3.22970e+03
    1.36164e-02     3.23326e+03
    1.37048e-02     3.23670e+03
    1.37938e-02     3.24003e+03
    1.38834e-02     3.24326e+03
    1.39736e-02     3.24638e+03
    1.40644e-02     3.24939e+03
    1.41557e-02     3.25226e+03
    1.42477e-02     3.25504e+03
    1.43402e-02     3.25769e+03
    1.44334e-02     3.26023e+03
    1.45271e-02     3.26264e+03
    1.46215e-02     3.26494e+03
    1.47165e-02     3.26713e+03
    1.48121e-02     3.26917e+03
    1.49083e-02     3.27110e+03
    1.50051e-02     3.27289e+03
    1.51026e-02     3.27457e+03
    1.52007e-02     3.27612e+03
    1.52994e-02     3.27753e+03
    1.53988e-02     3.27882e+03
    1.54988e-02     3.27997e+03
    1.55995e-02     3.28099e+03
    1.57008e-02     3.28187e+03
    1.58028e-02     3.28263e+03
    1.59055e-02     3.28324e+03
    1.60088e-02     3.28372e+03
    1.61128e-02     3.28405e+03
    1.62174e-02     3.28423e+03
    1.63228e-02     3.28430e+03
    1.64288e-02     3.28420e+03
    1.65355e-02     3.28397e+03
    1.66429e-02     3.28359e+03
    1.67510e-02     3.28307e+03
    1.68598e-02     3.28240e+03
    1.69693e-02     3.28159e+03
    1.70796e-02     3.28064e+03
    1.71905e-02     3.27953e+03
    1.73022e-02     3.27828e+03
    1.74145e-02     3.27687e+03
    1.75277e-02     3.27533e+03
    1.76415e-02     3.27361e+03
    1.77561e-02     3.27175e+03
    1.78714e-02     3.26974e+03
    1.79875e-02     3.26759e+03
    1.81044e-02     3.26528e+03
    1.82220e-02     3.26281e+03
    1.83403e-02     3.26018e+03
    1.84594e-02     3.25739e+03
    1.85794e-02     3.25447e+03
    1.87000e-02     3.25136e+03
    1.88215e-02     3.24811e+03
    1.89438e-02     3.24471e+03
    1.90668e-02     3.24113e+03
    1.91907e-02     3.23740e+03
    1.93153e-02     3.23350e+03
    1.94408e-02     3.22945e+03
    1.95671e-02     3.22523e+03
    1.96942e-02     3.22084e+03
    1.98221e-02     3.21630e+03
    1.99508e-02     3.21157e+03
    2.00804e-02     3.20671e+03
    2.02109e-02     3.20168e+03
    2.03421e-02     3.19648e+03
    2.04743e-02     3.19112e+03
    2.06073e-02     3.18561e+03
    2.07411e-02     3.17991e+03
    2.08758e-02     3.17406e+03
    2.10114e-02     3.16805e+03
    2.11479e-02     3.16187e+03
    2.12853e-02     3.15555e+03
    2.14236e-02     3.14905e+03
    2.15627e-02     3.14239e+03
    2.17028e-02     3.13556e+03
    2.18437e-02     3.12857e+03
    2.19856e-02     3.12143e+03
    2.21284e-02     3.11413e+03
    2.22722e-02     3.10667e+03
    2.24168e-02     3.09904e+03
    2.25625e-02     3.09126e+03
    2.27090e-02     3.08331e+03
    2.28565e-02     3.07521e+03
    2.30050e-02     3.06695e+03
    2.31544e-02     3.05854e+03
    2.33048e-02     3.04996e+03
    2.34562e-02     3.04124e+03
    2.36086e-02     3.03237e+03
    2.37619e-02     3.02333e+03
    2.39162e-02     3.01413e+03
    2.40716e-02     3.00480e+03
    2.42280e-02     2.99530e+03
    2.43853e-02     2.98566e+03
    2.45437e-02     2.97587e+03
    2.47032e-02     2.96594e+03
    2.48636e-02     2.95586e+03
    2.50251e-02     2.94564e+03
    2.51877e-02     2.93528e+03
    2.53513e-02     2.92478e+03
    2.55159e-02     2.91414e+03
    2.56817e-02     2.90337e+03
    2.58485e-02     2.89246e+03
    2.60164e-02     2.88142e+03
    2.61854e-02     2.87026e+03
    2.63555e-02     2.85896e+03
    2.65267e-02     2.84753e+03
    2.66990e-02     2.83598e+03
    2.68724e-02     2.82431e+03
    2.70470e-02     2.81253e+03
    2.72226e-02     2.80061e+03
    2.73995e-02     2.78860e+03
    2.75774e-02     2.77646e+03
    2.77566e-02     2.76422e+03
    2.79369e-02     2.75187e+03
    2.81183e-02     2.73942e+03
    2.83010e-02     2.72687e+03
    2.84848e-02     2.71421e+03
    2.86698e-02     2.70145e+03
    2.88561e-02     2.68862e+03
    2.90435e-02     2.67568e+03
    2.92321e-02     2.66265e+03
    2.94220e-02     2.64955e+03
    2.96131e-02     2.63636e+03
    2.98055e-02     2.62308e+03
    2.99991e-02     2.60974e+03
    3.01940e-02     2.59633e+03
    3.03901e-02     2.58285e+03
    3.05875e-02     2.56931e+03
    3.07862e-02     2.55569e+03
    3.09861e-02     2.54202e+03
    3.11874e-02     2.52831e+03
    3.13900e-02     2.51454e+03
    3.15939e-02     2.50073e+03
    3.17991e-02     2.48687e+03
    3.20057e-02     2.47297e+03
    3.22135e-02     2.45903e+03
    3.24228e-02     2.44506e+03
    3.26334e-02     2.43107e+03
    3.28454e-02     2.41705e+03
    3.30587e-02     2.40300e+03
    3.32735e-02     2.38895e+03
    3.34896e-02     2.37488e+03
    3.37071e-02     2.36080e+03
    3.39261e-02     2.34672e+03
    3.41464e-02     2.33263e+03
    3.43682e-02     2.31854e+03
    3.45915e-02     2.30448e+03
    3.48162e-02     2.29041e+03
    3.50423e-02     2.27637e+03
    3.52699e-02     2.26233e+03
    3.54990e-02     2.24833e+03
    3.57296e-02     2.23436e+03
    3.59617e-02     2.22041e+03
    3.61953e-02     2.20650e+03
    3.64304e-02     2.19262e+03
    3.66670e-02     2.17878e+03
    3.69052e-02     2.16500e+03
    3.71449e-02     2.15127e+03
    3.73862e-02     2.13759e+03
    3.76290e-02     2.12396e+03
    3.78735e-02     2.11040e+03
    3.81195e-02     2.09691e+03
    3.83671e-02     2.08348e+03
    3.86163e-02     2.07012e+03
    3.88671e-02     2.05685e+03
    3.91196e-02     2.04366e+03
    3.93737e-02     2.03054e+03
    3.96295e-02     2.01752e+03
    3.98869e-02     2.00458e+03
    4.01460e-02     1.99175e+03
    4.04067e-02     1.97900e+03
    4.06692e-02     1.96635e+03
    4.09334e-02     1.95380e+03
    4.11992e-02     1.94136e+03
    4.14669e-02     1.92903e+03
    4.17362e-02     1.91681e+03
    4.20073e-02     1.90469e+03
    4.22802e-02     1.89271e+03
    4.25548e-02     1.88084e+03
    4.28312e-02     1.86909e+03
    4.31094e-02     1.85746e+03
    4.33894e-02     1.84595e+03
    4.36713e-02     1.83458e+03
    4.39550e-02     1.82335e+03
    4.42405e-02     1.81224e+03
    4.45278e-02     1.80125e+03
    4.48171e-02     1.79040e+03
    4.51082e-02     1.77969e+03
    4.54012e-02     1.76912e+03
    4.56961e-02     1.75867e+03
    4.59929e-02     1.74836e+03
    4.62917e-02     1.73820e+03
    4.65923e-02     1.72816e+03
    4.68950e-02     1.71826e+03
    4.71996e-02     1.70852e+03
    4.75062e-02     1.69891e+03
    4.78148e-02     1.68943e+03
    4.81253e-02     1.68011e+03
    4.84379e-02     1.67092e+03
    4.87526e-02     1.66186e+03
    4.90692e-02     1.65294e+03
    4.93880e-02     1.64414e+03
    4.97088e-02     1.63549e+03
    5.00317e-02     1.62697e+03
    5.03566e-02     1.61857e+03
    5.06837e-02     1.61029e+03
    5.10130e-02     1.60215e+03
    5.13443e-02     1.59413e+03
    5.16778e-02     1.58624e+03
    5.20135e-02     1.57847e+03
    5.23514e-02     1.57081e+03
    5.26914e-02     1.56326e+03
    5.30337e-02     1.55583e+03
    5.33782e-02     1.54848e+03
    5.37249e-02     1.54125e+03
    5.40738e-02     1.53412e+03
    5.44251e-02     1.52707e+03
    5.47786e-02     1.52011e+03
    5.51344e-02     1.51324e+03
    5.54926e-02     1.50646e+03
    5.58530e-02     1.49973e+03
    5.62158e-02     1.49309e+03
    5.65810e-02     1.48651e+03
    5.69485e-02     1.47999e+03
    5.73184e-02     1.47352e+03
    5.76907e-02     1.46711e+03
    5.80654e-02     1.46073e+03
    5.84426e-02     1.45438e+03
    5.88222e-02     1.44807e+03
    5.92043e-02     1.44177e+03
    5.95889e-02     1.43550e+03
    5.99759e-02     1.42923e+03
    6.03655e-02     1.42296e+03
    6.07576e-02     1.41669e+03
    6.11523e-02     1.41042e+03
    6.15495e-02     1.40413e+03
    6.19493e-02     1.39780e+03
    6.23517e-02     1.39145e+03
    6.27567e-02     1.38507e+03
    6.31643e-02     1.37864e+03
    6.35746e-02     1.37216e+03
    6.39876e-02     1.36561e+03
    6.44032e-02     1.35900e+03
    6.48215e-02     1.35233e+03
    6.52426e-02     1.34556e+03
    6.56664e-02     1.33873e+03
    6.60929e-02     1.33180e+03
    6.65222e-02     1.32478e+03
    6.69543e-02     1.31765e+03
    6.73892e-02     1.31041e+03
    6.78270e-02     1.30307e+03
    6.82675e-02     1.29560e+03
    6.87110e-02     1.28801e+03
    6.91573e-02     1.28029e+03
    6.96065e-02     1.27244e+03
    7.00586e-02     1.26445e+03
    7.05137e-02     1.25634e+03
    7.09717e-02     1.24807e+03
    7.14327e-02     1.23969e+03
    7.18967e-02     1.23115e+03
    7.23637e-02     1.22246e+03
    7.28338e-02     1.21363e+03
    7.33069e-02     1.20465e+03
    7.37830e-02     1.19553e+03
    7.42623e-02     1.18626e+03
    7.47447e-02     1.17684e+03
    7.52302e-02     1.16729e+03
    7.57188e-02     1.15761e+03
    7.62107e-02     1.14778e+03
    7.67057e-02     1.13781e+03
    7.72039e-02     1.12773e+03
    7.77054e-02     1.11751e+03
    7.82102e-02     1.10717e+03
    7.87182e-02     1.09673e+03
    7.92295e-02     1.08617e+03
    7.97441e-02     1.07550e+03
    8.02621e-02     1.06474e+03
    8.07835e-02     1.05391e+03
    8.13082e-02     1.04299e+03
    8.18363e-02     1.03201e+03
    8.23679e-02     1.02095e+03
    8.29029e-02     1.00986e+03
    8.34414e-02     9.98716e+02
    8.39834e-02     9.87557e+02
    8.45290e-02     9.76373e+02
    8.50780e-02     9.65176e+02
    8.56306e-02     9.53980e+02
    8.61869e-02     9.42811e+02
    8.67467e-02     9.31655e+02
    8.73102e-02     9.20552e+02
    8.78773e-02     9.09487e+02
    8.84481e-02     8.98488e+02
    8.90226e-02     8.87566e+02
    8.96009e-02     8.76721e+02
    9.01829e-02     8.65989e+02
    9.07687e-02     8.55358e+02
    9.13583e-02     8.44839e+02
    9.19517e-02     8.34457e+02
    9.25490e-02     8.24223e+02
    9.31501e-02     8.14124e+02
    9.37552e-02     8.04195e+02
    9.43642e-02     7.94424e+02
    9.49771e-02     7.84834e+02
    9.55940e-02     7.75434e+02
    9.62150e-02     7.66237e+02
    9.68399e-02     7.57240e+02
    9.74690e-02     7.48456e+02
    9.81021e-02     7.39881e+02
    9.87393e-02     7.31538e+02
    9.93807e-02     7.23404e+02
    1.00026e-01     7.15510e+02
    1.00676e-01     7.07837e+02
    1.01330e-01     7.00390e+02
    1.01988e-01     6.93180e+02
    1.02651e-01     6.86211e+02
    1.03317e-01     6.79471e+02
    1.03988e-01     6.72982e+02
    1.04664e-01     6.66731e+02
    1.05344e-01     6.60700e+02
    1.06028e-01     6.54890e+02
    1.06717e-01     6.49304e+02
    1.07410e-01     6.43925e+02
    1.08108e-01     6.38758e+02
    1.08810e-01     6.33787e+02
    1.09517e-01     6.29005e+02
    1.10228e-01     6.24429e+02
    1.10944e-01     6.20019e+02
    1.11665e-01     6.15775e+02
    1.12390e-01     6.11681e+02
    1.13120e-01     6.07730e+02
    1.13855e-01     6.03913e+02
    1.14594e-01     6.00201e+02
    1.15339e-01     5.96593e+02
    1.16088e-01     5.93069e+02
    1.16842e-01     5.89633e+02
    1.17601e-01     5.86252e+02
    1.18365e-01     5.82916e+02
    1.19134e-01     5.79612e+02
    1.19907e-01     5.76315e+02
    1.20686e-01     5.73022e+02
    1.21470e-01     5.69718e+02
    1.22259e-01     5.66380e+02
    1.23053e-01     5.62998e+02
    1.23853e-01     5.59553e+02
    1.24657e-01     5.56037e+02
    1.25467e-01     5.52446e+02
    1.26282e-01     5.48757e+02
    1.27102e-01     5.44960e+02
    1.27928e-01     5.41049e+02
    1.28759e-01     5.37010e+02
    1.29595e-01     5.32830e+02
    1.30437e-01     5.28511e+02
    1.31284e-01     5.24048e+02
    1.32137e-01     5.19440e+02
    1.32995e-01     5.14685e+02
    1.33859e-01     5.09785e+02
    1.34728e-01     5.04733e+02
    1.35604e-01     4.99536e+02
    1.36484e-01     4.94188e+02
    1.37371e-01     4.88708e+02
    1.38263e-01     4.83098e+02
    1.39161e-01     4.77374e+02
    1.40065e-01     4.71543e+02
    1.40975e-01     4.65615e+02
    1.41891e-01     4.59600e+02
    1.42812e-01     4.53507e+02
    1.43740e-01     4.47360e+02
    1.44674e-01     4.41172e+02
    1.45614e-01     4.34959e+02
    1.46559e-01     4.28737e+02
    1.47511e-01     4.22526e+02
    1.48469e-01     4.16341e+02
    1.49434e-01     4.10199e+02
    1.50405e-01     4.04116e+02
    1.51381e-01     3.98103e+02
    1.52365e-01     3.92186e+02
    1.53354e-01     3.86373e+02
    1.54351e-01     3.80684e+02
    1.55353e-01     3.75128e+02
    1.56362e-01     3.69722e+02
    1.57378e-01     3.64472e+02
    1.58400e-01     3.59386e+02
    1.59429e-01     3.54474e+02
    1.60465e-01     3.49744e+02
    1.61507e-01     3.45203e+02
    1.62556e-01     3.40855e+02
    1.63612e-01     3.36700e+02
    1.64675e-01     3.32734e+02
    1.65744e-01     3.28956e+02
    1.66821e-01     3.25367e+02
    1.67905e-01     3.21962e+02
    1.68995e-01     3.18736e+02
    1.70093e-01     3.15680e+02
    1.71198e-01     3.12780e+02
    1.72310e-01     3.10027e+02
    1.73429e-01     3.07407e+02
    1.74556e-01     3.04912e+02
    1.75689e-01     3.02526e+02
    1.76831e-01     3.00235e+02
    1.77979e-01     2.98018e+02
    1.79135e-01     2.95863e+02
    1.80299e-01     2.93752e+02
    1.81470e-01     2.91669e+02
    1.82649e-01     2.89597e+02
    1.83835e-01     2.87519e+02
    1.85029e-01     2.85422e+02
    1.86231e-01     2.83289e+02
    1.87441e-01     2.81105e+02
    1.88658e-01     2.78856e+02
    1.89884e-01     2.76536e+02
    1.91117e-01     2.74132e+02
    1.92359e-01     2.71642e+02
    1.93608e-01     2.69051e+02
    1.94866e-01     2.66359e+02
    1.96131e-01     2.63564e+02
    1.97405e-01     2.60671e+02
    1.98688e-01     2.57681e+02
    1.99978e-01     2.54593e+02
    2.01277e-01     2.51416e+02
    2.02585e-01     2.48161e+02
    2.03901e-01     2.44837e+02
    2.05225e-01     2.41458e+02
    2.06558e-01     2.38035e+02
    2.07900e-01     2.34580e+02
    2.09250e-01     2.31110e+02
    2.10609e-01     2.27641e+02
    2.11977e-01     2.24187e+02
    2.13354e-01     2.20766e+02
    2.14740e-01     2.17388e+02
    2.16135e-01     2.14069e+02
    2.17539e-01     2.10822e+02
    2.18952e-01     2.07660e+02
    2.20374e-01     2.04594e+02
    2.21806e-01     2.01633e+02
    2.23246e-01     1.98781e+02
    2.24696e-01     1.96046e+02
    2.26156e-01     1.93433e+02
    2.27625e-01     1.90942e+02
    2.29104e-01     1.88571e+02
    2.30592e-01     1.86318e+02
    2.32089e-01     1.84179e+02
    2.33597e-01     1.82151e+02
    2.35114e-01     1.80223e+02
    2.36642e-01     1.78387e+02
    2.38179e-01     1.76631e+02
    2.39726e-01     1.74945e+02
    2.41283e-01     1.73318e+02
    2.42850e-01     1.71735e+02
    2.44428e-01     1.70183e+02
    2.46015e-01     1.68650e+02
    2.47613e-01     1.67122e+02
    2.49222e-01     1.65590e+02
    2.50841e-01     1.64040e+02
    2.52470e-01     1.62462e+02
    2.54110e-01     1.60848e+02
    2.55760e-01     1.59192e+02
    2.57422e-01     1.57490e+02
    2.59094e-01     1.55737e+02
    2.60777e-01     1.53932e+02
    2.62471e-01     1.52077e+02
    2.64176e-01     1.50174e+02
    2.65892e-01     1.48228e+02
    2.67619e-01     1.46244e+02
    2.69357e-01     1.44232e+02
    2.71107e-01     1.42198e+02
    2.72868e-01     1.40153e+02
    2.74640e-01     1.38108e+02
    2.76424e-01     1.36072e+02
    2.78219e-01     1.34057e+02
    2.80027e-01     1.32071e+02
    2.81846e-01     1.30124e+02
    2.83676e-01     1.28225e+02
    2.85519e-01     1.26381e+02
    2.87374e-01     1.24597e+02
    2.89240e-01     1.22876e+02
    2.91119e-01     1.21222e+02
    2.93010e-01     1.19637e+02
    2.94913e-01     1.18117e+02
    2.96829e-01     1.16661e+02
    2.98757e-01     1.15266e+02
    3.00698e-01     1.13925e+02
    3.02651e-01     1.12633e+02
    3.04617e-01     1.11383e+02
    3.06595e-01     1.10165e+02
    3.08587e-01     1.08973e+02
    3.10591e-01     1.07799e+02
    3.12609e-01     1.06633e+02
    3.14639e-01     1.05470e+02
    3.16683e-01     1.04300e+02
    3.18740e-01     1.03121e+02
    3.20810e-01     1.01928e+02
    3.22894e-01     1.00716e+02
    3.24992e-01     9.94847e+01
    3.27103e-01     9.82344e+01
    3.29227e-01     9.69659e+01
    3.31366e-01     9.56809e+01
    3.33518e-01     9.43841e+01
    3.35685e-01     9.30808e+01
    3.37865e-01     9.17757e+01
    3.40060e-01     9.04745e+01
    3.42269e-01     8.91836e+01
    3.44492e-01     8.79073e+01
    3.46729e-01     8.66527e+01
    3.48982e-01     8.54244e+01
    3.51248e-01     8.42258e+01
    3.53530e-01     8.30601e+01
    3.55826e-01     8.19289e+01
    3.58138e-01     8.08342e+01
    3.60464e-01     7.97740e+01
    3.62805e-01     7.87483e+01
    3.65162e-01     7.77534e+01
    3.67534e-01     7.67870e+01
    3.69921e-01     7.58446e+01
    3.72324e-01     7.49228e+01
    3.74743e-01     7.40161e+01
    3.77177e-01     7.31208e+01
    3.79627e-01     7.22329e+01
    3.82093e-01     7.13482e+01
    3.84574e-01     7.04641e+01
    3.87072e-01     6.95774e+01
    3.89587e-01     6.86876e+01
    3.92117e-01     6.77945e+01
    3.94664e-01     6.68971e+01
    3.97228e-01     6.59977e+01
    3.99808e-01     6.50980e+01
    4.02405e-01     6.41997e+01
    4.05019e-01     6.33062e+01
    4.07650e-01     6.24207e+01
    4.10298e-01     6.15466e+01
    4.12963e-01     6.06850e+01
    4.15645e-01     5.98399e+01
    4.18345e-01     5.90118e+01
    4.21062e-01     5.82024e+01
    4.23797e-01     5.74125e+01
    4.26550e-01     5.66412e+01
    4.29321e-01     5.58890e+01
    4.32110e-01     5.51532e+01
    4.34916e-01     5.44330e+01
    4.37741e-01     5.37260e+01
    4.40585e-01     5.30295e+01
    4.43447e-01     5.23429e+01
    4.46327e-01     5.16623e+01
    4.49226e-01     5.09878e+01
    4.52144e-01     5.03164e+01
    4.55081e-01     4.96479e+01
    4.58037e-01     4.89826e+01
    4.61012e-01     4.83191e+01
    4.64007e-01     4.76594e+01
    4.67021e-01     4.70028e+01
    4.70054e-01     4.63519e+01
    4.73108e-01     4.57080e+01
    4.76181e-01     4.50708e+01
    4.79274e-01     4.44429e+01
    4.82387e-01     4.38248e+01
    4.85520e-01     4.32182e+01
    4.88674e-01     4.26225e+01
    4.91848e-01     4.20383e+01
    4.95043e-01     4.14642e+01
    4.98259e-01     4.09009e+01
    5.01495e-01     4.03476e+01
    5.04753e-01     3.98027e+01
    5.08031e-01     3.92653e+01
    5.11331e-01     3.87345e+01
    5.14653e-01     3.82102e+01
    5.17995e-01     3.76905e+01
    5.21360e-01     3.71752e+01
    5.24747e-01     3.66645e+01
    5.28155e-01     3.61586e+01
    5.31586e-01     3.56570e+01
    5.35039e-01     3.51606e+01
    5.38514e-01     3.46696e+01
    5.42012e-01     3.41844e+01
    5.45533e-01     3.37057e+01
    5.49076e-01     3.32345e+01
    5.52643e-01     3.27702e+01
    5.56233e-01     3.23128e+01
    5.59846e-01     3.18634e+01
    5.63482e-01     3.14207e+01
    5.67142e-01     3.09849e+01
    5.70826e-01     3.05553e+01
    5.74534e-01     3.01320e+01
    5.78266e-01     2.97143e+01
    5.82022e-01     2.93011e+01
    5.85803e-01     2.88936e+01
    5.89608e-01     2.84901e+01
    5.93437e-01     2.80911e+01
    5.97292e-01     2.76967e+01
    6.01172e-01     2.73068e+01
    6.05077e-01     2.69219e+01
    6.09007e-01     2.65421e+01
    6.12963e-01     2.61672e+01
    6.16945e-01     2.57974e+01
    6.20952e-01     2.54333e+01
    6.24985e-01     2.50742e+01
    6.29045e-01     2.47202e+01
    6.33131e-01     2.43710e+01
    6.37244e-01     2.40266e+01
    6.41383e-01     2.36869e+01
    6.45549e-01     2.33518e+01
    6.49742e-01     2.30214e+01
    6.53963e-01     2.26954e+01
    6.58210e-01     2.23738e+01
    6.62486e-01     2.20565e+01
    6.66789e-01     2.17436e+01
    6.71120e-01     2.14348e+01
    6.75479e-01     2.11301e+01
    6.79867e-01     2.08295e+01
    6.84283e-01     2.05328e+01
    6.88728e-01     2.02402e+01
    6.93202e-01     1.99514e+01
    6.97704e-01     1.96665e+01
    7.02236e-01     1.93854e+01
    7.06798e-01     1.91082e+01
    7.11389e-01     1.88346e+01
    7.16010e-01     1.85648e+01
    7.20661e-01     1.82986e+01
    7.25342e-01     1.80360e+01
    7.30053e-01     1.77770e+01
    7.34795e-01     1.75216e+01
    7.39568e-01     1.72697e+01
    7.44372e-01     1.70212e+01
    7.49207e-01     1.67760e+01
    7.54074e-01     1.65344e+01
    7.58972e-01     1.62959e+01
    7.63902e-01     1.60608e+01
    7.68864e-01     1.58289e+01
    7.73858e-01     1.56002e+01
    7.78884e-01     1.53747e+01
    7.83944e-01     1.51522e+01
    7.89036e-01     1.49329e+01
    7.94161e-01     1.47165e+01
    7.99320e-01     1.45031e+01
    8.04512e-01     1.42927e+01
    8.09737e-01     1.40851e+01
    8.14997e-01     1.38805e+01
    8.20291e-01     1.36787e+01
    8.25619e-01     1.34796e+01
    8.30982e-01     1.32834e+01
    8.36380e-01     1.30898e+01
    8.41812e-01     1.28990e+01
    8.47280e-01     1.27108e+01
    8.52784e-01     1.25253e+01
    8.58323e-01     1.23423e+01
    8.63899e-01     1.21619e+01
    8.69510e-01     1.19839e+01
    8.75158e-01     1.18086e+01
    8.80843e-01     1.16356e+01
    8.86564e-01     1.14651e+01
    8.92323e-01     1.12970e+01
    8.98119e-01     1.11312e+01
    9.03953e-01     1.09678e+01
    9.09825e-01     1.08066e+01
    9.15734e-01     1.06478e+01
    9.21683e-01     1.04911e+01
    9.27669e-01     1.03367e+01
    9.33695e-01     1.01845e+01
    9.39760e-01     1.00344e+01
    9.45864e-01     9.88638e+00
    9.52008e-01     9.74048e+00
    9.58192e-01     9.59668e+00
    9.64416e-01     9.45489e+00
    9.70680e-01     9.31508e+00
    9.76985e-01     9.17731e+00
    9.83332e-01     9.04146e+00
    9.89719e-01     8.90757e+00
    9.96148e-01     8.77557e+00
    1.00262e+00     8.64547e+00
    1.00913e+00     8.51717e+00
    1.01569e+00     8.39077e+00
    1.02228e+00     8.26606e+00
    1.02892e+00     8.14318e+00
    1.03561e+00     8.02213e+00
    1.04233e+00     7.90270e+00
    1.04910e+00     7.78501e+00
    1.05592e+00     7.66904e+00
    1.06278e+00     7.55467e+00
    1.06968e+00     7.44194e+00
    1.07663e+00     7.33083e+00
    1.08362e+00     7.22130e+00
    1.09066e+00     7.11334e+00
    1.09775e+00     7.00697e+00
    1.10488e+00     6.90209e+00
    1.11205e+00     6.79869e+00
    1.11928e+00     6.69685e+00
    1.12655e+00     6.59645e+00
    1.13386e+00     6.49743e+00
    1.14123e+00     6.39994e+00
    1.14864e+00     6.30383e+00
    1.15610e+00     6.20910e+00
    1.16361e+00     6.11580e+00
    1.17117e+00     6.02383e+00
    1.17878e+00     5.93319e+00
    1.18643e+00     5.84387e+00
    1.19414e+00     5.75587e+00
    1.20190e+00     5.66916e+00
    1.20970e+00     5.58367e+00
    1.21756e+00     5.49948e+00
    1.22547e+00     5.41649e+00
    1.23343e+00     5.33471e+00
    1.24144e+00     5.25415e+00
    1.24951e+00     5.17480e+00
    1.25762e+00     5.09654e+00
    1.26579e+00     5.01945e+00
    1.27401e+00     4.94348e+00
    1.28229e+00     4.86866e+00
    1.29062e+00     4.79492e+00
    1.29900e+00     4.72222e+00
    1.30744e+00     4.65062e+00
    1.31593e+00     4.58002e+00
    1.32448e+00     4.51051e+00
    1.33308e+00     4.44195e+00
    1.34174e+00     4.37441e+00
    1.35046e+00     4.30788e+00
    1.35923e+00     4.24230e+00
    1.36806e+00     4.17768e+00
    1.37695e+00     4.11402e+00
    1.38589e+00     4.05129e+00
    1.39489e+00     3.98948e+00
    1.40395e+00     3.92859e+00
    1.41307e+00     3.86857e+00
    1.42225e+00     3.80947e+00
    1.43149e+00     3.75126e+00
    1.44079e+00     3.69390e+00
    1.45015e+00     3.63736e+00
    1.45956e+00     3.58169e+00
    1.46905e+00     3.52685e+00
    1.47859e+00     3.47282e+00
    1.48819e+00     3.41956e+00
    1.49786e+00     3.36714e+00
    1.50759e+00     3.31550e+00
    1.51738e+00     3.26460e+00
    1.52724e+00     3.21449e+00
    1.53716e+00     3.16511e+00
    1.54714e+00     3.11647e+00
    1.55719e+00     3.06857e+00
    1.56731e+00     3.02139e+00
    1.57749e+00     2.97490e+00
    1.58773e+00     2.92910e+00
    1.59805e+00     2.88401e+00
    1.60843e+00     2.83956e+00
    1.61887e+00     2.79578e+00
    1.62939e+00     2.75268e+00
    1.63997e+00     2.71020e+00
    1.65063e+00     2.66837e+00
    1.66135e+00     2.62714e+00
    1.67214e+00     2.58651e+00
    1.68300e+00     2.54653e+00
    1.69393e+00     2.50710e+00
    1.70494e+00     2.46831e+00
    1.71601e+00     2.43005e+00
    1.72716e+00     2.39239e+00
    1.73838e+00     2.35531e+00
    1.74967e+00     2.31877e+00
    1.76103e+00     2.28277e+00
    1.77247e+00     2.24733e+00
    1.78398e+00     2.21243e+00
    1.79557e+00     2.17804e+00
    1.80724e+00     2.14420e+00
    1.81897e+00     2.11086e+00
    1.83079e+00     2.07801e+00
    1.84268e+00     2.04568e+00
    1.85465e+00     2.01384e+00
    1.86670e+00     1.98247e+00
    1.87882e+00     1.95157e+00
    1.89103e+00     1.92118e+00
    1.90331e+00     1.89122e+00
    1.91567e+00     1.86171e+00
    1.92812e+00     1.83267e+00
    1.94064e+00     1.80406e+00
    1.95325e+00     1.77590e+00
    1.96593e+00     1.74816e+00
    1.97870e+00     1.72086e+00
    1.99156e+00     1.69394e+00
    2.00449e+00     1.66745e+00
    2.01751e+00     1.64137e+00
    2.03062e+00     1.61569e+00
    2.04381e+00     1.59038e+00
    2.05708e+00     1.56546e+00
    2.07045e+00     1.54093e+00
    2.08389e+00     1.51674e+00
    2.09743e+00     1.49295e+00
    2.11105e+00     1.46950e+00
    2.12477e+00     1.44642e+00
    2.13857e+00     1.42370e+00
    2.15246e+00     1.40132e+00
    2.16644e+00     1.37926e+00
    2.18051e+00     1.35755e+00
    2.19468e+00     1.33619e+00
    2.20893e+00     1.31513e+00
    2.22328e+00     1.29443e+00
    2.23772e+00     1.27402e+00
    2.25226e+00     1.25394e+00
    2.26689e+00     1.23416e+00
    2.28161e+00     1.21469e+00
    2.29643e+00     1.19552e+00
    2.31135e+00     1.17665e+00
    2.32636e+00     1.15806e+00
    2.34147e+00     1.13977e+00
    2.35668e+00     1.12176e+00
    2.37199e+00     1.10402e+00
    2.38740e+00     1.08658e+00
    2.40290e+00     1.06938e+00
    2.41851e+00     1.05246e+00
    2.43422e+00     1.03581e+00
    2.45003e+00     1.01941e+00
    2.46595e+00     1.00326e+00
    2.48197e+00     9.87371e-01
    2.49809e+00     9.71718e-01
    2.51431e+00     9.56309e-01
    2.53065e+00     9.41143e-01
    2.54708e+00     9.26206e-01
    2.56363e+00     9.11503e-01
    2.58028e+00     8.97024e-01
    2.59704e+00     8.82769e-01
    2.61391e+00     8.68735e-01
    2.63089e+00     8.54915e-01
    2.64798e+00     8.41311e-01
    2.66518e+00     8.27916e-01
    2.68249e+00     8.14728e-01
    2.69991e+00     8.01746e-01
    2.71745e+00     7.88968e-01
    2.73510e+00     7.76387e-01
    2.75287e+00     7.64003e-01
    2.77075e+00     7.51811e-01
    2.78875e+00     7.39812e-01
    2.80686e+00     7.27997e-01
    2.82509e+00     7.16370e-01
    2.84344e+00     7.04925e-01
    2.86191e+00     6.93658e-01
    2.88050e+00     6.82570e-01
    2.89921e+00     6.71656e-01
    2.91805e+00     6.60917e-01
    2.93700e+00     6.50341e-01
    2.95608e+00     6.39935e-01
    2.97528e+00     6.29691e-01
    2.99461e+00     6.19610e-01
    3.01406e+00     6.09687e-01
    3.03364e+00     5.99920e-01
    3.05334e+00     5.90306e-01
    3.07317e+00     5.80844e-01
    3.09314e+00     5.71531e-01
    3.11323e+00     5.62363e-01
    3.13345e+00     5.53341e-01
    3.15380e+00     5.44458e-01
    3.17429e+00     5.35716e-01
    3.19491e+00     5.27111e-01
    3.21566e+00     5.18638e-01
    3.23655e+00     5.10300e-01
    3.25757e+00     5.02090e-01
    3.27873e+00     4.94010e-01
    3.30003e+00     4.86056e-01
    3.32146e+00     4.78227e-01
    3.34304e+00     4.70521e-01
    3.36475e+00     4.62936e-01
    3.38661e+00     4.55471e-01
    3.40861e+00     4.48124e-01
    3.43075e+00     4.40893e-01
    3.45303e+00     4.33776e-01
    3.47546e+00     4.26773e-01
    3.49804e+00     4.19880e-01
    3.52076e+00     4.13096e-01
    3.54363e+00     4.06421e-01
    3.56664e+00     3.99852e-01
    3.58981e+00     3.93388e-01
    3.61313e+00     3.87027e-01
    3.63660e+00     3.80766e-01
    3.66022e+00     3.74606e-01
    3.68400e+00     3.68545e-01
    3.70793e+00     3.62579e-01
    3.73201e+00     3.56709e-01
    3.75625e+00     3.50933e-01
    3.78065e+00     3.45249e-01
    3.80521e+00     3.39656e-01
    3.82993e+00     3.34151e-01
    3.85480e+00     3.28733e-01
    3.87984e+00     3.23404e-01
    3.90504e+00     3.18157e-01
    3.93041e+00     3.12996e-01
    3.95594e+00     3.07916e-01
    3.98163e+00     3.02916e-01
    4.00750e+00     2.97996e-01
    4.03353e+00     2.93154e-01
    4.05973e+00     2.88388e-01
    4.08610e+00     2.83696e-01
    4.11264e+00     2.79081e-01
    4.13935e+00     2.74538e-01
    4.16624e+00     2.70067e-01
    4.19330e+00     2.65668e-01
    4.22054e+00     2.61339e-01
    4.24796e+00     2.57080e-01
    4.27555e+00     2.52887e-01
    4.30332e+00     2.48763e-01
    4.33127e+00     2.44705e-01
    4.35941e+00     2.40712e-01
    4.38772e+00     2.36783e-01
    4.41622e+00     2.32917e-01
    4.44491e+00     2.29114e-01
    4.47378e+00     2.25373e-01
    4.50284e+00     2.21690e-01
    4.53209e+00     2.18068e-01
    4.56153e+00     2.14505e-01
    4.59116e+00     2.10998e-01
    4.62098e+00     2.07550e-01
    4.65100e+00     2.04155e-01
    4.68121e+00     2.00817e-01
    4.71161e+00     1.97531e-01
    4.74222e+00     1.94299e-01
    4.77302e+00     1.91120e-01
    4.80403e+00     1.87992e-01
    4.83523e+00     1.84913e-01
    4.86664e+00     1.81885e-01
    4.89825e+00     1.78905e-01
    4.93007e+00     1.75973e-01
    4.96209e+00     1.73088e-01
    4.99432e+00     1.70249e-01
    5.02676e+00     1.67456e-01
    5.05941e+00     1.64707e-01
    5.09228e+00     1.62003e-01
    5.12535e+00     1.59341e-01
    5.15865e+00     1.56724e-01
    5.19215e+00     1.54147e-01
    5.22588e+00     1.51612e-01
    5.25983e+00     1.49118e-01
    5.29399e+00     1.46664e-01
    5.32838e+00     1.44251e-01
    5.36299e+00     1.41875e-01
    5.39782e+00     1.39539e-01
    5.43289e+00     1.37241e-01
    5.46818e+00     1.34980e-01
    5.50370e+00     1.32755e-01
    5.53944e+00     1.30567e-01
    5.57543e+00     1.28416e-01
    5.61164e+00     1.26298e-01
    5.64809e+00     1.24215e-01
    5.68478e+00     1.22166e-01
    5.72171e+00     1.20151e-01
    5.75887e+00     1.18169e-01
    5.79628e+00     1.16218e-01
    5.83393e+00     1.14301e-01
    5.87182e+00     1.12414e-01
    5.90996e+00     1.10557e-01
    5.94835e+00     1.08732e-01
    5.98699e+00     1.06936e-01
    6.02588e+00     1.05169e-01
    6.06502e+00     1.03431e-01
    6.10442e+00     1.01722e-01
    6.14407e+00     1.00040e-01
    6.18398e+00     9.83852e-02
    6.22414e+00     9.67577e-02
    6.26457e+00     9.51558e-02
    6.30527e+00     9.35804e-02
    6.34622e+00     9.20309e-02
    6.38744e+00     9.05056e-02
    6.42893e+00     8.90052e-02
    6.47069e+00     8.75296e-02
    6.51272e+00     8.60777e-02
    6.55503e+00     8.46495e-02
    6.59761e+00     8.32447e-02
    6.64046e+00     8.18621e-02
    6.68359e+00     8.05028e-02
    6.72701e+00     7.91657e-02
    6.77070e+00     7.78505e-02
    6.81468e+00     7.65572e-02
    6.85895e+00     7.52849e-02
    6.90350e+00     7.40340e-02
    6.94834e+00     7.28030e-02
    6.99348e+00     7.15925e-02
    7.03890e+00     7.04022e-02
    7.08462e+00     6.92314e-02
    7.13064e+00     6.80799e-02
    7.17696e+00     6.69467e-02
    7.22358e+00     6.58334e-02
    7.27050e+00     6.47373e-02
    7.31773e+00     6.36601e-02
    7.36526e+00     6.25999e-02
    7.41310e+00     6.15583e-02
    7.46125e+00     6.05327e-02
    7.50972e+00     5.95248e-02
    7.55850e+00     5.85334e-02
    7.60759e+00     5.75577e-02
    7.65701e+00     5.65986e-02
    7.70675e+00     5.56549e-02
    7.75680e+00     5.47267e-02
    7.80719e+00     5.38139e-02
    7.85790e+00     5.29156e-02
    7.90894e+00     5.20324e-02
    7.96032e+00     5.11628e-02
    8.01202e+00     5.03082e-02
    8.06407e+00     4.94678e-02
    8.11645e+00     4.86406e-02
    8.16917e+00     4.78274e-02
    8.22223e+00     4.70274e-02
    8.27564e+00     4.62404e-02
    8.32939e+00     4.54664e-02
    8.38350e+00     4.47053e-02
    8.43795e+00     4.39570e-02
    8.49276e+00     4.32207e-02
    8.54793e+00     4.24972e-02
    8.60345e+00     4.17854e-02
    8.65933e+00     4.10847e-02
    8.71558e+00     4.03965e-02
    8.77219e+00     3.97199e-02
    8.82917e+00     3.90542e-02
    8.88652e+00     3.83993e-02
    8.94425e+00     3.77558e-02
    9.00234e+00     3.71223e-02
    9.06082e+00     3.65001e-02
    9.11967e+00     3.58884e-02
    9.17891e+00     3.52857e-02
    9.23853e+00     3.46942e-02
    9.29854e+00     3.41121e-02
    9.35894e+00     3.35397e-02
    9.41973e+00     3.29768e-02
    9.48092e+00     3.24232e-02
    9.54250e+00     3.18788e-02
    9.60449e+00     3.13434e-02
    9.66687e+00     3.08169e-02
    9.72967e+00     3.02990e-02
    9.79287e+00     2.97897e-02
    9.85648e+00     2.92887e-02
    9.92050e+00     2.87959e-02
    9.98494e+00     2.83113e-02
    1.00498e+01     2.78347e-02
    1.01151e+01     2.73660e-02
    1.01808e+01     2.69051e-02
    1.02469e+01     2.64517e-02
    1.03135e+01     2.60061e-02
    1.03805e+01     2.55677e-02
    1.04479e+01     2.51366e-02
    1.05157e+01     2.47126e-02
    1.05841e+01     2.42960e-02
    1.06528e+01     2.38861e-02
    1.07220e+01     2.34831e-02
    1.07916e+01     2.30869e-02
    1.08617e+01     2.26973e-02
    1.09323e+01     2.23144e-02
    1.10033e+01     2.19377e-02
    1.10748e+01     2.15675e-02
    1.11467e+01     2.12034e-02
    1.12191e+01     2.08454e-02
    1.12920e+01     2.04935e-02
    1.13653e+01     2.01473e-02
    1.14392e+01     1.98072e-02
    1.15135e+01     1.94726e-02
    1.15883e+01     1.91437e-02
    1.16635e+01     1.88202e-02
    1.17393e+01     1.85022e-02
    1.18155e+01     1.81894e-02
    1.18923e+01     1.78820e-02
    1.19695e+01     1.75796e-02
    1.20473e+01     1.72823e-02
    1.21255e+01     1.69899e-02
    1.22043e+01     1.67024e-02
    1.22836e+01     1.64197e-02
    1.23634e+01     1.61416e-02
    1.24437e+01     1.58682e-02
    1.25245e+01     1.55992e-02
    1.26059e+01     1.53348e-02
    1.26877e+01     1.50747e-02
    1.27701e+01     1.48190e-02
    1.28531e+01     1.45677e-02
    1.29366e+01     1.43206e-02
    1.30206e+01     1.40775e-02
    1.31052e+01     1.38386e-02
    1.31903e+01     1.36036e-02
    1.32760e+01     1.33727e-02
    1.33622e+01     1.31456e-02
    1.34490e+01     1.29223e-02
    1.35364e+01     1.27028e-02
    1.36243e+01     1.24870e-02
    1.37128e+01     1.22749e-02
    1.38019e+01     1.20664e-02
    1.38915e+01     1.18613e-02
    1.39818e+01     1.16598e-02
    1.40726e+01     1.14617e-02
    1.41640e+01     1.12669e-02
    1.42560e+01     1.10753e-02
    1.43486e+01     1.08871e-02
    1.44418e+01     1.07020e-02
    1.45356e+01     1.05200e-02
    1.46300e+01     1.03411e-02
    1.47251e+01     1.01653e-02
    1.48207e+01     9.99232e-03
    1.49170e+01     9.82235e-03
    1.50139e+01     9.65516e-03
    1.51114e+01     9.49080e-03
    1.52095e+01     9.32914e-03
    1.53083e+01     9.17023e-03
    1.54078e+01     9.01401e-03
    1.55079e+01     8.86034e-03
    1.56086e+01     8.70927e-03
    1.57100e+01     8.56073e-03
    1.58120e+01     8.41466e-03
    1.59147e+01     8.27104e-03
    1.60181e+01     8.12987e-03
    1.61221e+01     7.99106e-03
    1.62269e+01     7.85466e-03
    1.63323e+01     7.72052e-03
    1.64384e+01     7.58865e-03
    1.65451e+01     7.45901e-03
    1.66526e+01     7.33158e-03
    1.67608e+01     7.20630e-03
    1.68696e+01     7.08315e-03
    1.69792e+01     6.96212e-03
    1.70895e+01     6.84311e-03
    1.72005e+01     6.72615e-03
    1.73122e+01     6.61118e-03
    1.74247e+01     6.49819e-03
    1.75379e+01     6.38711e-03
    1.76518e+01     6.27791e-03
    1.77665e+01     6.17055e-03
    1.78819e+01     6.06504e-03
    1.79980e+01     5.96132e-03
    1.81149e+01     5.85937e-03
    1.82326e+01     5.75913e-03
    1.83510e+01     5.66061e-03
    1.84702e+01     5.56374e-03
    1.85902e+01     5.46852e-03
    1.87109e+01     5.37489e-03
    1.88325e+01     5.28288e-03
    1.89548e+01     5.19240e-03
    1.90779e+01     5.10345e-03
    1.92019e+01     5.01599e-03
    1.93266e+01     4.93000e-03
    1.94521e+01     4.84543e-03
    1.95785e+01     4.76232e-03
    1.97056e+01     4.68062e-03
    1.98336e+01     4.60029e-03
    1.99625e+01     4.52131e-03
    2.00921e+01     4.44368e-03
    2.02226e+01     4.36735e-03
    2.03540e+01     4.29236e-03
    2.04862e+01     4.21862e-03
    2.06193e+01     4.14613e-03
    2.07532e+01     4.07488e-03
    2.08880e+01     4.00485e-03
    2.10237e+01     3.93604e-03
    2.11603e+01     3.86839e-03
    2.12977e+01     3.80189e-03
    2.14360e+01     3.73654e-03
    2.15753e+01     3.67231e-03
    2.17154e+01     3.60917e-03
    2.18565e+01     3.54714e-03
    2.19985e+01     3.48616e-03
    2.21413e+01     3.42621e-03
    2.22852e+01     3.36729e-03
    2.24299e+01     3.30939e-03
    2.25756e+01     3.25246e-03
    2.27223e+01     3.19652e-03
    2.28698e+01     3.14152e-03
    2.30184e+01     3.08747e-03
    2.31679e+01     3.03433e-03
    2.33184e+01     2.98212e-03
    2.34699e+01     2.93077e-03
    2.36223e+01     2.88030e-03
    2.37758e+01     2.83070e-03
    2.39302e+01     2.78190e-03
    2.40856e+01     2.73395e-03
    2.42421e+01     2.68680e-03
    2.43996e+01     2.64049e-03
    2.45580e+01     2.59493e-03
    2.47176e+01     2.55014e-03
    2.48781e+01     2.50613e-03
    2.50397e+01     2.46287e-03
    2.52024e+01     2.42033e-03
    2.53661e+01     2.37856e-03
    2.55308e+01     2.33745e-03
    2.56967e+01     2.29709e-03
    2.58636e+01     2.25739e-03
    2.60316e+01     2.21839e-03
    2.62007e+01     2.18007e-03
    2.63709e+01     2.14240e-03
    2.65421e+01     2.10536e-03
    2.67146e+01     2.06900e-03
    2.68881e+01     2.03324e-03
    2.70627e+01     1.99809e-03
    2.72385e+01     1.96356e-03
    2.74154e+01     1.92959e-03
    2.75935e+01     1.89626e-03
    2.77728e+01     1.86347e-03
    2.79532e+01     1.83126e-03
    2.81347e+01     1.79958e-03
    2.83175e+01     1.76846e-03
    2.85014e+01     1.73790e-03
    2.86866e+01     1.70783e-03
    2.88729e+01     1.67828e-03
    2.90604e+01     1.64924e-03
    2.92492e+01     1.62072e-03
    2.94392e+01     1.59265e-03
    2.96304e+01     1.56509e-03
    2.98229e+01     1.53798e-03
    3.00166e+01     1.51131e-03
    3.02116e+01     1.48512e-03
    3.04078e+01     1.45937e-03
    3.06053e+01     1.43406e-03
    3.08041e+01     1.40919e-03
    3.10042e+01     1.38475e-03
    3.12056e+01     1.36071e-03
    3.14083e+01     1.33708e-03
    3.16123e+01     1.31388e-03
    3.18176e+01     1.29107e-03
    3.20243e+01     1.26866e-03
    3.22323e+01     1.24662e-03
    3.24417e+01     1.22497e-03
    3.26524e+01     1.20369e-03
    3.28645e+01     1.18279e-03
    3.30780e+01     1.16224e-03
    3.32929e+01     1.14205e-03
    3.35091e+01     1.12221e-03
    3.37268e+01     1.10271e-03
    3.39458e+01     1.08355e-03
    3.41663e+01     1.06472e-03
    3.43883e+01     1.04623e-03
    3.46116e+01     1.02804e-03
    3.48365e+01     1.01018e-03
    3.50627e+01     9.92622e-04
    3.52905e+01     9.75370e-04
    3.55197e+01     9.58415e-04
    3.57505e+01     9.41753e-04
    3.59827e+01     9.25379e-04
    3.62164e+01     9.09286e-04
    3.64516e+01     8.93469e-04
    3.66884e+01     8.77923e-04
    3.69267e+01     8.62645e-04
    3.71666e+01     8.47628e-04
    3.74080e+01     8.32867e-04
    3.76510e+01     8.18359e-04
    3.78956e+01     8.04101e-04
    3.81417e+01     7.90084e-04
    3.83895e+01     7.76311e-04
    3.86388e+01     7.62772e-04
    3.88898e+01     7.49469e-04
    3.91424e+01     7.36394e-04
    3.93967e+01     7.23546e-04
    3.96526e+01     7.10920e-04
    3.99101e+01     6.98512e-04
    4.01694e+01     6.86321e-04
    4.04303e+01     6.74338e-04
    4.06929e+01     6.62566e-04
    4.09572e+01     6.50998e-04
    4.12233e+01     6.39632e-04
    4.14910e+01     6.28463e-04
    4.17605e+01     6.17487e-04
    4.20318e+01     6.06705e-04
    4.23048e+01     5.96109e-04
    4.25796e+01     5.85698e-04
    4.28562e+01     5.75468e-04
    4.31346e+01     5.65417e-04
    4.34147e+01     5.55538e-04
    4.36968e+01     5.45835e-04
    4.39806e+01     5.36297e-04
    4.42663e+01     5.26928e-04
    4.45538e+01     5.17718e-04
    4.48432e+01     5.08668e-04
    4.51345e+01     4.99776e-04
    4.54277e+01     4.91038e-04
    4.57227e+01     4.82450e-04
    4.60197e+01     4.74010e-04
    4.63186e+01     4.65713e-04
    4.66195e+01     4.57560e-04
    4.69223e+01     4.49548e-04
    4.72271e+01     4.41671e-04
    4.75339e+01     4.33932e-04
    4.78426e+01     4.26325e-04
    4.81534e+01     4.18852e-04
    4.84662e+01     4.11506e-04
    4.87810e+01     4.04287e-04
    4.90979e+01     3.97196e-04
    4.94168e+01     3.90226e-04
    4.97378e+01     3.83377e-04
    5.00608e+01     3.76648e-04
    5.03860e+01     3.70037e-04
    5.07133e+01     3.63541e-04
    5.10427e+01     3.57159e-04
    5.13743e+01     3.50889e-04
    5.17080e+01     3.44727e-04
    5.20438e+01     3.38675e-04
    5.23819e+01     3.32728e-04
    5.27221e+01     3.26885e-04
    5.30646e+01     3.21145e-04
    5.34093e+01     3.15506e-04
    5.37562e+01     3.09967e-04
    5.41054e+01     3.04523e-04
    5.44568e+01     2.99175e-04
    5.48106e+01     2.93922e-04
    5.51666e+01     2.88759e-04
    5.55249e+01     2.83687e-04
    5.58856e+01     2.78704e-04
    5.62486e+01     2.73808e-04
    5.66140e+01     2.68998e-04
    5.69817e+01     2.64272e-04
    5.73518e+01     2.59627e-04
    5.77244e+01     2.55063e-04
    5.80993e+01     2.50579e-04
    5.84767e+01     2.46172e-04
    5.88565e+01     2.41841e-04
    5.92388e+01     2.37586e-04
    5.96236e+01     2.33405e-04
    6.00109e+01     2.29297e-04
    6.04007e+01     2.25260e-04
    6.07930e+01     2.21294e-04
    6.11879e+01     2.17396e-04
    6.15854e+01     2.13568e-04
    6.19854e+01     2.09804e-04
    6.23880e+01     2.06107e-04
    6.27933e+01     2.02475e-04
    6.32012e+01     1.98907e-04
    6.36117e+01     1.95400e-04
    6.40249e+01     1.91956e-04
    6.44408e+01     1.88571e-04
    6.48593e+01     1.85244e-04
    6.52806e+01     1.81976e-04
    6.57047e+01     1.78765e-04
    6.61315e+01     1.75611e-04
    6.65610e+01     1.72510e-04
    6.69934e+01     1.69464e-04
    6.74285e+01     1.66470e-04
    6.78665e+01     1.63528e-04
    6.83073e+01     1.60637e-04
    6.87510e+01     1.57796e-04
    6.91976e+01     1.55003e-04
    6.96471e+01     1.52260e-04
    7.00995e+01     1.49562e-04
    7.05548e+01     1.46911e-04
    7.10131e+01     1.44305e-04
    7.14744e+01     1.41742e-04
    7.19386e+01     1.39224e-04
    7.24059e+01     1.36748e-04
    7.28762e+01     1.34313e-04
    7.33496e+01     1.31920e-04
    7.38261e+01     1.29566e-04
    7.43056e+01     1.27254e-04
    7.47883e+01     1.24982e-04
    7.52740e+01     1.22747e-04
    7.57630e+01     1.20553e-04
    7.62551e+01     1.18396e-04
    7.67504e+01     1.16278e-04
    7.72490e+01     1.14197e-04
    7.77507e+01     1.12152e-04
    7.82558e+01     1.10145e-04
    7.87641e+01     1.08172e-04
    7.92757e+01     1.06236e-04
    7.97906e+01     1.04336e-04
    8.03089e+01     1.02469e-04
    8.08306e+01     1.00637e-04
    8.13556e+01     9.88401e-05
    8.18841e+01     9.70755e-05
    8.24160e+01     9.53431e-05
    8.29513e+01     9.36447e-05
    8.34901e+01     9.19772e-05
    8.40324e+01     9.03422e-05
    8.45783e+01     8.87376e-05
    8.51276e+01     8.71639e-05
    8.56806e+01     8.56212e-05
    8.62371e+01     8.41090e-05
    8.67973e+01     8.26253e-05
    8.73611e+01     8.11716e-05
    8.79285e+01     7.97457e-05
    8.84997e+01     7.83496e-05
    8.90745e+01     7.69799e-05
    8.96531e+01     7.56395e-05
    9.02355e+01     7.43251e-05
    9.08216e+01     7.30374e-05
    9.14115e+01     7.17763e-05
    9.20053e+01     7.05397e-05
    9.26029e+01     6.93274e-05
    9.32044e+01     6.81382e-05
    9.38099e+01     6.69721e-05
    9.44192e+01     6.58269e-05
    9.50325e+01     6.47026e-05
    9.56498e+01     6.35980e-05
    9.62711e+01     6.25121e-05
    9.68964e+01     6.14448e-05
    9.75258e+01     6.03952e-05
    9.81593e+01     5.93621e-05
    9.87969e+01     5.83446e-05
    9.94386e+01     5.73418e-05
    1.00085e+02     5.63547e-05
    1.00735e+02     5.53800e-05
    1.01389e+02     5.44188e-05
    1.02048e+02     5.34698e-05
    1.02710e+02     5.25320e-05
    1.03378e+02     5.16058e-05
    1.04049e+02     5.06891e-05
    1.04725e+02     4.97818e-05
    1.05405e+02     4.88844e-05
    1.06090e+02     4.79948e-05
    1.06779e+02     4.71134e-05
    1.07473e+02     4.62389e-05
    1.08171e+02     4.53703e-05
    1.08873e+02     4.45084e-05
    1.09580e+02     4.36519e-05
    1.10292e+02     4.28003e-05
    1.11009e+02     4.19535e-05
    1.11730e+02     4.11104e-05
