1.566291155111650471e-02
1.584167545329417601e-02
1.598255330240429262e-02
1.624719545341998458e-02
1.660198918830592743e-02
1.663377151829140144e-02
1.382299317621645332e-02
1.275024159259738332e-02
1.206962997947751137e-02
1.226702876616522948e-02
1.579911210638523453e-02
2.183923620423569231e-02
2.896150380942454083e-02
3.874852482957712174e-02
5.236697449468193100e-02
7.133931247712968493e-02
9.855902432667011659e-02
1.315901275792592251e-01
1.782816376666532809e-01
2.333369075075351351e-01
