2.446826205208221111e-02
2.471577999125026612e-02
2.506284437493925404e-02
2.557006602027955822e-02
2.624214590451243168e-02
2.641315900988649990e-02
2.197542671385041557e-02
2.037959232962716430e-02
2.068826993045025375e-02
2.388675372939432981e-02
3.264588487045315401e-02
4.449411995215783039e-02
5.941221010321241086e-02
8.100572584962552336e-02
1.101180836622418363e-01
1.489183344199070946e-01
2.054580056630727347e-01
2.693431766128205895e-01
3.524752349626896764e-01
4.520409007325517647e-01
